# mesh name: boxMesh_1
# primitive scorer name: doseScorer
# iX, iY, iZ, total(value) [MeV], total(val^2), entry
0,0,0,1.913993008341826,1.361102738609351,6
0,1,0,2.825818708819559,1.171740515908394,8
0,2,0,2.280498045000777,1.806164389337987,4
0,3,0,2.943092050397309,1.283240673684716,9
0,4,0,5.196848429014652,3.320930668047406,11
0,5,0,9.969578171109941,10.15619875950992,19
0,6,0,6.496675937221804,3.133164812568396,19
0,7,0,4.676137641351378,2.788350631007385,12
0,8,0,5.40981996084753,2.171578670896696,19
0,9,0,8.970189694859343,3.821747578999651,29
0,10,0,8.51527318949328,4.135984610617518,24
0,11,0,6.51829484425098,1.903620391678985,26
0,12,0,8.849424588968171,3.746638850686959,27
0,13,0,8.231359085716328,2.78450833311778,31
0,14,0,10.96128411035717,4.024783793614549,42
0,15,0,11.02462306891276,2.928677928304893,48
0,16,0,9.010816447621508,3.187116786816132,34
0,17,0,11.53298364487452,3.951585244937764,47
0,18,0,14.44154990128871,10.66441638539091,51
0,19,0,13.6684728306211,4.377034841589195,60
0,20,0,14.44616892831447,3.842434294397402,66
0,21,0,8.964738562439596,2.005325432932237,46
0,22,0,13.37620383567043,2.82810814832293,71
0,23,0,12.10910846042672,3.353992435818968,63
0,24,0,12.69622383999958,2.894370438043481,68
0,25,0,13.22696613564909,2.517024597458125,79
0,26,0,10.24670216658104,1.788683214248381,64
0,27,0,11.52930789486043,4.548854989466114,57
0,28,0,8.661971391275793,1.440823831225465,58
0,29,0,9.892010359181612,1.923310114391051,60
1,0,0,1.368703215827126,0.7924592449535682,4
1,1,0,2.028734674319426,1.474842150950417,3
1,2,0,3.69402792292623,2.281480011138842,7
1,3,0,3.256004298520963,1.305106689314344,11
1,4,0,5.505780095285459,4.486465224035951,11
1,5,0,2.250885721699143,0.6523262000623573,9
1,6,0,3.668118506247612,1.261762855054961,13
1,7,0,5.304365681011254,1.801118681547524,17
1,8,0,8.569100696868562,3.723982118942743,26
1,9,0,10.26965635965469,5.099775117496953,32
1,10,0,8.812657847946026,3.047206933116164,30
1,11,0,10.46682604376737,4.578164116633311,34
1,12,0,13.519810766885,4.851054612658862,50
1,13,0,11.21196757750866,5.580431630663789,37
1,14,0,13.17459944048547,5.743759946934325,45
1,15,0,12.15246136995747,4.612487543817636,49
1,16,0,16.46104571317273,4.387989292034535,71
1,17,0,12.17185523233374,5.665355472896479,44
1,18,0,10.07250797905794,2.477918999946121,47
1,19,0,15.03185942125505,3.498650687528992,73
1,20,0,14.69288155818138,4.248302939613829,63
1,21,0,13.42401667066344,3.086894113393789,67
1,22,0,15.25831713000962,3.117055140181666,83
1,23,0,13.86280387438118,12.85628279276186,60
1,24,0,14.35957689346295,2.782182682177589,85
1,25,0,13.11672608361546,2.626757688908133,74
1,26,0,12.86696194512723,2.308179806644791,80
1,27,0,14.03224760115314,2.410861166669793,86
1,28,0,15.28179041610393,2.649011897954515,96
1,29,0,11.33762956758815,1.773715881555134,79
2,0,0,2.230750909267138,1.21763573094671,5
2,1,0,2.884545462776697,1.44143769004168,7
2,2,0,1.486945204537388,0.4499810782153285,7
2,3,0,8.489800019712108,8.428086922203725,16
2,4,0,4.441130308975849,1.920204292764814,13
2,5,0,2.452681007737235,1.13113964265934,8
2,6,0,4.07910556205387,1.483702999278545,13
2,7,0,5.906421739852101,2.309219380605944,18
2,8,0,11.84075568246699,7.587448760802548,30
2,9,0,9.019296815555141,4.483541317456242,29
2,10,0,12.68649560247549,10.66298891883278,33
2,11,0,16.00349040602411,8.846289253281357,43
2,12,0,10.17660829388762,3.637228692158757,38
2,13,0,13.01288661664127,4.540239700570704,46
2,14,0,14.76194272120044,5.817700243130035,53
2,15,0,16.48175833900574,11.04850413178793,57
2,16,0,13.91270148283094,3.890060476168246,62
2,17,0,12.30240336309145,2.985107432046243,56
2,18,0,16.0713106951216,5.821168048364298,68
2,19,0,15.00344023357988,3.947398944304781,66
2,20,0,20.24478512915243,11.26196083211882,85
2,21,0,14.24152591730046,3.96827680890277,64
2,22,0,16.08833033622527,4.205693879964473,81
2,23,0,16.6061785366785,5.533793184772263,87
2,24,0,14.47769798584144,3.941620955113586,75
2,25,0,13.22799488481393,2.440546350042414,78
2,26,0,17.15445953484911,3.566884057568832,102
2,27,0,16.46855352688296,2.877172473312325,106
2,28,0,15.70723778219687,2.627463221133679,105
2,29,0,18.23304420262711,6.194686724768316,99
3,0,0,4.29655007672959,2.726502036529551,11
3,1,0,5.131528381099903,2.9221868148751,10
3,2,0,4.864318941368486,2.195758617397904,13
3,3,0,4.891252418896174,2.68880538646343,11
3,4,0,4.565440180458765,2.152812212792059,12
3,5,0,5.797520441376889,2.704520770348546,17
3,6,0,7.256625574209049,3.93672358554329,21
3,7,0,9.415679782833646,3.736441359958809,29
3,8,0,10.11178323664518,10.21101606071434,25
3,9,0,7.454054590587233,2.29598140046711,31
3,10,0,9.999128197887858,3.137139599779614,39
3,11,0,10.5747335193137,4.471660185996544,34
3,12,0,12.09774612900369,4.698400421217584,43
3,13,0,12.61459443744019,5.840181488841524,46
3,14,0,16.80498411422125,5.169449304352737,67
3,15,0,14.57474043955428,4.227816997480659,63
3,16,0,16.86351996980041,5.483073550824166,65
3,17,0,16.52739215889452,5.568867586092609,64
3,18,0,16.11367895574141,5.340811567778001,66
3,19,0,16.64043443022918,3.784934509024489,81
3,20,0,18.650003950621,4.842186662810848,87
3,21,0,17.40999756420772,4.759566752454012,83
3,22,0,16.33780794889946,4.384867192537398,81
3,23,0,14.57336849862385,2.957419937498202,81
3,24,0,17.86281016998213,3.407246996095802,103
3,25,0,16.56314380175112,3.291661222187722,97
3,26,0,16.89496673739907,5.565633694413893,95
3,27,0,14.46652568221462,2.603794693939253,88
3,28,0,14.62532186700066,2.893564493725509,92
3,29,0,12.12712371787261,2.387073215368418,76
4,0,0,0.6872445038993735,0.2140563042626957,3
4,1,0,3.377292065821607,2.759700957946386,8
4,2,0,3.604147818569923,1.48974065731349,11
4,3,0,3.878794255270622,1.521365658946507,12
4,4,0,3.260643069126138,1.101923817668392,14
4,5,0,3.834086594627249,1.915509426767361,13
4,6,0,6.458043930121917,4.772028769423887,18
4,7,0,9.040255449647884,3.318658718112225,30
4,8,0,6.330730124722503,2.291370828798102,20
4,9,0,8.113086403259025,2.422349079281603,30
4,10,0,13.23105398900839,9.058122579125119,40
4,11,0,13.37140653027666,4.6208901039079,48
4,12,0,12.04368057700589,4.176248820275991,44
4,13,0,12.20727806872898,3.739414680031062,48
4,14,0,17.97061060655899,7.706690848869076,64
4,15,0,16.73483116757706,5.903109375278314,68
4,16,0,16.44326451630304,4.610529413734916,71
4,17,0,17.89733155538309,4.431292952655569,83
4,18,0,20.13593702737109,5.763770906014054,88
4,19,0,16.14550473956506,4.179197970929281,74
4,20,0,18.53292071115307,5.020478378237627,86
4,21,0,18.41735982629081,5.508816352612005,88
4,22,0,15.08656077528693,3.600348570657126,81
4,23,0,18.76559148748369,4.129653159052114,102
4,24,0,19.71760976911187,5.747247900709308,102
4,25,0,15.57810425090149,3.173463107389241,90
4,26,0,21.00713584067035,10.76932341340987,104
4,27,0,20.26554003828111,5.960821247101936,120
4,28,0,15.60969809750591,2.653092166943206,101
4,29,0,14.16744868109343,2.311532999076414,96
5,0,0,3.848986076909567,1.828040952100947,9
5,1,0,2.735702396049523,1.009468440632583,8
5,2,0,4.197465258773808,1.974059384500728,11
5,3,0,4.581026759726388,2.130974982404304,11
5,4,0,8.932469645083213,12.57396035500588,19
5,5,0,10.60444069876859,12.55486303406793,20
5,6,0,4.251527540737436,1.426345401122308,15
5,7,0,5.994301078244678,2.276591974300375,19
5,8,0,12.63593611266222,12.24619491631966,26
5,9,0,9.498558994656591,3.490543186453717,32
5,10,0,15.3225112467618,16.23152101429205,38
5,11,0,13.53017805323533,4.311534888693055,51
5,12,0,11.03218434032862,4.233022506508603,40
5,13,0,15.63577809713774,5.270798475166768,57
5,14,0,14.35119800449447,4.132268186232319,57
5,15,0,14.496526872139,6.142263189785702,58
5,16,0,20.51253229988269,9.090591199324349,80
5,17,0,18.05270364771841,5.021008017750614,77
5,18,0,16.17737701283418,4.30123040591734,72
5,19,0,16.29788444943576,4.505511308095352,75
5,20,0,16.24977146043863,3.652908228645487,84
5,21,0,19.69134769677992,5.725510187591977,95
5,22,0,19.52298526209619,4.250728363770135,105
5,23,0,19.51465996790467,3.733538622037492,111
5,24,0,18.48009217760331,3.76596845109228,103
5,25,0,16.60067945383009,3.146579661337285,98
5,26,0,20.45899360247201,3.785667056344169,121
5,27,0,18.48822905415842,3.316757369338588,115
5,28,0,17.42234062352149,3.434363259477713,108
5,29,0,14.43096610820074,2.765781348047396,93
6,0,0,1.330893721296549,0.4455667708986483,5
6,1,0,4.4405161456446,2.828551146258294,8
6,2,0,8.696491727407279,16.57852540964968,13
6,3,0,4.584539978736594,2.479601528791722,12
6,4,0,8.809988399580398,8.338130163530453,18
6,5,0,7.252365856609954,5.979805201206352,18
6,6,0,5.955883411029774,3.663774913862322,21
6,7,0,9.663609958665711,8.413665945866608,26
6,8,0,11.21523993829656,5.679052452832439,31
6,9,0,11.58306491239457,4.318624025028337,38
6,10,0,10.75619655207376,4.865589496204583,34
6,11,0,15.57261218096763,6.158511349774293,51
6,12,0,7.927695621389574,2.504912663922779,30
6,13,0,17.6897070356449,6.502717093526274,62
6,14,0,15.89432640139099,4.476815052719596,69
6,15,0,13.86753022988133,3.90142705580285,56
6,16,0,15.49519144435729,4.286768302280056,65
6,17,0,20.16373135995815,5.305713250567282,87
6,18,0,23.19494504871573,5.783146828589502,105
6,19,0,19.1220795685356,4.726390454231814,92
6,20,0,14.21459839900694,3.054944595985035,72
6,21,0,22.30189420941223,12.31303721869282,93
6,22,0,16.62851221781107,3.736648663007692,83
6,23,0,17.50442562730897,3.558801663933417,95
6,24,0,19.96024806831008,4.056560508174806,109
6,25,0,24.5412855336481,13.81360464429603,130
6,26,0,21.25451524366025,5.067204484502407,111
6,27,0,17.62824294966106,2.967101686421039,112
6,28,0,18.7104996831023,3.299582906079982,120
6,29,0,16.29118846157251,2.92930872275033,103
7,0,0,0.8949530561014631,0.2772025920603161,4
7,1,0,4.346584409291773,1.767531520758356,15
7,2,0,3.51723048010218,1.406711335863769,12
7,3,0,7.220663159252555,4.910676450822478,17
7,4,0,8.439604670457182,4.455044622444894,25
7,5,0,6.196650792834286,2.688791702593522,17
7,6,0,7.042000830886893,5.299976372902077,16
7,7,0,16.73432607562752,13.25832377662134,37
7,8,0,10.53742885008794,5.359646078161211,30
7,9,0,16.12018353621666,10.12390785609525,41
7,10,0,14.1858216092435,9.089724374211798,37
7,11,0,10.8989122846917,3.783723508788599,37
7,12,0,14.1824648080664,5.350742806243511,50
7,13,0,12.10672657183606,3.801514073669641,46
7,14,0,17.56643750995592,6.474099866156017,65
7,15,0,25.36402113519119,11.16676120762197,91
7,16,0,19.28923357536646,9.0091215620124,73
7,17,0,22.49752983896996,8.68734544729336,89
7,18,0,22.88806206448607,10.68006790107916,88
7,19,0,25.1572055922407,11.32822504176495,111
7,20,0,22.3341140659702,6.520791773808088,98
7,21,0,18.75312187872199,4.69415247676903,94
7,22,0,17.33266653273957,3.181462619072207,101
7,23,0,21.10649926299655,4.679092031105522,110
7,24,0,17.89021628872537,3.81189080298632,95
7,25,0,15.22308670810465,2.593956399266698,96
7,26,0,22.03272385488719,7.81570542454875,121
7,27,0,19.32802454693203,4.187213980483245,110
7,28,0,16.62159757014087,3.100786947832251,103
7,29,0,18.45224854816807,11.89791371763309,97
8,0,0,3.152372646746877,1.867987000239832,8
8,1,0,2.64512296313849,1.264479027463571,7
8,2,0,5.85057898706871,2.541089438425943,16
8,3,0,9.978969305298172,6.113664353094687,24
8,4,0,6.686976815702625,2.408270906260111,23
8,5,0,9.697594299366564,9.537087280051095,22
8,6,0,6.05817796828663,3.315833537251855,16
8,7,0,12.84384752877636,9.731832916313362,31
8,8,0,12.46227816440575,6.724340350332121,32
8,9,0,9.001535091372489,3.100061717254785,29
8,10,0,11.51012449999246,4.055557920900866,40
8,11,0,13.16188657781539,4.799351466258361,43
8,12,0,16.75295044733183,7.721076464516652,55
8,13,0,17.72960127420241,5.468904811851595,66
8,14,0,22.78430426307682,9.861426312661269,79
8,15,0,12.96486400466819,3.311689779800187,58
8,16,0,18.78506903551563,5.36263755064692,81
8,17,0,19.84575291289746,6.482290672731057,86
8,18,0,18.03133021971492,4.86017185951787,82
8,19,0,21.35255101144808,8.447119996259961,95
8,20,0,19.76175512354431,4.969256217910896,96
8,21,0,21.46339150110943,6.31949182777597,98
8,22,0,24.18514106079051,5.84428288424863,124
8,23,0,22.48853402652857,7.14969138410899,108
8,24,0,17.15869068829391,3.163594673100961,103
8,25,0,23.75402109177762,10.11869140153229,119
8,26,0,18.72266650905582,3.797315206449134,108
8,27,0,19.15906811092938,3.306271938002101,121
8,28,0,19.38429523395072,4.029792964400549,115
8,29,0,16.36075522072723,3.048286856600106,101
9,0,0,3.158949675774203,1.670140267042269,8
9,1,0,4.405866089687036,2.434016260929597,10
9,2,0,4.486203283478814,2.068687116902745,12
9,3,0,5.292840395468621,3.277551957870513,13
9,4,0,5.660261033777742,2.637255292925103,19
9,5,0,7.624046879470097,4.748453723558564,22
9,6,0,6.973738540930204,3.81074541660892,19
9,7,0,10.98527012896833,5.107313001487071,30
9,8,0,11.30211363661196,5.833877462802022,31
9,9,0,11.38335345826801,4.457783933581948,37
9,10,0,14.69864820591729,5.714992352070158,47
9,11,0,16.92950082105153,9.786077327686167,51
9,12,0,13.8742672715483,4.548936939526517,50
9,13,0,19.84275799153428,10.12832317371478,66
9,14,0,22.22806284338034,7.314442010003874,80
9,15,0,20.7119991355105,11.36954282169725,72
9,16,0,20.80798572116017,17.41562251845739,75
9,17,0,21.07380294813556,6.469295888601764,87
9,18,0,23.75971172069161,16.99182883783364,86
9,19,0,20.70788651226679,4.943882533895297,99
9,20,0,17.27626087695307,3.729700222182804,88
9,21,0,25.50091731220286,9.259760327963082,119
9,22,0,19.43007928059441,4.554102270000546,105
9,23,0,24.58565692632274,5.928320696533065,128
9,24,0,17.1789146186633,3.329035732283201,103
9,25,0,17.65459695591205,3.299248060974219,103
9,26,0,17.02473273968248,3.059521987222751,107
9,27,0,19.496885599949,5.25726592776001,108
9,28,0,16.44421898472149,2.814717100491309,104
9,29,0,15.98323536723499,2.809230937988748,103
10,0,0,2.240213011434374,1.074196655618819,8
10,1,0,3.243858679288394,2.383175875830942,7
10,2,0,5.98985254077561,3.781363030897182,14
10,3,0,4.046389957977741,1.661994300668944,11
10,4,0,3.843553875720362,2.168150467609622,9
10,5,0,4.494629052650926,1.78723265683169,15
10,6,0,7.378339651343513,2.943087121011635,22
10,7,0,10.21174813936021,4.059359897176526,29
10,8,0,12.87160154395937,7.924203774974536,32
10,9,0,11.2793195843497,5.376462048705054,33
10,10,0,18.14580776624181,7.803268201868331,54
10,11,0,20.11141142791988,6.991280529420869,69
10,12,0,19.13227944578913,6.901606270834836,66
10,13,0,15.87344904300212,4.400711411076834,66
10,14,0,20.04797362500099,7.763424647507248,72
10,15,0,16.59209980774313,5.17898671687494,70
10,16,0,25.31366850544015,17.40797044045734,91
10,17,0,22.02289171503642,7.064197023634257,94
10,18,0,19.14982694344059,5.738100817924442,84
10,19,0,25.41629899402213,8.911595688720158,108
10,20,0,22.23035602395145,5.332015032952168,110
10,21,0,29.247886560927,93.12926517888735,98
10,22,0,20.55879172140897,6.341532269231209,100
10,23,0,20.11793156121564,4.233927468181756,111
10,24,0,15.29815814339236,2.674839431618222,95
10,25,0,19.47064793235271,3.616524244518195,112
10,26,0,21.14237267112567,4.179301940092831,122
10,27,0,16.29320057189885,2.881357161701098,101
10,28,0,17.59274092810544,3.850089253649934,108
10,29,0,17.03481624959337,3.058681825589008,106
11,0,0,0.9392192989744357,0.3862059053079034,4
11,1,0,5.124938932060335,2.432685034205072,14
11,2,0,5.743111581235241,6.616161515979973,11
11,3,0,9.745203502407607,7.498957394445939,18
11,4,0,7.00742080942322,2.698978394338432,21
11,5,0,10.07798544338375,6.531171347941124,26
11,6,0,9.941036581898182,5.33590060163784,26
11,7,0,9.202031834043986,3.889759944742375,29
11,8,0,13.79839730274432,10.09027243943904,40
11,9,0,13.33134852055887,5.240732610387919,42
11,10,0,17.28378904019273,8.446239817987632,55
11,11,0,13.90078447215759,5.037256300223028,52
11,12,0,15.66512588972441,5.224116182331746,59
11,13,0,17.07720438135097,6.217738006080649,63
11,14,0,21.89169036763153,9.306316630354853,81
11,15,0,27.58328021709396,18.91936765509632,94
11,16,0,20.6562005128879,8.500036378282564,82
11,17,0,18.08456045987916,5.434159949427677,84
11,18,0,18.84036847827704,4.661393210018364,90
11,19,0,22.64301502153707,6.367095559819871,105
11,20,0,20.31095244467846,6.820574874202014,87
11,21,0,28.29218046256185,15.50112263090919,119
11,22,0,27.30051511886047,20.94572040295737,115
11,23,0,16.49860131611506,3.391599847974493,93
11,24,0,19.12874415781392,3.688131881190457,112
11,25,0,19.9204830216813,3.76144694412411,115
11,26,0,17.46349810073411,3.177749680797663,105
11,27,0,19.07518936942825,4.059407370293172,108
11,28,0,17.3188942804551,2.92435898931431,112
11,29,0,15.66583108630705,9.088882133570657,84
12,0,0,4.236203907711706,2.509106068111378,11
12,1,0,2.099171887560086,0.8610610364752904,6
12,2,0,3.616194567034085,1.500425798442327,11
12,3,0,9.88848486718747,15.78230639995491,16
12,4,0,10.75508315218475,10.8979985401463,22
12,5,0,7.136510829577885,4.872525212635885,18
12,6,0,10.40714649693747,5.059443916313106,30
12,7,0,8.055969418323382,3.077261639118175,26
12,8,0,9.348528976761052,3.35725174287477,31
12,9,0,10.94710673980903,4.590067263075186,35
12,10,0,13.31065684320794,5.583751697761457,42
12,11,0,11.79035114392385,3.696384272617995,45
12,12,0,15.23679961369632,5.965977097698321,52
12,13,0,21.55831909455273,13.88528309662803,61
12,14,0,21.56416241459154,9.081142429222703,76
12,15,0,24.36008300303832,11.79052783952056,81
12,16,0,21.43490674611096,8.750535565061565,82
12,17,0,18.22140996863581,5.446681528008876,83
12,18,0,21.61899597788903,6.861588931462493,97
12,19,0,17.03811125497305,4.405580357619987,85
12,20,0,20.54276115846108,7.023278213285121,94
12,21,0,22.11290668908872,5.720945292555661,108
12,22,0,24.75278216925699,6.3095135228968,115
12,23,0,21.52716058231715,5.732473883671968,113
12,24,0,16.74813709171257,4.013768101345243,92
12,25,0,27.5204536676568,19.76949593732784,126
12,26,0,18.26862005510804,3.459163352797675,109
12,27,0,15.22047951537254,2.811839748015232,93
12,28,0,18.50111008810977,3.304754504729717,116
12,29,0,14.74281141200883,2.536456986013722,94
13,0,0,3.88451738169046,3.078243205827262,11
13,1,0,4.013065115326028,1.762367500370534,12
13,2,0,5.000375656180607,2.629907143037492,12
13,3,0,5.248867331864369,2.363466246098759,15
13,4,0,8.301446095698292,4.34585795351219,23
13,5,0,7.170362411977923,2.817423518151486,22
13,6,0,13.81396056585358,29.04103024677013,27
13,7,0,9.260747657150224,4.420635934119477,27
13,8,0,10.00328506590983,3.48024977539988,34
13,9,0,13.91582643660674,6.782479040399451,37
13,10,0,15.4853937671193,8.017094826308524,47
13,11,0,17.84891489949863,7.092097611649861,58
13,12,0,19.88753171572593,8.856545502014033,59
13,13,0,15.77348862056266,6.423494921094156,53
13,14,0,14.78998130856883,4.784540189548065,56
13,15,0,16.79425593151842,6.328393690719991,69
13,16,0,22.659663940735,7.612496825534402,91
13,17,0,21.17359996484106,5.714981496017226,96
13,18,0,21.00290048256951,7.77704016132358,89
13,19,0,20.05792764768835,6.479955120489004,88
13,20,0,23.37471087626013,7.423578740016395,100
13,21,0,21.35518657178914,5.208076491423161,108
13,22,0,21.20890701372566,4.613225777974172,113
13,23,0,22.30559490887219,9.59254616757374,104
13,24,0,53.62642410377455,647.6656663188071,146
13,25,0,16.68500645997313,3.299722312228164,100
13,26,0,21.28568328495514,4.452537790186159,123
13,27,0,18.58307778742999,3.752463225309871,113
13,28,0,20.48554006491341,4.008408662958875,127
13,29,0,16.40603939817392,2.843254634176736,105
14,0,0,2.48341421968065,1.106448655030893,8
14,1,0,5.718832087604792,3.717307885323884,13
14,2,0,4.089985979918995,1.906757056600725,13
14,3,0,6.068129340428732,3.696938729531725,13
14,4,0,9.903177335326355,6.207792692579847,21
14,5,0,6.6486755582626,2.476819782058293,24
14,6,0,11.49586154245721,4.358017990522433,35
14,7,0,13.54972624271477,5.419104354954088,42
14,8,0,14.0878938918723,6.925606897842533,37
14,9,0,16.74826362617004,7.175542777275784,54
14,10,0,11.4889341020646,4.001391891419924,37
14,11,0,21.54302528164744,11.21402373517475,60
14,12,0,16.29608096585003,7.010847250396887,57
14,13,0,19.80903084708264,16.09655839152955,64
14,14,0,22.42513366303683,8.26648706154065,80
14,15,0,19.99339692954814,5.735290070650806,83
14,16,0,23.19979469587018,8.814015342797942,84
14,17,0,21.94836493653073,6.544527126489674,95
14,18,0,55.10827970582318,1078.408944071978,96
14,19,0,19.62367684449009,5.333735481967276,93
14,20,0,23.2316050737304,5.443761992781457,115
14,21,0,17.31131017829106,3.673796996518913,93
14,22,0,20.13646160143071,5.224824634569891,99
14,23,0,18.97724904609763,3.761733924659188,109
14,24,0,23.23871682161174,5.731888192775716,121
14,25,0,20.19423045188964,4.372260228894804,109
14,26,0,13.61034722700953,2.898603262509591,82
14,27,0,19.42657422862611,3.655345886989478,117
14,28,0,19.21677765458658,3.200650806187873,125
14,29,0,16.4148443015781,3.272452652849706,103
15,0,0,4.803919309041215,2.372507201212385,12
15,1,0,3.066608688441768,2.024018839861416,9
15,2,0,5.405524178826834,3.112613552967766,13
15,3,0,5.263299223421699,3.627120204799319,14
15,4,0,9.722606127031291,6.671406663573144,20
15,5,0,11.2603685579682,7.765868680562848,24
15,6,0,11.35781616723795,11.28526592484851,22
15,7,0,8.426973578415792,2.85468252440445,29
15,8,0,7.701048961641493,3.071074196291264,26
15,9,0,14.80733728490923,7.626272202201259,47
15,10,0,13.25422506804577,4.432402780360923,52
15,11,0,18.06259858398171,7.721850570836838,57
15,12,0,19.00254023688972,6.347897601455341,71
15,13,0,20.26749991473876,7.815626849834833,70
15,14,0,17.75995415968126,5.246645183819641,74
15,15,0,22.81001488826893,7.850157631642245,85
15,16,0,23.02006989792888,7.086655161582559,93
15,17,0,22.85009084080123,6.80157775647841,96
15,18,0,22.05502114457771,6.097581261794691,98
15,19,0,23.08551444447667,6.579534506835713,100
15,20,0,19.80238063979902,14.41736549608779,84
15,21,0,22.9704189350379,7.02660542075768,108
15,22,0,18.17859876273213,4.450782626037929,91
15,23,0,16.20252793935363,3.087325817629232,92
15,24,0,16.17801956359551,3.486201082485431,92
15,25,0,18.03774664982673,3.653235542349825,102
15,26,0,22.4775195342343,4.89948120189356,129
15,27,0,16.80664879873881,4.507828153886343,98
15,28,0,17.24952919645572,3.165549214611201,107
15,29,0,17.48184596995752,3.370991026674477,113
16,0,0,2.978099859126835,1.890173373934368,6
16,1,0,6.09620798064041,4.127366865229614,18
16,2,0,6.886233560110699,6.210053780152645,12
16,3,0,3.961388328436838,1.516573199175961,13
16,4,0,6.281059253092399,3.348399594352038,15
16,5,0,11.1130740734477,5.796635695728223,32
16,6,0,6.938158151267555,3.213028322333799,20
16,7,0,12.46222435947818,7.748368375070376,32
16,8,0,9.908087265049911,3.290294469347498,37
16,9,0,9.731871987388507,3.930312209450759,30
16,10,0,12.37698499851805,4.50392534463397,42
16,11,0,13.5098338454562,4.92388877454157,50
16,12,0,15.69093884026637,5.206249339377017,60
16,13,0,14.16983091442479,4.14201751457013,55
16,14,0,14.69327903814284,5.257543999542894,56
16,15,0,20.86622619401862,7.69164553105906,78
16,16,0,18.03021215110675,10.94750657217815,73
16,17,0,27.7269152092294,10.30905941530277,100
16,18,0,23.12023618949525,9.087620067469905,94
16,19,0,22.84797781600451,6.523922993496882,101
16,20,0,23.65078642409658,6.367924384480443,111
16,21,0,15.40339664416714,3.368620252689404,80
16,22,0,19.28496343210368,4.521964339890762,99
16,23,0,26.22172059375207,7.874949026950396,128
16,24,0,21.09540615177544,6.164617249275508,113
16,25,0,18.43251036330203,4.16130515809486,98
16,26,0,17.18269773452542,3.174463013002019,105
16,27,0,17.59201080799025,5.422139316502827,105
16,28,0,15.69847148076517,2.719309571652535,101
16,29,0,21.94633216309156,6.666255956536364,122
17,0,0,5.38053383509892,8.328255132992329,7
17,1,0,7.147467626661314,4.694706453645522,16
17,2,0,6.579113724269082,3.906733476980771,14
17,3,0,5.294304180042363,2.044279616069269,16
17,4,0,2.325133247608514,0.713676217177564,10
17,5,0,7.863558065825639,4.551670827548998,22
17,6,0,12.46692948448881,10.82418878877882,32
17,7,0,11.52714408736684,13.75752904067314,30
17,8,0,14.03412865464026,9.164872748987939,35
17,9,0,13.01433312340371,5.114234839340599,43
17,10,0,15.56426814228638,6.494246093471818,49
17,11,0,11.8549684791398,3.659355530008324,43
17,12,0,15.13432486311935,5.475139513285472,53
17,13,0,18.68416524247646,6.439939277227407,69
17,14,0,17.99819773605154,6.781593017883168,69
17,15,0,23.87311848821546,7.483618893654002,95
17,16,0,21.95562434202652,6.908277646280207,95
17,17,0,18.67262908768255,4.602340106443856,86
17,18,0,32.76810346902631,155.6609923027488,90
17,19,0,36.2890585738842,218.1933879417531,97
17,20,0,22.56716553428526,5.67817852110331,103
17,21,0,22.15832996002124,5.354081314297197,110
17,22,0,25.96555664081909,10.22548839397714,125
17,23,0,21.49054309542587,6.839328071809796,109
17,24,0,24.06738215279772,4.971359817993384,134
17,25,0,20.08851776298714,4.336884051685382,113
17,26,0,19.89526183192907,4.28450224806778,113
17,27,0,18.31659358820069,3.656027797226848,107
17,28,0,17.90977189426251,3.007954145823801,117
17,29,0,18.15677185763285,3.756210901450004,111
18,0,0,0.6944688650885577,0.4418674367901263,2
18,1,0,2.129298531831776,1.08102446145213,5
18,2,0,3.590707174882596,1.391942117734933,12
18,3,0,6.911415552352864,3.027901942990471,18
18,4,0,3.944215290401906,1.942805445737691,11
18,5,0,7.430748215932374,2.61134028839088,24
18,6,0,11.80608685824897,7.146485609556391,27
18,7,0,8.909433328687964,5.870418699729094,22
18,8,0,13.04420006277796,6.614411596908548,34
18,9,0,14.98174489875268,7.857212042379997,44
18,10,0,11.57996616775918,4.486093935284987,39
18,11,0,16.57147463331103,12.86566023167014,52
18,12,0,16.3136042371098,5.305661177889901,60
18,13,0,12.79457677679788,3.8632509307234,50
18,14,0,18.70298992494094,5.661046537285786,74
18,15,0,16.78155609766105,5.372930058964521,69
18,16,0,20.53302745975196,6.368689470566308,83
18,17,0,18.95500470747648,6.143088197360478,80
18,18,0,17.29694395127846,4.327004986942957,80
18,19,0,18.7885833972591,4.513071146668576,91
18,20,0,23.18355675868288,5.948582872359314,110
18,21,0,20.60007142390378,5.876533950221665,103
18,22,0,17.32882036373737,3.976360431183497,95
18,23,0,23.22248896435524,4.986658795605051,124
18,24,0,21.41065307115621,4.201472667478782,126
18,25,0,20.44223208532718,6.556002915593987,114
18,26,0,15.76152654879984,2.900716547680466,97
18,27,0,15.52699944664043,2.984239951544753,93
18,28,0,17.39042400038601,3.547770854130986,105
18,29,0,14.31981553735898,2.374811882850847,93
19,0,0,1.944477080377167,0.6860995526951718,8
19,1,0,7.904091035790785,9.193822227608667,12
19,2,0,3.985459120634491,1.670968996890057,12
19,3,0,8.166697439248953,14.2099440397693,12
19,4,0,6.373116240312881,3.066304072087051,16
19,5,0,8.860039532840496,3.234019566352785,26
19,6,0,7.971004943668206,3.807223041374929,22
19,7,0,9.431316393662909,4.20087743843407,26
19,8,0,7.943105931857738,3.776544753614234,24
19,9,0,12.27923819335792,8.429633055651012,32
19,10,0,17.65480986826617,8.05102905899877,53
19,11,0,15.46316320718756,6.813869969462505,49
19,12,0,19.60209524207552,10.91232918467091,59
19,13,0,17.25823958105165,5.827163510123274,66
19,14,0,26.25529354016371,32.26423914286231,78
19,15,0,22.72211678781639,9.694281918903668,83
19,16,0,21.5298959547816,7.056253887396826,82
19,17,0,21.54101187619683,16.02267419332892,80
19,18,0,28.12609770563057,8.822290616840606,120
19,19,0,17.12106720146807,4.037725639873193,83
19,20,0,20.45159910783871,7.092177638449345,91
19,21,0,20.10782674646521,5.584206293505367,99
19,22,0,21.40476009185902,5.07458830658414,105
19,23,0,23.65219051335895,10.82876151354961,103
19,24,0,21.22936639600888,4.384974949278551,114
19,25,0,21.48868117409436,4.714360058164639,121
19,26,0,18.06150332623234,3.469862725432463,108
19,27,0,19.59173074894133,5.63624098843225,100
19,28,0,18.54714136627683,3.673375632315218,111
19,29,0,16.7007171771177,2.623532664692506,114
20,0,0,5.209196021108827,3.934340118385975,11
20,1,0,1.865567214166281,0.9362460937643989,4
20,2,0,6.047622575772253,3.679094718554947,12
20,3,0,3.380056129424368,1.607929279381984,8
20,4,0,10.89888935261116,11.24900516106526,18
20,5,0,6.72707441238089,3.251302667456442,19
20,6,0,6.378588205895736,2.958182655682627,19
20,7,0,11.72625042697897,9.648813793274943,26
20,8,0,7.637666918516162,3.349332218595965,22
20,9,0,11.06132733384976,4.48570024434877,37
20,10,0,12.79562793436242,4.796751761782096,41
20,11,0,19.94451134282644,18.04066589867101,52
20,12,0,16.73406483783646,5.577587560267421,61
20,13,0,20.38195260556316,8.306106815218639,65
20,14,0,19.30983038729721,6.90942853252066,71
20,15,0,27.81726320559034,20.14269172751025,93
20,16,0,19.88225647435819,16.36963148109895,76
20,17,0,19.68350085141675,5.559558448901557,92
20,18,0,26.0911789011702,7.21375996159962,119
20,19,0,18.36250400700174,4.617048438405183,89
20,20,0,22.48400990383758,6.217793131321755,107
20,21,0,19.31351316860034,4.671693068416999,96
20,22,0,22.17070708270553,7.937146908292848,97
20,23,0,22.55849181452795,4.559911650178506,125
20,24,0,15.99009670307753,3.287681743421012,93
20,25,0,16.88676301204693,3.816472388701676,97
20,26,0,15.89258230163577,2.851896981340126,98
20,27,0,16.43650942358705,2.831635209655822,104
20,28,0,21.10460803745442,16.31146793409928,112
20,29,0,16.81009480502121,4.36569954287848,99
21,0,0,1.621252921788914,0.5611179095122638,8
21,1,0,2.768614462351707,1.407057449366041,8
21,2,0,6.05023002061469,4.291291440862199,12
21,3,0,7.529942257078298,7.333484030076962,14
21,4,0,3.611822412732896,2.456830581252155,10
21,5,0,9.254354090315069,4.626000031531249,25
21,6,0,10.44034483831664,8.539632930331072,24
21,7,0,12.08596279117908,5.927029420705919,34
21,8,0,7.521389466793902,4.382288600106217,19
21,9,0,12.80743045218833,4.826087580582266,43
21,10,0,17.67755242575998,8.547435619347761,53
21,11,0,21.61246360776779,10.14927363850395,71
21,12,0,16.37546137959742,5.539024990495105,60
21,13,0,16.26372985813932,4.853193929743153,65
21,14,0,21.8365577834486,14.79915266066353,67
21,15,0,22.82408185768159,7.962719301302802,86
21,16,0,21.79589729009601,7.518508501046743,92
21,17,0,23.29628618203386,6.408416116937618,100
21,18,0,23.53560794225207,8.472267885468394,90
21,19,0,20.07132660883289,5.014827761121587,94
21,20,0,58.93449197898911,963.4605810301184,119
21,21,0,22.51932864493159,22.0710315877253,94
21,22,0,18.74538072273215,4.291241244708329,97
21,23,0,17.62822416775589,3.667637783785638,101
21,24,0,19.24557929417508,5.180072295501119,93
21,25,0,27.76029329194095,12.61585936189316,134
21,26,0,19.48012344510585,3.34590963390709,122
21,27,0,17.55003943456128,3.370064396037501,108
21,28,0,18.99709150388214,3.262117901849913,123
21,29,0,15.26061784882046,2.532951225748137,101
22,0,0,3.511639026291819,2.302847353716051,8
22,1,0,5.699063242251556,2.91877579696702,13
22,2,0,4.248893391838229,3.695556241040095,8
22,3,0,9.261336048603157,9.626580826017555,17
22,4,0,7.095915010350692,5.304474377030302,19
22,5,0,6.892334642920794,9.150848858426579,16
22,6,0,7.952782567257797,3.574822924410689,22
22,7,0,8.345695659336856,3.319976151816841,24
22,8,0,16.13257370596959,15.17869815915389,41
22,9,0,10.54865532076502,4.051266676721866,34
22,10,0,11.38477993608082,3.806391346924014,46
22,11,0,12.51351427120959,4.298713580952231,42
22,12,0,18.72183024858068,9.460772707549559,56
22,13,0,18.51932694183721,7.662304381172146,68
22,14,0,15.92711350037068,4.668550777856048,67
22,15,0,21.63645983935306,7.487879526230467,83
22,16,0,21.89943793662552,9.868845093306696,79
22,17,0,20.13085372908802,5.294798479925118,88
22,18,0,19.57378233215047,7.668016512227199,82
22,19,0,17.09983986219423,4.470143633918878,82
22,20,0,22.40676757496599,5.865671415486048,106
22,21,0,18.54494548284469,3.874484525085334,100
22,22,0,18.81490856074072,4.423116294878141,102
22,23,0,21.71950083838141,4.674758229220799,115
22,24,0,19.82076985668738,4.150604142712227,110
22,25,0,23.38428995262241,5.537647214524436,132
22,26,0,23.91706056386955,13.52029838399644,128
22,27,0,16.95358386578335,3.830374847334375,102
22,28,0,19.97195621981329,4.684521154027912,117
22,29,0,18.44810007766978,6.875067715182017,103
23,0,0,3.334794917457537,2.273906606677713,7
23,1,0,2.166553375410397,0.7399769961831455,8
23,2,0,3.8333218991498,1.676407288395409,12
23,3,0,4.630646106663443,2.60544686481715,11
23,4,0,8.525178988085074,16.01814275253747,12
23,5,0,3.977554471697565,1.909236123298212,13
23,6,0,13.9741949951191,7.97468923315713,34
23,7,0,7.67304322948049,4.670846659453857,22
23,8,0,14.86035347017294,7.03999866128981,39
23,9,0,11.35439173139467,4.983231290078247,35
23,10,0,12.15476000870226,4.220758883048263,41
23,11,0,13.43228718520516,4.70576511188251,46
23,12,0,14.49312694954351,5.901131929815651,49
23,13,0,18.00529011120014,9.119475295489945,58
23,14,0,16.64028584304814,5.260400179685005,70
23,15,0,15.22364491311821,4.869791489918338,60
23,16,0,17.95571770995962,6.106366111320102,74
23,17,0,23.8159391583291,14.68895858319505,83
23,18,0,17.31534165248848,5.33790665508878,77
23,19,0,16.89485971664493,4.276209894694458,82
23,20,0,20.98024882140475,7.387491124249606,101
23,21,0,21.89065872134309,5.043195178619749,109
23,22,0,22.51087015704006,11.83041653977118,101
23,23,0,19.72072298254303,5.020182731208833,103
23,24,0,20.05506760599405,4.255500818667167,112
23,25,0,20.99556192433664,4.652594860642871,112
23,26,0,25.86127735157803,13.59070264553815,135
23,27,0,19.56632756294297,3.614672898006291,121
23,28,0,17.00248411324676,2.903115576244701,110
23,29,0,16.45628668632192,3.243532040872853,99
24,0,0,5.80973106401793,5.046430654104939,10
24,1,0,4.247323921537041,4.642535085473771,6
24,2,0,2.413355921590652,0.8847101148452099,8
24,3,0,5.720469503826154,4.329533605827087,12
24,4,0,4.273550849308807,1.883720578624783,13
24,5,0,7.258864608492946,3.738323330554765,18
24,6,0,11.63352703059748,11.82999571035918,23
24,7,0,7.406576780538732,2.609952434767309,22
24,8,0,8.389593394357302,3.315123254257317,26
24,9,0,13.04663353802085,6.540183381825737,36
24,10,0,10.44463165309801,5.402029454394071,30
24,11,0,12.98281789304426,5.415826595618248,43
24,12,0,14.32186682263812,4.938648631516517,51
24,13,0,14.38121280837747,4.256172107738514,57
24,14,0,15.04854420356571,5.038264548194991,54
24,15,0,18.88128037281903,7.878751823670664,70
24,16,0,17.43155089291051,5.715927613428998,69
24,17,0,17.70581354604492,5.314814276173426,75
24,18,0,18.16729029763013,4.727708037220942,85
24,19,0,18.66584192158254,5.236872075988814,84
24,20,0,19.62661081466171,4.566114424356576,98
24,21,0,18.06390961119257,4.473103082772981,90
24,22,0,15.50123089889171,3.231038667823896,84
24,23,0,18.01801787141968,3.79862527101121,98
24,24,0,17.16999350434731,3.294392964493598,99
24,25,0,16.89286020819897,3.471370463188389,100
24,26,0,18.40998095489856,3.311202326689829,114
24,27,0,17.71641938661828,3.782647414510014,101
24,28,0,19.20915092810323,3.462958434095666,120
24,29,0,13.36256095473077,2.12653486898731,93
25,0,0,1.966714051189183,0.9579942716331112,7
25,1,0,7.281499100831907,11.09346472637711,13
25,2,0,2.271037460409531,1.324797316846051,4
25,3,0,3.602120005762695,1.164282287668692,15
25,4,0,5.710964020311788,2.849924869994679,17
25,5,0,7.8425902248669,2.949304953712428,26
25,6,0,8.043957146851469,2.783699227898452,27
25,7,0,7.373221373092026,3.795575347329159,19
25,8,0,8.966332819343855,3.221381900413973,30
25,9,0,8.919720664665551,3.536711144790481,30
25,10,0,11.85393870791602,3.755230608956069,44
25,11,0,10.5311040660591,4.859242860334608,32
25,12,0,13.19001129461459,5.355646130353535,47
25,13,0,13.76763416119307,6.5467270566316,48
25,14,0,14.24865045668268,5.171213854998479,49
25,15,0,20.69056294685,9.766182749312989,74
25,16,0,17.37893674412313,5.334770536098724,73
25,17,0,17.89274772518288,16.71951840249173,57
25,18,0,21.96177016698361,9.656510681820931,84
25,19,0,17.84530593066217,4.439158045830803,85
25,20,0,19.29556896816934,4.071484320637825,102
25,21,0,17.25655526810784,3.894644017944508,89
25,22,0,18.73839802906001,9.038610357865554,84
25,23,0,19.76541704317743,4.397565631679084,100
25,24,0,18.80189260969124,6.622864658895376,91
25,25,0,18.25309020725942,3.750233497451935,101
25,26,0,21.29081417900311,7.146804042756426,114
25,27,0,18.81609728744566,4.450763376837419,110
25,28,0,17.1602460267416,2.905937478155254,111
25,29,0,16.28101493614264,2.995151394715184,103
26,0,0,2.496618721141082,0.7586467738924139,9
26,1,0,0.8135812282289518,0.289133031280685,3
26,2,0,2.082259472135229,0.6221545615017823,9
26,3,0,1.702698131009527,0.7594194851267229,4
26,4,0,4.098205766097313,1.792137356690143,13
26,5,0,8.257971231231013,4.455574635089445,24
26,6,0,6.651370559547056,12.86453658029966,13
26,7,0,8.099296602905737,3.416521067602923,26
26,8,0,12.3730279866501,6.798880510460243,32
26,9,0,9.452843914147,3.605087035838246,29
26,10,0,13.13466099682336,14.81028924417222,31
26,11,0,12.63547891515263,5.010309573564331,41
26,12,0,16.18640919881321,7.580217979054196,54
26,13,0,14.7617136792487,5.046937267754436,54
26,14,0,11.97836216294187,4.363843912186039,44
26,15,0,16.45754473541286,5.749062435824341,58
26,16,0,12.60715047219201,3.762794826498204,50
26,17,0,17.40619054722438,6.29623926333377,69
26,18,0,17.95558284975006,5.291420424754897,80
26,19,0,17.42978047303277,4.879603022907369,78
26,20,0,18.11347879398472,12.44306572708253,70
26,21,0,18.22348832365837,5.385566194671707,86
26,22,0,20.3657996343714,4.39369844448577,109
26,23,0,18.63185788645388,3.986889714415355,99
26,24,0,19.79606931162204,3.881949766199218,115
26,25,0,17.84920767964843,4.74150116351333,93
26,26,0,16.33289447989202,2.934162483432317,101
26,27,0,17.58609047966198,3.378779055149991,104
26,28,0,15.00008142996893,2.425987968076478,100
26,29,0,16.90273508932302,4.749445982736133,92
27,0,0,3.632288909932202,3.066355395700583,5
27,1,0,4.714151127652487,3.261075141668789,10
27,2,0,4.512187975450336,1.826811538562269,13
27,3,0,2.965786405778084,0.9917806350936731,10
27,4,0,6.091197821896129,3.200928880112135,16
27,5,0,3.712570023434082,1.371912515657013,12
27,6,0,8.173659707607356,3.594599277166576,22
27,7,0,6.192267671648531,2.950698528499958,15
27,8,0,8.242959481925581,3.20207072196774,25
27,9,0,7.665936289441792,2.716245663604611,25
27,10,0,9.37043171024146,3.657911738427115,30
27,11,0,7.069618086430776,2.125759506481039,28
27,12,0,8.802141718863936,3.043633883739304,31
27,13,0,18.07124880153897,19.13477154730631,45
27,14,0,12.9680793228766,3.638029739808457,53
27,15,0,15.51542115038141,5.42411441912339,61
27,16,0,11.0367534408029,2.935681916467137,49
27,17,0,19.3298377714335,6.564225469806889,76
27,18,0,16.95574012053387,5.061563707433121,76
27,19,0,18.0075503757938,6.209564474808637,76
27,20,0,15.87776408036686,4.514377337884489,70
27,21,0,15.37915764598138,3.664957385854914,76
27,22,0,16.35919580519514,4.148019379813102,79
27,23,0,15.64988916916388,4.602703566197204,78
27,24,0,14.3397048976749,5.291814541261698,73
27,25,0,15.08651727323455,3.415399782489608,79
27,26,0,15.27233057157503,3.068439605528159,92
27,27,0,13.67432090368012,2.503903610812626,84
27,28,0,17.62443584211019,2.933152329442114,116
27,29,0,14.85386594986018,2.618678110152726,94
28,0,0,7.19538727206784,6.859562322289859,11
28,1,0,1.088994808886106,0.4236410734786629,3
28,2,0,2.294624045839519,0.8938161482585641,9
28,3,0,3.160330173378305,1.536499505520748,8
28,4,0,4.52720995537074,2.091137781939342,13
28,5,0,8.860074137242107,12.04197683169925,15
28,6,0,3.609305576028482,1.448630312193183,10
28,7,0,7.044011346617699,2.99480099430258,19
28,8,0,6.448422475704934,2.784311920049289,18
28,9,0,6.026739998302956,2.219252021286,22
28,10,0,8.165163324505095,2.844849497462538,30
28,11,0,6.390996038224676,2.208362826473396,22
28,12,0,9.945225598724706,3.524726599069417,35
28,13,0,11.55094406407846,4.100069033965124,44
28,14,0,17.0801900381477,10.96431462103243,54
28,15,0,12.62076403350123,3.957180158780739,48
28,16,0,14.28460482939084,6.153094144989567,57
28,17,0,12.18532118929866,3.317985590704052,52
28,18,0,16.41484798992813,9.4440200738433,63
28,19,0,11.63012016992175,3.27815394751499,54
28,20,0,10.31745641104815,2.298160085167928,52
28,21,0,11.55225873656226,2.798347545448401,56
28,22,0,13.5283634830571,3.139709470176817,69
28,23,0,12.33838866681067,2.626467865855007,72
28,24,0,15.469064237683,3.219436692095427,86
28,25,0,13.38422227949498,2.313295022591161,85
28,26,0,12.68019931389227,2.548057240664151,74
28,27,0,13.63338701335089,2.47162260230545,83
28,28,0,13.11896503501637,2.187928703582728,86
28,29,0,12.5274000168505,2.116185061285075,83
29,0,0,1.357433102607893,0.7736673782887304,3
29,1,0,1.753725577316186,0.9412871634874018,5
29,2,0,3.02204031866301,1.760700371655783,7
29,3,0,1.128349583399798,0.4016933402592492,4
29,4,0,1.766874140576113,0.5413477091162147,6
29,5,0,4.155691622306483,2.364422836611412,10
29,6,0,4.587969644203771,8.077526727175085,7
29,7,0,7.685921140924832,2.953897814243376,27
29,8,0,6.858039261995597,2.20875659820096,24
29,9,0,5.636803425209585,2.591148039542679,17
29,10,0,9.713352230780266,4.162553611646633,31
29,11,0,11.17989135464565,7.446140604665783,27
29,12,0,14.92982440718023,17.00969983816649,35
29,13,0,6.463735687599481,2.031829689054227,25
29,14,0,13.85048873940092,4.386800686409147,55
29,15,0,9.557736364950722,2.672678719372807,43
29,16,0,13.12174431176125,4.137832731674553,47
29,17,0,11.83539058514293,3.913591619486688,47
29,18,0,11.10277275346773,2.896938153537089,53
29,19,0,11.26943191656878,2.386718123050392,58
29,20,0,13.4402563451409,4.458616777707245,59
29,21,0,14.03794473751687,11.47875139807918,60
29,22,0,13.879814217369,2.856105528909925,75
29,23,0,12.46574421480631,3.57059294033027,65
29,24,0,11.85649490671548,2.422673963601537,65
29,25,0,10.3026370552238,2.500501539839983,58
29,26,0,11.5564929192504,2.12818408355676,70
29,27,0,11.24506984538087,2.069285565643476,68
29,28,0,12.50602532072825,2.764860970854875,73
29,29,0,9.112635194429066,1.656772087099395,58
