# mesh name: boxMesh_1
# primitive scorer name: doseScorer
# iX, iY, iZ, total(value) [MeV], total(val^2), entry
0,0,0,5.177739734294548,0.9963948004724156,28
0,1,0,7.412060763606279,1.500128988800129,41
0,2,0,6.443560023900047,1.11301283735359,40
0,3,0,7.891429042241873,1.704103915314293,41
0,4,0,11.71703057064789,2.190309905997019,68
0,5,0,10.02811500469615,1.808983460504661,59
0,6,0,10.59963579737045,2.159784662478636,58
0,7,0,8.996260032117917,1.756096902279074,54
0,8,0,9.879132015200135,1.769040982653532,59
0,9,0,13.24785735112127,2.59037015298353,73
0,10,0,9.223228084824909,1.519588922422324,60
0,11,0,9.719493533412194,1.689484120822867,60
0,12,0,10.84695575523385,2.017730552171848,63
0,13,0,10.21295796759219,1.739213978295585,64
0,14,0,8.166416811421193,1.38288616504257,52
0,15,0,11.69579171131321,2.312820635551139,65
0,16,0,8.919315261481147,1.478290068918787,59
0,17,0,7.330746004747083,1.233276823977156,46
0,18,0,9.538559092670011,1.473802416524251,66
0,19,0,10.92557091916141,1.942066576000768,69
0,20,0,7.45835961410228,1.208045429124539,49
0,21,0,12.84300670652447,1.982982799418868,88
0,22,0,9.608205486782117,1.643478466523463,63
0,23,0,11.59877621811951,1.855892824681475,78
0,24,0,9.846926669448134,1.522658955744068,67
0,25,0,12.17854727784007,1.931589380169947,82
0,26,0,11.10134461982312,1.627373286442701,79
0,27,0,9.195800753097569,1.45706899577517,63
0,28,0,10.01937734475645,1.841833920536411,66
0,29,0,8.085604585435728,1.197210790570486,59
1,0,0,4.786428249305296,0.8514268896559793,28
1,1,0,7.328027192217097,1.495911477420004,39
1,2,0,7.463460119675771,1.245401363705462,46
1,3,0,11.4201678038454,2.108870295365718,67
1,4,0,14.62151886527725,2.683935388881522,85
1,5,0,10.3782480121956,1.91727050633222,59
1,6,0,9.656306428471531,1.757267886335354,58
1,7,0,10.05928505914407,1.792312742377403,60
1,8,0,12.34935435074359,2.401652891057139,71
1,9,0,13.13110467242146,2.479528822332609,76
1,10,0,12.32801375011449,2.131316550664384,79
1,11,0,12.94472701897623,2.440138737044211,76
1,12,0,10.64687726376665,1.862475454585508,64
1,13,0,11.35641884792207,1.933612217889094,74
1,14,0,10.6090099384811,1.890110928948463,70
1,15,0,10.96451520718009,1.909379665759714,70
1,16,0,13.73235031497018,2.331558044405382,89
1,17,0,10.71872722450332,1.917080643659531,66
1,18,0,11.17164879804477,1.689428178738545,77
1,19,0,13.04567686924545,2.281376652145759,82
1,20,0,12.55792077008047,2.192166333611621,79
1,21,0,10.06774417365397,1.516101066587332,70
1,22,0,11.80790831573243,1.927697201713892,79
1,23,0,17.77193591569193,2.87058141409295,119
1,24,0,13.32555817092886,2.30180893920703,86
1,25,0,12.4201239724605,2.127960428611404,80
1,26,0,16.4131253506653,2.731084824267474,107
1,27,0,13.39839475191964,2.089895043432258,92
1,28,0,13.50195262562274,2.126180896551128,92
1,29,0,10.66108194987461,1.819596188683819,69
2,0,0,9.299716255107159,1.805311708114356,51
2,1,0,9.279121215795053,1.715624552009312,53
2,2,0,8.870954229449151,1.71121382088947,49
2,3,0,9.936531429819512,1.767059676309328,58
2,4,0,10.12731049187931,1.884157760041267,62
2,5,0,8.83343360167739,1.558103798465712,54
2,6,0,13.33569484335763,2.519392498467194,76
2,7,0,12.22137494577352,2.126901946970805,74
2,8,0,12.73490289978255,2.373376275697194,74
2,9,0,10.00677018118584,1.674263523992438,63
2,10,0,15.34441066323661,2.892600567904634,88
2,11,0,11.59182179474655,2.14293705297172,73
2,12,0,15.27410213692993,2.664835013339293,97
2,13,0,13.46750004109242,2.349506774840262,82
2,14,0,13.4799715696204,2.173197393019865,89
2,15,0,16.02295347404591,3.051602707221675,95
2,16,0,13.81990661601371,2.321203965804766,89
2,17,0,16.78415149384826,2.973645598090284,105
2,18,0,11.72026074289214,2.055721333415836,75
2,19,0,13.83262936733602,2.380601274454937,89
2,20,0,14.94946954263262,2.396546579794788,99
2,21,0,14.38923085919862,2.282078801275739,97
2,22,0,24.77034693060055,62.37379600215779,111
2,23,0,17.07808508251318,2.717130910524057,118
2,24,0,15.59983667774109,2.660494723442076,101
2,25,0,14.81521568216027,2.373039569555127,100
2,26,0,15.25442788628915,2.473608961216115,101
2,27,0,18.33926460982635,3.122598460185034,122
2,28,0,15.36815040252882,2.257120541551231,110
2,29,0,11.13153646080531,1.765659412265889,76
3,0,0,8.114822135130414,1.45413238178481,50
3,1,0,7.571686545789833,1.305609980957134,48
3,2,0,10.39582297195036,1.893411065080374,59
3,3,0,11.93577701387681,2.107187564850955,71
3,4,0,11.6866392592691,2.20971733748952,70
3,5,0,11.93681594031002,2.280008550440494,68
3,6,0,14.24793731776917,2.725833606796573,80
3,7,0,15.92388724102364,3.068984381422746,90
3,8,0,12.99205129412207,2.372522794900056,78
3,9,0,15.21546820302605,2.76965191039963,90
3,10,0,14.21015264081374,2.502237316428018,86
3,11,0,14.77833718792687,2.538974648932883,96
3,12,0,14.76461127820227,2.528229110636584,93
3,13,0,16.58391142281,2.973178473890771,102
3,14,0,15.97595151663584,2.603770468743107,103
3,15,0,16.60870439699178,2.852849876493246,105
3,16,0,14.78552221684687,2.750350411221221,87
3,17,0,17.2977502499778,2.959387917248578,110
3,18,0,15.03766878492106,2.604478955174415,94
3,19,0,19.93279548680829,3.246782497923854,132
3,20,0,13.73763683012566,2.23399042222566,91
3,21,0,15.04960708795202,2.378707816701951,100
3,22,0,13.73561755182511,2.302677375039048,92
3,23,0,21.70808064309744,5.866053292368139,130
3,24,0,14.0844667175012,2.297881478347324,93
3,25,0,17.69079637568851,2.80419603907165,121
3,26,0,16.99623608829211,2.782734503991108,114
3,27,0,14.13194900982927,2.328364097667332,93
3,28,0,13.48900675373933,2.080407752251722,95
3,29,0,11.56782613550403,1.84773364211275,79
4,0,0,8.810591409016684,1.645142582597418,51
4,1,0,9.243205865375746,1.742466379383661,54
4,2,0,11.29655969677028,2.011585187791743,66
4,3,0,12.42405793521395,2.199026693498577,74
4,4,0,12.97971608342801,2.42476135647226,78
4,5,0,16.38993239771962,3.132950695690678,93
4,6,0,15.56612776182021,2.837046786663587,93
4,7,0,12.84893491815739,2.325442102943363,79
4,8,0,15.77598248956922,2.82120798573862,96
4,9,0,21.72254043641993,3.815052970879772,130
4,10,0,19.4820105368255,3.498151593206003,117
4,11,0,16.03691676228677,2.688845187715327,101
4,12,0,14.6176840661725,2.680829402047854,87
4,13,0,13.56793178568878,2.441456279515944,80
4,14,0,15.64207167759651,2.757533479660916,97
4,15,0,17.04636441682836,2.985112486128885,107
4,16,0,17.48051372807712,3.044178126560814,108
4,17,0,15.00986087001282,2.525158621609776,98
4,18,0,15.96965756473314,2.597547896146144,104
4,19,0,16.19768222909471,2.863944946421795,106
4,20,0,19.08324456558585,3.291610594606517,123
4,21,0,16.36194181578826,2.846471219805638,104
4,22,0,14.84920321239066,2.432334836439769,99
4,23,0,15.92631456026466,2.867462756382956,100
4,24,0,16.77229904749666,2.543543784663679,116
4,25,0,15.12011152208261,2.535453879338526,100
4,26,0,15.55615216293545,2.439100828740039,109
4,27,0,14.21382218891821,2.524931162514686,92
4,28,0,14.65622281326444,2.477596458777133,98
4,29,0,12.84409125521712,2.098956833094052,86
5,0,0,10.34838406683957,1.982341235450626,59
5,1,0,12.38536623879828,2.301936692990901,72
5,2,0,10.68424014989271,1.869518102833896,65
5,3,0,10.49237047207099,1.956492578995082,62
5,4,0,15.35292126003847,2.837320630008001,87
5,5,0,15.79822754359927,2.820398977627467,94
5,6,0,17.74969326001757,3.223249536467661,104
5,7,0,14.25715826575824,2.520314830597227,88
5,8,0,16.0820129475537,3.137879230814954,92
5,9,0,17.70746628633295,3.240156091295467,107
5,10,0,16.42720964967825,2.994974891980732,97
5,11,0,17.30503959197677,3.255937669049176,105
5,12,0,20.32832549043304,3.71548059707833,125
5,13,0,16.86467456644693,2.946465649734656,105
5,14,0,18.7287284631715,3.43638212552976,112
5,15,0,18.11595102743529,3.207801015774741,115
5,16,0,17.39396065981132,3.144477246776448,105
5,17,0,20.06524540013313,3.453300370612495,130
5,18,0,18.26640743846301,2.937894275697635,122
5,19,0,17.05997385312547,2.87004573757633,109
5,20,0,17.74093126929052,2.940372488712416,116
5,21,0,12.9032956484393,2.080736723308721,87
5,22,0,16.49091253593082,2.707631447877222,110
5,23,0,18.25471393968305,2.990935314231534,124
5,24,0,16.32249072421241,2.668461927261339,107
5,25,0,14.2736342206428,2.166987377344216,101
5,26,0,17.69454192536006,3.017016739457611,117
5,27,0,17.02298182347825,2.769340984841287,116
5,28,0,15.58819376697876,2.608644289541384,104
5,29,0,12.07243307953899,1.823258559432522,85
6,0,0,8.129414699121073,1.692697772839942,43
6,1,0,10.14546236794921,1.785861295461354,63
6,2,0,13.45732128892373,2.626555913185502,73
6,3,0,14.79213353526377,2.855155382957482,83
6,4,0,14.99254572039607,2.79589073404038,85
6,5,0,12.83999917569614,2.448277813374414,73
6,6,0,13.7055606281962,2.598155541437966,83
6,7,0,16.84029176620983,3.351233579401981,96
6,8,0,15.11420081675284,2.597298749023951,93
6,9,0,15.71967125147795,2.675068918695537,101
6,10,0,16.01466179798008,3.74352699888451,92
6,11,0,14.64635255394342,2.543943409005401,90
6,12,0,21.0240665412075,3.681082066718036,130
6,13,0,14.90520028228354,2.549354479715816,93
6,14,0,15.51265279065376,2.787501053919417,95
6,15,0,19.03794213440254,3.337484612623768,119
6,16,0,18.09958556547366,3.191194574234022,112
6,17,0,14.06650006184301,2.264237882668962,93
6,18,0,18.12371325129768,3.151550930984155,113
6,19,0,14.51941180351515,2.479337745096013,93
6,20,0,17.28970477385164,2.71167578256883,117
6,21,0,18.64134999820738,3.174265062192012,121
6,22,0,16.1064388192239,2.713074954775895,104
6,23,0,17.42803977892725,2.835457207699212,116
6,24,0,13.87831942565583,2.193366977806371,96
6,25,0,18.03334171172756,3.06948406071336,117
6,26,0,18.4650791521448,2.960328147904424,123
6,27,0,16.89483451644665,2.85298845597424,114
6,28,0,16.29694097946574,2.678720006856159,108
6,29,0,15.41647281954716,2.485504467579406,105
7,0,0,7.41833112648595,1.390625311582141,44
7,1,0,10.88831118432601,1.997070824605882,66
7,2,0,14.81467155255513,2.794350895424783,86
7,3,0,16.32406680244488,3.138357894183752,92
7,4,0,15.97480497336239,7.209682496708818,81
7,5,0,18.63955297275352,3.407202645656293,110
7,6,0,17.44625769074936,3.196436979149637,101
7,7,0,19.90876763331366,3.759480134312998,116
7,8,0,17.23853825262733,3.266309594131816,99
7,9,0,15.06714697734858,2.625799460967778,91
7,10,0,17.33383268222615,2.964649249103978,109
7,11,0,20.01811294585418,3.661512680120362,118
7,12,0,17.05290133160626,3.246428102656952,99
7,13,0,18.79273878692365,3.393307721459165,115
7,14,0,16.54506272656414,2.652724520259283,111
7,15,0,16.52691961167688,2.983783346940172,102
7,16,0,14.37981396097202,2.458116167164465,92
7,17,0,16.69137172463468,2.801011209243717,108
7,18,0,17.21085631460302,2.977852004487706,108
7,19,0,15.85701813064826,2.749554152112742,104
7,20,0,14.45557177365635,2.405444789215919,93
7,21,0,16.99227343388881,2.850255088762137,113
7,22,0,14.79901105764467,2.442462620003233,98
7,23,0,14.09431299640199,2.258386203231742,94
7,24,0,16.84655910279581,2.755036280606025,113
7,25,0,15.48876042290977,2.447790838154214,106
7,26,0,16.09416977785812,2.563414647976823,110
7,27,0,17.06448502840982,2.701601784036886,117
7,28,0,15.42423332221422,2.438082137120961,104
7,29,0,12.07738377117302,1.86596629696395,83
8,0,0,9.151565491705789,1.68630610071741,52
8,1,0,11.4365464739501,2.088749936135034,66
8,2,0,12.03764691045322,2.274358080554879,70
8,3,0,14.23151951198009,2.686713020676746,81
8,4,0,14.74701739700255,2.757939420756551,86
8,5,0,26.47595559522192,50.40280538295399,117
8,6,0,18.060837748648,3.370907397157997,106
8,7,0,15.8579194222374,2.687875481056925,102
8,8,0,15.20800769460601,2.621999626622592,93
8,9,0,19.74130556673352,3.637864651084264,115
8,10,0,15.22138238380238,2.703697219660671,92
8,11,0,16.37349407186188,3.022840817102264,100
8,12,0,15.62898459517076,2.699048083947416,98
8,13,0,17.99613006950943,3.285077188313929,109
8,14,0,17.92376569727597,3.392001829849281,107
8,15,0,14.75146280114667,2.459634447477271,95
8,16,0,21.98447682800587,4.07548327032051,133
8,17,0,19.03262698000646,3.338565743679378,117
8,18,0,16.33910148387875,2.843686707082727,109
8,19,0,19.07042628795113,3.443964182935118,121
8,20,0,15.14460914878496,2.570614149287503,100
8,21,0,16.12877645665583,2.54871454599903,110
8,22,0,13.42621311337125,2.084174227534273,94
8,23,0,19.44955799194467,3.45741403278259,124
8,24,0,16.42397937273582,2.690926334449755,109
8,25,0,13.49954441077897,2.118474357715088,95
8,26,0,18.57117568009308,3.063036398557314,124
8,27,0,17.93966923860867,2.817894741074829,126
8,28,0,16.92985428250772,2.780864201797155,114
8,29,0,12.14325173714834,1.890183961656752,83
9,0,0,10.77939182938485,2.027543867700074,61
9,1,0,12.57427789084095,2.250596765816357,75
9,2,0,11.99509604780306,2.312789717786008,69
9,3,0,15.48505227155829,2.964104123826945,87
9,4,0,15.39484414393687,2.775535338534715,92
9,5,0,15.82410262858177,2.933583503174947,94
9,6,0,18.66012521552394,3.320666929620211,113
9,7,0,16.13222030297695,3.038334076292284,94
9,8,0,19.36830092526335,3.473042323732227,117
9,9,0,17.89253282744472,3.082256042108023,114
9,10,0,19.20482847887414,3.617240237487268,113
9,11,0,19.24429606782715,3.491836522769414,118
9,12,0,15.26927500903555,2.814101092046497,91
9,13,0,16.99049530191077,3.129715522388927,101
9,14,0,16.29055635878375,2.803121984147161,104
9,15,0,16.83495647279912,2.958119661175147,104
9,16,0,14.90909279424164,2.587548820631126,93
9,17,0,21.16335482212139,3.537661092186205,135
9,18,0,18.11681938013414,3.214988618827056,114
9,19,0,14.37715361296013,2.298679553084019,99
9,20,0,17.82476277525546,2.928554744905148,119
9,21,0,15.81517652441582,2.746318320921849,101
9,22,0,17.06263016428543,2.804130989513917,113
9,23,0,16.20163961628927,2.523762924017285,110
9,24,0,14.05471448144527,2.314975285597219,97
9,25,0,18.13026881651448,2.900057642093476,122
9,26,0,20.0841067702426,3.266486173977142,135
9,27,0,15.78111684879771,2.377612915276333,112
9,28,0,17.45026389292676,2.790257614302744,117
9,29,0,14.58180707076863,2.349655287669946,99
10,0,0,9.091371306172311,1.769435987987799,50
10,1,0,12.12257348971813,2.223348587464578,70
10,2,0,13.77881594405002,2.675779520468147,78
10,3,0,13.21827643544744,2.468998749130252,75
10,4,0,15.61332646240776,2.92655213934554,91
10,5,0,16.03927462292174,3.253528205103867,90
10,6,0,18.33765457779465,3.508590941640773,105
10,7,0,17.6387577444472,3.178067481924497,104
10,8,0,15.79150007359811,2.869957927251015,95
10,9,0,43.78146041298105,719.8775231263787,103
10,10,0,17.55926463119234,3.024656546206355,109
10,11,0,16.28752191386271,2.707341445423761,106
10,12,0,19.93082039321709,3.217091213815487,130
10,13,0,18.29547557908799,3.208259718562074,114
10,14,0,18.98153966172339,3.212968892056195,122
10,15,0,20.60805455934559,3.349994269376221,135
10,16,0,16.48395875515434,3.137829332016495,98
10,17,0,15.8603198851725,2.64894121258307,101
10,18,0,14.95901643907359,2.602987451526459,94
10,19,0,18.74784861068029,3.17380257652437,121
10,20,0,16.78498580998331,2.779133075081436,111
10,21,0,16.91310945701875,2.872881449479134,110
10,22,0,15.35443562561171,2.641710189538858,100
10,23,0,17.04758311717317,2.691272963313694,117
10,24,0,17.89103150674343,2.869396373870402,122
10,25,0,21.45268181262757,4.379334771992637,138
10,26,0,16.22064049547606,2.503894197597262,112
10,27,0,11.8874332239345,1.829259517529946,85
10,28,0,24.21787920897494,62.93968732067805,114
10,29,0,12.28821709955565,1.924599766114059,86
11,0,0,9.033686796174447,1.6489734043241,51
11,1,0,9.203050694401552,1.665161696213924,53
11,2,0,14.78321616880702,2.746373709166943,84
11,3,0,14.14165730599719,2.774125404639043,78
11,4,0,15.7991914732081,2.813288251924781,95
11,5,0,17.55200386790426,3.395970307241257,102
11,6,0,20.15988965189493,3.678540499820391,123
11,7,0,17.21504330991159,3.141462467449704,100
11,8,0,18.48738425299888,3.454273228897311,110
11,9,0,15.1865009781409,2.796431282813873,90
11,10,0,18.38073448862693,3.169746680958529,114
11,11,0,18.27925473785353,3.109637308181137,114
11,12,0,19.43442017861384,3.317867536235098,121
11,13,0,21.92883568610261,3.855584590325923,137
11,14,0,15.88232298920195,2.709525311015931,102
11,15,0,17.37623385472009,2.847389850593497,112
11,16,0,19.99182255659964,3.531102047639239,125
11,17,0,18.08540729100863,3.346688865131675,107
11,18,0,17.88164207403394,2.903071060862026,119
11,19,0,16.91577353132061,2.947055589199478,109
11,20,0,15.89057031609381,2.455357185076092,110
11,21,0,22.69229622097825,3.948627762507099,145
11,22,0,17.41307859596992,2.969346936594577,112
11,23,0,14.78218138497918,2.182821771058935,107
11,24,0,15.47304785001221,2.344381889284402,109
11,25,0,17.15229722919063,2.907794105191497,110
11,26,0,17.97829352891624,2.925444599795102,120
11,27,0,13.33643701356486,2.125222568893515,94
11,28,0,15.62042802271137,2.460413967382777,108
11,29,0,11.61205001916516,2.082000314183183,76
12,0,0,8.253126548953018,1.579288194829129,47
12,1,0,9.659488783895513,1.814610162270681,55
12,2,0,14.33649529606951,2.77680931574781,81
12,3,0,12.97852043942714,2.515757282047521,72
12,4,0,16.30717303324202,2.94494677319311,96
12,5,0,17.75552534729405,3.225573196334568,105
12,6,0,16.33612657227439,2.898160013978667,96
12,7,0,20.76006108526289,3.761981113402124,122
12,8,0,19.02633007851161,3.56514037501253,115
12,9,0,16.03080512950395,2.713410176894618,102
12,10,0,18.0364670715075,3.361617574545548,108
12,11,0,17.55363526257242,3.227939950252916,105
12,12,0,16.18632076300333,2.754498347107834,103
12,13,0,17.3118944169476,3.005322866989038,111
12,14,0,18.71578101036063,3.623667463907752,109
12,15,0,18.2011308140151,3.082379584939287,116
12,16,0,16.32347162968309,2.739230807523428,108
12,17,0,16.69568947895882,2.832886485127184,106
12,18,0,17.60995208223998,2.931373535357239,116
12,19,0,19.01713674621824,3.270451699374571,121
12,20,0,15.07951528861865,2.360941822924889,104
12,21,0,16.70858610014527,2.939509657890469,111
12,22,0,14.47049846606999,2.305179532701177,98
12,23,0,14.35624006278319,2.301823959283675,98
12,24,0,18.13783825763339,3.092401707145394,118
12,25,0,17.14479213763666,2.619168081319728,121
12,26,0,18.72364487669525,3.004267521737685,128
12,27,0,16.43377663586993,2.636619607675457,110
12,28,0,14.48449255049216,2.447658719500734,101
12,29,0,10.18075375769781,1.71853323341684,67
13,0,0,7.22633092449153,1.357578919459509,42
13,1,0,12.90281407600868,2.645429083371876,73
13,2,0,13.38144112728851,2.489245834014822,77
13,3,0,13.04396883858406,2.416216277297317,76
13,4,0,16.00402029213969,2.924675578878449,94
13,5,0,14.01452351136852,2.521594551795706,84
13,6,0,15.06389543810761,2.56140444080191,95
13,7,0,17.79742446626885,3.189855032851009,107
13,8,0,18.83039230846401,3.446289772508805,111
13,9,0,17.180671680997,3.23823876932052,103
13,10,0,19.38914090512797,3.466388413745088,115
13,11,0,13.65497590922595,2.610270570926238,81
13,12,0,19.80350883906462,3.418425136284625,125
13,13,0,18.09000974967721,3.385428898039841,107
13,14,0,18.92837046038197,3.572876391659741,117
13,15,0,17.11657806203152,2.882575454706477,116
13,16,0,16.89810493161328,2.848640735529263,110
13,17,0,17.8396367722214,2.982552101844709,113
13,18,0,18.12031173767847,2.972444914310802,119
13,19,0,16.23242407525667,2.753401558063264,106
13,20,0,18.76055735034683,3.210983412778293,121
13,21,0,16.80072379284335,2.974837812888762,109
13,22,0,17.67532469591034,2.932606339571457,116
13,23,0,14.40617170502599,2.31603838372798,99
13,24,0,12.34754862728039,2.025392420425199,84
13,25,0,15.50397463333698,2.573348294181597,105
13,26,0,19.07569545306109,3.285176386466131,127
13,27,0,16.71248502393597,2.571480290301016,116
13,28,0,14.80886009620319,2.427548496882159,101
13,29,0,12.23873939386403,1.842159644202512,87
14,0,0,10.04695084733514,1.829234520973478,57
14,1,0,12.36583514491869,2.456799377060513,70
14,2,0,13.14799958597949,2.352339543762513,78
14,3,0,13.5250396506614,2.633390682534855,75
14,4,0,14.1312430259462,2.712761875184932,79
14,5,0,16.28632704890236,3.074899944758187,96
14,6,0,16.05851213200581,2.907852917791892,97
14,7,0,17.39081662516955,3.042366832037377,109
14,8,0,17.27279208767394,3.288747753345487,100
14,9,0,33.29345201894631,225.473056679684,115
14,10,0,15.35681177987884,2.820289898794903,92
14,11,0,17.3772275681559,3.197663296263005,101
14,12,0,15.99762991751351,2.681623053181292,102
14,13,0,16.19808763108878,2.766115894604742,102
14,14,0,19.11745877106858,3.02111058489802,129
14,15,0,18.10392393574945,3.021142062311513,118
14,16,0,15.35606729858146,2.564425855065167,99
14,17,0,17.29071874808603,3.144136040312122,108
14,18,0,16.84702259462913,2.80962301053294,111
14,19,0,17.88775829246818,3.192401038530019,109
14,20,0,18.44374891781955,3.020403371095135,121
14,21,0,19.54387204324015,3.127924045048596,133
14,22,0,15.96696520998532,2.624649579675134,107
14,23,0,17.40758085344683,2.831137828323337,117
14,24,0,17.21709572839598,2.991357293940951,110
14,25,0,18.20226086427813,3.396935375749342,114
14,26,0,13.81554243759252,2.139863000568206,97
14,27,0,18.25608980582785,2.914030279360349,125
14,28,0,16.25403962551146,2.602340954871971,112
14,29,0,12.81828744020706,2.053348523173084,90
15,0,0,9.998845648968798,2.100358061050617,52
15,1,0,12.29630213914869,2.360316399249623,69
15,2,0,13.58677780659044,2.525615715038875,77
15,3,0,14.80679583588565,2.710875466223565,89
15,4,0,18.5908565290102,6.249088584983715,100
15,5,0,14.98993078367008,2.754901612547802,87
15,6,0,14.35159847199637,2.584759728199697,85
15,7,0,17.92630355128015,3.229890253429747,105
15,8,0,14.94261499170945,2.943199103505318,83
15,9,0,16.65301641389734,2.96864363127776,102
15,10,0,14.84870442060882,2.56434508980734,94
15,11,0,16.53538602225063,2.930780749613878,102
15,12,0,18.77836623804428,3.447960175173513,113
15,13,0,17.84881009883916,3.237749089368682,109
15,14,0,19.46661948623501,3.560028897367435,118
15,15,0,17.0375432906774,2.935230000665079,105
15,16,0,19.51359508371998,3.25781482244433,129
15,17,0,19.32697708259867,3.197921792010888,125
15,18,0,17.20089587659228,2.954919842330165,110
15,19,0,15.75590115310664,2.614916756587154,106
15,20,0,17.43154082142129,3.103982073784103,109
15,21,0,18.87161248007383,3.348155974503393,120
15,22,0,18.81398937310193,3.044235936590825,127
15,23,0,15.96232533172911,2.55670392114984,109
15,24,0,16.45038061926716,2.93815285249422,106
15,25,0,19.69930941016787,3.288190920447727,129
15,26,0,18.45142576203224,3.089336162696398,121
15,27,0,13.58004850206678,2.039820775811455,98
15,28,0,14.779933787988,2.31334026688172,104
15,29,0,11.53234520742526,1.912533512895039,78
16,0,0,9.957086852452335,1.832284873685486,59
16,1,0,12.94351647874812,2.480105038506962,72
16,2,0,12.8987836208448,2.295248550430675,78
16,3,0,13.30839984186946,2.393534431102604,77
16,4,0,16.98366305100303,3.039025366712119,100
16,5,0,16.537314814038,3.085440757636281,94
16,6,0,17.8067347009674,3.398559544070059,102
16,7,0,24.64603155559595,68.40819134937692,103
16,8,0,15.69899287554565,2.858625467994071,93
16,9,0,20.24470842284313,3.632071648990243,122
16,10,0,13.33669933750931,2.236035364378904,83
16,11,0,17.686175938587,3.221169063832362,107
16,12,0,17.43198169991182,3.054639200896853,110
16,13,0,19.76210457014053,3.291529834276842,128
16,14,0,14.81602269363871,2.477158416499659,95
16,15,0,19.17974211345085,3.256299385177083,121
16,16,0,13.72795121137957,2.281465999589442,89
16,17,0,15.37806537797718,2.575399115107118,99
16,18,0,17.29927271871997,2.923353413525351,111
16,19,0,15.79329428779955,2.695435399202095,102
16,20,0,14.30753488183047,2.305223360929337,98
16,21,0,19.01898217067742,3.180306700916091,123
16,22,0,17.97819626387887,2.936657575618421,117
16,23,0,20.30263766757337,3.383382164666041,130
16,24,0,16.96929981812065,3.172128718552186,104
16,25,0,15.0099415542197,2.42721016366828,101
16,26,0,14.98397181291075,2.403581280573583,103
16,27,0,15.73998168374237,2.505179505903449,107
16,28,0,14.65447601764451,2.317784974830861,100
16,29,0,11.90623756556419,1.85251641164164,84
17,0,0,10.27481529149073,2.036897736079055,55
17,1,0,11.14525740886511,2.123054120298508,64
17,2,0,14.23790885131111,2.733837680244767,79
17,3,0,13.58832030983082,2.686216445715736,75
17,4,0,13.46362302080457,2.498708959641169,78
17,5,0,13.1324199495398,2.536234596944232,74
17,6,0,15.04873751117147,2.631028745604142,94
17,7,0,16.82402939557968,3.175578871688955,98
17,8,0,15.61444630772937,2.75959631873285,99
17,9,0,15.71817598765681,3.040096443319219,89
17,10,0,15.80037623311952,2.666577900889124,100
17,11,0,18.27287073276714,3.174945425911873,114
17,12,0,17.169582485493,3.106655961318384,102
17,13,0,15.06119912658334,2.778294812226537,91
17,14,0,18.06140332166749,3.082296984469837,114
17,15,0,19.09520200510992,3.330546497126659,119
17,16,0,18.44481173217879,3.280698368873936,113
17,17,0,17.6916509881297,3.122531084642929,115
17,18,0,16.69220617977095,2.913932210775584,103
17,19,0,17.33698919134694,3.014755161192589,112
17,20,0,17.43552328588872,2.916196967913149,115
17,21,0,18.36459832874921,3.20271156943111,115
17,22,0,15.01315478471783,2.439588680070701,101
17,23,0,16.39002618549213,2.687706881207275,112
17,24,0,21.62941345979407,4.027591246444957,131
17,25,0,18.39288150729741,2.738851484322309,131
17,26,0,15.87112563881815,2.645096535398561,105
17,27,0,18.71146987565725,3.041216800034446,125
17,28,0,15.08130455172153,2.283578115348595,106
17,29,0,10.57480435945977,1.59046791357516,76
18,0,0,10.23829950613347,2.046863110610696,56
18,1,0,10.93688115002899,2.113877364724403,60
18,2,0,12.39751699688397,2.3495784680398,69
18,3,0,14.21752720443205,2.552187024497614,84
18,4,0,15.23445951290163,2.978089118893255,86
18,5,0,13.97002365550871,2.509810388063838,85
18,6,0,16.19708577647923,2.975550009759055,98
18,7,0,16.42620656762379,3.091707234965162,95
18,8,0,19.6063121873812,3.676983536647585,114
18,9,0,17.29434586948215,3.060769875760566,106
18,10,0,18.88633917638068,3.56613922298889,109
18,11,0,18.98567323022873,3.471883461472006,111
18,12,0,14.12806348803111,2.487932456624704,88
18,13,0,21.51984998501935,3.613413883732653,136
18,14,0,14.93243041268251,2.675695839762983,94
18,15,0,17.20405263583733,2.833688870617597,114
18,16,0,18.24360336190946,3.136567633070744,115
18,17,0,27.71991871417849,119.6322472092668,103
18,18,0,15.09657750937296,2.394393691503598,100
18,19,0,16.08293996511691,2.871985184804573,100
18,20,0,17.39798234492967,3.275019539115016,107
18,21,0,17.02259528795928,4.210841575104093,104
18,22,0,17.42408166492562,3.117308849204396,112
18,23,0,16.71807760177397,2.619292003553817,115
18,24,0,17.95226780669155,3.002443825102294,118
18,25,0,16.8075909688422,3.145035065579894,112
18,26,0,21.94657957703452,58.24769210619852,97
18,27,0,22.58118612609798,87.5315137280279,90
18,28,0,14.69864468572928,2.450169718523574,98
18,29,0,12.24632376927333,1.925540437962208,85
19,0,0,8.378805611753164,1.47852130005824,49
19,1,0,11.92815979139553,2.148335846258215,71
19,2,0,10.98508525078437,2.124165889116274,62
19,3,0,12.83332155668421,2.319052182432598,76
19,4,0,14.94917582919963,2.760009796715,88
19,5,0,17.67298777275892,3.314200584753823,105
19,6,0,17.91287973208089,3.200242791106002,108
19,7,0,16.49171280982081,3.074383299105728,94
19,8,0,17.8457155811515,3.222858267886633,105
19,9,0,16.73691292575261,2.839632314670626,107
19,10,0,18.21478633786758,3.16733735188307,112
19,11,0,14.25656432663219,2.599754221275753,84
19,12,0,13.7848282959064,2.509165108182704,81
19,13,0,19.01221538953276,3.519311223974955,116
19,14,0,15.05807025221582,2.493240956503094,99
19,15,0,16.385577671191,2.9439420182952,98
19,16,0,18.59487423641136,3.201179344032965,116
19,17,0,18.43656381080247,3.251043388371277,115
19,18,0,21.37952273180217,3.75901082791035,133
19,19,0,16.56371679283169,2.784781046701716,112
19,20,0,18.64579808881515,3.130486430799213,121
19,21,0,14.39813066004935,2.184883023172062,101
19,22,0,18.26141786038197,3.10552367406215,121
19,23,0,15.31638275426373,2.507952435869651,105
19,24,0,16.85208165146018,2.710188458798775,116
19,25,0,19.10093630218095,3.429858859129686,123
19,26,0,14.89690498180943,2.421806489205474,100
19,27,0,16.54212937888556,2.696573506827621,112
19,28,0,15.1054086730807,2.489860117599179,100
19,29,0,14.31094807584361,2.205909024329097,101
20,0,0,8.822558332232465,1.75848972575239,49
20,1,0,12.49550827741173,2.582367484266684,69
20,2,0,11.66975012221404,2.213698203477442,66
20,3,0,16.27026146890543,3.150423627420101,92
20,4,0,14.74478162215762,2.807541512070942,83
20,5,0,15.63215590088639,2.94407591066012,90
20,6,0,17.70383013756937,3.489295630342036,101
20,7,0,17.87826474269439,3.419376803254897,101
20,8,0,17.50962665484185,3.175087555157796,109
20,9,0,13.42509266391542,2.19894126233391,88
20,10,0,17.11700165973188,3.355134357022596,100
20,11,0,16.66826515089897,2.866198410472949,106
20,12,0,15.30762227791849,2.675491460504679,95
20,13,0,18.07092606324843,3.152568529990865,114
20,14,0,18.88968407042209,3.429091961955527,115
20,15,0,17.37104677178205,4.43841438720651,104
20,16,0,19.28425107676831,3.366704566533851,120
20,17,0,13.83798099694735,2.331819304574279,90
20,18,0,19.11865716199571,3.406024739488644,119
20,19,0,17.26260805044121,2.962094549008947,111
20,20,0,16.96146646875684,2.764532686460313,112
20,21,0,13.72771464408687,2.241601549097974,91
20,22,0,13.98953781120438,2.113921490659118,99
20,23,0,14.48109321774621,2.319732087189926,96
20,24,0,16.73768396191382,2.854444730198506,108
20,25,0,18.4813847461953,3.102714760713133,121
20,26,0,16.28415079171242,2.684700952066195,112
20,27,0,14.85356157755697,2.293860240383527,104
20,28,0,16.27419800795104,2.608588872581181,114
20,29,0,13.01949280011947,1.972607470871323,90
21,0,0,10.41097205332598,2.056033822592013,59
21,1,0,10.87351998204599,2.051671576027794,61
21,2,0,14.04707513791532,2.683998767250893,81
21,3,0,10.89204554996584,2.077738174449291,62
21,4,0,15.22354946617909,2.851436704250952,86
21,5,0,17.29031076377443,3.023631507232508,106
21,6,0,14.76707290629803,2.622588168192109,90
21,7,0,18.99417388321985,3.454183659644303,111
21,8,0,16.18069917691417,2.836838053319804,99
21,9,0,16.86931003074606,3.016882179504511,101
21,10,0,17.64838007460908,3.293782285491877,107
21,11,0,15.56353812827022,2.644828421900822,97
21,12,0,19.36985898571227,3.54529698321592,118
21,13,0,19.52663159663458,3.364982714956537,125
21,14,0,19.75275669450301,3.601622716767253,117
21,15,0,17.58920513567805,3.136809532077924,110
21,16,0,14.83290397549871,2.476972296541503,95
21,17,0,18.74736311394133,3.148817982298797,121
21,18,0,16.35119782727036,2.640575035692366,110
21,19,0,19.85613052488662,3.422514674436511,126
21,20,0,14.51958907860064,2.303226382648882,97
21,21,0,17.70717754962991,3.252530596225828,115
21,22,0,14.79988480064355,2.309966083413584,103
21,23,0,19.93447493329109,3.461851412431112,130
21,24,0,17.35797969117791,2.707604144746969,119
21,25,0,16.20196549478561,2.72501198663964,106
21,26,0,17.64169036375482,2.744237710011701,123
21,27,0,18.29256374520258,3.04547059942938,124
21,28,0,17.56672030901612,2.77927833791127,122
21,29,0,12.05253903548811,1.900115683718176,84
22,0,0,9.36943561067223,1.767708819064556,54
22,1,0,10.74606333119057,2.08247546315055,62
22,2,0,11.62308355161334,2.021131708332977,69
22,3,0,15.64224522292753,3.004300244724302,91
22,4,0,12.7171498634796,2.38104837205531,75
22,5,0,23.49398136749965,42.71626674621845,99
22,6,0,15.38219438552967,2.928084493426831,89
22,7,0,17.06993456293414,2.932278843303531,105
22,8,0,17.10719695265549,2.993866785766721,105
22,9,0,14.94625459830241,2.883980915083457,89
22,10,0,16.32240091448707,2.934425834131536,97
22,11,0,18.54415282990594,3.31343159868859,114
22,12,0,20.28901399180119,3.78796462700495,124
22,13,0,19.86319266014486,3.490589555986548,123
22,14,0,17.01679470885727,2.953311125297915,109
22,15,0,18.52921195626167,3.419139329436787,112
22,16,0,16.12438615814395,2.725721764115376,105
22,17,0,20.14660791848582,3.405830890184189,127
22,18,0,14.92342510764923,2.448524067367516,97
22,19,0,18.50774894098345,3.243983966486361,117
22,20,0,16.93095616179121,2.840489796791363,109
22,21,0,18.06726442893924,3.356746035730349,109
22,22,0,17.9477469121277,2.801481746160731,121
22,23,0,16.743577181665,2.766434321806869,113
22,24,0,14.92287714855631,2.441996697660458,101
22,25,0,14.06463416822717,2.226771695319696,97
22,26,0,18.97161851007264,3.000403249833214,128
22,27,0,17.20443563136301,2.707755182227616,120
22,28,0,12.90775555929205,2.074000082542641,87
22,29,0,11.91037988525577,2.02257819192724,81
23,0,0,6.234254555167947,1.07642022613133,39
23,1,0,12.68290711245102,2.467564418643098,70
23,2,0,11.45632557827568,2.07771212353174,69
23,3,0,17.71532450870694,17.23249160455635,82
23,4,0,45.09303319622362,766.7077342986721,100
23,5,0,15.35537847929017,2.723808539808518,92
23,6,0,15.79211659423823,2.797387427906675,96
23,7,0,17.30651077814191,3.221903561989887,102
23,8,0,18.89511815342642,3.300446567547324,114
23,9,0,16.16179163979411,2.903936444957739,98
23,10,0,16.31721740240041,2.871790701013126,99
23,11,0,16.27224399451828,2.941426315562413,98
23,12,0,22.059819387598,4.195896177342889,132
23,13,0,17.41802374809896,3.030100575331589,111
23,14,0,13.8708631082773,2.542611893580701,85
23,15,0,20.05456763759767,3.8155663144586,118
23,16,0,16.12779331467159,2.678842259161804,106
23,17,0,15.62532187045121,2.757236839408345,99
23,18,0,16.83912765904567,2.994072656300751,109
23,19,0,15.62614420052138,2.543220848466445,102
23,20,0,13.44857862228089,2.137808486755054,92
23,21,0,20.2485227185305,3.429928219941772,131
23,22,0,17.50338288306338,2.961224766973134,112
23,23,0,17.29664974111284,2.74002164136582,117
23,24,0,18.29493967838961,3.064148317050373,122
23,25,0,17.07891626691481,2.586630014350224,122
23,26,0,14.42124633178165,2.343280434554758,96
23,27,0,15.90921804034923,2.576981235167718,106
23,28,0,17.84387173556275,3.01032964184882,118
23,29,0,14.72870585783644,2.389734562775788,99
24,0,0,7.377221846284212,1.325922802174922,43
24,1,0,10.85124843074622,2.210738383399962,62
24,2,0,13.66284958461467,2.761453590974663,75
24,3,0,15.79601973514612,2.997764184412706,90
24,4,0,12.80432915223091,2.320706378909978,75
24,5,0,16.73035656278613,3.018558233652992,98
24,6,0,17.14262851462102,2.977537770674216,106
24,7,0,16.45850408607036,3.0256642770803,96
24,8,0,17.17044847646454,3.023301094980767,103
24,9,0,17.62069573317215,3.15544265310047,106
24,10,0,23.86611702767092,40.40041917459339,108
24,11,0,16.47423889716155,2.965812337811192,100
24,12,0,14.55308186840258,2.44196901241912,92
24,13,0,13.12774416819033,2.219298332445911,83
24,14,0,15.81031815450672,2.713918537243902,101
24,15,0,19.43901734876026,3.270294082126104,124
24,16,0,19.31353340775054,3.44528126863958,119
24,17,0,15.53647637830825,2.44004105183047,108
24,18,0,17.08837150593102,2.879405979721972,112
24,19,0,16.28939130359902,2.64594292335022,106
24,20,0,19.09627510168836,3.256503848111715,121
24,21,0,19.08908652849006,3.02498469780352,128
24,22,0,16.40291146073972,2.777394666854659,106
24,23,0,20.63834305489683,3.467218217611087,134
24,24,0,16.06309389924712,2.624692087683175,110
24,25,0,16.93088255712428,2.850794563669391,111
24,26,0,19.99061979354818,3.369447462688715,131
24,27,0,16.4709960483454,2.637323337316647,111
24,28,0,14.95820550732167,2.28168446231123,105
24,29,0,19.37705500302467,40.66070473552575,91
25,0,0,8.582051526492672,1.596571764878576,50
25,1,0,9.582725273982302,1.898719399844947,53
25,2,0,10.95450875308893,1.895474669773676,68
25,3,0,15.06398645273363,2.838672494443119,85
25,4,0,12.30440898279836,2.333231110924529,71
25,5,0,23.69997802032398,69.46305159748069,94
25,6,0,11.43061682290437,2.112886843912865,67
25,7,0,15.94324053261567,2.842871920645527,96
25,8,0,17.37528558135799,3.07468909039178,103
25,9,0,14.63486529200893,2.53238208156818,92
25,10,0,14.54579548343499,2.670446277009633,87
25,11,0,17.45368279800054,3.073764725562699,108
25,12,0,14.64060950653267,2.533734305395146,92
25,13,0,15.51099120538362,2.757500348216608,97
25,14,0,16.90519422194344,2.784653351577794,111
25,15,0,17.00376389608184,3.258865558215561,104
25,16,0,13.65070075797745,2.424803249379041,87
25,17,0,14.89943693957422,2.582664984839905,94
25,18,0,15.61804459259909,2.505283017758023,102
25,19,0,17.02458038428224,2.985733445410244,108
25,20,0,19.72028587233713,3.209626037225286,131
25,21,0,17.11517173680648,2.958762693796161,111
25,22,0,17.62736471783651,3.051427965120307,112
25,23,0,17.70900129841823,2.867958213423908,118
25,24,0,19.0208232270375,3.611618558956635,114
25,25,0,15.25230089793785,2.49678973079948,103
25,26,0,17.70851007131975,2.885727078999033,119
25,27,0,15.8512533272393,2.655821667616833,107
25,28,0,17.00732458183908,2.915643000500471,110
25,29,0,11.92356462601544,1.951345556881698,80
26,0,0,7.93598199320853,1.468688153625997,47
26,1,0,7.804532044065622,1.474901153426036,44
26,2,0,7.223690176304873,1.277941307355508,42
26,3,0,11.76374103544536,2.133641739373185,70
26,4,0,12.99356030554407,2.349410557450433,76
26,5,0,14.88320773487069,2.830466828506747,83
26,6,0,13.18338889959735,2.415056426209388,78
26,7,0,15.51840794877713,2.809161881162451,92
26,8,0,14.47286377955677,2.552234253050883,86
26,9,0,14.61514090755563,2.499361381094821,90
26,10,0,13.22726353214561,2.414325190436355,79
26,11,0,14.30140895326848,2.635829366269916,87
26,12,0,15.99550275235201,2.667103983660375,100
26,13,0,15.18620160804199,2.524310421359704,99
26,14,0,14.45598097430317,2.452178169689146,93
26,15,0,16.8199609509028,2.731799161577818,110
26,16,0,18.07998283346788,3.374201093458768,111
26,17,0,16.22566832953786,2.710667914354061,104
26,18,0,12.51855796231638,2.019747119066368,83
26,19,0,16.30399102766485,2.742067490522942,105
26,20,0,18.16065361003175,2.94411385107416,123
26,21,0,15.58100916068614,2.601609111467067,103
26,22,0,13.80648200310266,2.141817729922635,94
26,23,0,29.84755895291299,197.6830153887378,111
26,24,0,17.65433130290116,3.011822542287756,116
26,25,0,16.81577587171005,2.698162303017796,112
26,26,0,14.53792036545058,2.193113674663108,106
26,27,0,15.61981115986414,2.403728878191163,108
26,28,0,15.56446774156176,2.447323002726312,108
26,29,0,10.67642292905306,1.674687808422277,76
27,0,0,9.62362773477731,2.013967442305466,50
27,1,0,8.313507993809976,1.575582448851825,48
27,2,0,6.330680789316489,1.146917818852319,37
27,3,0,8.846946874040551,1.582509040415879,54
27,4,0,9.244170303552409,1.584639188957118,56
27,5,0,13.43612078518241,2.571499423204936,75
27,6,0,12.49441875138493,2.237265035898999,76
27,7,0,13.81158211239975,2.4003272199017,85
27,8,0,12.23511332482846,2.188308800052073,73
27,9,0,13.43671062867287,2.537484306043514,81
27,10,0,17.28078969361229,3.214644840269224,102
27,11,0,16.55171511270774,3.199063002441685,94
27,12,0,16.00113758532535,2.972574223755069,93
27,13,0,13.94110671004953,2.423551236288795,87
27,14,0,16.4341831475239,2.882652574669404,104
27,15,0,13.98518173183922,2.443293518745661,87
27,16,0,22.48161738951804,86.89404628264872,89
27,17,0,13.09732430349263,2.195608532369352,85
27,18,0,13.69904926846578,2.217468153799306,90
27,19,0,14.23737438278877,2.44236663619753,91
27,20,0,14.52274753557643,2.765499837286132,85
27,21,0,13.17272847356278,2.152994889287876,87
27,22,0,15.42747719482676,2.63017667140487,101
27,23,0,15.62989720570703,2.677948384898411,99
27,24,0,15.07385810521159,2.35300971832894,105
27,25,0,15.07383140024223,2.528609153343863,102
27,26,0,17.60874634759731,3.015469927559661,114
27,27,0,18.37839144564035,3.599082920245994,114
27,28,0,14.52010910569824,2.469544671317014,96
27,29,0,13.26003477877991,2.072854427701967,94
28,0,0,5.411963247610871,1.072104790794335,29
28,1,0,8.069549291489682,1.469963739222932,48
28,2,0,9.653879152262961,1.857158880567842,54
28,3,0,7.829457518094259,1.373488428247872,48
28,4,0,9.88966327717921,1.730389707134521,59
28,5,0,12.27884371815427,2.285810227381795,70
28,6,0,12.94796436526754,2.371779056109427,75
28,7,0,10.20503665817905,1.928310261232868,60
28,8,0,15.51890589210358,2.697295999847621,96
28,9,0,10.31897428454466,1.811080105501436,65
28,10,0,10.79277941878254,1.890632489106846,66
28,11,0,11.18349572848924,2.122799463215828,65
28,12,0,10.73467932789168,1.748125785430538,70
28,13,0,14.8977863033723,2.782454880331779,87
28,14,0,11.38957388291866,2.022390447858211,70
28,15,0,11.83391639372066,1.969782193758035,76
28,16,0,11.07880999640481,1.856811585647022,70
28,17,0,14.40475171405011,2.347021526439146,94
28,18,0,10.60078198254883,1.801651889732467,69
28,19,0,10.87749717197457,1.721145084294164,74
28,20,0,13.95544922493621,2.45080941531008,89
28,21,0,13.27439891949213,2.163161418424163,90
28,22,0,12.94537551902552,2.104626107970131,86
28,23,0,13.40630823137931,2.129879736350925,91
28,24,0,9.328776441407665,1.426192634907644,66
28,25,0,13.63975387979408,2.17940600937005,93
28,26,0,12.4037908833774,2.010834125199498,82
28,27,0,13.32903844349667,2.069326939294316,93
28,28,0,11.62118644125642,1.874415317181468,78
28,29,0,8.464415456235932,1.432184338175357,56
29,0,0,5.751453685418456,1.186617592188933,32
29,1,0,7.915235235236398,1.588981347718327,42
29,2,0,7.456522668917795,1.54063769701508,40
29,3,0,9.49458245969519,1.880119037740951,52
29,4,0,11.17347404752752,2.36174196615984,58
29,5,0,8.519478702830137,1.553001190752935,49
29,6,0,10.086010652743,1.947717179365013,57
29,7,0,8.952190087233785,1.62405665782062,53
29,8,0,11.63855664693255,2.099500258180343,70
29,9,0,10.45325176134366,1.785771794827607,67
29,10,0,10.3255551244791,1.796051579413996,65
29,11,0,11.83762034291053,2.118762468378304,72
29,12,0,8.800336882233948,1.526579560528023,56
29,13,0,10.01944588261432,1.831577459101402,61
29,14,0,10.45672810606352,1.95366662030599,61
29,15,0,8.27082087677014,1.538147704486141,49
29,16,0,10.02887507982292,1.586368307968448,67
29,17,0,9.78103197866576,1.67510525646881,66
29,18,0,10.41249714077849,1.771268058773588,69
29,19,0,10.48153642309042,1.855484562942064,67
29,20,0,9.160410505708892,1.441510546286418,62
29,21,0,10.62401039005723,1.719010259500363,74
29,22,0,10.47739536492324,1.647755423689975,71
29,23,0,8.960988522788941,1.547827452031539,57
29,24,0,11.13447514225239,1.854647128209695,74
29,25,0,12.14819067635955,2.177202008461001,77
29,26,0,10.07405309067243,1.655812153804939,67
29,27,0,10.04533583533726,1.608773754545927,67
29,28,0,8.024713976156384,1.321751237633991,53
29,29,0,5.872393756501057,0.8658040333210606,43
