# mesh name: boxMesh_1
# primitive scorer name: doseScorer
# iX, iY, iZ, total(value) [MeV], total(val^2), entry
0,0,0,4.658485680135241,0.8529796924760231,27
0,1,0,5.187985088452681,0.8900491567329959,32
0,2,0,8.349400506849431,1.524559250933564,51
0,3,0,7.755142444602313,1.320190448681158,49
0,4,0,10.56846351733628,1.94671877786681,64
0,5,0,9.42602770360253,1.665538698216427,61
0,6,0,9.417794510536455,1.650542138249237,60
0,7,0,9.796351253728705,1.644794220441769,63
0,8,0,10.74809205387849,1.841857457995433,68
0,9,0,9.514258260013797,1.8870594766894,57
0,10,0,7.886704513443332,1.31506643897401,50
0,11,0,9.696230292875454,1.640401646498379,62
0,12,0,10.93272035391021,1.725804938205461,73
0,13,0,9.117154582085425,1.618819821919821,58
0,14,0,8.444072813762812,1.255085404819676,58
0,15,0,11.58090607342756,2.287350579133881,72
0,16,0,10.08642294345869,1.665613763633782,68
0,17,0,7.677918360091577,1.151144762143556,56
0,18,0,8.649747415953341,1.326160204884506,63
0,19,0,9.139256599141193,1.449949120846389,63
0,20,0,10.97550619771559,1.649874572829782,77
0,21,0,11.29937636736068,1.925724111936011,73
0,22,0,9.740816539485056,1.482993404867098,68
0,23,0,9.379555839610623,1.380366460842401,67
0,24,0,10.72180690131388,1.669045021065491,76
0,25,0,10.36340405903785,1.615526693172631,71
0,26,0,11.84737035981079,1.915069024757911,80
0,27,0,10.58718504698945,1.698194021644642,72
0,28,0,12.63201243636711,1.927036580710733,90
0,29,0,9.337209849376142,1.435071765858381,64
1,0,0,6.197704401128953,1.077300493874233,40
1,1,0,6.563092373923671,1.240098137062851,40
1,2,0,7.849261009962582,1.387774599610632,48
1,3,0,10.79849804979749,1.903177813464091,64
1,4,0,9.275852772558762,1.589596180897867,58
1,5,0,12.09995880802466,2.096798401680892,76
1,6,0,11.28417733626778,2.087083719932023,69
1,7,0,13.97574115946142,2.782293362333084,79
1,8,0,10.84400626347187,1.825392348814557,68
1,9,0,9.713826772362236,1.682124049710272,61
1,10,0,15.02393364312024,2.712676433715613,91
1,11,0,11.80018560285973,1.951796006648127,78
1,12,0,11.18297390669959,2.027078118024721,70
1,13,0,11.86856284807997,2.023953884492695,76
1,14,0,13.57519252341083,2.343151459830113,85
1,15,0,12.1657831187544,1.962809713137757,84
1,16,0,13.60898700491282,2.250411699634912,89
1,17,0,11.70585821292081,2.225136203256404,70
1,18,0,12.12590824060243,2.02165629697746,79
1,19,0,13.51130936143864,2.51830970955706,87
1,20,0,13.31258668117731,2.288150965779912,85
1,21,0,12.70442052803443,2.137168272756197,82
1,22,0,12.57459538063699,2.001910216636805,86
1,23,0,15.90111287198103,2.6650998879148,108
1,24,0,14.03666389994831,2.6731621293531,87
1,25,0,13.63262413137203,2.149340209797006,97
1,26,0,13.56960265789998,2.178649347226382,91
1,27,0,12.60823673819042,1.895919387788024,89
1,28,0,12.28615683584935,1.97038601257624,85
1,29,0,12.97460196513498,2.222388159403977,90
2,0,0,8.494821489234129,1.470760718514786,52
2,1,0,10.80960846209763,1.901297296366409,65
2,2,0,8.889870879044498,1.720082971608015,51
2,3,0,12.67045639826223,2.222359640534722,77
2,4,0,11.9346997699982,1.947650473722691,77
2,5,0,13.58112734713953,2.36809608727006,84
2,6,0,13.13296277723322,2.255314172278862,81
2,7,0,11.84830587241498,2.078256912995166,76
2,8,0,13.58434802625479,2.491197160985985,82
2,9,0,11.23706545364861,1.790468199351465,76
2,10,0,15.5831573625988,2.739536067284314,96
2,11,0,16.2648956806362,2.821741946527448,102
2,12,0,15.01028788870464,2.850130675352903,90
2,13,0,12.47080327186212,2.166395327325109,79
2,14,0,15.7368589830491,2.564824233006436,102
2,15,0,14.81755928116757,2.569341773366526,92
2,16,0,12.88691399753231,2.238151929441859,81
2,17,0,16.47873520037853,2.717492874834154,109
2,18,0,13.5774262985722,2.074195414376303,95
2,19,0,18.26147175163658,2.941378052181769,122
2,20,0,12.71954052793539,1.875085696850066,89
2,21,0,14.35485934240542,2.558588175661408,91
2,22,0,17.9472341960408,2.810091495049734,121
2,23,0,14.14338836401867,2.069331612522471,102
2,24,0,16.31626128297958,2.542892591835765,114
2,25,0,14.05724821231822,2.324734858757903,97
2,26,0,15.91372351083414,2.539508089939546,108
2,27,0,12.77361420201358,1.93042256479422,90
2,28,0,17.04893569144821,2.801838484706801,115
2,29,0,12.87111399469252,2.102476423141948,87
3,0,0,9.724882979911348,1.738827538632894,58
3,1,0,9.782997886982601,1.730986434782388,58
3,2,0,10.35801239225901,1.839386343673897,63
3,3,0,12.23592547246455,2.184290734970923,75
3,4,0,13.97610974057892,2.510928220393427,85
3,5,0,13.2566586877846,2.34182580902679,81
3,6,0,13.04506910322416,2.152208673468697,86
3,7,0,17.70590856593836,3.175207876257208,106
3,8,0,11.66491459005019,1.983609290287578,74
3,9,0,13.13002302588245,2.1517116598569,85
3,10,0,16.9028209236762,3.040707620470188,102
3,11,0,17.69733733811037,3.018000197439812,113
3,12,0,13.89634992726404,2.392166552087064,89
3,13,0,16.82344980792083,3.056508944664923,103
3,14,0,13.14539303218908,2.29963893255614,84
3,15,0,11.40138041488846,1.870641499670561,74
3,16,0,14.84860678528498,2.490565921090602,98
3,17,0,13.07879827012575,2.165914677996096,88
3,18,0,17.26302770446162,3.038332177023614,108
3,19,0,14.23476786025997,2.409678491524943,92
3,20,0,14.34237893017363,2.405204706285369,97
3,21,0,17.6184114371114,3.024640001847589,114
3,22,0,14.27866017355258,2.270078489286482,98
3,23,0,16.25155377964974,2.715621581263477,108
3,24,0,15.64994621927771,2.370936684530218,114
3,25,0,18.94058894270152,3.273532332380816,124
3,26,0,17.21691715196062,2.722765661593077,117
3,27,0,15.90318651660474,2.583027145080637,109
3,28,0,18.73580810565016,19.68879355031083,100
3,29,0,11.368414899612,1.663471358082827,82
4,0,0,9.480399277033895,1.737812164879236,57
4,1,0,10.19235201946268,1.967194530154374,57
4,2,0,14.3128064324966,2.681794425353331,82
4,3,0,14.66495071345359,2.656369616227993,86
4,4,0,15.58503736229689,2.785231249175304,97
4,5,0,15.12485735510973,2.56143511882873,96
4,6,0,13.9538597663598,2.543563913271088,85
4,7,0,17.57235680126893,3.147267309004446,107
4,8,0,15.94378177583776,2.676506596541986,101
4,9,0,18.03889852903037,3.460289335568789,106
4,10,0,15.65493889796858,2.704281427289339,100
4,11,0,15.07531267411286,2.657605385422381,93
4,12,0,17.46508546463336,2.802800849313613,115
4,13,0,17.62557814852954,2.690414117966953,121
4,14,0,17.78614743123713,2.935010655436901,116
4,15,0,18.93020910598013,3.299710155249813,117
4,16,0,16.24777341241515,2.705602305416721,107
4,17,0,17.08416642730888,2.878402927617944,112
4,18,0,14.07091772648211,2.319237021876841,98
4,19,0,15.07081068941637,2.488568669663179,99
4,20,0,13.38666694482074,2.257759008627954,87
4,21,0,14.45627244199487,2.368176196279792,95
4,22,0,16.94730544574457,2.796754963503255,110
4,23,0,17.61164446744516,2.844768943112027,120
4,24,0,18.38809105262104,3.065639598588189,124
4,25,0,13.46172382632294,2.233077306630975,90
4,26,0,18.62425313701327,3.051215518646989,127
4,27,0,17.19323107238239,3.04391455771275,116
4,28,0,15.78910603500804,2.521789225994694,107
4,29,0,12.67476401600988,2.084340398569494,87
5,0,0,8.642791527306416,1.509542068329251,53
5,1,0,12.16839054340845,2.142406662475481,77
5,2,0,15.62752367368098,2.880289173852921,92
5,3,0,13.34353273382412,2.424118594728636,81
5,4,0,14.18585412742041,2.615378685209901,88
5,5,0,15.2914796759506,2.730842192179788,93
5,6,0,16.49665828473206,3.095058569999643,99
5,7,0,13.7038086977653,2.294152469977438,89
5,8,0,17.02893984059466,2.982576058306852,104
5,9,0,14.99706617626921,2.452105156285018,99
5,10,0,16.28565534980417,2.9290785491066,99
5,11,0,18.36509848678527,3.276957033247294,111
5,12,0,17.05849211228907,3.002427044892611,105
5,13,0,16.86288734506309,2.98136750851214,105
5,14,0,16.21257145073343,2.878099567433738,101
5,15,0,13.95555125873529,2.217808863810476,92
5,16,0,17.78567809049025,3.04984790277591,112
5,17,0,16.96579206892951,2.972047893353567,107
5,18,0,16.99719281554239,2.827856539426102,112
5,19,0,16.59281613952347,2.763203580034301,109
5,20,0,17.06667682194644,2.949755862663376,111
5,21,0,17.51400266445209,2.771720707342607,118
5,22,0,15.73642051801686,2.50978939782554,108
5,23,0,15.37678840356131,2.619641742986742,101
5,24,0,15.37961689306549,2.397659836173911,107
5,25,0,15.43776960841649,2.461155967275661,106
5,26,0,13.90192760079905,2.10182010138831,99
5,27,0,16.54505292099205,2.698081185047064,112
5,28,0,15.04232374378414,2.379341704075812,104
5,29,0,12.52491564392622,2.064949511240588,83
6,0,0,11.57002134606349,2.092175856892518,68
6,1,0,10.65638320317011,1.93942601811641,62
6,2,0,13.22164172071041,2.322447886564601,82
6,3,0,14.73698873734321,2.588536160216553,93
6,4,0,17.02133685557326,2.998408043105595,105
6,5,0,15.00451987055684,2.628040093350752,92
6,6,0,16.49085429273814,2.830613005977879,103
6,7,0,15.47484856514287,2.612650594554018,99
6,8,0,18.15176216279603,3.093425149385471,115
6,9,0,17.02289308609598,3.165714601861838,101
6,10,0,16.73516051518489,2.944442848857882,106
6,11,0,15.64059311221323,2.694605523438701,100
6,12,0,18.49943157298986,3.207665752676129,114
6,13,0,18.22591086755723,3.198450020856412,115
6,14,0,16.56232951663699,2.765343492215252,108
6,15,0,17.17007746893538,3.046689463513451,106
6,16,0,16.86539516936606,2.758970750540287,112
6,17,0,13.97767903432872,2.361807481769987,93
6,18,0,18.3150243572953,3.071042484148301,118
6,19,0,19.21288634900142,3.210018799746194,126
6,20,0,16.47829628343916,2.628641871983666,114
6,21,0,17.19936333656253,2.960874221901799,114
6,22,0,17.51145905131588,2.946656014317792,114
6,23,0,16.23593566437314,3.000222740073575,104
6,24,0,15.86173915575094,2.635331315785726,107
6,25,0,18.18130722528754,3.043555913335681,120
6,26,0,20.88150006835104,3.439734798260167,140
6,27,0,13.58440878391877,2.214607020938109,92
6,28,0,15.29688089692255,2.53448554186163,104
6,29,0,12.74614440263977,1.968246092386648,89
7,0,0,7.290016205423901,1.372862918557912,44
7,1,0,9.510702886023394,1.675831265111917,60
7,2,0,17.08252601541127,3.088111335815751,105
7,3,0,13.6398354525323,2.420610222652899,81
7,4,0,15.31523970185547,2.837829621448898,94
7,5,0,15.10539547093549,2.63215353551666,95
7,6,0,17.89977954194304,3.101012162660353,110
7,7,0,19.61003027786478,3.465849598327746,119
7,8,0,13.65330211871122,2.254256571969171,89
7,9,0,15.90331108956989,3.079063516553414,95
7,10,0,17.01775822085932,2.906144792916684,107
7,11,0,15.56380496921482,2.650574286286635,103
7,12,0,37.53393338112489,297.0620644985343,132
7,13,0,19.22179323931094,3.478313201359229,116
7,14,0,18.81942979568521,3.220700538933539,119
7,15,0,16.64563144995669,2.713806441562026,111
7,16,0,16.37671800661409,2.748217050650895,107
7,17,0,17.03885931937227,2.812051953112084,111
7,18,0,17.4956273930272,2.891167212777774,115
7,19,0,18.70775280905023,2.99912906543777,126
7,20,0,18.42385283442976,3.21776084169068,117
7,21,0,13.23649260528667,2.121308573821795,93
7,22,0,16.90406696001698,2.787219564381647,115
7,23,0,14.74733194205472,2.421295430679207,99
7,24,0,14.93301028936031,2.311487295920034,105
7,25,0,19.39299087888751,3.523688320087228,121
7,26,0,15.47084844178039,2.486901018230012,106
7,27,0,16.82071160602039,2.771466254592662,112
7,28,0,15.08677683790658,2.473874797890954,102
7,29,0,11.37395275775103,1.735894689364761,81
8,0,0,8.502423664777616,1.572003831791261,50
8,1,0,8.651323937265568,1.57286920146112,50
8,2,0,12.43447466616288,2.363536296946133,74
8,3,0,14.4335009734678,2.507724488153174,89
8,4,0,14.42442329555255,2.590619592746026,88
8,5,0,18.1861818683389,3.113598398632269,113
8,6,0,13.17110447808818,2.236575448751686,84
8,7,0,20.4670429953041,3.76772789890162,126
8,8,0,17.89775173621849,3.43776238041474,109
8,9,0,18.80695882746861,3.078509665884917,122
8,10,0,17.88562413575529,3.117079954206762,112
8,11,0,17.75665357439302,3.15221934538909,111
8,12,0,16.69614461963322,2.924061864548365,103
8,13,0,16.10861026302715,2.666568502868414,107
8,14,0,19.18500848733241,3.326822073084861,122
8,15,0,18.71387330943148,3.432253407773402,114
8,16,0,15.18275292467548,2.616516238318346,96
8,17,0,18.8323332057027,3.119550114399867,124
8,18,0,17.49268941163476,3.14089324925341,110
8,19,0,16.99503500162662,2.620675146626756,116
8,20,0,18.47051540128843,3.167871745549013,121
8,21,0,15.6729072393429,2.649873594770714,102
8,22,0,15.65466534075173,2.633014973872236,106
8,23,0,15.61802257805674,2.410999373506288,108
8,24,0,16.43003385740191,2.773566988288554,110
8,25,0,16.90123208337769,2.776255924686892,114
8,26,0,15.98338483924094,2.516037549433735,108
8,27,0,16.31453588015765,2.682877998440552,109
8,28,0,15.96334912665438,2.557922188942721,108
8,29,0,10.10379397357524,1.518661671450006,73
9,0,0,9.156851036315956,1.614274492825227,58
9,1,0,10.65570730907689,1.77106747102628,68
9,2,0,12.55426882046189,2.23655215262872,77
9,3,0,16.03852888689729,3.064653540106863,91
9,4,0,15.76631508736187,2.809050084442266,93
9,5,0,15.29058876567955,2.625629824997334,97
9,6,0,16.79410882963919,2.955487871237621,105
9,7,0,18.75884454247311,3.357640340969986,117
9,8,0,20.04587963983431,3.669897639232387,119
9,9,0,17.12403338001416,3.032638671156308,107
9,10,0,14.57511303863066,2.376284914008743,95
9,11,0,19.15875169090106,3.336903331995774,119
9,12,0,16.22664660739179,2.788719917174088,101
9,13,0,17.61005019358026,2.873209300643673,115
9,14,0,18.64802348499665,3.114584386961049,123
9,15,0,13.14452229286961,2.257026745332564,84
9,16,0,16.2482382630565,2.580616696979498,110
9,17,0,26.86874086258868,172.5297867383937,92
9,18,0,20.11688687496805,3.65125899834215,124
9,19,0,15.87095215410999,2.386486588576277,112
9,20,0,16.33439650623985,2.694437499905174,108
9,21,0,14.93216979552016,2.535482976237556,99
9,22,0,18.58904375390763,3.12015959694692,120
9,23,0,19.12408525901544,3.026461838002596,130
9,24,0,15.38897480150283,2.661205278874831,103
9,25,0,15.48544971021708,2.422666068550476,106
9,26,0,18.46476421553355,3.127437450313141,121
9,27,0,15.04864314243155,2.375546702821637,103
9,28,0,18.09162660716272,2.99286950928545,120
9,29,0,14.05333713231326,2.339201419213664,93
10,0,0,10.6545599419795,1.839226613488625,67
10,1,0,11.92418618768449,2.32099343501074,68
10,2,0,15.70883754057396,3.136679028874452,89
10,3,0,14.645651456071,2.580206464507435,88
10,4,0,17.18801543968739,3.148980579703522,101
10,5,0,17.76799487968995,3.204584951953635,106
10,6,0,14.91842436955701,2.823884609604047,86
10,7,0,17.20024396774138,3.027801860867798,104
10,8,0,19.20458936932217,3.523477397143966,115
10,9,0,18.82430735430143,3.209299181075305,122
10,10,0,17.99274615878132,3.012383396655787,115
10,11,0,16.36183066429341,2.974255584302809,98
10,12,0,16.5160898966849,2.930859447258732,103
10,13,0,19.34862413657959,3.384553658170759,122
10,14,0,16.79684710511535,2.998591170064841,104
10,15,0,18.88294372340363,2.972823185563982,127
10,16,0,17.08393635311258,2.859877548459918,113
10,17,0,14.73685337372115,2.301190151158974,104
10,18,0,18.86160616683966,3.198370986900746,124
10,19,0,16.89394801219402,2.907581446289152,111
10,20,0,13.38042409884271,2.18993966752155,90
10,21,0,19.42334189022877,3.370299884419775,122
10,22,0,15.31531390491626,2.571734843961652,103
10,23,0,17.96245327440541,2.867867974070282,123
10,24,0,15.85648854747307,2.562682853014245,108
10,25,0,19.07552375157387,3.088294282579052,128
10,26,0,14.79609406107707,2.243965279172147,104
10,27,0,15.53721155048837,2.642488733358177,103
10,28,0,15.32209298751535,2.360048020325654,111
10,29,0,11.26462028621891,1.742601294542365,79
11,0,0,8.477294449250076,1.621205442156366,50
11,1,0,12.76775862635369,2.343735924834674,76
11,2,0,11.27871389786403,1.980796731673499,68
11,3,0,17.41188559218942,3.059973424176876,106
11,4,0,17.23345826422455,3.081259816276634,105
11,5,0,15.37387949316487,2.606880988738016,100
11,6,0,22.14531422566465,53.9774283855409,91
11,7,0,19.40962929475232,3.666569419387463,117
11,8,0,15.58477953977843,2.736735323430499,97
11,9,0,14.97215296663316,2.600977226548622,98
11,10,0,22.06155022988582,69.98940839531751,90
11,11,0,20.3561376244263,3.47523163536956,129
11,12,0,18.06395233646302,2.934738358420033,120
11,13,0,17.03657862147394,2.866635128225221,110
11,14,0,20.75438966918852,3.603916704399206,132
11,15,0,17.40929259617089,2.885525519763109,113
11,16,0,19.5874548167299,3.358444770560431,127
11,17,0,18.48554180799691,3.267731682997421,118
11,18,0,17.56177565266793,2.86507146834666,117
11,19,0,26.87072325381145,78.9853753390333,121
11,20,0,14.7686137325744,2.405882344281502,97
11,21,0,21.64451343629636,3.665577274788812,140
11,22,0,16.449004541062,2.616280015919395,111
11,23,0,20.83919996530499,19.89171510536807,111
11,24,0,17.85846507233878,2.86889315910526,122
11,25,0,16.70315321852191,2.6379416575147,114
11,26,0,17.95502803870234,2.617582556251204,129
11,27,0,15.35909328099089,2.32281648560655,112
11,28,0,16.18001119085763,2.552551492251952,112
11,29,0,12.79578292812986,2.097501397951143,87
12,0,0,9.939605850329643,1.906384924813494,57
12,1,0,12.6281876081712,2.180181003874577,77
12,2,0,13.58229213721915,2.641508145118428,78
12,3,0,14.70230376200561,2.670666292772895,90
12,4,0,13.9357051322395,2.289482707844628,91
12,5,0,17.0751522087873,2.880943656899589,110
12,6,0,17.45683926818895,3.238923069954177,104
12,7,0,18.35922632710139,3.14999336876459,118
12,8,0,15.82826209220083,2.526940399731707,103
12,9,0,15.56341755853443,2.744049916119405,96
12,10,0,18.35856039678606,3.177378802263788,118
12,11,0,16.98359933330567,2.843258404155854,111
12,12,0,14.91923928388884,2.624054990742125,93
12,13,0,15.42057495200603,2.467398916152353,106
12,14,0,19.86745926756604,3.411259137269148,127
12,15,0,17.80758232704991,3.006716832836418,117
12,16,0,15.42964968362421,2.585891396350242,101
12,17,0,15.70944355878706,2.552210263228157,107
12,18,0,16.19606441317844,2.809626079033489,102
12,19,0,19.78258329513658,8.856999652006293,114
12,20,0,34.81688614797372,264.475853491894,121
12,21,0,16.86544579601546,2.892406641349664,111
12,22,0,16.98648498357365,2.969743154687592,110
12,23,0,16.65746498612845,17.09262445686203,86
12,24,0,15.22727223742528,2.553405709855872,106
12,25,0,15.63719241640928,2.420853334585694,111
12,26,0,18.47935009424513,3.034596031848672,124
12,27,0,15.25197290111736,2.470657791474534,104
12,28,0,17.67768037342037,3.324314692956583,111
12,29,0,12.22579692585393,1.910545734070932,84
13,0,0,8.576465490077675,1.510575534348835,54
13,1,0,9.081693388893392,1.534982525524011,57
13,2,0,15.78977193562027,2.921112200020875,92
13,3,0,15.32195973644065,2.815359487127591,91
13,4,0,15.04949903001238,2.758451621319703,92
13,5,0,18.65708672086028,3.577658155630143,112
13,6,0,17.12460131502919,3.721819507810659,101
13,7,0,25.98536489329958,23.52023842989521,130
13,8,0,15.25001467993852,2.58037498298508,100
13,9,0,19.46200468276795,3.467020696701946,117
13,10,0,16.9666585637475,3.10319797083813,103
13,11,0,16.83862939553434,2.651433921822484,115
13,12,0,20.93589765697408,3.493046278489299,135
13,13,0,19.2838877180188,3.132795138643455,128
13,14,0,14.501318619868,2.610341322262042,92
13,15,0,15.94894268877548,2.656714591173734,106
13,16,0,19.40924548239619,3.45049433633775,121
13,17,0,18.21876774705048,3.147680509506007,114
13,18,0,18.04044445344524,2.817160000887607,124
13,19,0,15.9473373914611,2.524637142956706,109
13,20,0,17.49732415954204,2.994854649275854,113
13,21,0,16.1024470277616,2.654729185564735,105
13,22,0,18.85099333933182,3.509625271660785,119
13,23,0,15.45008375595699,3.517635394533864,98
13,24,0,16.21630226837061,2.517400729001827,113
13,25,0,16.12711927892502,2.682324324723129,107
13,26,0,15.98563478550788,2.756994108386694,108
13,27,0,17.65203150953369,2.730422412691766,122
13,28,0,14.72163823547115,2.509842936899935,98
13,29,0,11.86913346030166,1.994385027723746,83
14,0,0,8.342381420539883,1.457643231757022,52
14,1,0,11.19175437884426,2.12675574153221,66
14,2,0,12.09336147691517,2.188257917022919,72
14,3,0,15.06634151473169,2.779579551761818,90
14,4,0,17.68485209099338,3.201284491097809,106
14,5,0,15.99194875783985,2.830019999084712,98
14,6,0,18.11377994626711,3.181780452921063,113
14,7,0,16.36478328710697,2.845866687610106,101
14,8,0,15.36873724998981,2.819847027288261,91
14,9,0,19.58491655887576,3.453956763956488,121
14,10,0,18.21441229139371,3.321989279644853,113
14,11,0,13.71182909938175,2.241748987111356,91
14,12,0,19.17156791778666,3.298761453070918,122
14,13,0,19.53077249992827,3.285765749469922,127
14,14,0,17.45099559109491,3.150802263802292,106
14,15,0,18.43716033813983,3.135179971938553,119
14,16,0,18.01712438836113,2.983235604240226,117
14,17,0,17.30340159704538,2.938808140062878,113
14,18,0,14.37275749107992,2.448437213037859,94
14,19,0,18.22903142900693,6.064468531289148,106
14,20,0,22.18498592702854,30.94623946213737,114
14,21,0,20.44053009106522,3.409225937384863,132
14,22,0,15.07553554981508,2.391253226551918,103
14,23,0,16.042305505172,2.585805948924452,107
14,24,0,14.68692796020158,2.348473804821362,101
14,25,0,16.21438250215116,2.705289383127451,109
14,26,0,14.58768216435293,2.25940310087193,103
14,27,0,17.55795972813683,2.860177794896031,118
14,28,0,18.55932257782123,3.06332147806977,123
14,29,0,14.04220992336585,2.371715078721843,93
15,0,0,9.891373342806311,1.771242519752503,60
15,1,0,13.04671371583891,2.334431314859105,77
15,2,0,11.42273488617908,2.147404078686607,67
15,3,0,14.99084727064446,2.764070433174683,91
15,4,0,16.79349237100308,2.952954478068932,103
15,5,0,15.97366200297332,8.771747884365537,83
15,6,0,16.50128105184726,3.075182103875503,99
15,7,0,13.88550896493634,2.286986099063747,89
15,8,0,15.5919737551053,2.852356268779207,92
15,9,0,18.89907962302139,3.264392836623976,120
15,10,0,18.72049386067756,3.12847163402109,120
15,11,0,15.94261303092602,2.750837339848403,101
15,12,0,14.64363931939055,2.512249993603743,94
15,13,0,16.86163132495845,2.879438610065181,109
15,14,0,19.46322372068117,22.08107530279928,97
15,15,0,20.70750228449741,3.665745719471623,132
15,16,0,18.62992699085763,3.035161905868727,123
15,17,0,17.5477707801061,2.806122795472262,120
15,18,0,17.43716302877138,3.012755146855,111
15,19,0,16.72593950905032,2.831183167819011,110
15,20,0,19.53009706563375,3.200821423700966,132
15,21,0,18.42752758034317,3.261916618312859,118
15,22,0,15.06961832516939,2.625538167062081,99
15,23,0,17.78935305468244,2.825712610926428,122
15,24,0,15.25272036753781,2.481835122583925,105
15,25,0,14.46406072446278,2.198931645870296,103
15,26,0,17.16825312020413,2.961310175441236,111
15,27,0,15.94674183262271,2.741769922589252,105
15,28,0,14.0224627889861,2.319332511995628,94
15,29,0,10.66052497798782,1.568956440463761,79
16,0,0,10.39020674538411,1.948043427165736,60
16,1,0,8.857566826597409,1.480635213959952,57
16,2,0,11.59266706511533,2.240810313897172,66
16,3,0,16.02693584540141,2.908304092203632,95
16,4,0,15.11993210764754,2.635320443574889,93
16,5,0,18.52976460800005,3.41248966656284,113
16,6,0,16.94698581165278,3.031192954469808,104
16,7,0,18.97450539808434,3.606098673863945,112
16,8,0,14.52343895865633,2.506526334720275,92
16,9,0,17.14466873359409,3.295682299831399,102
16,10,0,17.25586482105708,2.941383255277826,110
16,11,0,18.08803168512028,3.097256324931759,115
16,12,0,15.11285612176712,2.560597405759869,100
16,13,0,16.7922104470251,2.820314492859787,108
16,14,0,19.31813112222585,3.409115170003573,122
16,15,0,18.02565234735151,3.043515525590345,116
16,16,0,15.67337969049971,2.639310783236919,102
16,17,0,18.74849141723697,3.056596053924691,125
16,18,0,17.13525624372087,2.953702201769584,115
16,19,0,17.72555048528259,2.837816659361418,119
16,20,0,17.20983680679224,2.73304215936514,118
16,21,0,17.30122876394589,2.771649937207908,120
16,22,0,18.72225098260564,3.129633034713385,122
16,23,0,14.85418099467484,2.35882732120789,101
16,24,0,11.96758037926257,1.951715083636545,82
16,25,0,23.09101897614208,53.45278976658063,109
16,26,0,15.54136219664064,2.365055501639206,113
16,27,0,19.84553109024618,3.217818813830171,136
16,28,0,17.22220619886562,2.804795658993725,118
16,29,0,11.3699648156029,1.892343186704625,74
17,0,0,9.773122778026178,1.958847269126677,56
17,1,0,11.29800483989193,2.075426246995837,67
17,2,0,13.21823764857712,2.522225061529343,77
17,3,0,14.51020264787942,2.559479277357114,88
17,4,0,16.31567022821582,2.848471310843041,101
17,5,0,14.959386240249,2.619903804958717,90
17,6,0,16.84960943389586,3.055005993098333,107
17,7,0,15.5623986143287,2.706998099171824,97
17,8,0,17.6963062866377,3.422919996887496,106
17,9,0,19.83372018874286,3.856831297475725,118
17,10,0,15.61145596368784,2.79863527405323,95
17,11,0,19.37853645597763,3.396557905477992,124
17,12,0,18.3947334077517,3.053344594413329,122
17,13,0,15.35337123493831,2.52176513348959,101
17,14,0,17.50238747292094,2.91312670019443,117
17,15,0,16.10090485456291,2.832618320752163,106
17,16,0,18.83969719401487,12.84968411378129,103
17,17,0,18.7413294076556,4.217519947678108,119
17,18,0,17.16538017522645,3.112956165498139,106
17,19,0,16.46297435470169,2.796664663559573,105
17,20,0,16.47556895329916,2.672794212358333,112
17,21,0,16.04917866562509,2.769627877088617,103
17,22,0,15.91697613135404,2.521166526208236,109
17,23,0,20.81772296852465,3.563555931071755,135
17,24,0,18.59666530945303,2.941928832165099,124
17,25,0,18.42915534985446,3.063577783760526,127
17,26,0,15.60793449085054,2.416107740532795,107
17,27,0,18.11924996872559,2.875299198641497,121
17,28,0,17.55212010375607,2.924254885601515,116
17,29,0,10.52956363686686,1.507605490046986,77
18,0,0,9.94039650322348,1.818648619270383,58
18,1,0,12.62707923058083,2.161249706024471,80
18,2,0,11.86230089226135,2.05332007637318,71
18,3,0,12.10986303234315,2.250149219945625,71
18,4,0,16.95892755613679,2.944879995638254,103
18,5,0,13.65304591271846,2.491689210743405,85
18,6,0,19.03544919334474,3.382887361794494,115
18,7,0,16.28011016584744,2.851912841868258,99
18,8,0,18.11760856259152,3.111471501000553,116
18,9,0,16.77175070083728,2.96827297185146,103
18,10,0,16.1504755701506,2.673789572648145,103
18,11,0,13.57982401347276,2.178483897669409,93
18,12,0,18.74906741836428,3.272428896305927,119
18,13,0,15.90337999655472,2.54450231353748,112
18,14,0,18.27603281090095,3.067976308147625,118
18,15,0,18.78458660243152,3.168426021169737,119
18,16,0,15.30806789625,2.546205661063226,101
18,17,0,18.95355952542238,3.142888987375036,123
18,18,0,15.78426269371049,2.625748011120385,106
18,19,0,13.38601757705545,2.08081921809397,93
18,20,0,14.18901547038617,2.383032422830046,93
18,21,0,17.14507955345218,2.83599701054256,114
18,22,0,16.8092802309218,2.968404515922786,105
18,23,0,17.36164098299559,2.832532758507677,115
18,24,0,17.15003175811184,2.733497898742075,117
18,25,0,15.30386969436529,2.518366253184354,102
18,26,0,16.16920595513113,2.667487739608374,109
18,27,0,14.43192829821784,2.337570081285811,97
18,28,0,16.38798031436495,2.555772614312054,112
18,29,0,12.98099456574409,2.250328123004266,86
19,0,0,10.18747950786232,1.863630762792752,61
19,1,0,13.36225979302927,2.431497869913097,80
19,2,0,13.3365417603824,2.330629415124393,84
19,3,0,14.56666437090281,2.619761179352417,87
19,4,0,13.64085189095642,2.464853213589612,82
19,5,0,19.84881057206707,3.547561348366594,120
19,6,0,16.794196499852,2.838020059383633,107
19,7,0,17.5570784137859,3.024652532433243,108
19,8,0,15.73983234660345,2.662258151625948,99
19,9,0,16.20860307053477,3.021220615788211,96
19,10,0,15.66854431328659,2.701770332046645,99
19,11,0,29.66633032242294,169.743033099096,104
19,12,0,16.69561422982356,2.913891147316934,105
19,13,0,16.36275102879938,2.732457932713065,107
19,14,0,14.88592082327695,2.581198174926154,94
19,15,0,17.01820885257306,2.868858186801369,111
19,16,0,14.45090645459186,2.334767644533182,96
19,17,0,15.38771152997469,2.75738787784892,97
19,18,0,15.49305752466509,2.436331662073585,104
19,19,0,19.14372513626111,3.244426794137802,123
19,20,0,19.28846645205209,3.345894490059159,123
19,21,0,17.06709974397156,2.828447347193706,113
19,22,0,16.36376772096901,2.688192862603433,111
19,23,0,15.86989659441794,2.562819055139469,107
19,24,0,18.85270559493785,3.383005993706981,120
19,25,0,16.06073668204125,2.559863141850703,111
19,26,0,16.37917268546486,2.620092167194084,112
19,27,0,16.99771809898736,2.747773305878354,117
19,28,0,15.52882339056463,2.416419637002018,107
19,29,0,11.85890138653948,1.808558342588972,85
20,0,0,8.160983898580245,1.412802960335945,50
20,1,0,13.46725032952921,2.417819167950479,81
20,2,0,12.06611556813139,2.230455115627981,73
20,3,0,14.50087512913879,2.581706141308842,88
20,4,0,15.33268179131757,2.78569518413768,91
20,5,0,18.11464623844667,3.12662631920826,114
20,6,0,16.72694712906486,2.954774611976561,104
20,7,0,20.14811983479362,3.573280956891779,124
20,8,0,17.31453045464658,2.886893830663144,109
20,9,0,19.117311628284,3.482622885485622,118
20,10,0,16.61814250696464,2.872345941526435,103
20,11,0,21.83470515387043,17.32202514992824,113
20,12,0,14.35933348033984,2.347473047153936,95
20,13,0,18.33218415645727,3.189904481266491,115
20,14,0,16.48295991454547,2.91047923365631,104
20,15,0,17.84574290275011,3.032021317496676,114
20,16,0,17.61866516966336,3.022878064006665,113
20,17,0,18.22776504758694,3.131988599352648,116
20,18,0,15.53843878515454,2.691148065227321,100
20,19,0,14.39698161271322,2.268060374284256,100
20,20,0,17.87861301004756,2.867083085978868,120
20,21,0,15.77227985059766,2.724722076742941,104
20,22,0,13.03999218223361,1.979969942759487,91
20,23,0,15.6423342280541,2.575859841553954,107
20,24,0,15.8919210621855,2.687346371789438,109
20,25,0,17.35506880204005,2.97823994271439,115
20,26,0,15.11753047082229,2.531507572362111,105
20,27,0,12.8552794033401,1.928920931670286,93
20,28,0,14.75720193805508,2.205908437880272,106
20,29,0,11.46569556880324,1.81018847072663,80
21,0,0,7.364782236262586,1.466148170026437,41
21,1,0,12.20045376580173,2.163709602003554,74
21,2,0,12.30084643717661,2.286246789640484,73
21,3,0,17.41835740234869,3.343897893900496,102
21,4,0,10.93610993256552,1.896431369748218,68
21,5,0,15.95100277970625,2.896677400254301,95
21,6,0,17.84439580574819,15.12081704125111,88
21,7,0,17.73456950126736,3.095557568717975,111
21,8,0,15.0650336399496,2.658521789660106,92
21,9,0,20.335049591581,3.522909208068618,126
21,10,0,17.1922360418187,2.845068078783195,109
21,11,0,17.71620038605094,3.045095294622958,114
21,12,0,16.71997151224018,2.805306886640029,109
21,13,0,17.68758239635284,2.869021666643174,116
21,14,0,18.44980346605313,3.22289852678667,115
21,15,0,16.25718809635712,2.81608526269184,103
21,16,0,15.97450457108793,2.765827413501741,103
21,17,0,16.06824987854376,2.704909606764599,103
21,18,0,17.63429264920714,2.90919612501532,115
21,19,0,19.15447202309607,3.130468740002339,127
21,20,0,17.65275206471649,3.199590065299269,109
21,21,0,18.68867527392228,3.268801433760191,119
21,22,0,19.63261082248364,3.290649096125831,128
21,23,0,20.05013815502245,3.169942012367324,138
21,24,0,19.10930702858481,3.122270194915258,133
21,25,0,17.08454275134658,2.911201449192014,114
21,26,0,15.24105082207861,2.441286913258456,104
21,27,0,16.49918055835819,2.608271285541897,117
21,28,0,16.81107952689448,2.644498095299137,115
21,29,0,12.69747334415136,1.942111535424765,90
22,0,0,7.939143688318091,1.330075544603985,51
22,1,0,12.31168560128959,2.134123122534759,76
22,2,0,11.85219326893461,2.135807998999865,71
22,3,0,15.53470447479543,2.949268000757125,91
22,4,0,13.8378442269722,2.616945324483771,80
22,5,0,14.63670808215753,2.468374257530214,93
22,6,0,22.43740016642468,4.149960805527239,134
22,7,0,18.83038193557036,3.467010416975593,114
22,8,0,18.47525969679996,3.332461993638856,116
22,9,0,14.28376197616856,2.35017102961316,95
22,10,0,14.50124516471017,2.376324944835261,94
22,11,0,17.48618343031745,3.220939023059461,106
22,12,0,15.36902649490955,2.596028204768897,102
22,13,0,20.81698476061622,3.529281239174639,133
22,14,0,19.0280731287515,3.17548562003232,122
22,15,0,15.76583930424714,2.589242255010086,101
22,16,0,15.50056492901004,2.596049562261774,100
22,17,0,17.88834875209987,3.006827250417129,117
22,18,0,15.20073651797546,2.698165393174396,97
22,19,0,18.40162249042161,3.209935463888171,119
22,20,0,17.57906486479473,2.976796429799588,114
22,21,0,14.98872807593699,2.636250110176322,96
22,22,0,16.38415861029581,2.5925417152706,116
22,23,0,14.62121135161859,2.36110380887906,101
22,24,0,16.14623984359307,2.559108718401086,111
22,25,0,15.62957094774362,2.459825069609806,107
22,26,0,15.22891359579371,2.551642638127072,101
22,27,0,17.70402262997531,2.745995882856693,123
22,28,0,16.08964150050233,2.496550379360464,111
22,29,0,11.20409956823451,1.775069788170117,77
23,0,0,9.947930416660252,1.697328270160653,65
23,1,0,10.22416169328493,1.919724900182289,59
23,2,0,12.50162669075787,2.273959811970523,73
23,3,0,16.17810677171928,2.83810953925712,99
23,4,0,14.94592948956091,2.750776710116582,90
23,5,0,15.81295829640736,2.769255877769406,99
23,6,0,17.83935533107297,3.049459824803332,113
23,7,0,18.24553951994196,3.082447281684608,118
23,8,0,15.4865951614395,2.658572977841798,98
23,9,0,14.84556677763748,2.632955145832169,90
23,10,0,16.61717191311636,2.984829272437491,104
23,11,0,19.15395933029189,3.437793561783207,118
23,12,0,17.11275063729199,3.050460243805329,107
23,13,0,18.6315695910612,3.190967075696423,117
23,14,0,16.7949279411193,10.58808390718836,95
23,15,0,18.48565301404258,3.249951256757747,117
23,16,0,16.0728370633262,2.797121093565721,101
23,17,0,17.17215637665479,3.077740803371254,106
23,18,0,16.89397175261913,2.783859565589933,110
23,19,0,15.73869173734101,2.886468577471286,99
23,20,0,16.47361129288185,2.859234657594958,106
23,21,0,15.79105610288051,2.695961257181912,103
23,22,0,18.03413903492421,3.202787243993197,119
23,23,0,19.51204358378999,3.311783711852744,127
23,24,0,18.36475215624016,2.94358298501825,123
23,25,0,16.84744485032907,2.727670326553142,112
23,26,0,13.27607929096619,2.025201120396146,93
23,27,0,16.25003856185107,2.703965609851925,109
23,28,0,15.99105678332655,2.553709502894489,108
23,29,0,11.80688765268154,1.784058124469009,83
24,0,0,7.388480994056506,1.449356950361701,45
24,1,0,9.127044097628554,1.762135387942909,53
24,2,0,13.65898375271788,2.364580137088116,84
24,3,0,14.99052486514548,2.730106647323349,90
24,4,0,15.05685524492561,2.836717193595852,90
24,5,0,14.66072745035694,2.485025917666083,94
24,6,0,17.71785716547705,3.17947480242124,106
24,7,0,17.75918903120647,3.18572022285423,109
24,8,0,17.7159766893743,3.077736216612211,112
24,9,0,14.51586667513557,2.478713441228488,92
24,10,0,16.50387608890193,3.054499871852813,100
24,11,0,18.54108407948782,3.105905555060654,116
24,12,0,14.59305593631352,2.693367381001166,89
24,13,0,16.41438222788621,2.875606625772632,103
24,14,0,16.31404438088216,2.738793897797708,105
24,15,0,18.50633605831381,3.150653007911523,117
24,16,0,15.10676658230773,2.412247093888855,101
24,17,0,17.86755527787247,2.934968939340153,115
24,18,0,14.46773658305093,2.202468652390572,102
24,19,0,16.46432170182908,2.921488918189431,105
24,20,0,18.6659783497268,3.413140867704824,115
24,21,0,16.89714712428961,2.704623280708657,113
24,22,0,18.26108515884821,2.818339134748594,130
24,23,0,20.74602866331109,3.559012860407194,133
24,24,0,18.4185669638414,2.911959493594962,129
24,25,0,14.04178482007703,2.310094470104231,94
24,26,0,16.9250318265598,2.737054514531562,112
24,27,0,15.74113957388716,2.472402388624262,107
24,28,0,18.28671268117725,3.262598450451007,118
24,29,0,12.4706843221357,2.274530571909685,84
25,0,0,8.54554433768884,1.653486314688074,49
25,1,0,11.55347242996223,1.992382732823352,73
25,2,0,11.28350541764667,2.000018093532422,69
25,3,0,14.44937056258046,2.591463086736752,88
25,4,0,11.61132630299684,2.164345129290212,68
25,5,0,15.20928335443543,2.85493513156199,90
25,6,0,16.28137063409524,2.74782161696509,103
25,7,0,18.34008176562112,3.265177779318406,111
25,8,0,15.99998527008693,2.759222012806984,100
25,9,0,20.13536794332158,3.594823888698238,122
25,10,0,16.67571828240805,3.055900179499504,99
25,11,0,16.42625179087356,2.850058110366108,103
25,12,0,19.23853748005611,3.186167705654464,123
25,13,0,16.06163127240725,2.685177723973189,104
25,14,0,14.91860977722371,2.570927406428203,94
25,15,0,14.26344018404486,2.517372591623281,92
25,16,0,16.78233836052151,2.970851215885681,106
25,17,0,16.70828569279256,2.844148637182581,111
25,18,0,16.6803082948333,2.80463809938849,107
25,19,0,16.46488019750709,2.858081536509127,105
25,20,0,14.1789251724722,2.124437453716536,101
25,21,0,17.25550654765584,2.837212616934104,113
25,22,0,16.92983207156995,3.037320978928913,108
25,23,0,15.14887542752288,2.541487812984728,99
25,24,0,19.41925881049698,3.104746150665627,133
25,25,0,19.99414433816483,3.353572531589192,132
25,26,0,19.00252755238691,2.834980270328171,136
25,27,0,16.49968217116149,2.847465910685481,108
25,28,0,19.08799133472474,3.195369989225774,128
25,29,0,11.39688289727379,1.915155017944866,77
26,0,0,8.379525024376136,1.486733825079104,51
26,1,0,7.782518301480414,1.32973798770017,48
26,2,0,7.99046890354569,1.389858490722324,50
26,3,0,12.51523993511826,2.198964839007795,76
26,4,0,15.22746356923021,2.927566553013385,87
26,5,0,11.72208309241949,1.954746949494059,74
26,6,0,14.25491597781396,2.886396806456381,77
26,7,0,15.67377000534331,2.655560537460921,99
26,8,0,15.53169123179999,2.637252915770538,99
26,9,0,15.31745386841471,2.632624597941029,96
26,10,0,17.26238877909744,3.01494750035164,109
26,11,0,16.20117289879598,2.716776874823899,105
26,12,0,14.79446334037217,2.587386296158018,93
26,13,0,15.36861223218594,2.70601885963878,95
26,14,0,15.90500244875623,2.654341656856319,102
26,15,0,15.63446751073908,2.565861579985941,102
26,16,0,15.40104810569653,2.470412812417031,104
26,17,0,20.16826892150577,3.596678731405237,128
26,18,0,13.91580887206096,2.230878146762294,94
26,19,0,12.36967329448713,2.065151756460771,83
26,20,0,17.12649118296943,2.907615828873367,112
26,21,0,19.81039846035674,3.469212212214652,124
26,22,0,14.95615086493434,2.396013929825572,100
26,23,0,16.94032700103129,2.703130364551445,115
26,24,0,18.96930433638945,3.363365548439317,118
26,25,0,17.51927242489329,2.960431080326239,115
26,26,0,13.98862356019105,2.356613926813382,92
26,27,0,16.01538411259924,2.548471963223568,109
26,28,0,16.02985749577555,2.694478240005539,105
26,29,0,13.58501621623813,2.138899806530815,94
27,0,0,9.047838138484133,1.548230185198555,57
27,1,0,10.22129984760374,1.816140626960299,65
27,2,0,12.09163519590553,2.244291321101465,71
27,3,0,11.29122045013944,2.163023588447725,66
27,4,0,13.39451553569056,2.301975466962771,86
27,5,0,14.05144955244658,2.64118132190542,84
27,6,0,13.33980002856785,2.319478500739541,85
27,7,0,11.36500098410722,2.144778573027537,66
27,8,0,14.00506077441094,2.575436604962421,84
27,9,0,14.69237710464495,2.521148081146261,93
27,10,0,15.21165629210857,2.684253055472918,95
27,11,0,16.45842982778192,2.942259139149915,102
27,12,0,12.87771658168982,2.497750967724568,75
27,13,0,15.62252063030991,2.889150582827221,95
27,14,0,13.51532052744069,2.339941233680034,86
27,15,0,13.88003917508623,2.293041717418545,93
27,16,0,13.60033172211675,2.124194909704666,93
27,17,0,14.95928694165933,2.83605777651885,92
27,18,0,12.93162974605246,2.110547773697598,88
27,19,0,14.61783428673959,2.389251964711548,98
27,20,0,15.31759658524002,2.542937250054317,100
27,21,0,15.23270282859143,2.446909463769193,103
27,22,0,16.74822624557282,3.226309770988268,101
27,23,0,16.80392556478249,2.670617940891871,114
27,24,0,14.24285562242585,2.388733971269606,93
27,25,0,16.0585772149447,2.636299926763951,107
27,26,0,17.97692372406759,3.011777924616096,122
27,27,0,15.88047352912451,2.513120355521821,110
27,28,0,14.33345830277907,2.199328710758222,101
27,29,0,13.38188115568113,2.345492086276656,87
28,0,0,6.521593616958487,1.185705670926618,38
28,1,0,7.507970994769957,1.307983851397825,45
28,2,0,6.472325613158829,1.161624960802769,39
28,3,0,9.314397434819192,1.573820803092953,58
28,4,0,9.620029414558271,1.827848449842657,58
28,5,0,12.12943785891083,2.162069963284789,74
28,6,0,10.94405525125147,1.903406399267753,67
28,7,0,16.1692715880256,6.38157321724715,83
28,8,0,10.22356781830666,1.759991797797019,63
28,9,0,12.26439551885439,2.055774806568279,78
28,10,0,15.40669703053542,2.675376054894659,95
28,11,0,13.52855762439468,2.493727347200679,81
28,12,0,11.6651693644152,2.034657349813507,72
28,13,0,13.04595228339016,2.095344199669503,90
28,14,0,13.35324000527518,2.369675739150196,83
28,15,0,12.07821984941639,2.053652472992975,79
28,16,0,13.98891378071168,2.235922451172903,96
28,17,0,14.00593676415042,2.312307495186732,92
28,18,0,11.9862344944798,1.906390143134423,80
28,19,0,10.66975974467466,1.672567185081376,73
28,20,0,13.28905385437568,2.273579973378544,85
28,21,0,14.19985984981861,2.23530035160537,97
28,22,0,13.01208781239165,2.138382689054827,85
28,23,0,10.49646132929246,1.766478428650917,70
28,24,0,11.65493362541906,1.933026283295941,78
28,25,0,14.16292013321668,2.325305164240376,96
28,26,0,14.62530799731329,2.337378591004387,98
28,27,0,10.28894823185368,1.668772550219637,73
28,28,0,12.13277206750341,2.010608907147482,81
28,29,0,9.31263983553559,1.340046098292359,68
29,0,0,6.056132173750066,1.080379919394203,36
29,1,0,6.371092375590003,1.10235882200183,40
29,2,0,5.659875637822156,1.034645383393327,35
29,3,0,7.938225301560329,1.385863967937974,49
29,4,0,9.825531927288718,1.862569534509694,57
29,5,0,7.365697599007948,1.307477143921225,46
29,6,0,8.70871806148064,1.579437164197797,52
29,7,0,9.924090941201518,1.744564893053448,62
29,8,0,10.86138119428583,1.974450488831515,66
29,9,0,9.393537664104599,1.761543303988587,55
29,10,0,11.70763686685904,2.137693012010442,71
29,11,0,6.24974449334316,1.091126985313811,41
29,12,0,10.84050077936349,1.823738363341926,68
29,13,0,11.31962368125564,1.960564007920657,71
29,14,0,11.07920982276847,1.839276429509612,71
29,15,0,8.80860942245144,1.445109132149218,59
29,16,0,9.542310898114335,1.59672266108414,64
29,17,0,8.369595425660835,1.553499923949876,52
29,18,0,10.59952133945046,1.796215338959372,69
29,19,0,9.254656029279412,1.410726968510194,64
29,20,0,9.732726424485461,1.442020358056238,70
29,21,0,11.58852236666369,2.135942195342558,71
29,22,0,12.12288426773281,2.008557127117933,79
29,23,0,8.388340339711812,1.561032481742436,51
29,24,0,14.40737690011954,13.95275940683804,76
29,25,0,10.22445718015636,1.641894160704557,71
29,26,0,16.19174769085392,41.39520960337997,68
29,27,0,11.66815526012535,1.899652770587379,79
29,28,0,7.559962276221349,1.190558695655178,52
29,29,0,9.199542761505622,1.467590770035762,61
