# mesh name: boxMesh_1
# primitive scorer name: doseScorer
# iX, iY, iZ, total(value) [MeV], total(val^2), entry
0,0,0,1.484527502998032,1.138390438071217,2
0,1,0,1.275905468834526,0.570356188017013,4
0,2,0,1.754893129084715,0.9651230644987465,4
0,3,0,2.271637602592198,0.9214306532176775,6
0,4,0,2.012053174754691,1.361115863920795,5
0,5,0,2.379346554881374,1.022101754286374,7
0,6,0,3.719743949749971,1.885388718395634,9
0,7,0,4.957996165294555,1.442498237604893,18
0,8,0,11.76780959088202,6.654008252227312,29
0,9,0,7.057838806162037,2.789421193306243,26
0,10,0,7.148447557223097,3.321232274183808,23
0,11,0,7.320487175075006,2.970008085512862,25
0,12,0,6.962881165741563,2.533046394952539,26
0,13,0,6.544276672292521,1.875557044001705,27
0,14,0,9.532692336878362,2.867072541241174,40
0,15,0,5.973095034470169,1.574162956136042,26
0,16,0,9.038174159689449,2.437753715624219,40
0,17,0,12.5546499149261,5.029159972742194,47
0,18,0,10.23282294523314,2.988195534297325,45
0,19,0,11.25983356390575,3.146928144507267,54
0,20,0,14.00320540654836,5.254093197917272,58
0,21,0,8.283981112489853,1.70707950186822,46
0,22,0,11.31517399247246,6.784693373018108,53
0,23,0,9.652830228086268,2.130916404019354,53
0,24,0,8.542189124292644,1.424967007847901,56
0,25,0,12.60240814485756,2.53941296493485,72
0,26,0,8.35420713787417,1.389867488907103,57
0,27,0,12.26990734274649,2.229226513340695,75
0,28,0,10.04012863750429,1.919123153729372,70
0,29,0,9.394501866053913,1.486552001603697,65
1,0,0,2.953121411089372,2.439934996969064,5
1,1,0,0.2254945140591022,0.05084777587075065,1
1,2,0,2.5129043305411,3.544002176333281,3
1,3,0,1.262450260739861,0.6430436393984673,4
1,4,0,7.334110746164688,7.106720045465726,15
1,5,0,8.433913913592825,7.391951238364614,16
1,6,0,4.034366984714338,1.359413059188071,13
1,7,0,4.63104841992525,1.604350437572212,16
1,8,0,2.832746212570107,0.9229135320174575,11
1,9,0,10.10665124588897,4.7096594532822,29
1,10,0,10.25944058068872,6.848418981867335,25
1,11,0,10.01941996720237,6.957784392692383,27
1,12,0,9.648626366996973,3.116657927205418,35
1,13,0,8.796912420837911,2.219953511230985,37
1,14,0,15.04230859350385,7.251426732457362,52
1,15,0,16.49628648002511,9.356963011186718,60
1,16,0,12.56637957718172,3.889599965062549,57
1,17,0,8.910636787566114,2.776152785528757,38
1,18,0,14.13430211395438,3.772669639282978,67
1,19,0,9.978708936162805,2.469653831809498,50
1,20,0,13.93231085121627,10.13151128059018,55
1,21,0,13.48114017443359,3.274822719109715,75
1,22,0,13.29277264876762,2.640012597651789,76
1,23,0,19.02415395893961,15.2457382791171,82
1,24,0,14.02130583722241,2.870912367985061,80
1,25,0,8.520282225972581,1.315056490232005,59
1,26,0,13.49934914944317,2.236143884616677,89
1,27,0,12.29073315156653,2.609953920530042,75
1,28,0,15.50550261531976,3.679826182099986,92
1,29,0,10.54981743048762,1.667554392029807,74
2,0,0,1.9488230373957,0.6984367285610042,6
2,1,0,2.152252386873031,1.139453195617968,5
2,2,0,2.834303420782046,0.993160436143428,10
2,3,0,2.369393903578321,0.912539029387081,8
2,4,0,3.918060867351294,1.762481830023001,10
2,5,0,5.195893774209982,2.302091496330535,16
2,6,0,7.023773354121131,4.606541758904704,14
2,7,0,3.859698305977509,1.33046948373194,14
2,8,0,5.159127773903291,1.731126977570758,17
2,9,0,7.970122356152724,3.341664037342715,28
2,10,0,8.108570675952365,2.347340659056218,32
2,11,0,7.057757588615539,1.898326548532255,30
2,12,0,9.898782086968634,3.021120753299372,39
2,13,0,10.31439562971676,2.853402657542957,43
2,14,0,9.564848093705489,2.688662418113547,42
2,15,0,13.98684158363899,4.050605950401577,57
2,16,0,12.5605109452989,5.107754006796542,47
2,17,0,12.61510974716649,4.173643464950521,58
2,18,0,13.20499590729048,3.617396440975857,65
2,19,0,13.84489909519151,3.144064355145713,72
2,20,0,16.55141127607414,3.540329199206189,90
2,21,0,14.41467208768613,3.155303978957301,82
2,22,0,13.8618164085619,2.769918404839935,80
2,23,0,15.80484132624612,3.773470345573383,84
2,24,0,12.97570115887801,2.348189522711413,83
2,25,0,13.84547632167924,2.427780628752407,88
2,26,0,14.42334601393997,2.468240248987956,95
2,27,0,19.00828958833791,3.160042525959062,125
2,28,0,15.2948323078554,2.481088959021835,103
2,29,0,9.898199409911014,1.790494785009621,63
3,0,0,2.375596859534042,1.215279993036148,6
3,1,0,1.625043505184829,0.8068517062977196,4
3,2,0,3.029492621566147,1.723642027620273,7
3,3,0,3.715902461808215,3.285511090365946,9
3,4,0,3.702226388497821,1.465886014172843,12
3,5,0,7.35157444343514,4.872648509082866,17
3,6,0,6.724790066513147,9.112602203603611,15
3,7,0,4.391750814143119,1.634015298853519,13
3,8,0,4.211134296073409,2.146672125222443,13
3,9,0,7.791295733699618,2.858405726855094,29
3,10,0,8.68977981843515,3.143617479866613,30
3,11,0,8.210165260530074,3.712117693346835,26
3,12,0,11.17354482096792,10.40809577541171,33
3,13,0,11.6998634309984,3.841232854468951,44
3,14,0,13.53593041708319,7.416098655771073,46
3,15,0,12.8622737645398,3.208881640698379,58
3,16,0,13.90975295952037,3.523878450409926,63
3,17,0,13.70332095752978,3.551125263835583,64
3,18,0,16.27038008332946,3.87404530483617,76
3,19,0,17.62650322144413,6.259565242483323,84
3,20,0,16.38871117592578,4.360732484724429,80
3,21,0,12.50089231481124,2.920079690412055,68
3,22,0,15.06179066826509,3.857895245820258,81
3,23,0,16.91620009902888,3.434206100776778,98
3,24,0,16.03614636842553,3.26636773105682,105
3,25,0,16.91987888215009,3.359791018456169,108
3,26,0,14.10885425845605,2.940824843494224,87
3,27,0,14.2754853822719,2.346767744048539,95
3,28,0,17.04205137353147,3.527900644075492,109
3,29,0,15.43421887911262,2.365889581192409,107
4,0,0,3.932747017364284,3.547264302333193,7
4,1,0,0.7934928816110928,0.3310488133016557,3
4,2,0,3.203968801163692,1.609499621200923,11
4,3,0,2.405068160348151,0.8352624079580133,8
4,4,0,3.887194881223391,1.360056509296875,12
4,5,0,4.262021666598539,1.512298509853572,16
4,6,0,6.520967482851703,13.55104689077197,12
4,7,0,9.503374646510045,7.833536949576306,20
4,8,0,5.398234952550949,1.453171880029994,25
4,9,0,8.47289664279279,3.550485698157467,28
4,10,0,6.789819382071766,1.87941490207781,29
4,11,0,10.91199060607644,3.812834244515873,38
4,12,0,10.42177439048673,3.03155410474228,43
4,13,0,11.04367153561621,3.140287816993546,45
4,14,0,15.83555060430904,10.28532058820278,51
4,15,0,16.80913912477463,11.08475877380708,61
4,16,0,16.4215746912195,4.047966642838935,75
4,17,0,16.53416068521171,4.987621634713032,73
4,18,0,15.27754564201704,4.312367275537667,75
4,19,0,13.20355609895591,3.218643089975174,64
4,20,0,14.55577458095978,3.412815675071146,75
4,21,0,17.65178005393709,5.1445497549189,91
4,22,0,16.2168429022372,3.079589526667756,93
4,23,0,15.31608003694488,3.470577599976442,90
4,24,0,16.7404690982071,3.352335627801944,98
4,25,0,15.59044540064157,3.05283408059372,97
4,26,0,14.62058532549561,2.340721054814781,99
4,27,0,16.91503324689461,2.77586718651792,114
4,28,0,16.1868212396904,2.792488526296608,108
4,29,0,19.02072832639776,10.69441365108069,104
5,0,0,1.634858863625304,0.699470046988499,5
5,1,0,1.778155232420265,1.16892049650436,4
5,2,0,2.511049553508767,1.218024236695186,7
5,3,0,3.210712763159325,1.587172721150271,9
5,4,0,4.287383069108825,2.056640446425978,12
5,5,0,6.662340996963684,4.074093996832932,16
5,6,0,6.41404708389214,2.176909806637547,21
5,7,0,7.08779607024529,6.293080582480472,14
5,8,0,6.985097244750345,2.794578801488242,23
5,9,0,9.656371270601094,4.409255693186559,30
5,10,0,9.251235788062445,2.740326879267866,40
5,11,0,7.945266359032036,2.677699977390946,29
5,12,0,12.85342152696199,5.267814633690939,43
5,13,0,14.81167843256325,4.642111139914001,56
5,14,0,18.28935652820075,6.778521008133228,65
5,15,0,18.14045041740626,9.039942170893907,70
5,16,0,17.42900272355777,4.736740087462328,79
5,17,0,20.27452903898447,6.200611820643632,91
5,18,0,17.50414105759747,4.75108400050243,80
5,19,0,18.71027842506246,4.393822841228851,95
5,20,0,16.87465652611429,3.713123061286636,87
5,21,0,27.76506586138904,47.83839896991203,103
5,22,0,21.2611443960778,7.530077622031611,106
5,23,0,14.77088696574383,2.853741258645029,94
5,24,0,17.45356404194895,3.490178721024813,102
5,25,0,16.52950634861153,6.587981780861329,91
5,26,0,16.92676300129866,3.032125028028213,108
5,27,0,17.53949701937027,9.094030532225185,101
5,28,0,15.11382741546697,2.923050915873365,94
5,29,0,14.65942635462686,3.759134888851534,97
6,0,0,3.270756791648725,1.757045275175365,8
6,1,0,2.122302064638072,0.7611719365726635,7
6,2,0,1.74898794425037,0.9468811635950849,7
6,3,0,9.243233041732454,7.816244253124417,22
6,4,0,3.976321570075039,1.439933364666567,13
6,5,0,5.693339840302969,1.923531961757087,18
6,6,0,5.749430372704484,2.286279566370641,17
6,7,0,8.482320861455275,5.501668006383372,21
6,8,0,10.3723220702127,5.297918317167134,29
6,9,0,7.434661280146268,2.685027791319422,24
6,10,0,15.45483176296722,15.04865687061488,44
6,11,0,9.493066856693792,3.518907310310124,31
6,12,0,15.08158199112715,7.806942188759197,56
6,13,0,14.82631253058645,5.149018179153505,56
6,14,0,15.82477452147005,5.628814076766321,58
6,15,0,18.36817713656601,7.083892223890192,70
6,16,0,18.75666642597632,10.96610868031459,66
6,17,0,17.24960945383393,4.325361755801371,86
6,18,0,18.51433845946707,5.067268581125576,84
6,19,0,18.47202106245051,4.187156016965978,92
6,20,0,16.7382080390395,4.351046200911951,84
6,21,0,13.86812486866512,2.993848911031075,74
6,22,0,18.93512508142582,4.51177201711565,99
6,23,0,14.93947454199386,2.719542816787142,93
6,24,0,27.37497358497442,45.0371570168117,125
6,25,0,18.37341534527605,3.877560658957524,115
6,26,0,15.87140663224533,3.990413916846552,88
6,27,0,15.60502687710613,2.65402832430608,103
6,28,0,17.94953411914535,3.490899942920687,111
6,29,0,14.99907701715092,2.435568541670582,104
7,0,0,2.339722330399259,1.330666777223765,5
7,1,0,4.511347559370077,2.655702066653216,11
7,2,0,2.200214855537892,0.8895563625469276,6
7,3,0,3.837554610411527,1.373734102716138,12
7,4,0,4.723412605639653,6.105821166908408,11
7,5,0,7.171059096925934,2.8703786787264,22
7,6,0,6.214665612568114,2.911456118687666,17
7,7,0,7.305221233673464,2.665884000121892,26
7,8,0,7.154105959689334,2.183605843463281,26
7,9,0,7.295132227370262,2.35602188477173,25
7,10,0,12.80739025610315,10.12605862644772,34
7,11,0,12.36177675381618,4.916031434718063,42
7,12,0,16.52060799837173,14.77685028025789,53
7,13,0,9.474896610627534,2.38017316386515,44
7,14,0,19.1738001661242,8.552632381152453,66
7,15,0,15.88282628543798,7.316271007525256,64
7,16,0,15.04094987811101,3.754561229191564,72
7,17,0,14.02110112960156,3.386797052866721,66
7,18,0,21.93121687132433,7.192863233051745,99
7,19,0,19.99988640530547,6.786441282325286,86
7,20,0,18.3543659916861,7.489059846165969,84
7,21,0,18.31944005089932,3.547508377402341,105
7,22,0,19.44138830036192,4.167907792414077,109
7,23,0,18.19365010330294,4.226594501338397,102
7,24,0,18.74781191193374,4.155509678859341,107
7,25,0,20.3791974081386,5.0330477181922,113
7,26,0,16.06189471851959,2.761139004758808,103
7,27,0,16.80862172002134,2.967027332484082,112
7,28,0,16.81733825928476,2.801318581310277,113
7,29,0,13.09189151726403,2.044396099583106,92
8,0,0,1.82470702964708,0.6800705900909272,6
8,1,0,3.000310044605678,2.05177490552196,8
8,2,0,4.118644302078892,1.786783439289724,11
8,3,0,7.05887503728196,10.67995245205934,12
8,4,0,2.445971025438575,0.8251515850880166,8
8,5,0,7.108391338621487,4.503366614606068,16
8,6,0,4.763671013029481,1.999660120599818,15
8,7,0,8.113206636043833,5.644048449786508,21
8,8,0,7.883390935262939,4.655512486479423,23
8,9,0,12.68796286709767,6.541196587172158,40
8,10,0,11.12361398483059,3.887652619952035,38
8,11,0,12.85860835603015,4.235900393417267,47
8,12,0,17.4777821869299,6.900968023283594,60
8,13,0,12.23114656988437,3.512611245885827,50
8,14,0,16.35956858770013,6.34673511023625,62
8,15,0,13.64329622075849,4.40469424597347,58
8,16,0,15.59269596331598,4.047505282977149,75
8,17,0,16.76475459656086,4.155063748274652,81
8,18,0,16.26560157620053,3.793606810147956,82
8,19,0,15.19647830765054,3.130635077176528,83
8,20,0,17.82464569006335,3.41839777034073,101
8,21,0,17.64254703687645,3.391024715913456,100
8,22,0,18.15050465119986,6.156291783398957,84
8,23,0,24.76789998522707,6.051359285046994,135
8,24,0,18.13420039855995,3.666463831794831,105
8,25,0,20.04684960704634,4.506235841398118,116
8,26,0,19.13674552724617,5.123211128547456,116
8,27,0,22.27522691916179,4.319968906533101,141
8,28,0,18.85070482369867,3.058019915379035,129
8,29,0,15.62265878219641,3.268677942856002,97
9,0,0,1.788814334647988,0.9324196130082325,5
9,1,0,3.754002639273415,3.388926624890503,6
9,2,0,2.170555602215255,1.504362463323621,5
9,3,0,3.354765219456804,1.824487452403697,8
9,4,0,4.865974529983474,3.029488769209375,14
9,5,0,9.797553679349633,11.8435270978858,21
9,6,0,5.379036087195375,2.044622222935566,18
9,7,0,9.487254201327197,4.395366368353526,29
9,8,0,7.84925124308209,2.905710029744044,27
9,9,0,16.3153174731332,43.91924040517254,30
9,10,0,10.68408866262599,5.511051515168723,33
9,11,0,15.63534838833859,9.030199263478313,46
9,12,0,17.30949931739591,7.916943718835666,58
9,13,0,14.49821015500145,4.625383507663298,58
9,14,0,19.08091424349317,6.57878527624694,71
9,15,0,25.0082011536354,19.12804018492767,84
9,16,0,15.47382411326364,4.139717331151126,65
9,17,0,19.58381143152833,5.686825760126527,88
9,18,0,23.70811209520552,7.428995202717809,102
9,19,0,17.61667388639442,4.614361076655977,86
9,20,0,19.34005269213467,5.866686231395664,95
9,21,0,17.91820583295259,3.459172162712736,102
9,22,0,20.07546124893099,7.486113606435174,108
9,23,0,17.12330775085486,3.780895417660329,94
9,24,0,16.3022227160052,2.996520427275009,102
9,25,0,20.3738157481506,3.784720829470838,122
9,26,0,18.5830128525246,3.618847825211661,111
9,27,0,16.05050026606081,2.931418391373144,106
9,28,0,15.76391362671689,2.679787379121347,104
9,29,0,15.28509637212122,2.308874478829293,112
10,0,0,2.888422733352,2.174859971763728,6
10,1,0,0.7767921445036704,0.3634504181276755,3
10,2,0,5.753922823134572,5.223920389615254,12
10,3,0,7.571618722148375,6.858579510474804,16
10,4,0,6.833750588403141,3.253109188006704,17
10,5,0,8.043719854810709,5.190788362756852,21
10,6,0,5.832802872226474,2.284803453727382,19
10,7,0,9.017337360056368,4.294447273673701,25
10,8,0,10.90524677077711,5.013750146801263,34
10,9,0,13.41972018451866,8.333528776221032,34
10,10,0,10.77517747651063,3.262823145555381,42
10,11,0,16.43259982113099,8.606592305855237,56
10,12,0,14.56266476620462,6.148466872542741,50
10,13,0,18.86934206130802,18.29388199219634,54
10,14,0,12.87045213472112,4.085988364686402,50
10,15,0,23.07767973088566,16.46288585149906,87
10,16,0,17.80218072342683,5.177411075737004,78
10,17,0,18.49462863170056,5.45483693041739,84
10,18,0,24.78672739388981,10.76906851334081,103
10,19,0,20.41913426638337,6.366394130944797,98
10,20,0,20.58602359691227,5.281230775376595,109
10,21,0,21.65441759468233,5.189044138734391,116
10,22,0,22.30061602034456,5.105982702622931,121
10,23,0,18.61733215025929,3.774516482321502,110
10,24,0,25.65555458726585,17.7781515228548,122
10,25,0,15.69082232132174,2.955473003967936,94
10,26,0,17.48251359784367,4.05906471332038,106
10,27,0,15.84932022409359,2.656202563969633,109
10,28,0,17.71248909020247,3.146036867731864,118
10,29,0,15.73119859398719,2.467390796231828,111
11,0,0,6.356532226096766,5.504809224075838,10
11,1,0,2.825436549326432,1.31947864104673,9
11,2,0,2.634903191227703,0.9290684301397166,10
11,3,0,4.786560387294613,4.736958546208432,11
11,4,0,3.61742753737858,1.190722845398911,12
11,5,0,6.395300496452117,2.818313565625507,20
11,6,0,9.181229937774134,11.49877270486868,22
11,7,0,7.774627406946978,3.002239325197052,26
11,8,0,9.014246044211419,3.684194931242151,29
11,9,0,9.2393386506282,4.628284048659076,28
11,10,0,13.35635127838911,10.0954627384513,34
11,11,0,12.98049003517738,5.798824072054999,39
11,12,0,14.56074550084797,4.985870385913628,53
11,13,0,15.32490044342359,4.368818568802343,69
11,14,0,16.52368411604554,4.126424948295162,74
11,15,0,20.21176237031691,9.029061610812235,70
11,16,0,17.69152791289565,6.03799011926773,71
11,17,0,19.35514160752697,6.079188517743877,82
11,18,0,16.76926783472714,3.875604044819204,83
11,19,0,17.39593288048463,4.50227887853109,91
11,20,0,16.16394837479285,3.5851178587651,82
11,21,0,24.56637112691064,18.08006593736758,101
11,22,0,19.30058647452808,6.2181214579996,101
11,23,0,16.66308886260742,3.247564686438569,99
11,24,0,21.04669162936807,5.558445787677913,117
11,25,0,14.69850745978854,2.469410791769542,98
11,26,0,16.33827598426679,2.760095387615458,108
11,27,0,16.98636757924662,3.373970591660775,112
11,28,0,13.84631946571857,2.46024173586918,96
11,29,0,16.56837624078339,2.974313131103885,106
12,0,0,2.390339616929033,0.862356922915133,7
12,1,0,1.466859829925618,0.474579286588952,5
12,2,0,2.464580096973045,1.324387923410383,6
12,3,0,2.451317183747012,0.9207710682893833,7
12,4,0,1.926823370201011,0.6741878986772494,8
12,5,0,8.743327337245171,9.588793587584821,16
12,6,0,8.940582375714158,7.631877634853253,24
12,7,0,9.442855084305288,6.085314298663393,23
12,8,0,11.15849366750736,4.78302144737064,35
12,9,0,12.20470254905542,5.336288994817964,41
12,10,0,14.75088722617856,5.77980083529229,46
12,11,0,12.31557364962357,4.224332270815744,45
12,12,0,12.79921504953967,4.276330029897869,48
12,13,0,15.64742168524005,4.78492632919534,66
12,14,0,15.39619844916968,5.072458063649994,61
12,15,0,18.73815415429159,5.957240305444699,73
12,16,0,20.83215732751691,7.429951307423288,76
12,17,0,18.16070327369767,4.948166412429767,81
12,18,0,22.76281550393082,11.88934288161877,100
12,19,0,20.94882903948723,12.40748458317205,83
12,20,0,23.39642657822205,5.617752185415985,116
12,21,0,18.54790561369176,5.90909112386066,98
12,22,0,23.27375347894618,7.635203064533762,114
12,23,0,24.3233553864113,5.999724685300198,134
12,24,0,18.16158973604645,4.119767404131488,103
12,25,0,20.6173948578873,6.047108991458696,113
12,26,0,14.73697962960082,2.613625812857448,95
12,27,0,14.38979521675218,3.637283991149148,91
12,28,0,14.23646533125736,2.369553859400343,98
12,29,0,16.57258657622999,2.79823023105282,113
13,0,0,3.828682670623754,7.44507715533267,5
13,1,0,4.234747784498878,2.116105593658511,10
13,2,0,2.958008073525469,1.577091477590532,7
13,3,0,5.45851186099622,4.848066634583784,11
13,4,0,5.526529159237709,1.928177258922759,19
13,5,0,6.724640338531482,3.39418392367509,18
13,6,0,6.168777697744116,2.354820758826518,21
13,7,0,6.305483336616033,1.931851148499709,25
13,8,0,7.065786180793912,2.761945970919179,23
13,9,0,7.917872704139796,2.956113513670641,26
13,10,0,11.01566994894874,4.431386367411783,35
13,11,0,20.70796507087596,11.64484455178227,59
13,12,0,14.30828746287718,6.708460141599748,50
13,13,0,15.80584365677909,4.559210134670578,65
13,14,0,16.25504078740792,6.000249007597552,68
13,15,0,21.69496693588063,7.339459032222737,84
13,16,0,18.2951151286414,5.055221470913726,80
13,17,0,16.33231364501939,5.484786820695589,65
13,18,0,14.82365707393899,3.340266524632208,76
13,19,0,17.90514206115445,6.260687670215714,82
13,20,0,20.00607644411323,5.303850683033142,94
13,21,0,20.31690064998959,4.705032629096052,107
13,22,0,19.57840410172471,3.788439851464713,111
13,23,0,19.33914686379359,4.553921304899597,106
13,24,0,18.76485754908988,3.586110617869177,114
13,25,0,18.90739023552778,5.326785017954314,98
13,26,0,14.38519517186045,2.428787501575789,97
13,27,0,17.68284045746249,4.697980473008889,108
13,28,0,22.81375895984718,57.0751669211263,99
13,29,0,15.83431986836235,2.634264452343897,106
14,0,0,5.080459740395071,7.58074518681963,9
14,1,0,2.275032933369078,0.759816134817157,8
14,2,0,3.421038479175577,3.588695501021996,7
14,3,0,4.047029770915561,2.689330251773005,8
14,4,0,4.893655613484875,2.340173457746145,12
14,5,0,9.304642370842314,4.955117235106168,27
14,6,0,6.941202380948123,3.382297257368369,21
14,7,0,11.59345594404085,6.068184766355591,33
14,8,0,8.912688549939872,2.956807984346336,34
14,9,0,13.73615472893298,9.811097981076971,38
14,10,0,9.354740958675027,3.223272296817355,33
14,11,0,16.13237840280925,12.26405559772432,46
14,12,0,17.81111166722771,5.447211903688775,67
14,13,0,18.23363165601617,7.230833930777839,62
14,14,0,17.35655995774998,9.706884105061309,60
14,15,0,23.2574095836836,17.48095697365364,86
14,16,0,21.79322169306072,6.210616478241663,98
14,17,0,19.89509654059112,7.615577650258499,81
14,18,0,18.68916151101191,4.816209471305909,85
14,19,0,21.70512662293078,6.76634903952072,98
14,20,0,24.09653722485833,13.15424219125376,112
14,21,0,24.84756576344361,17.56475604725671,103
14,22,0,18.29734457088535,4.964978296311679,93
14,23,0,15.78044089825583,3.368469958694705,90
14,24,0,19.33742051077857,6.558974385847568,109
14,25,0,18.03797515292439,3.436812590782609,109
14,26,0,19.37804515356209,3.369618494568156,124
14,27,0,20.66350182694314,4.18934635170049,124
14,28,0,17.64822446054782,3.838726339906776,118
14,29,0,16.89134081691428,2.46975045410488,125
15,0,0,5.29416375116336,2.702822024115482,14
15,1,0,1.946583314333821,0.7412678836178442,6
15,2,0,5.517970589275088,2.305412721009802,16
15,3,0,5.380224914493693,3.030253024118283,14
15,4,0,6.734772333038482,3.200091379543688,19
15,5,0,7.509141305039484,3.684044740440123,18
15,6,0,3.155724699211222,1.237020583194918,13
15,7,0,12.79530009360749,9.053333708366173,33
15,8,0,11.52106507587449,4.328302780470941,39
15,9,0,14.34768834353043,8.283380436879417,42
15,10,0,11.17452926037477,4.004791902478519,40
15,11,0,18.34126178704662,8.252300201650588,60
15,12,0,18.34504992925893,10.0419338243429,58
15,13,0,19.38479437360917,7.439436323229595,72
15,14,0,24.36278024329091,36.4341367050566,73
15,15,0,20.79395316050882,11.63861246947647,80
15,16,0,16.44385830584747,6.072170398934328,71
15,17,0,17.0163798454495,4.395035586297174,84
15,18,0,22.49577750115537,6.940046273267004,99
15,19,0,43.72881515643809,515.6903207121522,104
15,20,0,18.49602502434396,4.037426531272859,105
15,21,0,22.80201227818668,11.31950736661945,101
15,22,0,20.80293014316171,6.065988045679931,113
15,23,0,37.33493766433043,268.5301068844431,125
15,24,0,17.62462309302216,3.159167071061546,110
15,25,0,16.72974829120096,3.488565753627475,100
15,26,0,18.68630859354225,3.61258111399485,115
15,27,0,15.10031103798182,2.711784583933392,101
15,28,0,16.55305733549073,2.814581033576231,109
15,29,0,16.3665750572061,3.027609633352433,106
16,0,0,2.180732733516894,0.9618957883201329,6
16,1,0,3.700255453379034,1.851974653583326,10
16,2,0,3.776577208469469,2.394714542983709,9
16,3,0,3.241553202089199,1.392440575874844,9
16,4,0,2.91290634198472,1.092999404566858,10
16,5,0,8.693102712542398,6.668651384966656,19
16,6,0,11.89034221677573,12.07801139822716,25
16,7,0,5.664942953818296,1.697676286103891,24
16,8,0,13.67168325812,10.81728578806141,34
16,9,0,10.98678964528098,4.477030997369067,37
16,10,0,10.60736435705367,5.606101975609634,32
16,11,0,11.59068858405579,3.941449713752385,40
16,12,0,15.48913656722677,5.388176088383281,56
16,13,0,18.13190975720318,10.48999438587717,59
16,14,0,19.40802821885029,7.243524945596936,75
16,15,0,17.14226688953265,5.62152914839437,72
16,16,0,17.3746470004711,6.145154444502579,72
16,17,0,18.16733733489912,4.259931325317597,86
16,18,0,23.82280274614352,20.92084214604198,90
16,19,0,23.32121918074263,9.372737346181168,98
16,20,0,18.52006751819555,14.16813931741061,84
16,21,0,20.78370152781367,4.522319989118248,109
16,22,0,17.96156464727662,3.85629991868709,99
16,23,0,17.38091809096811,3.146453763814842,104
16,24,0,20.17748390789234,3.895736664985771,120
16,25,0,20.04647289210439,4.013866396954382,122
16,26,0,21.04816566731864,4.793610889337224,123
16,27,0,17.85476448004288,4.226725971819156,111
16,28,0,15.91418883792311,2.425725747462896,113
16,29,0,14.2864410963548,2.263347418015445,100
17,0,0,3.546557781457595,4.307876005011281,8
17,1,0,3.442635002363236,3.446536984579219,6
17,2,0,2.741141400260168,0.9633029914071776,9
17,3,0,1.921326543116241,1.886940258050479,4
17,4,0,4.390343011185348,1.539275479938584,16
17,5,0,8.576176968124013,8.915722129095762,20
17,6,0,5.746812006078441,2.81166273353214,18
17,7,0,8.148394818199629,4.276530412832285,20
17,8,0,12.91964392102768,5.947584870997487,40
17,9,0,11.53881346517171,7.371425903925497,33
17,10,0,17.85781921344001,11.4454945898427,58
17,11,0,13.27407773048068,3.723875541645067,55
17,12,0,18.19572349820874,5.785612258802288,68
17,13,0,19.83904700059325,11.81434096687272,67
17,14,0,17.75198176285701,7.921282125670443,64
17,15,0,16.978132693138,4.57230815884999,74
17,16,0,18.61237907784289,5.70179149632342,81
17,17,0,23.10046332009989,6.57652372246245,101
17,18,0,21.77650845446977,6.010746802452324,99
17,19,0,20.07528386170093,9.56347950904139,96
17,20,0,22.10530088749338,12.12335930764088,98
17,21,0,23.94211268725851,7.260789348220482,121
17,22,0,26.17703248872753,19.60473765287992,116
17,23,0,19.91501628325923,4.481662738841677,110
17,24,0,18.30431446473142,3.492590665515416,110
17,25,0,21.66845838740658,5.848541266617605,124
17,26,0,16.18762533243829,2.808600289253537,106
17,27,0,21.3480345794699,5.646566228193327,128
17,28,0,18.89563074206747,3.446160312210798,126
17,29,0,18.11651357657863,3.677690162844077,116
18,0,0,5.576786019827885,11.3672124142412,8
18,1,0,2.79959724578873,1.729684693718609,5
18,2,0,2.136792984961628,0.8112278338609521,8
18,3,0,8.084778436296004,11.94925926805299,13
18,4,0,4.333965010697704,3.225341421979075,12
18,5,0,4.412241903175763,1.615297564430666,16
18,6,0,9.653306614670903,3.784941687567917,31
18,7,0,10.4967987233102,6.250803693235387,28
18,8,0,5.660194887509833,1.930269046228086,20
18,9,0,12.48356441540481,6.39358761238408,41
18,10,0,14.03358314389547,15.38665368152288,38
18,11,0,13.45678480542837,4.814491938310203,47
18,12,0,15.56088922507817,9.570724524470807,48
18,13,0,17.29678107692634,6.728521363661509,64
18,14,0,16.88635028227824,5.216425373141068,70
18,15,0,13.49994753824026,3.123428526683151,65
18,16,0,19.73360927213343,5.604408456018181,81
18,17,0,21.00391734381687,8.532452174276294,87
18,18,0,17.66710011685039,4.094175968261699,89
18,19,0,19.90935908770445,5.760243755255448,95
18,20,0,22.22820919856971,6.601035656639167,108
18,21,0,22.02500589491838,7.410911203148371,113
18,22,0,22.82235746091465,7.094353217930078,125
18,23,0,17.77403854373239,3.830680303314011,98
18,24,0,21.85746487919628,6.090479568808541,118
18,25,0,22.45640685523241,10.82879122208894,117
18,26,0,17.45674775963461,3.269951718243371,107
18,27,0,18.74716902357258,4.028719710546612,115
18,28,0,15.60614884042459,2.460798837810044,107
18,29,0,14.73462376642613,2.432678802330661,101
19,0,0,1.294663878772868,0.4283991307289362,5
19,1,0,1.202446907244749,0.3900417469230819,5
19,2,0,2.654897513179887,1.005756962576129,11
19,3,0,4.560977787173105,1.929572353183181,13
19,4,0,7.819947840612932,3.573565499247607,22
19,5,0,3.381842345327417,0.9862028981834261,14
19,6,0,9.933627598882618,3.652179687756994,32
19,7,0,8.376098403706269,3.523376211350849,26
19,8,0,7.774800921115606,3.440592493955757,25
19,9,0,7.062852837454669,2.122240858268825,27
19,10,0,13.41894374289811,4.708081564207848,50
19,11,0,11.7120189935828,4.064147261293715,44
19,12,0,14.77539041285961,5.0110373453406,56
19,13,0,11.08807642430953,3.014014294811779,48
19,14,0,18.35591052013664,10.0768853243762,67
19,15,0,19.40731755856859,6.01031852866671,75
19,16,0,16.92079842088819,9.182011513719237,72
19,17,0,17.6887761518933,5.315209352213366,77
19,18,0,21.60611692822979,6.877977945225621,96
19,19,0,20.69265731825627,4.827629743006808,108
19,20,0,21.24887009040361,5.404001477046775,106
19,21,0,17.10763111401845,3.480314182385627,93
19,22,0,20.91401474060601,4.268563991933531,118
19,23,0,16.01329358423702,3.193406627772356,91
19,24,0,18.77431872032009,3.851690791796513,108
19,25,0,19.07790798685829,3.574252145419861,114
19,26,0,18.79196322005693,12.59266955962844,101
19,27,0,17.00166345887862,3.427532650476154,107
19,28,0,17.25656783584832,2.783978866109509,117
19,29,0,17.37594935095692,2.873257657252914,121
20,0,0,3.503686041454339,1.742940141226179,10
20,1,0,3.508641716021843,1.366380583449175,12
20,2,0,3.85967732436961,2.147576636928479,10
20,3,0,6.129311781190315,3.069284402790112,19
20,4,0,4.31371140672965,1.759415246623749,13
20,5,0,6.769734004217679,3.04624826203681,18
20,6,0,7.106106773303981,2.484662263372347,24
20,7,0,9.004912829438593,5.589239486906988,25
20,8,0,7.514224138356194,2.958976670906103,27
20,9,0,9.949186586364416,3.292825716797417,34
20,10,0,13.88563440350342,7.368238817578089,42
20,11,0,13.02877822963028,5.092063737222409,46
20,12,0,13.9269852322548,4.198476823606677,58
20,13,0,17.2972051268442,5.991142636322016,67
20,14,0,15.38269829931689,4.708704826819871,61
20,15,0,12.23531655113441,3.949015356556166,57
20,16,0,15.79875205961152,4.390255627069187,73
20,17,0,21.87927617182142,7.14885376730226,100
20,18,0,19.35067112558464,5.931655562812308,88
20,19,0,17.83181626643117,3.918342408682257,96
20,20,0,18.73898218480762,4.373558227575334,99
20,21,0,22.85535988940272,10.76527475655227,107
20,22,0,19.16935746316173,4.11934818797586,104
20,23,0,18.80021945969137,4.155842217127201,102
20,24,0,18.37950481998003,4.366346446734813,106
20,25,0,21.39507607944101,4.256526512025226,126
20,26,0,17.575994402371,3.144189234900208,111
20,27,0,15.05908464675946,2.893679939825577,99
20,28,0,16.2794367557898,2.810124224691827,111
20,29,0,13.26045005468093,2.066299869832975,98
21,0,0,3.926194381002245,2.309324721660761,10
21,1,0,3.511937305470394,2.04498638029637,8
21,2,0,7.172061507462789,12.46979441091353,12
21,3,0,3.686384620337704,1.841098162443091,10
21,4,0,4.461491832131543,1.700397345593398,17
21,5,0,5.155874718626098,1.910148671601941,18
21,6,0,6.943548682049218,3.01646143829054,23
21,7,0,8.650212422113306,4.279200947519237,26
21,8,0,11.04999373486305,6.890863355779245,24
21,9,0,11.37620760935299,6.690434907442743,34
21,10,0,9.971719458083765,3.075755384804584,36
21,11,0,11.01728271917789,3.888044341238053,42
21,12,0,12.97711016009639,4.493304198066039,46
21,13,0,13.52328539919796,5.922240742554523,46
21,14,0,17.49335325506855,13.04073747462786,57
21,15,0,18.15191416333278,6.715390502370833,73
21,16,0,19.20057068983574,5.494421504572006,81
21,17,0,21.6969979880969,6.045215022797274,95
21,18,0,16.76082214123443,3.690164289120267,85
21,19,0,16.41502718552871,4.403722419119291,83
21,20,0,21.03527440985225,6.9877944111135,102
21,21,0,19.63119395782007,4.096221190547658,106
21,22,0,20.33250671056133,4.843723543057227,106
21,23,0,21.41614282999575,4.297023555873,125
21,24,0,20.92861494651384,4.476463272933205,123
21,25,0,16.24081682956284,3.024681586044355,99
21,26,0,17.53784252820221,3.214881716976177,112
21,27,0,14.28830754535396,2.77353549748306,89
21,28,0,19.12806515240182,4.035672927413261,116
21,29,0,14.65224759613523,3.882952306860152,85
22,0,0,2.34680491644074,1.540177630541131,6
22,1,0,1.204053100268298,0.3214969118554156,5
22,2,0,4.803325803354629,3.318467560902041,9
22,3,0,3.705582496456553,3.249431576121053,8
22,4,0,5.488749463969388,2.518675942887186,18
22,5,0,6.908366998358968,9.934747038140891,14
22,6,0,7.793376396373617,3.876621644033221,24
22,7,0,6.470093339227569,2.641964678695394,20
22,8,0,10.1825549449325,5.039346972338938,30
22,9,0,11.68526277351339,4.967057163484708,36
22,10,0,12.41833775347603,5.941808611867406,41
22,11,0,14.65973520079434,5.302482493042561,52
22,12,0,15.46359168148707,5.072821856589009,58
22,13,0,17.58694392389458,6.388783187268171,66
22,14,0,12.04719312976977,3.554126352517394,51
22,15,0,18.71552831720579,5.681825244455781,80
22,16,0,19.92286809805146,6.295174777132014,83
22,17,0,16.31524535208379,4.247469078757811,79
22,18,0,17.91753860048725,4.324877434892472,85
22,19,0,20.75311130282361,6.177231852202732,95
22,20,0,19.07358689162307,5.160184660292705,93
22,21,0,18.69226938561539,4.656079260618223,99
22,22,0,17.80099738391421,4.673490665489728,94
22,23,0,25.56934301576127,14.57839358881494,123
22,24,0,14.94151777624534,2.887712083985787,89
22,25,0,14.87727125552417,2.671092263704694,92
22,26,0,19.08145487279334,6.758187778031862,111
22,27,0,16.71432282242975,3.403473552854958,104
22,28,0,18.16497850149421,3.120183985377591,122
22,29,0,13.87465936762278,4.577674760751523,85
23,0,0,1.807792011793725,0.9238013424747604,5
23,1,0,1.151777860832673,0.5001681774735844,3
23,2,0,0.4170699114048001,0.09887387461124858,3
23,3,0,1.705737644299043,0.7732109045422231,4
23,4,0,4.480406546687931,1.834119949515144,13
23,5,0,2.650714171462803,0.9087447713259448,11
23,6,0,6.256634323067873,3.346854390619435,16
23,7,0,9.589913850319833,3.591081462975564,29
23,8,0,12.26882029340882,7.503397502569681,37
23,9,0,9.165119461562679,3.055437920631844,32
23,10,0,8.781911492217837,2.590392758078915,40
23,11,0,16.13569301038173,10.16301548925705,41
23,12,0,11.29090630832153,2.915087556512443,50
23,13,0,12.70479306649078,3.436609540890526,58
23,14,0,19.45423791465222,5.554676933626981,81
23,15,0,14.69448164351257,4.249151912186961,63
23,16,0,19.27073103788615,10.90104144262068,76
23,17,0,15.17360719605356,3.785783991413116,77
23,18,0,16.98701030345622,3.896018619219233,85
23,19,0,14.66017798631494,4.003566461643034,73
23,20,0,21.73472437895339,9.12937998817846,109
23,21,0,14.50718587582058,2.845650246371513,84
23,22,0,18.96804165680498,4.541722364623275,101
23,23,0,18.20654275489223,4.435874965439247,102
23,24,0,15.10931452619009,4.300931953007338,83
23,25,0,21.77456024436601,15.58975568886251,111
23,26,0,24.17840381782699,44.29201011732312,99
23,27,0,14.63884703408879,3.020529902198673,91
23,28,0,14.13785940640423,2.195171304667234,100
23,29,0,13.58306755340627,2.250385291618413,97
24,0,0,0.9258220386126217,0.4050224114615649,4
24,1,0,1.759490303413997,1.076629916174478,5
24,2,0,1.335568882111866,0.4015601806010239,5
24,3,0,1.442018718173725,0.4850712730442918,6
24,4,0,6.207659606835938,4.93735052494718,12
24,5,0,3.702052990852259,1.251551554582459,15
24,6,0,12.6996670556424,7.940629162111158,31
24,7,0,7.541318587838026,3.099304220566329,23
24,8,0,12.29957283565799,8.315062278046375,36
24,9,0,4.968555185878854,1.270801636728064,23
24,10,0,12.31842736824219,5.930654478235575,40
24,11,0,12.24441068252357,4.215507997874326,43
24,12,0,15.80956842640248,5.4699645106218,60
24,13,0,12.7649788784796,4.885045218667649,45
24,14,0,14.92891973266818,4.271998090170844,61
24,15,0,16.28730207395507,3.790506183511597,78
24,16,0,15.00536949027044,4.084517761779535,71
24,17,0,17.24108307762628,15.75502923055404,72
24,18,0,15.90411241554339,3.933925079720054,76
24,19,0,23.09930581671462,8.278653738889021,99
24,20,0,15.58251549332443,3.101530590462596,88
24,21,0,50.83589797663073,1010.469797619333,94
24,22,0,18.33102405274374,13.73888949465186,85
24,23,0,16.70552409507009,3.832664299210639,92
24,24,0,23.32164113273729,74.75451889445232,89
24,25,0,18.18797244927279,3.894040571566522,109
24,26,0,16.87956327514433,3.122513414659731,108
24,27,0,14.95362059629947,2.834412790878843,99
24,28,0,15.79461191947249,2.429601009756996,114
24,29,0,16.2726364284024,2.972646158072514,103
25,0,0,3.43842759717377,3.295945529011141,7
25,1,0,1.688067407249034,1.00767569558775,3
25,2,0,5.169654918020102,2.826439689925626,13
25,3,0,3.591246066826994,1.357532276630296,10
25,4,0,2.819259899588126,1.441869280126051,9
25,5,0,4.908440545884227,4.017056445137703,12
25,6,0,4.834533793245957,1.518078319060818,19
25,7,0,5.776203438078622,2.224956308365899,20
25,8,0,6.939252636276334,2.427270097940006,24
25,9,0,8.760182553091088,2.710614341679977,33
25,10,0,11.6530486147729,9.573418244861948,36
25,11,0,12.66522560982491,7.906045920993686,43
25,12,0,10.34413888576899,3.241849576485087,41
25,13,0,10.23000108746503,2.987665311790562,40
25,14,0,13.39664326268517,5.058958230388487,51
25,15,0,13.21766949272606,4.717469333934037,52
25,16,0,15.1353429491505,4.42699527180026,67
25,17,0,17.49849444359938,8.159977125131022,71
25,18,0,13.63895003176399,3.78500165004758,62
25,19,0,17.42785754551729,5.429444367690572,78
25,20,0,15.1988969787366,3.615964280740047,73
25,21,0,16.08947875294202,3.556048232316269,86
25,22,0,19.93220432279108,5.501366372934529,98
25,23,0,16.94498191413973,3.678989874557704,101
25,24,0,13.98005351423314,2.663521426862575,87
25,25,0,15.85988763702777,2.777913525099854,103
25,26,0,16.57890746840136,3.038188562386638,106
25,27,0,18.11928852588371,3.822767192181096,113
25,28,0,21.22929262374935,5.882730292060581,126
25,29,0,14.91833773596814,3.54722810676583,94
26,0,0,1.088769681878224,0.487405284267604,5
26,1,0,3.729273866932234,1.405906057395828,13
26,2,0,1.891900915657936,0.6502718022468852,7
26,3,0,7.189244118401056,8.972293766583677,10
26,4,0,7.426929400549992,5.172385138667797,17
26,5,0,4.669037949151336,2.920790228192181,12
26,6,0,2.354435180563593,0.6493249133120909,11
26,7,0,7.24439337100215,3.468592646464774,23
26,8,0,8.380422861394811,4.610388258328097,27
26,9,0,6.65270055810431,2.627859845891015,22
26,10,0,10.65495859541366,4.567174973945286,32
26,11,0,9.930116312252361,3.323259687041817,36
26,12,0,10.5985930283073,3.89267097642111,37
26,13,0,13.07088084803688,4.830675227230824,47
26,14,0,14.22631464654292,4.728321873543035,59
26,15,0,12.59974486834732,3.775203511245377,52
26,16,0,13.43519706406476,4.289293163904304,59
26,17,0,11.14069411385352,3.347193898302852,47
26,18,0,18.36109076587489,4.848037821811644,87
26,19,0,14.68553939513891,3.753046952563342,70
26,20,0,15.86172201608031,3.406788967868437,84
26,21,0,17.62871911893392,3.913625410142169,92
26,22,0,14.35991710105825,2.803988084517732,86
26,23,0,22.06345328188782,13.20871051872014,102
26,24,0,16.18755122880314,3.652778633315747,93
26,25,0,28.19132807273835,133.3267562207493,103
26,26,0,14.64356053798631,3.282422324244502,92
26,27,0,13.18654807223827,2.163349197731269,89
26,28,0,15.36848703757497,3.433862964621737,102
26,29,0,15.02064028023088,2.360462568448419,105
27,0,0,1.602202726895462,0.5406093183008748,5
27,1,0,1.075494995105644,0.4581383794308466,3
27,2,0,3.114422869767735,1.289308614002814,9
27,3,0,3.000781229804653,3.560941337112298,5
27,4,0,3.964559625617747,2.07906275125143,9
27,5,0,2.902606760553019,2.566935186193823,9
27,6,0,5.008401246963793,2.690733566021758,12
27,7,0,7.686219612743357,3.367313107663313,22
27,8,0,7.797352560322056,2.936016624863002,27
27,9,0,7.547364864088751,3.820853212497029,20
27,10,0,5.420260088886721,1.422593101858795,24
27,11,0,12.88844811857058,18.23842370862411,30
27,12,0,10.92112288730554,4.510262216844261,39
27,13,0,11.42752498676435,4.690829840100056,38
27,14,0,9.878809437128378,2.993444227595978,41
27,15,0,7.586585265366754,1.78453025844831,36
27,16,0,13.80561594949366,5.01486564054011,53
27,17,0,16.47353251405729,10.48746413515155,64
27,18,0,11.03553738238224,2.290759689956397,61
27,19,0,14.91588801127905,3.510438831999067,78
27,20,0,12.76593650911723,3.225768197262807,64
27,21,0,17.32280710175357,4.542864414174492,85
27,22,0,12.15736170716995,2.366949033089219,71
27,23,0,18.24212227299882,7.932209570289084,99
27,24,0,14.47286948097882,3.139839558825929,82
27,25,0,13.67031756441948,2.556646366968184,83
27,26,0,16.18960616068607,3.646130063029812,103
27,27,0,15.83110827427294,2.904132615232136,102
27,28,0,12.52811145335409,1.993342833659754,87
27,29,0,13.55858840239422,2.27514188891423,95
28,0,0,2.043196267511572,1.840835624457458,4
28,1,0,2.186709146489567,1.078735486903166,5
28,2,0,3.374642211041146,2.22321091400078,7
28,3,0,4.126120558651103,3.095010853828255,8
28,4,0,1.307536383292209,0.3979048147380307,6
28,5,0,7.134860552293408,3.891310755537399,17
28,6,0,13.42734944531292,77.51216434250367,16
28,7,0,7.812680221361545,4.026166177558729,19
28,8,0,3.464344199953707,0.8738975427624359,16
28,9,0,16.74230083154391,121.1255091670646,14
28,10,0,8.635541232550958,2.710805392918091,35
28,11,0,10.4131663435919,4.672333520281295,32
28,12,0,11.59905301588163,7.416513091334177,32
28,13,0,13.99503653246706,5.930801438215146,50
28,14,0,7.673114009480776,2.129619674430629,35
28,15,0,21.11990604082225,17.53702705753088,64
28,16,0,10.20420457003114,3.155328474096623,40
28,17,0,12.85235396434685,3.91551461042913,54
28,18,0,8.455647993666027,1.953474000641179,44
28,19,0,15.64994507278488,4.019804854063622,74
28,20,0,12.20219008461308,2.646797776854376,64
28,21,0,13.15392868217869,2.610551898452556,74
28,22,0,11.39306093117079,2.121880619552594,66
28,23,0,14.41928689052493,4.908912294064602,79
28,24,0,14.55562872016377,5.061657053809046,75
28,25,0,11.23488073225131,2.697032078706244,64
28,26,0,11.65542921204836,2.686931303463841,71
28,27,0,14.16729119643029,2.499044724028944,90
28,28,0,15.89943793276822,11.38928557277444,91
28,29,0,12.47337776844266,2.469248427784659,78
29,0,0,1.568263920998193,0.5326816000379749,7
29,1,0,2.656339544622283,1.559335848061371,6
29,2,0,0.952579389081568,0.3039946834617426,4
29,3,0,2.167281453649794,0.6306380947422003,9
29,4,0,3.766925931210232,1.717171425013841,11
29,5,0,2.55356726406434,1.106663940855335,8
29,6,0,4.277913652652185,1.627876673021036,13
29,7,0,6.987787304606853,4.692989475759186,21
29,8,0,4.012006807746404,1.75520479931206,13
29,9,0,9.720035951951072,5.048722673890597,31
29,10,0,6.649815933044604,2.312963962933497,23
29,11,0,6.565012993029714,2.032281024930849,26
29,12,0,8.569961283018682,4.965601474890205,23
29,13,0,12.59236791745652,3.612666613385715,52
29,14,0,12.58703502545288,9.608662574122354,43
29,15,0,10.24263474252057,2.539197152577238,47
29,16,0,12.47874010089307,5.171101384482632,45
29,17,0,10.84743132017598,2.555960748100621,50
29,18,0,7.163328631669898,2.138742910035602,35
29,19,0,10.97146272222798,2.634518726792771,57
29,20,0,9.771234077725087,4.660685311931768,48
29,21,0,9.612694609254421,2.164704659736136,53
29,22,0,12.24327411748895,2.978450109354345,63
29,23,0,9.526058598726202,1.828339039027793,58
29,24,0,10.57906060484811,2.330507977022124,58
29,25,0,11.64865450367352,2.924670696219351,70
29,26,0,12.73281549359196,3.222231077700007,76
29,27,0,9.675042066213011,1.544050693648432,66
29,28,0,12.32205744157689,2.476836140358809,79
29,29,0,9.510650253766805,1.587206877052655,65
