# mesh name: boxMesh_1
# primitive scorer name: doseScorer
# iX, iY, iZ, total(value) [MeV], total(val^2), entry
0,0,0,0,0,0
0,1,0,0,0,0
0,2,0,0,0,0
0,3,0,0.2552740459742792,0.06516483854807842,1
0,4,0,0,0,0
0,5,0,0,0,0
0,6,0,0.7608793580257968,0.2576675846167044,3
0,7,0,1.021271892495571,0.4252278500774518,3
0,8,0,1.277066404985067,1.045735057879808,2
0,9,0,1.036357845485151,0.3212926781975864,4
0,10,0,1.120005658687963,0.4258054036532172,3
0,11,0,0.3325422107515621,0.1105843219315363,1
0,12,0,3.1609585765641,1.338670280811826,10
0,13,0,1.450648326078158,0.446811277928835,5
0,14,0,1.859016276567743,0.7219188529437558,6
0,15,0,4.111617591086599,1.13167005255352,18
0,16,0,2.598287917964335,0.6609013911466762,12
0,17,0,5.267413184648705,4.700559684855639,15
0,18,0,3.66787842761884,0.9312399597308205,16
0,19,0,6.345448402228663,1.98014605733626,25
0,20,0,5.073856368426549,3.429480379940257,17
0,21,0,3.572448697025594,0.7884472942717625,18
0,22,0,6.624104181528003,1.869424171894635,29
0,23,0,9.310651072938001,2.480094095388531,41
0,24,0,6.684992781348529,1.744333682506341,31
0,25,0,8.364699986326354,1.92381037561168,45
0,26,0,10.50188806271423,2.424627956578546,56
0,27,0,11.12113061408943,3.532914418922956,55
0,28,0,7.812165253680001,1.637291921782751,47
0,29,0,7.789825769046939,1.772971159883331,48
1,0,0,0,0,0
1,1,0,0.7062579213142958,0.3923989884855971,2
1,2,0,0,0,0
1,3,0,0,0,0
1,4,0,0,0,0
1,5,0,0,0,0
1,6,0,0.5544593745551362,0.3074251980320728,1
1,7,0,0.7776139522123846,0.3256822866763854,2
1,8,0,1.987606276782634,1.200067533492222,5
1,9,0,1.944414944553979,0.6322605931079215,7
1,10,0,0.5192682398992877,0.2696395049681042,1
1,11,0,1.633865197711835,0.9016981429847515,6
1,12,0,3.378330233533093,3.267838777552268,7
1,13,0,2.67423293699278,1.141835670212291,9
1,14,0,3.607740921343913,2.305006045163201,11
1,15,0,3.333585986788925,1.450043773596388,11
1,16,0,3.809471025983291,4.615728604459707,10
1,17,0,3.059950534313049,0.7424174918278221,14
1,18,0,6.013143720735397,1.901354318607153,23
1,19,0,4.982999570361798,1.228039451984162,23
1,20,0,8.148344084726322,5.125889220628273,27
1,21,0,9.018533706239053,2.41467140693767,42
1,22,0,8.64431242533553,2.875625942629386,37
1,23,0,6.442227858698722,1.476843541403539,33
1,24,0,7.576188867228873,2.169075005556532,36
1,25,0,10.30744569824188,3.9857368951786,47
1,26,0,9.044311294185494,2.034749280656421,47
1,27,0,12.07574743087768,2.675054784409454,69
1,28,0,10.98363246025794,2.192002186686333,65
1,29,0,9.202847483397534,1.704783765542479,60
2,0,0,0,0,0
2,1,0,0,0,0
2,2,0,0,0,0
2,3,0,0,0,0
2,4,0,0.007206292952265239,5.193065811386766e-05,1
2,5,0,0,0,0
2,6,0,1.267683250921355,0.9329610437107865,2
2,7,0,0.0979599968483048,0.009596160982519886,1
2,8,0,1.630005171062298,2.179575192017357,3
2,9,0,1.537918975814138,0.6128862950337375,4
2,10,0,1.734009995420384,0.587694297387831,6
2,11,0,1.702692879068083,0.4620014920141259,7
2,12,0,1.479517321237247,0.3860412838152649,7
2,13,0,3.197463192378885,2.63900565607357,7
2,14,0,2.991684674122205,0.9369441024811885,13
2,15,0,2.261262413764657,0.6910667299257546,10
2,16,0,4.83749863975687,2.321369275204184,17
2,17,0,3.39775085052651,0.909939292182016,15
2,18,0,5.705545910529342,2.342824224108571,20
2,19,0,3.88244795621425,0.7883029053190788,22
2,20,0,7.332517822632538,2.987925984194664,30
2,21,0,7.453742430912038,2.216584957560089,33
2,22,0,8.44563791428963,1.880254003626971,45
2,23,0,7.200687557347892,3.647612380538306,29
2,24,0,9.532859582203701,2.023709717458226,50
2,25,0,12.53716775464845,2.973896002400675,62
2,26,0,10.47793134487539,2.599538246002659,51
2,27,0,11.53568879262096,2.041328812292306,72
2,28,0,13.1066488095358,3.061620834373183,73
2,29,0,12.02907906267229,2.217286817196011,76
3,0,0,0.109845554611572,0.01206604586792384,1
3,1,0,0,0,0
3,2,0,0,0,0
3,3,0,0.4406626309984634,0.1941835543584879,1
3,4,0,0,0,0
3,5,0,1.37141429617886,1.865341893352245,2
3,6,0,0.002915091065157208,8.497755918159388e-06,1
3,7,0,1.673637286206909,0.7018275719386092,6
3,8,0,0,0,0
3,9,0,1.136417910177713,0.4234623667826629,4
3,10,0,0.6961296114579681,0.2655938032318924,2
3,11,0,3.572927065547656,1.177400307915169,12
3,12,0,1.23630860272324,0.3842852175591824,4
3,13,0,2.824328331440614,2.395653764769232,6
3,14,0,1.837899255666094,0.5968642166852028,7
3,15,0,3.603978025115397,1.176556846902077,13
3,16,0,1.697452615034263,0.4216280736398841,9
3,17,0,7.327855854833712,2.067200606191019,33
3,18,0,5.756593684867216,1.43581168137682,28
3,19,0,6.475858407346354,2.147686236794334,29
3,20,0,10.22135650299105,9.286456435516708,37
3,21,0,7.834698303963831,1.858094709781457,40
3,22,0,8.938094627239652,2.847662016770543,37
3,23,0,13.92756441275549,6.753512610478177,58
3,24,0,12.1919486646461,2.719137896657835,64
3,25,0,13.99848949534998,5.620129403602933,70
3,26,0,18.93671066135161,8.175576070081693,95
3,27,0,13.6992737370811,2.570873784274298,82
3,28,0,14.50056522112718,2.776566262493581,91
3,29,0,12.53936278259642,2.767590828153764,73
4,0,0,0,0,0
4,1,0,0,0,0
4,2,0,0.01990521612851577,0.0003962176291229244,1
4,3,0,1.24149417568233,1.541307788253147,1
4,4,0,0.3462994255408547,0.0797171248366447,2
4,5,0,0,0,0
4,6,0,0.8466497642706865,0.2427806644896589,3
4,7,0,0.2524919671665355,0.06253815074251982,2
4,8,0,0.03667723655731873,0.0005759781042387215,3
4,9,0,1.23176990718199,0.3912292802063282,4
4,10,0,1.38755304725123,0.6109474325749447,4
4,11,0,1.230504080478154,0.4138808709644366,4
4,12,0,2.183382765574039,0.8343151500914022,6
4,13,0,3.47935829048444,1.316496701625689,12
4,14,0,1.754202587213612,0.4950559310607688,7
4,15,0,5.341625022826009,2.166365331598087,19
4,16,0,8.243932872920418,4.418211755454002,22
4,17,0,6.930944251473988,2.296106205424683,24
4,18,0,8.403034290590664,6.763412837158305,25
4,19,0,6.552902106778005,2.475597186769368,24
4,20,0,7.286726563546575,2.361423233198499,31
4,21,0,8.473068223264013,2.209373173500344,36
4,22,0,10.13405704526436,3.013135269003755,45
4,23,0,9.404295052012049,2.649401015386822,47
4,24,0,13.39309120493598,3.537457510739041,63
4,25,0,14.25618683320814,3.736046749481513,69
4,26,0,14.22389719052779,3.149113862844418,79
4,27,0,13.99868372679989,3.196525413858731,79
4,28,0,13.51186608075903,3.0200024650867,82
4,29,0,9.560088413452458,2.28767740698513,56
5,0,0,0,0,0
5,1,0,0,0,0
5,2,0,0,0,0
5,3,0,0,0,0
5,4,0,0,0,0
5,5,0,0.04909273571617574,0.002410096700098278,1
5,6,0,0.2186770883442822,0.04781966896673298,1
5,7,0,0.9290417886396508,0.404268025674866,3
5,8,0,1.083052379107737,0.411988484973593,4
5,9,0,0,0,0
5,10,0,1.429628335899168,0.4427148401645049,6
5,11,0,3.534995460843723,3.653080008574889,5
5,12,0,3.065227987219001,0.9595091295366954,13
5,13,0,3.037676471288425,1.173407829333341,12
5,14,0,1.985711405238657,0.5342724285731746,9
5,15,0,6.532933950696591,9.629254922150039,14
5,16,0,3.033417624077196,0.9622575394615317,12
5,17,0,4.250829691963757,1.291103043081576,18
5,18,0,5.679693413806933,1.700445245444006,23
5,19,0,7.225790716421777,2.287842846354808,31
5,20,0,7.44434242520184,1.91986165215455,36
5,21,0,9.547174782516716,2.381923086796611,45
5,22,0,10.57348272871522,3.577091636024786,45
5,23,0,12.44044716605551,3.158046190805703,60
5,24,0,12.26192174400721,2.754670486775165,69
5,25,0,11.76408165995443,2.487867301687396,65
5,26,0,12.94426485411129,2.48668750087286,76
5,27,0,26.88442528520634,164.911743775635,74
5,28,0,12.6910383860213,2.538192555493698,79
5,29,0,11.30570089389224,2.050054526056665,74
6,0,0,0,0,0
6,1,0,0.03310921337011798,0.001096220009987999,1
6,2,0,0,0,0
6,3,0,0.09227862642617581,0.008515344895101711,1
6,4,0,1.004600548484706,0.4268362019738586,4
6,5,0,0,0,0
6,6,0,0.4467622315633727,0.1995964915514847,1
6,7,0,0.564239354485219,0.1606017899989409,2
6,8,0,0.3379907899089059,0.07781153019549472,3
6,9,0,0.4821781838156307,0.09190121566428656,3
6,10,0,1.308663841547367,0.440899251513897,5
6,11,0,3.187784391713435,2.160891928975405,6
6,12,0,0.987294016306169,0.5235269574142847,2
6,13,0,2.383442716595829,1.149035507742587,7
6,14,0,3.454510665698986,1.288824110501235,12
6,15,0,4.795581834473357,2.147277395921664,16
6,16,0,5.907843352904619,2.110493122954508,23
6,17,0,4.676971627085098,1.410843754279573,19
6,18,0,8.766487057656741,2.817166948876444,37
6,19,0,9.30556160258427,4.407839545297149,31
6,20,0,8.250890126926986,2.097771361345656,40
6,21,0,10.4916669046221,2.922640026248667,45
6,22,0,16.00819176191954,8.594575651988798,65
6,23,0,10.74823136834654,2.663403840251468,52
6,24,0,16.141084504643,5.446909303496793,70
6,25,0,15.26978906568152,4.892077696103194,71
6,26,0,13.63602932548477,3.061127051692964,73
6,27,0,16.99822536622244,4.693821848881535,87
6,28,0,14.43655035868253,2.939294132321868,88
6,29,0,12.2899201906716,2.36797608460097,78
7,0,0,0,0,0
7,1,0,1.412634197747221,1.995535376644935,1
7,2,0,0.07609125440196805,0.005789878996465023,1
7,3,0,0.4028856112438617,0.1491357375331223,2
7,4,0,1.385476531521242,1.122822184710971,2
7,5,0,0.4647674676618667,0.1211528234077523,2
7,6,0,1.412043535243412,0.5763103250201084,4
7,7,0,0.9145079349302015,0.427006569322131,2
7,8,0,0.9363094758517736,0.3143973018091646,3
7,9,0,1.794006225065828,0.6217330168954892,6
7,10,0,2.363819778802914,1.162165981118697,6
7,11,0,1.640077294583507,0.4662142022569378,6
7,12,0,0.4818071750728072,0.1207434012370961,3
7,13,0,0.7199114539237206,0.1570865221153772,5
7,14,0,3.626984826479751,1.491065916748103,12
7,15,0,6.306037381061408,3.132642863642858,21
7,16,0,5.790868038488489,1.836372726513938,22
7,17,0,4.7699819970736,1.053840477584324,25
7,18,0,4.851078136499279,1.571539012042586,23
7,19,0,7.497813136390823,2.624597422808091,30
7,20,0,11.84883122158478,13.45082157331884,37
7,21,0,9.048179815133876,2.65247785032454,44
7,22,0,17.59996141889415,7.672612911874551,72
7,23,0,14.46643198354177,3.680855561311022,69
7,24,0,13.4333422299211,3.895963777748164,68
7,25,0,16.58662898499828,4.384004634358124,79
7,26,0,15.24939496264164,3.322067287395041,84
7,27,0,17.96066643921778,4.530839456667406,103
7,28,0,19.16687874347922,8.680571757942303,100
7,29,0,12.81276681044211,2.627081353009415,76
8,0,0,0.2814334389127512,0.07920478053825726,1
8,1,0,0,0,0
8,2,0,0,0,0
8,3,0,0,0,0
8,4,0,0,0,0
8,5,0,0.1659069554256944,0.02752511785862334,1
8,6,0,0,0,0
8,7,0,1.023323449282387,0.4688223771937063,3
8,8,0,4.015502205509889,6.46251636987959,6
8,9,0,0.9480624420265268,0.3154733512234022,3
8,10,0,2.916741069132351,1.682658183766908,6
8,11,0,3.036892698958415,1.235632977762338,9
8,12,0,2.557222863523782,1.535708124086176,6
8,13,0,2.847809371032722,0.9294547794708984,11
8,14,0,2.893347757548502,0.8315141154252503,12
8,15,0,2.465576063759751,0.6554816441303858,12
8,16,0,5.74141360396752,2.412647725001023,18
8,17,0,6.510771695252969,2.604216228808117,24
8,18,0,6.385573039652877,1.543922699749913,31
8,19,0,11.90420901182817,6.45216136925691,43
8,20,0,8.990147219719743,2.412044859635632,41
8,21,0,8.971563149644622,2.253445572220655,40
8,22,0,9.369325965236786,2.027454048739518,48
8,23,0,17.23836367466054,14.85913009551041,62
8,24,0,15.03480508531716,6.077273416682957,72
8,25,0,14.26795690525815,5.006822120142708,65
8,26,0,15.97249550851252,4.152050926679745,81
8,27,0,16.67454228816431,3.834232137526593,93
8,28,0,16.35173528837325,3.266645467218213,99
8,29,0,11.27736148378138,2.427967993245499,70
9,0,0,0.04394443613259352,0.001931113467011591,1
9,1,0,0,0,0
9,2,0,0.4364115074552762,0.1904550038393866,1
9,3,0,0,0,0
9,4,0,0.7617540581543163,0.19574915741511,4
9,5,0,2.551321986833222,6.498289696118201,2
9,6,0,0.1828971505650944,0.0334513676848308,1
9,7,0,0.6138229103918468,0.1718120246858995,3
9,8,0,0.6764538252872412,0.4575897777457414,1
9,9,0,3.24228121150603,4.523538664400447,5
9,10,0,2.008306457246045,0.7347817021994112,6
9,11,0,0.273631556102829,0.07487422849525567,1
9,12,0,3.633942396108668,1.732810857892913,10
9,13,0,3.543946107382414,1.146522315271612,14
9,14,0,3.188434327723867,0.8199604733905087,14
9,15,0,5.629119739394775,6.327098684993999,12
9,16,0,4.221414711804038,1.11528811408889,20
9,17,0,6.729573647478443,2.582314634055966,25
9,18,0,5.868007077678657,1.679910388142558,24
9,19,0,9.295830564405799,6.344212146884225,33
9,20,0,6.015552334390958,1.120145727618677,35
9,21,0,12.04530185234117,4.080883578007749,50
9,22,0,17.98413231376746,5.246415670366078,75
9,23,0,12.87455926461898,3.473525164792567,65
9,24,0,15.72640687398295,4.853928276723356,70
9,25,0,15.24362890031641,4.087995427632651,81
9,26,0,16.76842814283241,3.674174763488012,90
9,27,0,14.34895282708606,2.80163444170614,87
9,28,0,16.18593556991249,3.212646382269184,96
9,29,0,19.16079214719844,4.452811842237929,109
10,0,0,0,0,0
10,1,0,0,0,0
10,2,0,0,0,0
10,3,0,0.3969782993943843,0.1575917701900574,1
10,4,0,0.2358447463918961,0.05562274440065779,1
10,5,0,0.2469403815121253,0.06097955202135399,1
10,6,0,0.3240670713025498,0.05947213641744588,2
10,7,0,2.14502085617278,2.249769421764936,3
10,8,0,1.493535140629705,0.5931234662427586,4
10,9,0,0.6028644235860305,0.1821699913772023,2
10,10,0,3.191665825883651,1.771247682984962,9
10,11,0,1.976416705059416,0.7587940195277918,7
10,12,0,3.357573487886429,1.631912995039536,13
10,13,0,2.779066415282139,1.492385429793591,7
10,14,0,3.416159986682017,1.191179211336258,11
10,15,0,5.400259495306841,1.702117952029593,20
10,16,0,7.81748533167042,5.905262529675213,24
10,17,0,6.090100477856584,2.060428782747401,23
10,18,0,6.307026798168405,1.522995914078984,31
10,19,0,9.454998723237718,2.407058092060937,43
10,20,0,6.716504849374936,1.478382105627847,35
10,21,0,16.63060653188611,13.37712010618769,58
10,22,0,13.26284088648513,3.583681269589833,61
10,23,0,13.30423644551973,3.924079300815451,62
10,24,0,12.92487050738002,3.027655828788089,66
10,25,0,17.1202509039633,4.888384311504375,82
10,26,0,13.34383428623103,2.813314367507222,78
10,27,0,20.65794805921488,8.028156610226391,99
10,28,0,15.93181737310172,3.97331361925433,90
10,29,0,14.6588713258178,3.418056939212504,86
11,0,0,0,0,0
11,1,0,0.03193765639651975,0.001020013896102159,1
11,2,0,0,0,0
11,3,0,0.2990848101883699,0.08945172368541322,1
11,4,0,0.7580315633571352,0.5016804830885049,2
11,5,0,0,0,0
11,6,0,0.03788905534791188,0.00143558051515713,1
11,7,0,0.6477433347292939,0.2312004411885263,2
11,8,0,2.028841908097788,0.9169987845406528,5
11,9,0,2.06117798661412,0.6932246995273402,9
11,10,0,1.71485229438483,0.9892460823207925,5
11,11,0,1.835169356044652,1.054539809910569,5
11,12,0,2.163401700385234,1.007027417288463,5
11,13,0,2.074548636169604,0.4913154574060616,9
11,14,0,4.816237412918347,1.683950275561328,18
11,15,0,8.077722812105701,3.0479078155652,26
11,16,0,7.179197069776764,4.599609331442746,22
11,17,0,4.597573090898757,1.193283104076656,22
11,18,0,6.507357865079989,2.27846135918811,28
11,19,0,8.315694752070518,2.19122665531047,36
11,20,0,9.003455403281244,4.203933539590263,32
11,21,0,10.57382349955864,2.815687355566593,48
11,22,0,10.22587845432142,2.527635137535733,51
11,23,0,14.08706750184071,3.358289491913486,71
11,24,0,14.09323926247955,3.693609271023525,67
11,25,0,17.01459197017637,9.426292540672296,78
11,26,0,16.47134453269642,3.891294421301731,90
11,27,0,18.54071010423806,3.707756928270411,108
11,28,0,14.03595919275287,2.901391142649763,87
11,29,0,18.29383609669932,4.253865339836013,105
12,0,0,0,0,0
12,1,0,0,0,0
12,2,0,0.5571594704582762,0.1874608852790654,2
12,3,0,0.5933957448029563,0.1989367604067064,2
12,4,0,1.022347473041895,0.5160272497708611,3
12,5,0,0.2986312046091695,0.08918059636632364,1
12,6,0,0,0,0
12,7,0,0.6961281101679352,0.224605421391798,3
12,8,0,0.3476498900281483,0.1208604460365836,1
12,9,0,0.4822325583791428,0.1164287907326728,2
12,10,0,3.785967671205597,1.585243897827729,11
12,11,0,0.3967040730897157,0.08124142204641874,3
12,12,0,2.988089897372061,1.063457610115021,10
12,13,0,3.113463072038989,0.9604699843854265,11
12,14,0,4.569089838445811,2.04134939717906,14
12,15,0,3.276983265957159,0.7764714543462482,17
12,16,0,2.562948058223708,0.823998766372493,13
12,17,0,9.201484184731505,3.461293130855408,34
12,18,0,7.382808343178145,6.062630716662919,23
12,19,0,11.75282021080462,11.20141699173452,37
12,20,0,8.642612058052439,2.832396020162309,34
12,21,0,9.814812823720834,2.448768007497513,46
12,22,0,16.67887137289723,7.952247231485283,66
12,23,0,15.31583246841374,5.718605858030102,67
12,24,0,10.18566818570014,2.462222870115026,52
12,25,0,17.87137035188915,5.200703143009667,83
12,26,0,12.17360587965202,2.741651305377906,67
12,27,0,16.38089481170013,4.528202143826819,88
12,28,0,19.83097264685221,4.758362061139404,105
12,29,0,16.5307982814005,3.412848646278837,95
13,0,0,0,0,0
13,1,0,0,0,0
13,2,0,0,0,0
13,3,0,2.859068973314887,4.97056210634686,4
13,4,0,0.1566072809511485,0.02452584044691196,1
13,5,0,0.3359967226659596,0.1128937976422658,1
13,6,0,0.8570590672201488,0.3883537572667911,2
13,7,0,0.7751377248677978,0.2680300052519196,3
13,8,0,0.5087129417242408,0.2260610699768253,2
13,9,0,1.363477480274909,0.4676609425074941,6
13,10,0,2.180713802931998,0.6791681007284183,9
13,11,0,4.174676122531878,2.093885457182131,11
13,12,0,6.305587142207004,3.380704201996899,16
13,13,0,4.776548381951359,10.34120488189022,7
13,14,0,4.338332652163502,2.577726611336417,14
13,15,0,3.986033903978499,2.057090561432908,11
13,16,0,4.203266416470592,1.504579501465552,18
13,17,0,5.813340643867409,2.001229448911266,25
13,18,0,8.836126337942408,2.770150943364499,37
13,19,0,8.953048142057906,2.903383256062429,33
13,20,0,9.948404428204926,2.445540555442082,45
13,21,0,9.45211572864509,2.499580220899186,50
13,22,0,19.07658816855,16.27055519813899,62
13,23,0,14.08009020931656,3.359103119144335,70
13,24,0,13.18199093234496,2.803711506743658,71
13,25,0,19.41294616377118,7.722051755084547,94
13,26,0,15.0373538655968,3.280667850678585,86
13,27,0,17.47069700909394,3.593728901329179,104
13,28,0,13.79541342161069,2.92044635804756,80
13,29,0,16.38373400414137,4.016206548102654,98
14,0,0,0,0,0
14,1,0,0.01990924667583285,0.0003963781031991614,1
14,2,0,0,0,0
14,3,0,0.4023096603624398,0.1400355502735587,2
14,4,0,0.3001594056997929,0.09009566883005285,1
14,5,0,0.4625049950777852,0.2139108704719021,1
14,6,0,1.883292718057379,0.8169212429849985,5
14,7,0,1.833830469193112,1.839131326894621,3
14,8,0,0.9534206301282842,0.3160057756594882,3
14,9,0,0.8001169671596897,0.3548610336594493,2
14,10,0,0.555426144394082,0.1233013539131359,4
14,11,0,3.872940970096518,2.323719468620282,11
14,12,0,2.530465312322735,1.006179711035767,9
14,13,0,4.983526377257876,2.05827975592279,19
14,14,0,6.274025063976238,2.052053065466007,23
14,15,0,4.523961623187874,1.863453724210459,15
14,16,0,4.949108413198157,1.559489028559053,20
14,17,0,7.032805768091113,3.057837915148741,24
14,18,0,9.001330548350168,9.189992686356305,24
14,19,0,8.891062887642196,4.253870130356732,34
14,20,0,8.044510929539411,1.988549695484773,39
14,21,0,11.75931156869471,6.780440662127647,45
14,22,0,13.7064262285699,3.378747801816269,68
14,23,0,19.74649342724686,6.735500506114803,85
14,24,0,16.17556558564933,12.2372075448308,71
14,25,0,13.8636492406546,2.817543576960597,78
14,26,0,20.01618130825217,8.087482440831986,92
14,27,0,15.90399380299492,3.470679845575217,91
14,28,0,16.23015276493655,3.276728085490528,97
14,29,0,15.76967124918809,3.235282944600063,92
15,0,0,0,0,0
15,1,0,0,0,0
15,2,0,0,0,0
15,3,0,0,0,0
15,4,0,0.8043167977272192,0.3482350877746066,2
15,5,0,0.2302629178528198,0.05302101133809445,1
15,6,0,0.6581703512611585,0.2313550978041248,2
15,7,0,0.5671668909825689,0.1483351837985496,3
15,8,0,1.0604132400588,0.584038280772982,3
15,9,0,1.007399126753622,0.5096343529553609,2
15,10,0,0.9793111739497825,0.4353488030983397,3
15,11,0,2.964324475575492,1.300945355733238,8
15,12,0,5.472719912579545,5.820840747337709,14
15,13,0,2.603254031854137,0.9336227875151021,9
15,14,0,2.626579844518367,0.7509729315896371,10
15,15,0,3.889352315565255,1.181256006489194,16
15,16,0,6.70221046980658,2.009656744661294,25
15,17,0,6.90960249492525,2.613733010619746,24
15,18,0,6.284297790902586,1.526027213057987,30
15,19,0,6.716990756691822,1.750854930279327,30
15,20,0,7.547070603921052,2.017592906247534,36
15,21,0,11.61945968242911,4.034672736678512,50
15,22,0,10.53191942667668,3.046649939421793,51
15,23,0,12.02067751684443,2.65643818859298,67
15,24,0,13.65743004579093,5.43256362721776,58
15,25,0,19.01067451744385,5.714334352153596,98
15,26,0,15.71788860824263,3.877511054542197,83
15,27,0,13.01932400256234,2.783429711343173,74
15,28,0,15.77494568039545,3.135807277233984,92
15,29,0,14.17111176521597,4.713129020800858,80
16,0,0,2.984361408426138,6.394115865350373,2
16,1,0,0,0,0
16,2,0,0,0,0
16,3,0,0,0,0
16,4,0,0,0,0
16,5,0,0.2559259804374655,0.06549810746287794,1
16,6,0,0.8134411460979125,0.3161128839104044,3
16,7,0,1.18031906798638,0.7495133373549723,2
16,8,0,0.4521565925685596,0.1022311331716834,2
16,9,0,0.6181154467240068,0.1912689598302297,2
16,10,0,1.448698099145986,0.4131439777734954,6
16,11,0,3.821703791380136,3.611135312756592,8
16,12,0,2.657382296665308,1.040114323819273,9
16,13,0,3.7186182405937,1.363350975886052,13
16,14,0,4.22623224891885,1.81680119886903,15
16,15,0,6.127157933299832,3.546643260457087,19
16,16,0,5.816036576139323,2.613745988619933,19
16,17,0,8.52467503390586,2.806154175968025,31
16,18,0,5.529188830515963,1.572119489967218,25
16,19,0,5.622090940836948,1.652416664575055,25
16,20,0,9.993364759848127,2.98339733916496,47
16,21,0,10.81656374058509,3.382456366465493,49
16,22,0,10.15659562192768,2.3354438182155,50
16,23,0,15.09380892931149,3.70030094863271,72
16,24,0,16.20943595051546,4.453776477863659,75
16,25,0,13.96119223257204,2.93426176421337,75
16,26,0,16.60453210290752,3.617447099210986,92
16,27,0,21.78278463520587,39.71938964561001,86
16,28,0,15.30438464337247,5.951462796668634,83
16,29,0,15.27990579421155,5.070253360523143,79
17,0,0,0.07289635772553277,0.005313878969648841,1
17,1,0,0,0,0
17,2,0,0,0,0
17,3,0,0.5994750656132517,0.1672379935986983,3
17,4,0,0.3673738958613942,0.1349635793603785,1
17,5,0,0.7340580814753471,0.2722556197616541,2
17,6,0,0,0,0
17,7,0,0.6010190966641317,0.1641951513061275,3
17,8,0,1.206811748316711,0.7293299042756055,2
17,9,0,0.3761989547819419,0.07084123101959522,2
17,10,0,3.028157334934066,1.353082493743082,8
17,11,0,2.164165036206375,1.259152565996078,5
17,12,0,1.811123216065266,0.4494889325056174,8
17,13,0,3.093752328373766,0.9856167855565338,12
17,14,0,6.327019074174654,8.135029641863783,15
17,15,0,3.468076153195102,0.9500382125020187,14
17,16,0,6.11855252817866,2.097665764024816,25
17,17,0,9.061721747169798,3.336648572186155,35
17,18,0,8.453195616618624,3.535561564608628,32
17,19,0,9.045963723183265,6.273077684010278,34
17,20,0,10.43650058996984,8.535275975361797,38
17,21,0,8.900357396565221,2.322946382313827,42
17,22,0,12.04538813049381,5.274267115396583,45
17,23,0,12.78033515299669,3.981975198696639,59
17,24,0,13.38482669969305,3.93069131697442,63
17,25,0,14.28300831629013,4.015203740448423,71
17,26,0,17.47515545450198,4.215355201466601,96
17,27,0,15.17417803306257,3.323263786148008,84
17,28,0,17.26180068226325,3.568065680201068,98
17,29,0,13.60606592850158,2.504354233007301,85
18,0,0,0,0,0
18,1,0,0.2104001893894993,0.04258726138058416,2
18,2,0,0.0003036570777502981,9.220762086785058e-08,1
18,3,0,0.00110943218313515,1.230839768976026e-06,1
18,4,0,1.051097833984035,1.10480665660593,1
18,5,0,0.290251801182301,0.07228850564952567,2
18,6,0,0,0,0
18,7,0,1.71983956655594,1.41381165921035,3
18,8,0,1.487362476941821,0.5112057630581035,5
18,9,0,1.036999013648948,0.287974606349243,4
18,10,0,1.481485191422957,0.3962376144240011,7
18,11,0,1.083328602359303,0.3948665839156713,3
18,12,0,2.324473682650772,1.299001795487243,6
18,13,0,2.896185413566406,1.204232215066815,9
18,14,0,4.008655063368842,1.9907306293699,12
18,15,0,4.784140260927925,2.001172593098844,15
18,16,0,5.165176201877886,1.343655634160881,23
18,17,0,8.009438749886298,3.127079998984117,27
18,18,0,9.425775195077414,2.933589660102012,38
18,19,0,8.825876214442792,2.990174672177695,38
18,20,0,9.776057035621781,3.152514531854208,39
18,21,0,8.707354191725795,2.916814640562716,43
18,22,0,9.818223553549302,2.483009731669224,49
18,23,0,15.4625205745263,5.3269527103282,65
18,24,0,17.70413211697315,6.600849661228414,83
18,25,0,16.50030879342034,4.707992682275183,86
18,26,0,11.61126299941213,3.038929075051458,59
18,27,0,17.56710568022672,5.184293133340957,94
18,28,0,18.67299784756364,9.584076342967085,98
18,29,0,17.33105828520535,3.834507861811022,96
19,0,0,0,0,0
19,1,0,0.002151686972356129,4.629756827007083e-06,1
19,2,0,0.3136296906543919,0.09836358285996956,1
19,3,0,0,0,0
19,4,0,0,0,0
19,5,0,0.7529511082479381,0.3165605858789856,2
19,6,0,1.569453269145217,0.7831474823482191,4
19,7,0,0.3244203478550545,0.1052485621023946,1
19,8,0,2.843242419698678,1.67955577151768,8
19,9,0,3.354045526511535,1.579928091335225,9
19,10,0,2.695724072330769,1.226783819089347,7
19,11,0,2.058466713116085,1.059171985302299,7
19,12,0,4.877821542489915,3.118790032403336,12
19,13,0,3.186288137073853,1.214532295119402,12
19,14,0,6.130655714014842,2.290796624013693,20
19,15,0,6.944200984431194,10.13588920576231,19
19,16,0,4.521263816320843,1.33743651004537,18
19,17,0,6.224707260438312,2.73021703339003,26
19,18,0,9.128348936622382,2.342490424366527,41
19,19,0,9.160836823167063,3.215174012377828,37
19,20,0,12.66127038827611,4.120112516603788,50
19,21,0,11.98664915711358,3.07751066568094,58
19,22,0,9.15780272978378,2.166424237812665,48
19,23,0,15.48438536193528,5.326642620483605,69
19,24,0,18.58384487621785,14.47854758424369,75
19,25,0,17.31161888474847,4.415421359571146,88
19,26,0,12.46586633847118,2.525004387505704,71
19,27,0,16.88809221097699,4.516836825316173,91
19,28,0,21.19431803185475,6.78046086408662,107
19,29,0,16.32264776928493,3.35478410041368,95
20,0,0,0,0,0
20,1,0,0,0,0
20,2,0,0.3383639055348733,0.1144901325688127,1
20,3,0,0,0,0
20,4,0,0.1286198797889879,0.008272513255848508,2
20,5,0,0.2774055686865796,0.07695384953832464,1
20,6,0,0.2874990549762507,0.0768009758813028,2
20,7,0,1.223412538969774,0.4396983768412907,4
20,8,0,0.4588823180155261,0.1087986127284327,2
20,9,0,1.417011318248864,0.6025833742682866,4
20,10,0,1.68701104951261,0.9495532354576022,5
20,11,0,2.218494567596535,0.973099881054818,8
20,12,0,0.273130298768717,0.04743527645200476,4
20,13,0,3.244323664921428,1.434930599003763,11
20,14,0,5.068685151199526,2.124035852472011,15
20,15,0,5.986201844706532,2.014735337698029,25
20,16,0,5.021674631579945,3.333326667616137,17
20,17,0,10.51433853792753,4.214991689857042,40
20,18,0,7.581752183049164,3.195713707373478,28
20,19,0,8.803385635930631,3.498608031206663,32
20,20,0,11.04383276509687,2.589422303381049,54
20,21,0,10.03974252980098,3.215707707339587,43
20,22,0,13.9818226616988,3.721025984973209,69
20,23,0,14.42251438366699,12.02943083347689,56
20,24,0,14.50475107440633,3.736314024054365,71
20,25,0,14.60413114988764,4.887147351927201,73
20,26,0,21.39044667185368,10.50296293357238,95
20,27,0,18.9297362030951,4.408578146850489,105
20,28,0,15.03815692646447,3.334782607366308,83
20,29,0,16.30985710373631,3.635426998945505,94
21,0,0,0,0,0
21,1,0,0.3374568587679505,0.1138771315295325,1
21,2,0,0.1518163811525713,0.0230482135862628,1
21,3,0,0,0,0
21,4,0,0.7533904395286802,0.567597154373218,1
21,5,0,0.6652853804173569,0.1911933419285191,3
21,6,0,0.2001294783325215,0.0400518080976472,1
21,7,0,1.22124476476087,0.3233006412821501,6
21,8,0,0.6584986513754394,0.1898766599293622,3
21,9,0,2.145148107380795,0.6974117827387674,7
21,10,0,2.571049625262382,1.474305455856616,11
21,11,0,2.328690155111562,0.7344925470216647,9
21,12,0,5.003732062188265,1.829424508890565,17
21,13,0,2.094548287612098,0.6047426185796175,8
21,14,0,1.99784207638685,0.6508663730179537,7
21,15,0,4.128986774533351,1.180999143305936,16
21,16,0,4.413730772533953,1.189909887578736,19
21,17,0,5.374189849549259,1.276941541293063,25
21,18,0,9.505514385495216,4.81375045903547,28
21,19,0,11.21536335598323,3.573743312479963,45
21,20,0,8.587904013968197,2.500792442333475,36
21,21,0,16.6831674441668,14.99596771387034,50
21,22,0,13.44040034605232,3.19878674326307,66
21,23,0,14.87802177633265,11.20659266750084,52
21,24,0,11.87975426274613,3.177822226500082,56
21,25,0,14.79357048425903,3.816575368110529,71
21,26,0,15.84777841618806,3.226492584754671,89
21,27,0,20.68709539080876,5.301854929536852,111
21,28,0,20.44777233067665,7.445925343759729,95
21,29,0,14.63074649786072,2.748438720778656,90
22,0,0,0,0,0
22,1,0,0,0,0
22,2,0,0,0,0
22,3,0,0.08440302624400536,0.007123870839146259,1
22,4,0,0.3783384093937794,0.1431399520226151,1
22,5,0,0.2040922705410695,0.04165365489460912,1
22,6,0,0.2209002699533534,0.04879692926546438,1
22,7,0,0.03649801328627045,0.0007346447200845135,2
22,8,0,0.9296533602319875,0.7725692421077304,2
22,9,0,2.38839776813611,2.429522041226226,4
22,10,0,1.537184480870534,0.898136849128999,3
22,11,0,6.321106065292749,14.07066585126998,9
22,12,0,6.841533486462644,27.44993659514686,6
22,13,0,3.100965128714345,1.606976128155357,9
22,14,0,2.633043256584965,0.9648297226535014,9
22,15,0,6.322831284628485,3.414872382876258,22
22,16,0,9.404639093718112,6.987860367056388,27
22,17,0,6.228484048261768,1.709985565604223,26
22,18,0,8.34887757757348,2.854896143671802,30
22,19,0,6.656814840624297,1.821242696885635,33
22,20,0,13.89592251411548,6.59357883166467,51
22,21,0,10.13471441480527,3.746769493611859,42
22,22,0,13.16740932592576,3.534505275506385,58
22,23,0,13.00625316256377,3.866017897413672,57
22,24,0,11.65491845996563,2.759079976749475,60
22,25,0,15.72875476537949,3.639502312793411,83
22,26,0,16.01277496891044,3.861786723489872,84
22,27,0,15.84894749250398,3.583070514054925,91
22,28,0,15.34424808018684,4.012018980745871,81
22,29,0,15.32893319440411,3.439467985976269,86
23,0,0,0.4431221089651539,0.1053992820596803,2
23,1,0,0,0,0
23,2,0,0,0,0
23,3,0,0.3262774080844226,0.1064569470262889,1
23,4,0,0.04750155693001647,0.002256397910775595,1
23,5,0,0.8813225219086223,0.4270138680100545,2
23,6,0,0.329256504394693,0.1084098456862125,1
23,7,0,0.7128062350523061,0.22578144659521,3
23,8,0,0,0,0
23,9,0,1.916107544645679,0.9123888604823213,6
23,10,0,10.74508618345973,94.15693372239238,5
23,11,0,2.89867707848836,1.695103966723915,9
23,12,0,2.055142569824988,1.179290008874884,5
23,13,0,2.891649432933889,0.9210571594531582,10
23,14,0,3.800511967953614,1.83173155591971,12
23,15,0,3.149886730438944,1.017759694957892,12
23,16,0,5.419944496167358,2.093189257288974,19
23,17,0,6.147809800190854,2.560270572311162,23
23,18,0,7.611992022608614,2.509423392804165,31
23,19,0,7.997094543928498,2.459235242225515,32
23,20,0,9.590790692829184,2.617607697269126,42
23,21,0,8.27910356866683,2.226362723902892,38
23,22,0,8.075157482153717,1.91507786029544,41
23,23,0,13.66700403063538,4.036930394486593,65
23,24,0,13.29002623183469,3.486934973070909,64
23,25,0,14.7742336348797,3.342497522273451,77
23,26,0,21.11376427158981,9.855100874534909,92
23,27,0,14.12000593689493,3.074084159906994,80
23,28,0,14.17050826124029,2.902813461295332,79
23,29,0,13.8428570054813,2.561797013068493,85
24,0,0,0.1937040689580881,0.01504150506646165,3
24,1,0,0.006660456279804343,4.436167785518511e-05,1
24,2,0,0,0,0
24,3,0,0,0,0
24,4,0,0,0,0
24,5,0,0.4414378642421163,0.1005433278818996,2
24,6,0,1.931270355165011,2.262149831313127,3
24,7,0,0.3151776546228062,0.09933695397353288,1
24,8,0,1.523202805449386,0.6280762155428098,4
24,9,0,2.562832301592384,1.148498528717726,7
24,10,0,1.345755979241835,0.7768439597682404,4
24,11,0,1.991996758396554,0.7133590807104111,7
24,12,0,1.257744260332691,0.3553555254814391,7
24,13,0,2.422323094087129,0.7591626857971744,10
24,14,0,2.70510875581193,1.092061186682401,9
24,15,0,3.943734979251182,1.284601545675705,14
24,16,0,2.86323989643203,0.6877932577703183,15
24,17,0,5.945691130468592,4.346044569472875,17
24,18,0,6.534765819195257,3.076827891119422,20
24,19,0,8.55085109905265,2.993434718057858,32
24,20,0,7.898890421441564,2.520254779198135,31
24,21,0,12.01510698006219,3.77422384453001,55
24,22,0,7.557194196347882,1.666922112073277,40
24,23,0,10.99323737404897,4.195343723962249,50
24,24,0,10.62113218221225,2.757662876178849,53
24,25,0,13.13848760704736,3.079411313083188,70
24,26,0,15.59114349150959,3.310157766975169,87
24,27,0,16.34983061976235,4.264371531009745,90
24,28,0,17.22090597389381,4.094184231069069,93
24,29,0,16.19938555069821,3.749055092851893,91
25,0,0,0,0,0
25,1,0,0,0,0
25,2,0,0,0,0
25,3,0,1.032087854771922,0.3669512170855029,4
25,4,0,0.2997374381991431,0.08984253185818511,1
25,5,0,0.08982492078101703,0.008068516393315985,1
25,6,0,0.316251518464051,0.100015022930818,1
25,7,0,1.798576723222663,0.9356717768380873,4
25,8,0,1.079785826262636,0.490258590989826,3
25,9,0,0.2941669642825926,0.08653420287523611,1
25,10,0,0.2273775376588246,0.05170054463179018,1
25,11,0,2.700006498660907,2.599739979811357,6
25,12,0,2.996517648415181,1.613428415723231,8
25,13,0,2.18808980378696,1.012076418389746,6
25,14,0,2.201840185989871,0.5184947546414869,10
25,15,0,2.325921153993141,0.5991276414530784,11
25,16,0,4.820036525748792,1.198609718092252,24
25,17,0,5.493755163129381,1.892176815823693,22
25,18,0,8.113368531656359,4.732868997460151,26
25,19,0,8.647916368072993,2.740586889288588,36
25,20,0,8.573130807179078,2.808975019492146,35
25,21,0,8.768540612495826,2.515863888406707,37
25,22,0,9.611819899582136,2.230883767959882,49
25,23,0,13.16382143883262,3.490630827284947,63
25,24,0,10.23552698958308,2.943028780343335,50
25,25,0,12.20490700101132,3.571519380624693,64
25,26,0,15.41717526652175,4.452879939665652,73
25,27,0,12.60620499393669,2.643102325882047,74
25,28,0,12.79374439802808,2.460233978907469,78
25,29,0,14.27318037598245,2.697462315151812,86
26,0,0,0,0,0
26,1,0,1.656530503333855,1.811664044880484,2
26,2,0,0,0,0
26,3,0,0,0,0
26,4,0,0.2238936677797964,0.05012837447188986,1
26,5,0,0.3251836282556733,0.1057443920855239,1
26,6,0,0.5941322486969935,0.1774985216143053,2
26,7,0,0.4089437911487313,0.1407466959729564,2
26,8,0,0.5710299133590341,0.326075161950826,1
26,9,0,0,0,0
26,10,0,1.8201791387702,0.5020482566557511,7
26,11,0,1.548139231579528,0.4483427035510331,7
26,12,0,1.209475950260258,0.3703263989276124,4
26,13,0,1.728561823564424,0.4443690369104116,8
26,14,0,4.822166376899423,2.753776901677397,13
26,15,0,4.240731012505326,1.64518111430708,13
26,16,0,3.221843905265133,0.7563597351028502,15
26,17,0,6.186434250465899,3.955145828729927,19
26,18,0,7.441716885815564,7.245600937254376,24
26,19,0,6.703204898792229,2.644763462578946,25
26,20,0,6.025081329172327,1.383144527983935,31
26,21,0,8.119025081959863,2.375222325819867,34
26,22,0,8.683470384345645,1.849055458894795,44
26,23,0,9.803383169729308,3.002719001796223,47
26,24,0,10.16594931030204,2.2301818851404,54
26,25,0,13.85457133022238,3.790124333293569,67
26,26,0,10.47534867279503,1.825949033620956,67
26,27,0,15.06212616462193,3.053889329725667,90
26,28,0,14.44707614009544,3.27728556667247,84
26,29,0,15.94712362941001,14.30146720611546,73
27,0,0,0,0,0
27,1,0,0,0,0
27,2,0,0,0,0
27,3,0,0,0,0
27,4,0,0.3849750670176093,0.1482058022252127,1
27,5,0,0,0,0
27,6,0,0.3302755764113382,0.1090819563738417,1
27,7,0,0,0,0
27,8,0,0.3073911549621474,0.0944893221489629,1
27,9,0,1.038601057640164,0.783014905859878,2
27,10,0,0.6273646173258658,0.1916825814991737,3
27,11,0,0.7898247678872305,0.2081220687364993,3
27,12,0,2.623283622184791,0.6647840662423998,11
27,13,0,2.598176690486985,0.8574603432123934,10
27,14,0,4.187446794527351,1.556579114371012,15
27,15,0,3.650051176955826,1.001056937026479,15
27,16,0,6.578522581677052,9.560690896602264,17
27,17,0,5.8565087681147,1.808302426352817,25
27,18,0,4.362877738645714,1.509309667352442,17
27,19,0,7.872470195529726,10.86681871748658,23
27,20,0,8.49749830977513,5.006152438296286,28
27,21,0,7.368540333119134,2.327978166788351,33
27,22,0,7.604814214010021,2.017895735604313,35
27,23,0,10.69691883319811,2.682795298210162,52
27,24,0,7.040785341465405,1.357452459044993,42
27,25,0,10.66936728152935,3.540132058593592,54
27,26,0,11.64232448412031,4.965077271040169,54
27,27,0,9.847544653443411,2.21821238702285,58
27,28,0,14.47222171563532,3.229145392046584,82
27,29,0,10.73402252721764,2.574816219453799,60
28,0,0,0,0,0
28,1,0,0,0,0
28,2,0,0.4589103701544484,0.2105987278352928,1
28,3,0,0,0,0
28,4,0,0,0,0
28,5,0,0.816460863933004,0.3315677916492462,3
28,6,0,0,0,0
28,7,0,1.652311490675921,1.457907778144256,3
28,8,0,0.4476642791353216,0.1203797224365538,2
28,9,0,0.2960338536925775,0.08763604253207835,1
28,10,0,1.309524807410667,0.5700764321973115,4
28,11,0,2.705102379154811,1.634554676064847,9
28,12,0,1.287017922962738,0.4193653350997146,5
28,13,0,2.915796340111915,1.063145686446522,13
28,14,0,1.020192154047565,0.2264496050599638,5
28,15,0,1.753856489843392,0.3963931712892429,8
28,16,0,5.570595997136354,4.218502166280454,16
28,17,0,4.086909599047575,1.102448048521965,18
28,18,0,6.260476162722485,2.011900013782411,23
28,19,0,5.536142846637643,1.649382586317266,23
28,20,0,5.937098079281498,1.668008150042241,28
28,21,0,5.302142127296242,1.31299568223381,25
28,22,0,8.912663575894651,2.510809062904607,41
28,23,0,6.014577491124266,1.534687151542745,29
28,24,0,9.698881362758769,2.230123987978419,48
28,25,0,5.491785223198224,0.9066425268075091,37
28,26,0,7.386333211445566,1.503192172514462,42
28,27,0,12.71220359390224,2.841390257943936,69
28,28,0,12.31143425288802,4.979187866262142,62
28,29,0,12.21427818502549,2.275321939470972,76
29,0,0,0,0,0
29,1,0,0,0,0
29,2,0,0,0,0
29,3,0,0,0,0
29,4,0,0.0139842676737959,0.000195559742372373,1
29,5,0,0.1783122169347704,0.03179524670819261,1
29,6,0,0.3882596105287555,0.07825351995438212,2
29,7,0,0,0,0
29,8,0,0,0,0
29,9,0,0.814850468228275,0.2353355517870204,3
29,10,0,0.3288124874687354,0.1081176519153773,1
29,11,0,1.659679901646179,1.840359026307239,3
29,12,0,1.483755800949637,0.3680582047733457,8
29,13,0,1.279554045568578,0.5237574709634663,5
29,14,0,1.470520117895034,0.3850276688134494,6
29,15,0,0.2649736535058487,0.04488445446453427,2
29,16,0,3.282516146333327,1.71541392672719,9
29,17,0,3.225227465785819,1.344539904388268,11
29,18,0,5.034664894797087,6.77104278585684,12
29,19,0,4.542717942520167,1.142462362177229,22
29,20,0,4.058301888204157,1.124062166476572,17
29,21,0,6.268462916964996,2.040612802512229,26
29,22,0,6.284624776984248,1.486187727562721,32
29,23,0,10.30219237699454,3.209221663094096,49
29,24,0,6.420174457030097,1.404030842654139,33
29,25,0,8.306376548922032,2.052049375508988,41
29,26,0,8.89112774663619,1.892321230797325,53
29,27,0,8.676111158513416,2.298330865497484,45
29,28,0,10.28631412656442,2.196758903999014,59
29,29,0,7.510983922080539,2.275757751707658,43
