# mesh name: boxMesh_1
# primitive scorer name: doseScorer
# iX, iY, iZ, total(value) [MeV], total(val^2), entry
0,0,0,4.494732282569928,1.373224720023866,16
0,1,0,5.567562023606632,1.626774466803959,22
0,2,0,8.722189292927066,2.391057943529279,33
0,3,0,6.582579013623667,1.988228611800093,23
0,4,0,8.316206379697435,2.321361235132267,34
0,5,0,8.123817485895822,2.206714016702303,34
0,6,0,10.13360759194455,2.530657364788832,44
0,7,0,10.85891740934304,2.815694281912308,46
0,8,0,8.585297778795354,1.994853668321561,43
0,9,0,11.25905522512721,2.753643094318055,52
0,10,0,9.171718172293639,2.028961668629065,47
0,11,0,11.65860585262741,2.624569502959688,58
0,12,0,11.1940331116886,2.317695616817792,60
0,13,0,11.82564424194919,2.421375700910051,62
0,14,0,8.800815282318684,1.77291399972618,48
0,15,0,10.54388388655009,2.148570700173922,59
0,16,0,10.1434561740501,1.957558439905172,60
0,17,0,8.714615023240189,1.757348883671844,50
0,18,0,11.17850889595914,1.912445988954061,71
0,19,0,11.63723419853136,2.089857293599845,71
0,20,0,9.945461220613423,1.681299387683578,65
0,21,0,9.008715451761828,1.592231532890449,57
0,22,0,10.35636996442068,1.775016920607429,69
0,23,0,10.54792133417422,1.789043780492316,70
0,24,0,10.62576765938799,1.593733414508937,74
0,25,0,9.175377661150957,1.571296724046139,62
0,26,0,9.359050712586473,1.403072196320111,67
0,27,0,9.065009535841765,1.352677351549176,68
0,28,0,8.711319632804081,1.297819031645734,64
0,29,0,10.11432659422968,1.585248464708621,72
1,0,0,6.980626961550641,2.104334442871266,26
1,1,0,9.782675907503362,2.934387299456091,35
1,2,0,6.92347138646901,2.12268166388893,26
1,3,0,8.23897261644832,2.196432392649742,34
1,4,0,12.84945499393515,3.707978357335686,50
1,5,0,11.21388524812536,2.886394577231951,48
1,6,0,8.212272538270224,2.100766994094672,35
1,7,0,10.4795669450936,2.818483002257131,44
1,8,0,12.83856229435615,3.389071947197693,53
1,9,0,12.23928047262915,2.722463452994974,62
1,10,0,14.20502865237798,3.333959099344562,67
1,11,0,12.04265602415494,2.506564705268202,62
1,12,0,11.88591692027252,2.60759834684753,58
1,13,0,10.93456292506779,2.233499454109016,60
1,14,0,12.78723453548631,2.494211448014265,69
1,15,0,12.69657745420971,2.451917739278944,70
1,16,0,9.633623939518037,1.907905062698695,55
1,17,0,14.55927160806287,2.839126089827188,84
1,18,0,9.94325180673372,1.816431863018456,58
1,19,0,11.90511639961763,2.155257491548217,71
1,20,0,11.66806483709736,2.153511919246812,70
1,21,0,14.84562253111751,2.579527350223766,92
1,22,0,10.96903060635283,1.805196984419382,74
1,23,0,12.80818135436439,2.032459791226609,85
1,24,0,10.45956280732927,1.695468165017121,71
1,25,0,10.56619428194872,1.707910971637298,73
1,26,0,11.70716136191865,1.763955291346284,85
1,27,0,15.69630829012113,2.668933866218281,104
1,28,0,15.17392173855814,2.431479386888858,106
1,29,0,10.93009310942013,1.568625736315586,82
2,0,0,6.923894984764016,2.14111344863466,26
2,1,0,9.684472341380809,2.912710159977097,38
2,2,0,11.63420847363016,3.636351439822203,43
2,3,0,10.07555794684474,3.113324141123883,39
2,4,0,10.44539891988192,2.938864429283389,41
2,5,0,11.29598428488321,3.269344798302914,45
2,6,0,10.00298954514061,2.524908401192498,46
2,7,0,13.27058162499677,3.350631075116359,60
2,8,0,13.60231057167145,3.369043791833513,60
2,9,0,13.80389162522928,2.994340774225443,70
2,10,0,11.4742063192889,2.626208618503775,55
2,11,0,12.28836380444026,2.799509969089198,61
2,12,0,11.12846951173467,2.432328667584701,57
2,13,0,14.19678640476871,2.807235678186992,76
2,14,0,15.15999277376602,2.977051391874703,85
2,15,0,14.35864753049857,2.874362673264173,80
2,16,0,11.55783938583698,2.336132691441172,64
2,17,0,13.17968691286904,2.426669323653915,82
2,18,0,11.13220891038729,1.889779417357751,72
2,19,0,14.44488128399866,2.573492514008513,90
2,20,0,13.30987840366217,2.222020803640968,85
2,21,0,14.12637868759168,2.911360973254227,86
2,22,0,13.2051359608817,1.965324366653419,93
2,23,0,15.61439568906459,2.651085508196155,102
2,24,0,13.20213885918879,2.176593764495485,92
2,25,0,12.50383196610163,1.956298097485117,87
2,26,0,14.671227403082,2.492429943660392,100
2,27,0,16.31577518307523,2.664947504820284,112
2,28,0,14.87608020925576,2.266852309494607,108
2,29,0,12.79548804306321,2.13184125075147,91
3,0,0,7.214598310345344,2.176235558148993,26
3,1,0,9.188682784067099,2.634847083378845,37
3,2,0,11.52545403819698,3.296710277729603,49
3,3,0,9.549867993073921,2.753314530094381,38
3,4,0,14.17744000271349,3.835343886169628,59
3,5,0,10.922528114664,3.031667640231221,42
3,6,0,11.09533008215787,2.852420754618864,50
3,7,0,13.86030344263898,3.671407841112059,59
3,8,0,13.95212298414163,3.178314436669932,67
3,9,0,13.62231501659494,3.186637254547502,63
3,10,0,16.38662617637364,3.615038663682808,82
3,11,0,18.76328244446182,4.248547782199593,91
3,12,0,15.28458519904524,3.308867857996467,76
3,13,0,14.19291964300102,2.800327143763565,78
3,14,0,19.25723916100485,3.982320532148777,104
3,15,0,14.80045248357872,2.934026879467672,83
3,16,0,18.79943984697487,3.636338657433839,110
3,17,0,14.81789672794535,2.84636385979095,84
3,18,0,13.20954595472702,2.169167277351119,85
3,19,0,15.0105729095628,2.847081900028027,89
3,20,0,11.58865500881908,1.888733339458088,78
3,21,0,14.2035621854451,2.446784284764304,92
3,22,0,14.88440786574041,2.67733535040002,93
3,23,0,16.36675418963487,2.881224901333923,106
3,24,0,14.86256612224676,2.477504159892061,99
3,25,0,13.64485686916021,2.084062265487745,95
3,26,0,14.58278524960936,2.644235993716034,92
3,27,0,13.42418591239115,2.0501991068116,94
3,28,0,12.76883758143101,1.848281332645879,96
3,29,0,13.92606424692095,2.075180182975278,104
4,0,0,6.590266663880148,1.976384456050802,24
4,1,0,8.3525699838339,2.424912661038845,33
4,2,0,8.0103501404173,2.267135307753112,31
4,3,0,11.04434236266525,3.085682707029575,45
4,4,0,12.59796963796208,3.431249302660988,53
4,5,0,13.59343203607052,3.268863092845849,63
4,6,0,13.83154947894125,3.430406976619527,61
4,7,0,13.41105552472558,3.351069705201245,59
4,8,0,13.31030131193536,3.159246089382941,60
4,9,0,15.20604540724256,3.50366899522716,71
4,10,0,14.61457834966162,3.055994226874131,81
4,11,0,14.78663640007063,3.245380933343079,75
4,12,0,17.11407047177467,3.637190754282084,88
4,13,0,19.34797114286759,4.146927526247268,101
4,14,0,16.71098734797608,3.369042555137565,92
4,15,0,12.20656282171184,2.348235178185071,70
4,16,0,17.43982944411173,3.137516726183529,105
4,17,0,13.05330086838083,2.319074025891699,79
4,18,0,11.75848468076132,2.100143202010294,72
4,19,0,14.62542444559133,2.715031444032161,86
4,20,0,13.17039585019013,2.36956564177458,80
4,21,0,14.92186671398466,2.573582184970562,96
4,22,0,14.53945009102295,2.333457948712889,98
4,23,0,13.79790347688157,2.133323312804156,97
4,24,0,17.25894513371796,2.844476281320345,119
4,25,0,16.05639508621971,2.754224679315719,104
4,26,0,14.61162028472329,2.380177088462049,101
4,27,0,13.06010115239551,2.006220195274935,93
4,28,0,12.05020383614554,1.804839169442204,90
4,29,0,13.51076876879892,2.166098767764132,95
5,0,0,12.01806103775294,3.670338719363401,45
5,1,0,11.12836804953261,3.361650155313778,40
5,2,0,11.22761149964581,3.213997415291982,44
5,3,0,10.29553995712448,2.543708718401497,45
5,4,0,12.45222160465676,3.311544436619067,51
5,5,0,12.29700899660378,2.977307806776571,55
5,6,0,13.61928024893158,3.45314733364164,59
5,7,0,14.24112089726843,3.692723486057517,59
5,8,0,16.7566714900644,4.134162896439346,77
5,9,0,17.71560119433946,4.085716130153167,85
5,10,0,19.65132062594283,4.636356410430653,92
5,11,0,16.11966980653094,3.658399975623096,79
5,12,0,25.58921396807847,61.67074652783441,92
5,13,0,16.11476581908212,3.391752319978465,84
5,14,0,15.60178383909632,3.171742987659499,82
5,15,0,18.91338820576409,3.652484787223217,105
5,16,0,12.21089807281309,2.275819134986787,72
5,17,0,15.81537627256605,2.867233650032197,94
5,18,0,17.92331241151153,3.40374314765867,103
5,19,0,13.94171711291734,2.48308939710351,85
5,20,0,16.52448893073693,2.827578475286308,107
5,21,0,20.61884112462722,3.582292019403391,134
5,22,0,17.21873567931537,2.758948081742621,113
5,23,0,13.3591640719377,2.279908009929247,88
5,24,0,13.61102227706821,2.428914991182118,90
5,25,0,14.07399589334839,2.367789011774028,93
5,26,0,15.83031337579422,2.60961073270019,107
5,27,0,17.5084675682624,3.0251299941868,117
5,28,0,14.02960211080231,2.31101938715926,99
5,29,0,14.54271906463768,2.177818792106981,108
6,0,0,11.34565945195166,3.653936383525777,40
6,1,0,11.21762696419453,3.093636124848916,46
6,2,0,10.61224610187799,2.818946970152738,44
6,3,0,15.32208621047789,4.266292191513377,59
6,4,0,14.27572476595961,3.770407997119284,61
6,5,0,14.27832138228115,3.556107137875831,62
6,6,0,16.31330739974821,4.153359890022449,69
6,7,0,17.87796290011265,4.618342717952932,77
6,8,0,15.93071767910751,3.955951945082319,71
6,9,0,18.74296951807082,4.330033081583552,87
6,10,0,19.01264599285378,4.251777103499783,94
6,11,0,17.31314700091614,4.094891812599625,83
6,12,0,18.89819930086839,4.136072265598089,92
6,13,0,16.76628913896752,3.339882388293078,92
6,14,0,19.1569573012556,3.932688497484816,102
6,15,0,18.58269740389676,3.631742777405797,104
6,16,0,20.63069303643707,34.83984213605965,91
6,17,0,19.12919258680177,3.612625672289076,114
6,18,0,18.34025434535441,3.381493765555383,111
6,19,0,17.25947045564795,2.891091358345682,109
6,20,0,12.99699578712734,2.130397901648078,86
6,21,0,16.34551355241439,2.849502740975434,102
6,22,0,17.63892363520706,3.290293690925572,110
6,23,0,15.75548854566083,2.551375200396597,108
6,24,0,16.51347103223499,2.859824468449736,109
6,25,0,18.29129616646821,3.164519096013871,123
6,26,0,17.47470288319531,2.7191065329936,121
6,27,0,17.59282005820783,2.74043545629941,122
6,28,0,16.99811607861423,2.592871002075083,123
6,29,0,13.3632599797334,2.03867780623977,98
7,0,0,9.262188832437092,2.66461509329193,36
7,1,0,10.54660559089544,3.047125779023306,41
7,2,0,11.05959037508418,3.215562988505827,45
7,3,0,12.97287797905338,3.590155741041395,51
7,4,0,16.81763116923386,4.789517476863784,66
7,5,0,15.23077859847064,4.103484137414706,64
7,6,0,15.64275304605221,3.942496924425205,67
7,7,0,15.90479625256856,3.793642041749804,73
7,8,0,11.51055974160578,2.547722642824377,57
7,9,0,19.9892565350883,4.640750106248239,95
7,10,0,18.82606390216159,4.255018116456695,89
7,11,0,14.67616565557759,3.10273943154618,75
7,12,0,19.35289013194646,4.213249222647695,100
7,13,0,19.41168564078451,3.906407489579177,105
7,14,0,18.80983493882709,3.970538861012224,101
7,15,0,15.73597586174153,3.280453854239412,85
7,16,0,19.1361758433707,3.996887015902788,107
7,17,0,15.9693774462442,3.021872694777936,97
7,18,0,16.58727326581377,3.116439278759967,98
7,19,0,18.79281279920783,3.425945851685927,115
7,20,0,16.93927743720422,2.642814763452547,115
7,21,0,13.86330038905855,2.25020462406259,98
7,22,0,16.36912567501823,2.812120537200947,107
7,23,0,17.94781250291489,3.159225915551914,114
7,24,0,19.77589618991592,28.39620521604432,102
7,25,0,16.55231635016298,2.687189220339661,114
7,26,0,12.10468318730093,1.774263988017337,89
7,27,0,16.51193544595598,2.72757680967229,114
7,28,0,14.16018263731923,1.970910361856195,108
7,29,0,14.06382360268461,2.232324850664069,99
8,0,0,8.871129124867561,2.45682695426989,35
8,1,0,11.68457994782913,3.554905311670168,42
8,2,0,12.96745635867741,3.625273184702978,51
8,3,0,12.42711644114953,3.493490614769202,50
8,4,0,14.00542510860258,3.856572627335903,55
8,5,0,17.61574621721276,4.775369188858976,73
8,6,0,20.39104664321746,5.069223101900874,87
8,7,0,17.64231755699425,4.371496614343888,78
8,8,0,16.47194324572498,3.906254950077455,80
8,9,0,20.87679001547217,5.154136628100614,93
8,10,0,17.21100270868879,4.675471596532392,75
8,11,0,18.15053652282375,3.966047788381452,92
8,12,0,17.7384169509696,3.567129729035861,95
8,13,0,17.9840065304102,3.72030848547378,96
8,14,0,18.41739824674556,3.580917165044067,105
8,15,0,16.39746570943838,3.12622090033005,95
8,16,0,18.809851245206,3.691816688827679,104
8,17,0,18.29067136531146,3.507697269268938,104
8,18,0,16.76418041165452,2.975821005829184,104
8,19,0,19.14880537727457,3.397336268487435,118
8,20,0,17.80052930062839,3.220943206318577,108
8,21,0,18.82699141032746,3.40104878058208,117
8,22,0,21.19967655109207,3.617986752586617,136
8,23,0,16.4398647892225,2.676322012779901,108
8,24,0,15.27880421589282,2.401903399003688,105
8,25,0,17.25502251346164,2.797532987567691,117
8,26,0,22.60798705268978,38.86365694399665,120
8,27,0,16.45287779759038,2.48434489323536,120
8,28,0,16.08829765147383,2.898838908988885,106
8,29,0,13.12340023862492,2.139449416446757,92
9,0,0,9.95434027315701,3.025136003421619,35
9,1,0,10.81829465194519,2.963265211523087,44
9,2,0,11.5835092527372,3.327090608759733,45
9,3,0,13.06776729005625,3.592268440904698,51
9,4,0,13.35968845016621,3.764348835846207,55
9,5,0,16.18801863774179,4.547346829932922,64
9,6,0,12.94373548908143,3.220465415165867,58
9,7,0,19.95097641085354,5.057932699939635,84
9,8,0,18.5332569488867,4.425364727878421,87
9,9,0,21.02823167171605,4.907999050973596,99
9,10,0,17.33969570872629,3.896559082206798,86
9,11,0,15.49392368190744,3.298517488867593,80
9,12,0,17.37189963931966,3.758082079660771,88
9,13,0,19.58124231917064,4.415452266232554,101
9,14,0,14.22610034143167,2.729872025667781,81
9,15,0,16.26582825218717,3.207104674973664,93
9,16,0,19.85911641099917,4.002540055065785,109
9,17,0,18.05287996798654,3.579639173775436,100
9,18,0,19.1727829042695,3.712474867047816,116
9,19,0,16.86918441721905,3.019198910559014,102
9,20,0,16.57763614152334,2.930388958950566,102
9,21,0,19.36876577902645,3.341238876384141,121
9,22,0,13.92172569200283,2.356610363927672,91
9,23,0,15.94863536116712,2.800953680829025,102
9,24,0,14.78483090801361,2.317290766170261,101
9,25,0,16.34402675945948,2.641185490230273,114
9,26,0,19.5171094147478,3.237939269562971,132
9,27,0,15.42931115413548,2.199571203037951,114
9,28,0,14.96860856074239,2.298071991722571,108
9,29,0,14.21252699301425,2.23447571190416,100
10,0,0,11.02084166016854,3.221697606490416,42
10,1,0,16.01195085054224,6.410080654674773,54
10,2,0,12.90179086306118,3.694728649996353,52
10,3,0,11.9975602706906,3.601118919471252,45
10,4,0,14.79761794782495,3.913499068509787,61
10,5,0,18.45226602600625,5.141786139396926,72
10,6,0,16.65854293432467,4.342096606016601,75
10,7,0,19.88325604765707,5.045517896472118,85
10,8,0,17.89221322329785,4.338492597016185,83
10,9,0,20.13998120754449,4.823156843062755,97
10,10,0,19.76831469755208,4.666692151887944,92
10,11,0,19.08874754897858,4.299861648450699,92
10,12,0,17.81287163152393,3.723294071367391,92
10,13,0,20.86484329948979,4.247885106410671,112
10,14,0,17.64901817190989,3.528608299856566,95
10,15,0,20.12338003008131,3.909587260366028,111
10,16,0,16.59190229751601,3.200221453845444,96
10,17,0,17.28814685944025,3.360252683005535,100
10,18,0,17.70632893872897,3.190462784529748,108
10,19,0,15.77734685525099,3.060639503234195,94
10,20,0,15.55692239713643,2.741114819668953,97
10,21,0,19.26142289644449,3.290440334789767,123
10,22,0,17.57535483524311,2.918671290232737,115
10,23,0,14.88114735535468,2.409941814221535,100
10,24,0,15.68818803413338,2.569360414590386,108
10,25,0,18.10582695690977,3.386646377898015,113
10,26,0,18.63889106475946,3.024544016870275,127
10,27,0,13.69207513620094,2.09027143187957,97
10,28,0,13.42853123417533,2.149266495305528,97
10,29,0,12.45291878615487,2.057198618520139,87
11,0,0,16.14624970707379,49.99494420899724,34
11,1,0,9.620078153293216,2.728751231298125,37
11,2,0,12.09446967729959,3.409317643349018,48
11,3,0,10.77291864664739,2.724913610650693,47
11,4,0,14.56236237664181,3.989355516795607,61
11,5,0,15.49651650532374,3.930577375970253,71
11,6,0,21.1441444896553,5.788429330355846,88
11,7,0,18.3485069745187,4.556951067895348,82
11,8,0,55.2347960441665,1217.621830415593,96
11,9,0,16.03329815153974,3.790322848334454,74
11,10,0,20.5221755604187,4.66617155726273,103
11,11,0,18.13507415389769,3.834799058548149,93
11,12,0,16.46876671524749,3.504225970680704,86
11,13,0,22.78443587988249,4.544118985287438,126
11,14,0,18.71078172482628,3.74518907863213,102
11,15,0,19.30802518729701,3.701206832937057,109
11,16,0,18.24724953724889,3.508429926066947,102
11,17,0,16.54956884777667,3.065408042678452,101
11,18,0,19.755257202566,3.791874728335433,115
11,19,0,16.00039727205082,2.878990895849679,98
11,20,0,15.66177057498846,2.680195765347327,99
11,21,0,19.76932037732415,3.890018147150545,120
11,22,0,30.73178587413025,204.304645165883,111
11,23,0,16.12943515796856,2.424899113093798,117
11,24,0,15.20398704094219,2.527507409012713,99
11,25,0,12.91641692911701,2.05172520511669,94
11,26,0,17.85015509046265,2.848090741540458,124
11,27,0,14.23969799511961,2.145234209824323,103
11,28,0,14.8800639813026,2.380736693470203,106
11,29,0,11.7931074601155,1.898941694052034,81
12,0,0,11.5059157932177,3.343562435751529,43
12,1,0,12.72301417480659,3.528449858857595,50
12,2,0,10.1271372361064,2.749842558423683,42
12,3,0,15.89035267816689,4.724782593716907,58
12,4,0,18.48085881705239,5.15273982944646,77
12,5,0,16.5761182774012,4.546446390771099,66
12,6,0,18.10029574214003,4.655605344196471,78
12,7,0,17.47009384273174,4.387545505296687,77
12,8,0,17.43399146507533,4.401435254187655,79
12,9,0,20.20524470460121,4.818587731530757,98
12,10,0,21.530633785279,4.984008968817372,104
12,11,0,20.77370153495632,4.781881446960044,99
12,12,0,20.24318722425142,4.193432697789291,105
12,13,0,15.59053431424174,3.036929073050505,87
12,14,0,17.33008187413244,3.498666680294466,93
12,15,0,17.38738847251677,3.437342775443486,99
12,16,0,18.94120127240735,3.784225606974331,105
12,17,0,21.39140987300552,3.977277573774542,129
12,18,0,20.33489394718665,3.823700821981728,119
12,19,0,16.8270120926898,2.886157615649863,106
12,20,0,16.64281167351173,2.916830424547314,103
12,21,0,17.87988183814528,2.955012776813915,116
12,22,0,17.18479802476438,3.021270783280502,110
12,23,0,15.48786986136369,2.719995124410843,98
12,24,0,17.95150765004806,2.986850430254802,122
12,25,0,17.14758594349929,2.791943729113454,116
12,26,0,16.03372164542142,2.418330080369137,115
12,27,0,15.13287316388987,2.429526337623457,106
12,28,0,16.98987941606295,2.758727580850198,125
12,29,0,13.01748116797811,1.917202206562917,96
13,0,0,8.303251300361429,2.702582746778371,30
13,1,0,11.58715771597263,3.328063271972539,45
13,2,0,11.1957274003305,3.388762976443533,43
13,3,0,13.76563364620585,3.955230464839459,53
13,4,0,15.59702973603654,4.340273010410333,62
13,5,0,15.96131232034942,4.289648331192399,64
13,6,0,14.53205422474709,3.8536592715367,62
13,7,0,17.41880160987104,3.90832457328963,88
13,8,0,21.42196873219534,5.721713156771261,88
13,9,0,19.18252559264393,4.510064922240217,87
13,10,0,19.01252926507907,4.315315084859027,90
13,11,0,21.27389476961273,4.912999775034364,104
13,12,0,19.68676722553092,4.28695755583298,103
13,13,0,17.68763375018118,3.589692632437182,95
13,14,0,17.80141379499721,3.42142402903665,103
13,15,0,15.29855040633785,3.144187081987577,85
13,16,0,18.03898856680514,3.449697923617785,103
13,17,0,18.62425767093482,3.379748593479495,118
13,18,0,16.93853654089719,3.167157362247421,100
13,19,0,17.48989044296243,2.968616743154422,114
13,20,0,19.30255750210726,3.615045231447678,116
13,21,0,19.06113125982714,3.279834144000747,120
13,22,0,15.52739340865923,2.589630157570481,102
13,23,0,19.30761348169722,3.093454597637471,130
13,24,0,14.25770029071613,2.176954463947875,101
13,25,0,16.66238803968193,2.746224983422571,116
13,26,0,11.92778349567155,1.80302440357657,83
13,27,0,14.54471905984049,2.100783590356728,107
13,28,0,16.95177339946947,2.694342480547498,120
13,29,0,14.64992416641598,2.196049504954143,109
14,0,0,9.089637755852563,2.987685318940463,32
14,1,0,12.29266943903282,3.558743992483426,46
14,2,0,11.77308789676732,3.415807798303941,46
14,3,0,13.23412110812214,3.803548920777545,51
14,4,0,16.64812625424942,4.514343480435566,66
14,5,0,15.89792429799325,4.296874136321618,68
14,6,0,14.50291565457777,3.610535097456386,63
14,7,0,19.21388457294505,4.731477731652841,85
14,8,0,16.81928100229034,3.857260875786665,81
14,9,0,25.4904467144407,60.19518572198658,90
14,10,0,20.32438919580934,4.64464591536998,98
14,11,0,19.99042260718576,4.287979541634404,101
14,12,0,17.78722229270143,3.688716936302325,96
14,13,0,16.69956303097025,3.745728114110116,86
14,14,0,20.58700588515825,4.151247123541196,113
14,15,0,17.37944174323457,3.295505256267091,100
14,16,0,19.83139756134138,3.995449176455107,113
14,17,0,17.96631755461274,3.131085267754928,113
14,18,0,16.14519181879779,2.858997459553369,98
14,19,0,14.60763350733917,2.537850630028022,94
14,20,0,16.7862989179325,3.034655322496838,103
14,21,0,18.70012842704629,3.563334964488517,111
14,22,0,15.22210770039987,2.590835788208161,100
14,23,0,14.58011138690415,2.38731458278791,101
14,24,0,15.94565000993029,2.601662524518086,109
14,25,0,15.39348708591092,2.397545767099,107
14,26,0,15.42612451807118,2.524840083135262,106
14,27,0,14.60867679157558,2.339711053731939,103
14,28,0,17.10338478929289,2.701168912508085,121
14,29,0,15.63833882892173,2.615690008030071,107
15,0,0,14.05118067684732,4.395273777246178,48
15,1,0,18.72286495988055,64.7849873011268,45
15,2,0,15.26725520091807,4.480913668734073,60
15,3,0,16.34096317362485,4.460897490873992,68
15,4,0,15.83256765038169,4.646969816301568,59
15,5,0,17.1064044059042,4.70989296318062,68
15,6,0,15.85137496632411,4.340621134327492,63
15,7,0,15.71314248839266,3.943889849938565,72
15,8,0,16.32739906044917,4.021384516461246,76
15,9,0,23.8854376760695,5.643548147411924,110
15,10,0,20.06895626816595,4.486086977561115,101
15,11,0,21.38201082416516,4.820219125797548,105
15,12,0,17.27628594300562,3.56223327615489,93
15,13,0,16.86870324683534,3.62410670265172,88
15,14,0,19.68553654546378,3.855184320099647,109
15,15,0,16.01947329182781,3.051777854458865,93
15,16,0,18.90806318701658,3.882544597712376,103
15,17,0,19.19274734504325,3.633567862272898,111
15,18,0,15.6940007200175,2.626690807886284,99
15,19,0,14.95299274992653,2.666137499949233,94
15,20,0,18.22102766024033,3.124017902360663,115
15,21,0,20.37785890397899,3.383969230179251,137
15,22,0,14.71414434887908,2.428049308912982,98
15,23,0,16.81809320363987,2.818741172596974,113
15,24,0,15.44932372304726,2.525566309294919,104
15,25,0,15.75527859334973,2.785152667800158,101
15,26,0,13.91464104297169,2.471207814113147,93
15,27,0,15.90322347788464,2.738371823105465,106
15,28,0,14.7325922302292,2.854250584646449,98
15,29,0,13.24778222526703,1.969293468398426,96
16,0,0,10.69371603664015,3.5690856435692,36
16,1,0,12.92211980944661,3.69902890922019,48
16,2,0,10.07598189086121,2.93036626376424,41
16,3,0,12.71890373672539,3.501193204488076,51
16,4,0,14.69947891804004,4.380625251522985,56
16,5,0,16.49096300755414,4.213880878253842,75
16,6,0,14.959507627419,3.867020131313549,62
16,7,0,19.77599191066016,4.840767707421626,89
16,8,0,15.89383954083342,3.736445740844509,79
16,9,0,17.38016223364018,4.14607883671478,77
16,10,0,17.18227367716249,3.791016222994303,88
16,11,0,17.253426945721,3.809789319983355,87
16,12,0,20.57379744727186,4.522311896882195,105
16,13,0,17.44251741718865,3.779862258694503,90
16,14,0,17.08035502008804,3.455475107454291,94
16,15,0,19.26433724343509,3.841491018991645,105
16,16,0,18.26524192663406,3.605695552086532,101
16,17,0,17.30036937558326,3.100757675894966,103
16,18,0,19.32261441717425,3.86969854789647,111
16,19,0,15.43154256896776,2.658924126011522,96
16,20,0,15.574513248677,2.658558136611265,103
16,21,0,19.08329774673792,3.162436678669755,125
16,22,0,16.81501828769631,2.834558778924071,110
16,23,0,19.64597908684975,3.123375718514868,136
16,24,0,15.46366639192056,2.410750719729041,107
16,25,0,12.86221809858586,2.246625675337123,85
16,26,0,16.34330795498022,2.582033976078802,113
16,27,0,13.9718404797527,2.287297084787998,95
16,28,0,13.92433496444487,2.100852708383579,103
16,29,0,13.48540585163546,1.987592280224698,99
17,0,0,7.423897090701303,2.274233609449781,29
17,1,0,11.18785667336891,3.206844309444656,44
17,2,0,16.39799323616911,5.116648071151156,57
17,3,0,16.8601410386821,4.772882861017171,65
17,4,0,16.26169677974486,4.541923390233765,66
17,5,0,15.63041404704668,4.402609501989454,62
17,6,0,17.57155814081502,4.409314355818004,78
17,7,0,17.88892576439344,4.567076042011366,76
17,8,0,17.08397349780008,3.943131672446799,80
17,9,0,17.69442103299517,4.29437248457999,82
17,10,0,18.11107902771743,4.263879367985199,84
17,11,0,19.29158617684959,4.275498606454955,93
17,12,0,19.57023437783631,4.0125486480673,103
17,13,0,20.89705944046955,4.234383639147497,113
17,14,0,16.72970797186819,3.33577162259566,92
17,15,0,19.43498938153216,3.865713688520777,111
17,16,0,14.3970921328797,2.904973568563062,79
17,17,0,17.76169147339247,3.493814942672983,101
17,18,0,19.22203031539543,3.731738123249141,109
17,19,0,19.58610002045833,3.513811463247795,122
17,20,0,19.3059818704597,19.62279170968069,97
17,21,0,16.8321935512558,3.088234320003069,103
17,22,0,16.93853881350816,2.804727415819622,111
17,23,0,17.94841830377147,2.915109447894712,119
17,24,0,17.72835033485147,2.86081799630703,125
17,25,0,16.44205051090052,2.729436492193623,111
17,26,0,16.17751908500509,2.630141730235179,112
17,27,0,18.50849588737392,2.86650392200989,133
17,28,0,14.86598535809313,2.460717331953282,100
17,29,0,15.3840845757747,2.237520308570417,115
18,0,0,9.439800978299836,2.780269295629455,37
18,1,0,11.26445315200555,3.171195058130258,45
18,2,0,13.10759936052739,3.642729607732196,52
18,3,0,16.35287182515218,4.796173868718089,63
18,4,0,16.31376513939768,4.231797561218853,68
18,5,0,14.09139056086607,3.551214151696641,63
18,6,0,22.81608689631602,43.04424112138139,74
18,7,0,15.53698281234979,4.147995445241198,68
18,8,0,19.38713145046906,4.616878453659963,90
18,9,0,16.36132648459675,3.871342717177956,76
18,10,0,19.59274567625377,4.348839796754879,100
18,11,0,17.98734531030236,4.001903865782368,92
18,12,0,19.65633605706875,4.281322149023793,100
18,13,0,21.0074287023704,4.246168209398296,116
18,14,0,17.28170488334621,3.542371998985454,94
18,15,0,19.88952119562346,4.11296642792163,109
18,16,0,18.55512889082243,3.694267918031856,101
18,17,0,18.68750425895779,3.377126712228145,113
18,18,0,19.13482099579048,3.933632833676828,115
18,19,0,17.10037711438934,3.036184362875957,105
18,20,0,20.59858527983581,3.619376055397826,128
18,21,0,19.39028629046249,3.489718987590864,121
18,22,0,19.20323171708027,3.420384918582513,119
18,23,0,17.84370269790099,3.009360237843725,119
18,24,0,14.55080251698112,2.291451654806872,102
18,25,0,16.98582556367947,2.623514223121042,117
18,26,0,11.38521726901266,1.791676144246237,80
18,27,0,13.95592592152764,2.209732718322628,98
18,28,0,15.53063557705019,2.489540011767529,110
18,29,0,13.39762467545319,1.851621629452391,106
19,0,0,7.451432885876602,2.123586741560803,28
19,1,0,11.51632303611685,3.843359012598117,43
19,2,0,11.82211084645178,3.197744762619156,51
19,3,0,11.70391300317858,3.260634255643856,50
19,4,0,14.47076654273895,3.851286469501122,62
19,5,0,13.51114691715022,3.335768342025957,62
19,6,0,15.06654613465667,3.646324300683567,67
19,7,0,17.46026485563455,4.406713959787817,76
19,8,0,18.86385248566392,4.666389120556943,83
19,9,0,14.8918632713275,3.445810377536647,74
19,10,0,20.24295482595063,4.738462902756058,96
19,11,0,15.00808442253975,3.293413198083149,75
19,12,0,16.59143860912628,3.43278495545684,87
19,13,0,21.25722486847214,4.378916087071914,112
19,14,0,20.22213714473679,4.226247985888497,109
19,15,0,16.0303427045172,3.193902818167966,88
19,16,0,19.07506388853154,3.488263317130795,112
19,17,0,18.82334910324671,3.742537688963775,104
19,18,0,16.44289208232092,3.21015769900559,94
19,19,0,17.52714678136774,3.173879474669654,107
19,20,0,12.84303772071139,2.094958209608856,85
19,21,0,15.97919255155626,2.771317487823311,100
19,22,0,14.56161232606863,2.354444641498858,99
19,23,0,17.93739470745643,3.161233757767052,117
19,24,0,12.94602261530095,2.011827444657617,93
19,25,0,15.42283046262398,2.533234069428242,105
19,26,0,36.39554465795958,289.5355094391496,138
19,27,0,14.18170808081839,2.283202247526189,101
19,28,0,13.74552369345248,1.935698545301507,105
19,29,0,15.75950009717594,2.5044199671517,111
20,0,0,10.9192053872205,3.379949731425865,39
20,1,0,14.99294451016279,4.320350203774983,55
20,2,0,11.51136402094318,3.039782224583207,47
20,3,0,17.1807260636662,4.958611921219039,66
20,4,0,17.41783154513875,4.608754758943243,74
20,5,0,14.01411099530973,3.829282131197466,57
20,6,0,16.17108640242237,4.090856823257151,72
20,7,0,18.36984157756411,4.677104013370808,81
20,8,0,20.06037624816678,4.819856948473284,90
20,9,0,15.51966474029107,3.550854011633513,75
20,10,0,17.68043247403686,4.122907376047974,83
20,11,0,15.57320969331675,3.369844431108175,80
20,12,0,24.73192199611299,47.98288935867737,95
20,13,0,18.24201013057361,3.919167189829116,95
20,14,0,17.74523443672623,3.535772962060596,100
20,15,0,17.63625436648188,3.538379386169683,97
20,16,0,17.78823524360411,3.367428759032722,101
20,17,0,16.61974596411921,3.072305159401014,102
20,18,0,15.16017256709125,2.714663513600804,97
20,19,0,18.65916511491433,3.36836332302929,115
20,20,0,15.44950565527194,2.834305185653609,93
20,21,0,18.31636856632463,3.003057168493285,120
20,22,0,15.710855163132,2.466170110690715,109
20,23,0,15.92767059990934,2.750403994053829,105
20,24,0,16.17856254444629,2.755410163752773,106
20,25,0,18.43049524807374,3.208163828621588,121
20,26,0,15.31018098378831,2.268821794341513,110
20,27,0,15.18079598883901,2.339409742507027,105
20,28,0,13.41407204266356,2.213396663088416,94
20,29,0,12.90330296130496,1.906535995851139,96
21,0,0,8.053989950468589,2.307918780150119,32
21,1,0,22.53927994266253,120.3924500869855,47
21,2,0,10.70281829050082,2.939720656622574,43
21,3,0,13.88044910287055,3.900724364096768,54
21,4,0,9.89840273690554,2.580930355597642,42
21,5,0,13.38570903776164,3.198442968159815,61
21,6,0,18.79877662653457,4.881896077772758,79
21,7,0,15.80274842851528,4.055889038478852,66
21,8,0,12.75250316720941,3.063936638043321,59
21,9,0,15.17599109345993,3.475076669124315,70
21,10,0,15.61789814147536,3.418850178349868,81
21,11,0,17.43786568036623,3.761692777882995,88
21,12,0,16.25660943042517,3.609041212803846,81
21,13,0,18.26977041829982,3.966485324034955,94
21,14,0,16.23404591229316,3.063503950879991,91
21,15,0,16.97033649829766,3.105064699547181,101
21,16,0,21.09733254110087,4.117503862702113,117
21,17,0,17.2806609240217,3.126807646895353,104
21,18,0,19.191898855227,3.714773815272208,113
21,19,0,15.71517586366541,3.020433505235408,93
21,20,0,20.37726173107753,3.690568146544731,124
21,21,0,17.58730669209059,3.132895966576358,109
21,22,0,16.43652322892317,2.748404553377544,105
21,23,0,16.47964808248518,2.723964084622697,110
21,24,0,17.26347660136624,3.03428078827673,110
21,25,0,18.25536462002517,3.01605022720834,123
21,26,0,17.02812628113297,2.695661139589925,119
21,27,0,16.76389475873365,2.636419620912413,118
21,28,0,14.38441654321043,2.256320989254344,104
21,29,0,12.76308523813326,1.920442954958896,93
22,0,0,9.1546749350181,2.53091274956291,35
22,1,0,11.28863749792712,3.451511833114554,39
22,2,0,12.35895566650921,3.53992810614809,47
22,3,0,15.40989238255886,4.266941737926973,63
22,4,0,10.60310678617071,2.917639178028776,41
22,5,0,13.3193635902217,3.762166876385255,53
22,6,0,16.71860707457028,5.856792358887057,73
22,7,0,17.31430044624376,4.179245187437428,82
22,8,0,27.923226164018,73.50599290946548,92
22,9,0,18.93832853275603,4.397135818629581,89
22,10,0,19.67501114658051,4.404938889051318,95
22,11,0,18.57702106012914,4.109516916095032,94
22,12,0,20.48842522190415,6.615277599124439,93
22,13,0,15.46451310909728,3.284197291316259,83
22,14,0,18.06160464704093,10.72301536597421,85
22,15,0,18.80344686059324,3.765795983635033,103
22,16,0,19.10058420796482,3.699307214171465,111
22,17,0,16.79701353320452,3.309794653592186,96
22,18,0,18.00529279133379,3.011440665447924,114
22,19,0,14.12568968058359,2.481389376446837,89
22,20,0,18.11160919469704,3.077905797028871,118
22,21,0,18.53509250896137,3.139165795356141,119
22,22,0,15.86124198251455,2.888977693535818,95
22,23,0,17.30355206882198,2.94571583963471,112
22,24,0,17.45955168017827,2.857541892255409,116
22,25,0,17.95442000849846,3.030416821446069,121
22,26,0,16.96685398490031,2.701289498635312,118
22,27,0,14.79806200288483,2.237258691776135,107
22,28,0,16.91288972850868,2.531262754398093,126
22,29,0,12.24123837370623,1.796381116149512,90
23,0,0,10.25714868685443,3.081333695397292,39
23,1,0,10.98583818244383,3.020706114024777,42
23,2,0,9.96095967844937,2.727571824865682,42
23,3,0,9.594807855290648,2.592632042383091,39
23,4,0,12.21591326444709,3.399204951306386,48
23,5,0,11.14370374493988,2.894268642041341,47
23,6,0,15.55819185793977,3.912352777668756,67
23,7,0,18.74594415829023,5.25078649813799,76
23,8,0,14.91100413033836,3.64179977263507,67
23,9,0,15.85230403691928,3.707800127420174,76
23,10,0,17.51710631317444,4.07970184876068,85
23,11,0,18.39904483008291,3.955443890987687,93
23,12,0,18.29570750733405,3.865564545366949,92
23,13,0,18.0024890168433,3.880652975855203,91
23,14,0,18.52983318529006,4.479670775735335,96
23,15,0,16.12662541773524,3.513996692748167,83
23,16,0,15.81587983571533,3.024196448289249,93
23,17,0,17.58360941365438,3.219580917500239,109
23,18,0,15.09579407799528,2.608617815842959,93
23,19,0,15.28823792366397,2.693876757306909,96
23,20,0,16.17747986404444,2.91734329186809,102
23,21,0,18.58437975260298,3.294212083162997,117
23,22,0,19.64019580216321,3.674942180505212,116
23,23,0,14.81793987567992,2.441593969497903,100
23,24,0,14.89065427008445,2.285509521042719,106
23,25,0,15.00713310385033,2.373809802138254,107
23,26,0,17.12499318856174,2.798919997482212,118
23,27,0,25.9821234827201,85.49554395136506,121
23,28,0,16.44982125720706,3.538097685938361,111
23,29,0,11.23788833303508,2.380054355525286,76
24,0,0,10.02922207632755,2.903361293134532,37
24,1,0,8.884838851157582,2.435254606281861,37
24,2,0,10.69453377092892,3.1571394293675,42
24,3,0,10.58281247485582,2.961881263597533,40
24,4,0,15.89164478064914,4.297751937434687,63
24,5,0,14.97770781704117,4.119190661817747,60
24,6,0,14.94842983561641,5.085050953072666,58
24,7,0,15.26419978627872,4.001750515277707,65
24,8,0,14.65514696122387,3.757429137142528,64
24,9,0,15.23026806022423,3.635208359085858,72
24,10,0,15.50111908552056,3.603282779841671,76
24,11,0,14.42563555672233,3.184422673428962,73
24,12,0,15.27385267507313,2.979204551025376,86
24,13,0,14.6140342971884,2.954629883603705,81
24,14,0,16.26678639188263,3.344250430188986,89
24,15,0,18.86097507078767,3.55467055272138,107
24,16,0,17.46785217343185,3.747425381798906,97
24,17,0,18.55282626529191,3.646149592077069,109
24,18,0,16.0234682379903,2.98450423282341,99
24,19,0,17.14207957929808,3.03705332429842,109
24,20,0,14.8442698947057,2.568186764870873,94
24,21,0,18.09862742957384,3.017194417322228,116
24,22,0,16.63271138913305,4.330600919633766,96
24,23,0,17.15554361754488,2.806064988460673,113
24,24,0,16.03164730478486,2.661430143227348,108
24,25,0,17.30753314833287,2.721866776564959,122
24,26,0,16.78404205469525,2.585356079094716,120
24,27,0,17.1412347495539,2.777098845486856,118
24,28,0,14.4388318400012,2.196334954890061,107
24,29,0,14.22071921373816,2.246409490519576,99
25,0,0,8.069246645799295,2.388135897720328,31
25,1,0,8.913394545367584,2.488741355640287,37
25,2,0,9.457689366803541,2.664134224066292,39
25,3,0,13.6326467181104,3.835071600129915,55
25,4,0,23.97319469068717,115.5384407131267,59
25,5,0,11.18778780940522,2.929506122751173,47
25,6,0,12.058402495231,3.127268895183384,52
25,7,0,12.78850424614359,3.115732708019624,59
25,8,0,15.41063672678854,3.80341978043036,69
25,9,0,14.65693825471756,3.328070881693583,72
25,10,0,15.56249212902388,3.396100069834135,78
25,11,0,16.12932874832989,3.521286307767599,83
25,12,0,14.86750443202033,2.988889550378425,82
25,13,0,15.59026984801945,3.26238873978524,85
25,14,0,15.45944500920566,3.062685614751839,86
25,15,0,14.21692781031926,2.908645455796269,78
25,16,0,14.0464452666518,2.656537223984755,82
25,17,0,13.32920650151835,2.432642521312939,78
25,18,0,15.65484247904295,2.765714778093601,96
25,19,0,17.28864046326034,2.924193557879315,110
25,20,0,15.97375102119706,2.943539472754037,95
25,21,0,12.53535119984361,2.725353690399773,79
25,22,0,17.44829539708417,3.033535795592491,111
25,23,0,13.1435431599425,2.086459925769263,88
25,24,0,14.69590453461458,2.318658307333826,100
25,25,0,14.08469814494668,2.336000612436394,98
25,26,0,14.79911690776803,2.095881213480053,111
25,27,0,15.39854937047781,2.224719047986066,114
25,28,0,12.11287340048722,1.74607059371015,91
25,29,0,15.15336920051305,2.479241208230481,106
26,0,0,7.748747248682743,2.587467986507145,28
26,1,0,7.355679274024684,2.199628803835059,29
26,2,0,8.92647397475427,2.600360704206633,33
26,3,0,11.59653093031075,3.158886713094795,47
26,4,0,11.69813707743792,3.133710196196362,47
26,5,0,10.33211079609886,2.616948241338305,44
26,6,0,11.44536167247983,2.894079123474201,50
26,7,0,11.72069275061014,2.742706143725039,57
26,8,0,18.12310632953788,4.601760650240036,78
26,9,0,13.98922111166918,3.313587983080297,67
26,10,0,15.08590180881047,3.423774025281431,74
26,11,0,14.7815694744712,3.12929217351333,75
26,12,0,16.1513213625586,3.451522513597528,82
26,13,0,14.17147710461757,3.051822247260392,74
26,14,0,15.53838341746476,3.136327504057455,84
26,15,0,13.01631848080122,2.649837390520187,73
26,16,0,15.12015737367515,2.824995739658048,90
26,17,0,13.88113497564832,2.774728751877107,80
26,18,0,13.57152515132893,2.644416618105959,78
26,19,0,13.4830405579543,2.316388102049495,82
26,20,0,19.49110615485551,16.91707939239398,101
26,21,0,14.31963914109049,2.391396557345623,94
26,22,0,15.15970409959312,2.574817170765752,98
26,23,0,13.13996646126056,2.090444779206356,90
26,24,0,17.66692701833272,2.785720308172352,121
26,25,0,13.98574952078325,2.147977983053689,99
26,26,0,15.0828083380755,2.368619200175132,108
26,27,0,14.2296206534377,2.147797544655752,105
26,28,0,14.94403026764942,2.290819166494281,107
26,29,0,13.01620335597988,1.999096035356457,94
27,0,0,5.402016557353559,1.722289622626483,21
27,1,0,8.544080131647876,2.462226743078598,31
27,2,0,10.11803634124373,2.900068536423469,40
27,3,0,8.706239095628776,2.440715348474861,37
27,4,0,10.32879854324367,2.877672007348175,41
27,5,0,11.68287252357672,3.108911775753859,49
27,6,0,12.52103443810952,3.384822288526329,51
27,7,0,12.01081955236541,2.724499152002662,60
27,8,0,11.47666866731106,2.775195501297686,54
27,9,0,11.4940311658373,2.838255040464764,54
27,10,0,13.80284089495433,3.236077244195398,66
27,11,0,13.69467384947896,2.849373136971437,70
27,12,0,15.99275238502949,7.717038456826335,76
27,13,0,12.64233002248045,2.621370244385527,65
27,14,0,13.00546178369511,2.710756179237081,69
27,15,0,15.65354859435528,3.166533453697473,87
27,16,0,11.20601044861553,2.137869568398207,66
27,17,0,13.37343390922927,2.499631708189197,76
27,18,0,30.01714087218005,273.2522674036368,79
27,19,0,14.66053833879294,2.596624419360812,94
27,20,0,12.93029571319141,2.448910279033903,76
27,21,0,12.3355317740684,1.989834374389022,83
27,22,0,13.83872333666534,2.230162887324522,93
27,23,0,15.20094028194263,2.528093314839758,100
27,24,0,13.00910242160447,2.174447433026811,87
27,25,0,12.83963145109379,1.883502853230897,93
27,26,0,12.85305350305803,1.89559267122348,94
27,27,0,15.01974512140946,2.307484685771127,106
27,28,0,13.84531592596946,2.08185907569188,101
27,29,0,13.90642211024939,2.169665245939509,100
28,0,0,7.822256405328615,2.399111687003589,27
28,1,0,8.59892120621304,2.51600735865005,33
28,2,0,9.988164075967669,2.827252083161313,40
28,3,0,8.161378095740387,2.391515043755865,30
28,4,0,7.861879059250205,2.046229164008396,35
28,5,0,13.40380473394815,3.547137674667661,55
28,6,0,12.52502580029742,2.983419611895744,60
28,7,0,10.05793818710797,2.370487126649722,49
28,8,0,12.8706726626915,2.952424135251108,61
28,9,0,12.81043429804313,2.995851205610252,62
28,10,0,14.36691634564418,3.077970696187232,75
28,11,0,11.40136932857578,2.515653240125667,57
28,12,0,10.16991215196946,2.07774476316583,54
28,13,0,12.57054687088232,2.6356426828951,67
28,14,0,12.27711911618928,2.452744557083115,71
28,15,0,9.369744967072469,1.846396765893989,52
28,16,0,12.89590237758166,2.403203297941308,75
28,17,0,11.33927584824169,2.432111134911138,61
28,18,0,16.01285540049921,10.44726649046757,81
28,19,0,11.10021443994036,1.986073964329526,69
28,20,0,10.7732307933637,1.971098819800943,66
28,21,0,9.578866340848416,1.733344675321925,59
28,22,0,11.68882980801793,1.830624796411566,81
28,23,0,14.97425108768119,5.415256701807555,86
28,24,0,13.89096181228367,2.116462741723097,98
28,25,0,10.23214264362489,1.637034512105424,71
28,26,0,10.71918372445624,1.668866266971589,77
28,27,0,13.54772743532577,2.338040507190084,90
28,28,0,12.77646519000448,1.943131750917889,94
28,29,0,12.87949631497074,1.919191033223496,96
29,0,0,4.813921051101672,1.340038891636601,21
29,1,0,6.253556925973923,1.845380551550369,23
29,2,0,7.891424239935762,2.233980212030384,32
29,3,0,8.42829390849467,2.620452713602401,29
29,4,0,8.533390765190584,2.434084207091401,34
29,5,0,11.98669357265768,3.817734421098288,44
29,6,0,11.09203595209276,2.81027149203404,51
29,7,0,8.841910779204529,2.082630908334034,41
29,8,0,11.44117136712874,2.696172823202025,53
29,9,0,11.54764904669864,2.72660024670638,57
29,10,0,12.60408735371881,2.973596402745398,62
29,11,0,9.907569173863164,2.352270901949399,46
29,12,0,8.343158474268607,1.730139576040312,43
29,13,0,10.85018734885551,2.226481502558801,57
29,14,0,11.63500497094075,2.302525219725932,65
29,15,0,12.44082984415389,2.545596434434894,67
29,16,0,9.311349958200621,1.73793671760423,56
29,17,0,10.45642420038853,2.131256664559575,58
29,18,0,11.65196107191915,2.100340145289234,70
29,19,0,10.60400136515439,1.886681885408383,68
29,20,0,10.85548553173947,1.991666348769247,68
29,21,0,11.94901765758464,2.124763544044288,73
29,22,0,11.2999853356292,1.90162495545404,72
29,23,0,11.95127114755679,1.972662731638791,81
29,24,0,9.321118748066151,1.425829328593368,65
29,25,0,12.11853473805611,1.89957193341007,85
29,26,0,9.690212130051652,1.647404844246651,66
29,27,0,7.716875266251759,1.333949853241867,52
29,28,0,8.566630999870817,1.275783372797923,61
29,29,0,8.286152112593395,1.404779718379229,62
