# mesh name: boxMesh_1
# primitive scorer name: doseScorer
# iX, iY, iZ, total(value) [MeV], total(val^2), entry
0,0,0,4.391679192964154,0.6725992277282168,31
0,1,0,6.504547610413304,1.007699490123721,47
0,2,0,6.902974935500613,0.9918677338974426,51
0,3,0,8.044773135760144,1.301943086550975,55
0,4,0,10.51355949647522,1.910400261538402,68
0,5,0,8.120144571929846,1.323231084686994,58
0,6,0,10.06985286260296,1.613578904041365,69
0,7,0,10.51040216475371,1.753032489327411,69
0,8,0,11.13560563395977,1.691276679644934,80
0,9,0,9.23305653020816,1.544342058409495,63
0,10,0,7.646142405592187,1.125837390557412,55
0,11,0,9.822295414386138,1.677515727166187,68
0,12,0,7.721590226936794,1.283717006719449,56
0,13,0,9.575016879412365,1.711317385186021,65
0,14,0,10.66975861514092,1.683617308212499,75
0,15,0,7.284968877630216,1.103461870324368,53
0,16,0,10.64715585278725,1.618307119798339,78
0,17,0,7.746126249072485,1.167800445400476,58
0,18,0,9.950211524414438,1.425052758421804,77
0,19,0,9.284702788474331,1.538705785989872,65
0,20,0,10.77437936482246,1.635743134788258,77
0,21,0,10.84637502771925,1.683644560706631,79
0,22,0,7.946794726017421,1.235942417583963,58
0,23,0,10.19086256112449,1.865126191761032,71
0,24,0,11.92563299209527,1.941399520324945,83
0,25,0,10.67369123674954,1.623213077227974,78
0,26,0,8.662026552547292,1.417104456746749,61
0,27,0,8.39921648788016,1.355312032179517,61
0,28,0,9.461348942732787,1.446215827536068,70
0,29,0,6.443625987727126,1.006318652954947,50
1,0,0,7.231980518588504,1.1192791714738,49
1,1,0,8.558651883530908,1.304947045049209,64
1,2,0,8.724672063069617,1.410460309268453,61
1,3,0,11.60673570895871,1.814396933006265,83
1,4,0,14.26108436451624,2.348254918029061,95
1,5,0,10.19180265537603,1.584073642457461,72
1,6,0,13.39986424318406,2.07466292413089,97
1,7,0,13.30844116973416,2.089123463410658,96
1,8,0,10.02420463028016,1.656069044265471,68
1,9,0,11.71146570705488,10.38592819146093,67
1,10,0,12.19002753493847,1.877348690067438,89
1,11,0,12.03333020700801,1.860438054713996,86
1,12,0,10.83983591017259,1.74952485066522,76
1,13,0,12.26479809385583,1.958730423102918,84
1,14,0,11.55031792620311,1.944789829724939,77
1,15,0,11.43406941676156,1.654206620516084,86
1,16,0,10.98369770832552,1.838284487249414,73
1,17,0,13.00339305398497,2.070879085086981,90
1,18,0,11.45380496546701,1.730315379311062,85
1,19,0,9.813561958274443,1.398058707856785,73
1,20,0,12.14238766386668,1.931237911571258,86
1,21,0,12.43914259628648,1.848052244445311,95
1,22,0,13.6480290608266,2.16338953528173,98
1,23,0,14.59253970748141,2.290059503830566,105
1,24,0,12.19893004006568,1.989097921301172,87
1,25,0,13.32756245871271,2.051435967180313,94
1,26,0,13.52044414045329,2.291149953334223,93
1,27,0,11.74393179228962,1.685585622886081,88
1,28,0,12.49720845951335,1.810870023812214,92
1,29,0,8.611467117732159,1.243297106584684,67
2,0,0,6.523249074728718,1.060986016695248,43
2,1,0,10.51611930372829,1.773060481132789,69
2,2,0,9.412110492635541,1.619381577813815,63
2,3,0,13.70104324785528,2.154809373478566,95
2,4,0,13.79533426328749,2.073316877747638,97
2,5,0,11.8604235506334,1.774953800538043,87
2,6,0,11.72961891695842,1.701711562919672,86
2,7,0,13.66446956328689,2.454349739857882,89
2,8,0,15.36648774619505,2.370370963203866,107
2,9,0,13.63422047924827,2.055779710797651,96
2,10,0,14.39940234769719,2.118246841232548,105
2,11,0,13.31496781363253,1.98667754010755,97
2,12,0,15.61147418434608,2.362385892700497,110
2,13,0,16.72087886520274,2.642713592332448,116
2,14,0,14.42223426348367,2.076736938130237,106
2,15,0,13.43470820736213,2.13676593269598,95
2,16,0,13.57541343708863,2.104005960864902,101
2,17,0,16.46989135968984,2.703384595913086,112
2,18,0,13.52302647302719,2.004214035749787,97
2,19,0,12.44362092848898,1.95887898410943,88
2,20,0,17.25247223184322,2.617397503386983,127
2,21,0,12.62182581841669,1.889956560961585,92
2,22,0,18.5598814417223,2.94241449701681,134
2,23,0,17.38280853655023,2.649738924807671,125
2,24,0,15.54022842563174,2.266514092426783,115
2,25,0,15.31090682939472,2.216312510746624,114
2,26,0,13.65856592106127,2.143793189263755,98
2,27,0,15.16518703166185,2.203110330434934,114
2,28,0,14.34064230510511,2.274643247577583,103
2,29,0,11.04562089171541,1.675449727243464,83
3,0,0,8.916289500613608,1.329864161530819,66
3,1,0,13.64685396635528,2.483947318666275,86
3,2,0,12.83781640065413,2.126154291084836,86
3,3,0,12.76067265586922,2.377315545203738,86
3,4,0,12.88399682964835,2.006817493834635,90
3,5,0,16.61538611714998,2.690505335645124,115
3,6,0,12.7912214225682,2.034107202668306,88
3,7,0,18.91560782215156,3.262568964936081,123
3,8,0,13.40784562478203,2.114044008887127,93
3,9,0,13.5560142335977,2.194874426992245,92
3,10,0,14.8330159829919,2.553066829721319,99
3,11,0,14.19139939436846,2.187753488852581,102
3,12,0,15.35556016923495,2.482964768657705,107
3,13,0,15.30052201595156,2.337021312261003,108
3,14,0,16.446622302717,2.581861195598746,115
3,15,0,16.67521534556142,2.693221731653523,116
3,16,0,13.56896926273745,2.024979966721697,100
3,17,0,14.76301706548047,3.478963280778879,99
3,18,0,14.08402224201728,2.10155876521489,104
3,19,0,13.46921090292959,2.017263790965507,101
3,20,0,16.08948060538002,2.532885433657033,116
3,21,0,14.14079277580508,1.975903845712122,106
3,22,0,14.08050753253207,2.312400693288405,101
3,23,0,17.38639937193406,2.606641605722612,128
3,24,0,13.25685030558081,2.039837386244074,95
3,25,0,17.06416320459645,2.926907473758775,117
3,26,0,14.02426569985718,1.925512428810593,108
3,27,0,13.10000060495915,2.022872748868315,95
3,28,0,12.072187668542,1.832298796850507,89
3,29,0,10.67751824320333,1.580718561460117,80
4,0,0,8.162626215111914,1.197144984312486,60
4,1,0,10.32116084430198,1.604448692424701,72
4,2,0,12.7849756871034,2.002488411277371,88
4,3,0,13.27357436472585,2.315585508397593,84
4,4,0,21.95263904672321,64.84859220243743,98
4,5,0,15.85193048075198,2.50385064142504,111
4,6,0,17.69519736914179,3.11865291696597,117
4,7,0,11.99068439500036,1.839208253070225,85
4,8,0,12.43346010394415,1.88778161706784,90
4,9,0,13.99129291738624,2.1049069254231,101
4,10,0,12.54076832888623,1.977132761853523,90
4,11,0,15.12295303851234,2.269614979776682,109
4,12,0,14.76548719890766,2.206051398592576,112
4,13,0,15.68567710225302,2.446837476599842,112
4,14,0,16.25860275981804,2.5663755687723,112
4,15,0,14.24813258861886,2.130060597573246,106
4,16,0,15.39350743667442,2.373392429993772,109
4,17,0,14.43540253422634,2.18725295505615,104
4,18,0,11.59108573979607,1.727531910551238,85
4,19,0,16.42897197128141,2.585630754807439,116
4,20,0,16.59980427387839,2.881012391249758,118
4,21,0,16.13991388171211,2.459922380628822,113
4,22,0,14.2477998246935,2.091398435288808,105
4,23,0,11.27083060760434,1.545883600230611,91
4,24,0,17.99358351779914,2.900416638626153,125
4,25,0,17.17283657984121,2.689622614181266,121
4,26,0,11.76363602611644,1.718667476994432,86
4,27,0,14.64898441314717,2.126556769229957,112
4,28,0,14.13930338648717,2.197778880985693,103
4,29,0,8.989643074577273,1.341401928996235,67
5,0,0,8.070977341321177,1.334529294142645,54
5,1,0,11.87957098260993,1.907518052354082,81
5,2,0,15.7470228344955,2.688050246856857,104
5,3,0,14.91322883134799,2.67907512003205,97
5,4,0,15.75595844143554,2.658440309560548,103
5,5,0,15.27097872601655,2.390626831007649,105
5,6,0,17.10449720337266,2.837738038196313,115
5,7,0,19.58633999320874,15.95849919044101,113
5,8,0,15.2176310975616,2.379400920405895,109
5,9,0,15.12678466340917,2.261563596717098,108
5,10,0,16.3849632982095,2.467092912630364,119
5,11,0,14.30731023952494,2.202319471948607,101
5,12,0,15.2199049382521,2.25232673509515,111
5,13,0,16.9876482304727,2.848302401933342,116
5,14,0,16.2734943665185,2.525435163034353,118
5,15,0,16.85314456642761,2.519185384345786,122
5,16,0,15.76585177151314,2.477198694801443,108
5,17,0,16.04106273743333,2.550878900994223,113
5,18,0,14.68413622982375,2.465709592447519,100
5,19,0,15.70953964643808,2.543530822860178,112
5,20,0,16.80493536398859,2.596661514434496,117
5,21,0,18.03579146447887,3.154056154391478,123
5,22,0,14.48294223238342,2.140301507059812,109
5,23,0,14.55424855049613,1.998939481495418,112
5,24,0,16.32146415735495,2.585738702422114,116
5,25,0,16.83587849157956,2.524995308516823,124
5,26,0,13.35029234959477,1.956067383411614,101
5,27,0,12.52227657700547,1.87138955840858,95
5,28,0,15.53677194880019,2.318811420329546,116
5,29,0,12.4492318309789,1.987261567425409,92
6,0,0,7.902434323869118,1.305239751089895,54
6,1,0,10.89852966921703,1.699473666561535,78
6,2,0,13.80118896657275,2.286179527048033,93
6,3,0,13.04240312060803,2.112044335591329,88
6,4,0,16.28780990219834,2.769814113147798,108
6,5,0,14.87657924038907,2.3867601552647,107
6,6,0,15.3154030343863,2.385169006359031,106
6,7,0,15.53426943761364,2.524384451433332,107
6,8,0,14.58735002066705,2.135220874003652,106
6,9,0,16.26458949741857,2.627346998482339,111
6,10,0,14.80673116621801,2.216270232001798,106
6,11,0,13.61219826023503,2.130297341542524,96
6,12,0,17.74058140420494,2.689488496267666,128
6,13,0,15.37810088478344,2.166936648397604,117
6,14,0,14.48150548763514,2.423377977313627,100
6,15,0,11.56022004434327,1.740927847811582,85
6,16,0,17.18703530322832,2.710023765383615,121
6,17,0,14.39177965295977,2.120073805455574,107
6,18,0,18.38840660995094,2.735702893793886,135
6,19,0,17.74710724267506,2.815272898535271,125
6,20,0,12.96705083179561,1.836384476772991,99
6,21,0,15.59665137895433,2.707521792396123,106
6,22,0,14.59037401933091,2.163827868743391,106
6,23,0,16.75594679676357,2.791171531449704,117
6,24,0,14.01093371967383,2.099295526315556,101
6,25,0,11.91098644873882,1.641174197600264,95
6,26,0,15.13288800475913,2.403706966644262,107
6,27,0,15.10564875225199,2.341854817841875,108
6,28,0,16.25847294250219,2.343533920777499,121
6,29,0,10.84196630677999,1.598767320202735,80
7,0,0,9.834508458995817,1.554207701349409,66
7,1,0,12.2565953100106,2.064040381096725,82
7,2,0,15.4511061178406,3.819328335274692,100
7,3,0,16.27523040952213,2.6874982309046,108
7,4,0,14.16790703384204,2.239835881347249,96
7,5,0,17.36390674828124,2.634498513354386,121
7,6,0,15.51421730473973,2.308269792569287,111
7,7,0,14.03312355012058,2.322918819614226,94
7,8,0,16.52985121942703,2.540304474018723,118
7,9,0,16.43136342912891,2.666370812576144,112
7,10,0,21.9282868290826,65.09651200761104,100
7,11,0,15.7431628151065,2.472275641592966,111
7,12,0,15.51592922937993,2.459503010491304,108
7,13,0,14.39628639814962,2.340452192002497,99
7,14,0,14.04268589886699,1.99683799582104,105
7,15,0,14.78845802925401,2.367909241453737,104
7,16,0,16.14316814373278,2.404262371366321,118
7,17,0,17.42977486109763,2.714694719138254,124
7,18,0,17.76510736366937,2.712937001082652,126
7,19,0,14.55113952064088,2.221221615432007,106
7,20,0,16.71087145655944,2.710217885980755,119
7,21,0,14.10433644395308,2.166131056049606,100
7,22,0,16.63770964308704,2.620425589945071,121
7,23,0,17.66495377516885,2.678905618345053,130
7,24,0,16.02120664874936,2.351940151490612,120
7,25,0,15.37600605260772,2.276560513983904,114
7,26,0,16.3476862490316,2.315555764198047,123
7,27,0,15.06784541180832,2.186403960585847,113
7,28,0,12.36577087930456,1.739294206960634,95
7,29,0,11.29890164006693,1.707603712366333,84
8,0,0,8.587346570140051,1.272199711255616,61
8,1,0,14.53668143149548,5.572020913851858,86
8,2,0,12.45167734358598,1.931867222341109,86
8,3,0,16.88532032984443,2.719966715068132,116
8,4,0,11.37389023170434,1.78040785354928,79
8,5,0,13.74383189301672,2.157389739155496,98
8,6,0,15.79328546757499,2.401486752462588,112
8,7,0,16.58079194753092,2.844615265081954,111
8,8,0,16.4233523854098,2.64572168569428,112
8,9,0,13.53683341318397,2.1861940176441,94
8,10,0,14.31041390101768,2.253305458829582,102
8,11,0,18.62662017481926,3.196896583854376,124
8,12,0,16.38578276113501,2.470245738297339,117
8,13,0,14.97670741542597,2.262753648772228,108
8,14,0,16.16633090488685,2.632027474944257,111
8,15,0,11.33622092107594,1.743290728627823,83
8,16,0,16.31609062366802,2.436504793105563,118
8,17,0,15.77967279414035,2.402338766340781,114
8,18,0,13.9056851571396,2.29128729682564,98
8,19,0,15.34579746358623,2.546823085334007,106
8,20,0,15.59854686071462,2.38486542839198,114
8,21,0,15.95748762740812,2.44153769225465,115
8,22,0,16.33655950922306,2.44616794479237,121
8,23,0,16.19353661123966,2.670484211137552,111
8,24,0,16.67450353475696,2.606156923908702,119
8,25,0,12.54316300488825,1.886800014626857,92
8,26,0,15.8978237129718,2.328700150284671,119
8,27,0,16.15225715214518,2.449416723670125,120
8,28,0,13.98336324221395,2.200472834821194,105
8,29,0,10.45351303632806,1.651361602774368,76
9,0,0,8.716769169898566,1.418749323322925,58
9,1,0,12.00069110896898,1.869201729626736,87
9,2,0,13.07530477237525,2.088999958880492,93
9,3,0,14.55768365795235,2.441561423931725,97
9,4,0,16.30384010409296,2.543203457255556,112
9,5,0,14.8375980631798,2.668953894097571,98
9,6,0,15.74384744103746,2.689882164223748,104
9,7,0,17.44936965762746,2.891240205448179,120
9,8,0,13.64438159013057,2.241863112617539,92
9,9,0,14.82828096723243,2.265471778773724,108
9,10,0,16.19282245194685,2.72315255463987,110
9,11,0,18.46801878432176,3.060078498178301,124
9,12,0,15.69092884534991,2.477256211897982,109
9,13,0,14.64100242269079,2.22022550705632,104
9,14,0,23.01264870713148,33.57315222054188,122
9,15,0,16.88124777291717,2.446653123136952,127
9,16,0,16.29487856558112,2.465212887075437,118
9,17,0,13.91810987897353,2.202964798666509,99
9,18,0,16.39646534198953,2.394070793051483,121
9,19,0,13.71435618377024,2.13158882343155,97
9,20,0,14.736751410145,2.122814567090389,108
9,21,0,13.58186007306595,2.005757112050787,101
9,22,0,15.88132603257457,2.554000287755754,112
9,23,0,13.15449117325301,1.779044845500265,103
9,24,0,11.32285774692622,1.644446610508386,84
9,25,0,17.56743216256322,2.600593899734962,130
9,26,0,15.16719014957028,2.179961015896223,115
9,27,0,16.98974462080067,2.786465928946269,122
9,28,0,15.28479619981017,2.456134653618684,108
9,29,0,11.65115589867075,1.878404272399022,82
10,0,0,10.03817968159816,1.664448701736644,68
10,1,0,10.4225951653546,1.774914182342675,68
10,2,0,14.89574220253546,2.39677918163643,101
10,3,0,15.41970477489837,2.492933286814819,103
10,4,0,16.17544820487582,2.487021636426736,113
10,5,0,17.25170807534958,2.82354809894979,115
10,6,0,15.85288132230118,2.34724173706334,114
10,7,0,33.63064025337361,358.6309849109527,106
10,8,0,15.53615039175373,2.480120733957935,108
10,9,0,16.5571921311883,2.5194713806287,119
10,10,0,17.06171793694905,2.525698576769916,125
10,11,0,15.94187278766762,2.552572640784576,112
10,12,0,15.87276577372634,2.44160678404703,113
10,13,0,15.15795614420935,2.3947593767072,109
10,14,0,15.45028286726644,2.343394544200591,111
10,15,0,16.90376845538361,2.706263554138459,118
10,16,0,16.1992224441606,2.529202627228107,118
10,17,0,13.86324027251638,2.083963210835285,101
10,18,0,18.37570664648365,2.78206098701324,132
10,19,0,13.63242682976716,2.068113357212266,97
10,20,0,15.2933487184404,2.282757406427135,113
10,21,0,16.18751687899613,2.528150289258229,114
10,22,0,14.31541215750989,2.089154107248068,109
10,23,0,14.43986527841904,2.024305121880421,111
10,24,0,15.42600793048667,2.689620303824946,105
10,25,0,17.37747959327967,2.457463742404611,131
10,26,0,13.45552580506436,1.887065088320599,103
10,27,0,14.05718909959521,2.223822186059901,98
10,28,0,13.10470852884257,1.933049896663579,99
10,29,0,11.84273583689767,1.736072746422614,90
11,0,0,10.11747166178534,1.798795477865084,65
11,1,0,14.46675024247091,2.367525671792641,96
11,2,0,12.77341481595509,2.049488063749624,86
11,3,0,14.78986137385536,2.382212124113526,104
11,4,0,15.89903474714257,2.6698708850716,105
11,5,0,15.33321101694785,2.248347058086429,112
11,6,0,15.70978269968997,2.383445025082264,113
11,7,0,14.19289595984465,2.189435009892972,99
11,8,0,17.89442948953404,2.879585770947352,124
11,9,0,13.35448691324558,2.050162587977126,95
11,10,0,17.31230129425151,2.818820839650754,116
11,11,0,15.68880580343989,2.476030128417235,108
11,12,0,16.20871786774963,2.571629463664486,114
11,13,0,15.88243940809068,2.66723000645172,106
11,14,0,14.18396633595179,2.058807938932739,104
11,15,0,14.76348907433759,2.299084345533677,109
11,16,0,16.73286490945283,2.797972888015257,113
11,17,0,16.82658853704049,2.513763794351496,122
11,18,0,15.67907389789755,2.420406526697525,113
11,19,0,14.18075267425706,2.272651564851473,99
11,20,0,13.88506106468888,2.007184896263774,105
11,21,0,17.25117845997658,2.645562710274552,123
11,22,0,13.93698754340563,2.178653897291948,97
11,23,0,14.60866243889998,2.222638111286954,106
11,24,0,13.65052926718139,1.998001387840872,102
11,25,0,12.17358505985782,1.711554522380158,91
11,26,0,16.92812134356481,2.666114940173654,121
11,27,0,14.84400307994219,2.136106470798967,113
11,28,0,13.5240960300368,1.970592532554192,104
11,29,0,11.04971919996586,1.745907600899356,79
12,0,0,8.750588738713303,1.45145028955847,59
12,1,0,10.27497145748991,1.597771203708762,73
12,2,0,11.43714719745634,1.679249594599098,83
12,3,0,16.62562321771261,2.740313572816711,112
12,4,0,12.74450260423226,1.961542159494277,90
12,5,0,14.80100983482889,2.511052640709937,98
12,6,0,16.44818271970385,2.562318729982747,116
12,7,0,15.34386634644209,2.526329949614104,105
12,8,0,16.21205180390229,2.54490045736612,113
12,9,0,12.71308677803524,1.82158106971428,96
12,10,0,15.58767318210842,2.387400871176714,109
12,11,0,15.00950748164729,2.265931645233267,108
12,12,0,18.19889872083047,2.962510213181207,129
12,13,0,13.85066101979361,2.024306415692283,105
12,14,0,15.84403781427688,2.659140039030666,107
12,15,0,17.39871733711575,2.692223175970724,123
12,16,0,14.15328617686446,2.0894110792634,104
12,17,0,14.68828642054245,2.449036234975032,103
12,18,0,15.78103117626472,2.461565254797327,112
12,19,0,16.52351688669787,2.638006823022381,118
12,20,0,16.29798828387695,2.708089709211891,113
12,21,0,15.17248466540207,2.338166699243739,110
12,22,0,15.12119224437678,2.231959048578759,111
12,23,0,14.74357603552191,2.254338735404378,107
12,24,0,14.19300373272992,2.022883175964841,109
12,25,0,16.59184416850011,2.368783674734646,126
12,26,0,14.91368291903176,2.280260993333259,106
12,27,0,16.70287789299598,2.561795958426881,120
12,28,0,14.3912340537445,2.195391690087208,105
12,29,0,9.929004686209678,1.451781242088192,72
13,0,0,9.496050908056258,1.693992812266746,63
13,1,0,8.362909521648861,1.291436785181641,62
13,2,0,12.74591212289245,2.055117074309661,87
13,3,0,15.43456823714223,2.47008196280599,105
13,4,0,14.49054269263162,2.323300142977044,97
13,5,0,12.70895329488981,2.018542636041763,88
13,6,0,16.69552074268996,2.62942948151183,117
13,7,0,16.0832521841443,2.475182468601621,113
13,8,0,16.12869718795868,2.57051718297915,112
13,9,0,14.83381545462895,2.168344806758419,109
13,10,0,17.43408002027081,2.92386946869469,119
13,11,0,14.39068381995392,2.119756605677507,107
13,12,0,16.23654154989827,2.647543462320912,110
13,13,0,16.82757189477836,2.547151787164168,123
13,14,0,16.13153242964091,2.499237935522665,115
13,15,0,16.01236257335632,2.31116633632754,118
13,16,0,15.63368064026934,2.445985629204223,110
13,17,0,13.18463602974325,1.948612632519338,98
13,18,0,13.4529388852585,1.879093081275757,102
13,19,0,18.24494274241088,2.895427424159692,129
13,20,0,17.49927031736992,2.685158426139217,124
13,21,0,14.77992109663781,2.306114484528313,106
13,22,0,15.51281719765946,3.183842342706443,102
13,23,0,17.12992192173884,2.619702091105387,126
13,24,0,12.09317115314334,1.747186076747786,93
13,25,0,17.22475260919874,2.512929232033166,130
13,26,0,14.85550105818132,2.29940572534362,108
13,27,0,16.19055105229883,2.252447669804964,124
13,28,0,11.13085443879964,1.658716680258271,84
13,29,0,9.24018645675311,1.295426395568429,70
14,0,0,10.00926963613432,1.488797401545139,73
14,1,0,12.91277136837121,7.008264796821432,72
14,2,0,14.13886574747796,2.349288591376808,94
14,3,0,14.38428194863778,2.223671248463422,101
14,4,0,15.02898315759258,2.372671805573664,105
14,5,0,15.05915605111978,2.46529572320881,102
14,6,0,15.93231254551654,2.511484095559315,112
14,7,0,17.43853178673169,3.001356498043615,115
14,8,0,12.08645505789962,1.723455496783902,90
14,9,0,15.14374988193037,2.409632390407444,104
14,10,0,15.57428771551536,2.769513346087926,102
14,11,0,16.8511707867969,2.641650952080745,117
14,12,0,15.87207415832617,2.422127087468593,114
14,13,0,15.38444720884037,2.377143288331394,109
14,14,0,17.64675592183502,4.172935043962282,116
14,15,0,13.64604028181991,2.077253497921622,99
14,16,0,16.81635861031288,2.687659347889791,118
14,17,0,15.65161142219528,2.671492623001113,107
14,18,0,17.44244936408461,2.686178261410479,124
14,19,0,16.78481474547619,2.694324795886819,118
14,20,0,16.98660934718415,2.768937412669315,117
14,21,0,13.45779380947241,2.01267223503689,97
14,22,0,17.64718048769622,2.912578513549621,124
14,23,0,14.46123533665248,1.935741766576726,113
14,24,0,16.88491703555996,2.558813963075302,124
14,25,0,14.85585714391447,2.531687504436817,102
14,26,0,17.99657641572514,5.62565423296043,112
14,27,0,17.53978076450282,11.74265613096075,109
14,28,0,30.23540896287993,235.8610654986332,112
14,29,0,11.51976599460486,1.95158957839763,80
15,0,0,7.806688610001568,1.245279493040572,56
15,1,0,10.48774665222846,1.88241008156771,69
15,2,0,11.44282783542924,1.84892253711139,77
15,3,0,12.25151344221416,1.961369409117977,85
15,4,0,16.21235009784838,2.592231328392874,114
15,5,0,16.38846846398847,2.490169407489911,114
15,6,0,16.23358867280993,2.557072562687809,113
15,7,0,15.48368153103126,2.479864003165638,113
15,8,0,15.33543726940434,2.416131571814311,105
15,9,0,15.36748599036143,2.372634551852349,109
15,10,0,13.62980687382454,2.004381275003233,99
15,11,0,15.96907913690479,2.514966710074607,118
15,12,0,15.79521086771026,2.589396650156246,108
15,13,0,12.4508366899948,1.898451339399608,93
15,14,0,16.84106631020927,2.583406705106817,118
15,15,0,16.37935992709327,2.631469668579851,115
15,16,0,13.18462178401963,1.92596248087803,97
15,17,0,16.37766926224646,2.633227589384808,115
15,18,0,14.85541495737844,2.39197041141895,103
15,19,0,17.97815543911803,2.976910298373922,125
15,20,0,16.87734884260952,2.491161356872879,122
15,21,0,16.76573913762982,2.76209186623969,118
15,22,0,14.18349540917127,2.277038901286061,101
15,23,0,14.74362078239004,2.366930242525081,103
15,24,0,20.30448515695127,3.757586575839678,140
15,25,0,14.4923936604827,2.157404228535852,106
15,26,0,15.77260785630424,2.486552507795255,111
15,27,0,16.04270100158682,2.445026724259374,116
15,28,0,15.28845335468355,2.46601032455519,111
15,29,0,9.577485815417267,1.373569082898259,74
16,0,0,9.344473548538085,1.40386245685284,70
16,1,0,13.1097312744744,2.039387464917881,91
16,2,0,11.47004106055728,1.737690324381184,81
16,3,0,14.10636262753773,2.185357147769145,97
16,4,0,16.87608565988532,3.232709103025675,113
16,5,0,14.27155567887589,2.255035080682214,96
16,6,0,15.22899018639218,2.413199033799363,105
16,7,0,17.4678672687765,2.725231828916561,124
16,8,0,13.11074816604345,1.888948023736613,97
16,9,0,16.87231492814745,3.375223001255665,115
16,10,0,17.77949531412854,2.955360385732444,118
16,11,0,13.079783839017,2.017371722039784,95
16,12,0,16.93381419754333,2.525196710406586,121
16,13,0,16.00202069386786,2.375117445495673,117
16,14,0,18.40773234239811,8.858138300897837,113
16,15,0,16.51201080674437,2.563149221129614,118
16,16,0,15.16235822332134,2.390714181718775,108
16,17,0,13.89440439950821,2.042235981827452,104
16,18,0,15.82822151220081,2.391839037396077,116
16,19,0,15.1134744655115,2.402707773481334,105
16,20,0,16.20205272803996,3.282161747106938,119
16,21,0,14.23543787836039,2.230457193987758,103
16,22,0,15.2051937818789,2.368686964168726,110
16,23,0,15.8327832256173,2.370607165085654,117
16,24,0,14.99224232228437,2.310415646761306,111
16,25,0,15.38000048544299,2.302618080859762,113
16,26,0,15.86578397813238,2.552066696844522,112
16,27,0,15.48715491433657,2.281973667355457,117
16,28,0,13.496726083545,2.124616535442213,96
16,29,0,9.922829964296358,1.367599847302276,76
17,0,0,8.024815977403733,1.295147841638913,55
17,1,0,8.724330794173452,1.363266437901243,61
17,2,0,14.77069463093892,2.51661140088334,99
17,3,0,12.61378838702186,1.878755815170599,92
17,4,0,13.1983912679541,2.08866847884156,93
17,5,0,17.48383865039812,3.049397821747864,114
17,6,0,13.61363211759191,2.270704101596696,91
17,7,0,15.63416713222174,2.424398849527275,113
17,8,0,14.20826782312549,2.116059915094985,105
17,9,0,15.9508834818409,2.609402889677746,108
17,10,0,12.57668580879006,1.913712010272911,89
17,11,0,15.95807948727085,2.607616831321433,113
17,12,0,13.96865367775774,1.997675985498164,106
17,13,0,14.86502760597148,2.359384140191925,103
17,14,0,17.8519091717058,2.837105226936325,126
17,15,0,16.58521051095543,2.535551338059836,118
17,16,0,13.95147801341952,2.047260734805311,102
17,17,0,14.69026636085277,2.283517094334371,105
17,18,0,13.2215165596256,1.995938842619808,97
17,19,0,14.65405907149953,2.153753487222103,107
17,20,0,13.88845495637227,2.184212971723866,99
17,21,0,13.66612760868629,2.127365073050953,101
17,22,0,16.72947368164991,2.591635838321987,121
17,23,0,14.92019423615213,2.247729619188231,108
17,24,0,17.93756758175657,2.698061823031509,130
17,25,0,15.56623883137189,2.223979056105392,117
17,26,0,15.43942646493811,2.368189641842138,112
17,27,0,14.38250630451956,2.109191311129547,105
17,28,0,15.98773103742167,2.87892670233208,108
17,29,0,10.49668796516371,1.51492716394054,79
18,0,0,8.928891034997587,1.365301501374365,63
18,1,0,9.940770088514796,1.741856768175269,66
18,2,0,14.61044376874395,2.278087678339906,100
18,3,0,13.49901142036834,2.119548316558782,94
18,4,0,11.86089638597572,1.800302438362567,84
18,5,0,14.59458658057388,2.234348748530181,103
18,6,0,17.84931821313991,2.847280367131348,125
18,7,0,25.52878722589594,110.7628670565552,109
18,8,0,17.44105608282295,2.748320413461485,122
18,9,0,17.99497071416027,2.908560556807806,125
18,10,0,16.03203992628533,2.737841632384933,108
18,11,0,14.99495152298009,2.327445873801362,108
18,12,0,15.915890806247,3.103344432064211,110
18,13,0,17.35071657557898,3.033020519251801,115
18,14,0,16.52758305345838,2.562498682717277,118
18,15,0,22.59168780968206,21.79074714808668,138
18,16,0,14.45955425883565,2.060250470433111,111
18,17,0,18.93440322000923,3.001955295387276,135
18,18,0,16.07827455543292,2.498624470162759,115
18,19,0,12.38239043308483,1.989355188274496,87
18,20,0,13.86231299163583,2.173621764182143,102
18,21,0,14.4581912899709,2.197897848031683,106
18,22,0,15.39056274395063,2.359498728399001,114
18,23,0,15.33217715475678,2.211829063627651,115
18,24,0,14.5137450130448,2.035707127415801,113
18,25,0,15.40784176260813,2.168723135639222,120
18,26,0,12.67919786739132,1.756146189412907,98
18,27,0,13.32147163543156,1.835693984227993,104
18,28,0,15.00100676772679,2.438250321714339,103
18,29,0,9.735130389837893,1.491578704400213,71
19,0,0,8.556712015938427,1.327409740587113,60
19,1,0,10.45137184190983,1.761951940959733,67
19,2,0,11.56239930390566,1.852834884925892,78
19,3,0,14.77854984878522,2.501644608088929,97
19,4,0,13.8621840657681,2.042576398389977,101
19,5,0,14.12249004616885,2.077056500873803,103
19,6,0,15.62378641262211,2.381585001861334,113
19,7,0,16.66138408058229,2.744553428026931,117
19,8,0,14.56419726340211,2.230672938545885,103
19,9,0,16.38835500745332,2.581466305771566,113
19,10,0,17.58961913869305,3.07852795516902,117
19,11,0,14.9258545485813,2.422693187608834,105
19,12,0,17.86776600588497,3.242706187586708,114
19,13,0,15.11245002169093,2.308734389376157,107
19,14,0,12.85456765719594,1.938706385138416,94
19,15,0,17.32280042332527,2.829632615866264,122
19,16,0,13.72297615487571,2.056955016249924,101
19,17,0,13.73510484632363,2.045419621876793,99
19,18,0,16.1194378276461,2.470144058289092,117
19,19,0,17.1449492324503,2.60450638270166,126
19,20,0,14.12835266864786,1.891057053093135,110
19,21,0,16.37885835739216,2.470130878461592,118
19,22,0,17.09457304162702,2.712593315789027,121
19,23,0,15.53225388107603,2.441950454630848,109
19,24,0,13.13575478054126,2.120851893144712,94
19,25,0,15.09003748979526,2.227684403178671,112
19,26,0,15.74571757868857,2.60826160403657,112
19,27,0,14.44583240060634,2.086789437075395,109
19,28,0,14.10866887673755,2.033994836431798,110
19,29,0,9.405569680469601,1.456431415050993,71
20,0,0,9.263113544936681,1.377033849352947,66
20,1,0,14.47435729054299,19.25313240725223,71
20,2,0,12.62008069837945,1.957584754333865,91
20,3,0,12.35605576197446,1.907156732977507,88
20,4,0,15.34889036598742,2.570816726139101,101
20,5,0,16.55459139744889,2.539665440775719,114
20,6,0,16.24873362474105,2.672160304099483,110
20,7,0,14.03542772217058,2.105569074597077,100
20,8,0,17.66509068719211,2.783030936054541,123
20,9,0,16.3800964763507,2.718137037502273,110
20,10,0,15.41066102584109,2.599934283858366,102
20,11,0,12.90980445063306,1.85157971039514,99
20,12,0,14.82354105874089,2.300049897205724,107
20,13,0,17.15340194743405,2.586012124253056,124
20,14,0,15.37764070087927,2.38114188204502,110
20,15,0,16.68696109595675,2.509440983611966,125
20,16,0,17.39474888217966,2.761092919098613,124
20,17,0,12.29786791084367,1.831233777610773,90
20,18,0,17.66837553722709,2.709798943445996,127
20,19,0,15.36095670526129,2.227837913382811,114
20,20,0,13.48365320015261,1.982672962761153,104
20,21,0,16.7331345676379,2.741260609737821,118
20,22,0,15.36030140630947,2.120529967356127,117
20,23,0,15.04786892492569,2.334623109578544,107
20,24,0,15.88205240466816,2.473846457182608,117
20,25,0,16.38096368323436,2.962189190531758,116
20,26,0,13.58390540131559,2.033305554049246,100
20,27,0,15.20535166624165,2.172676140582878,115
20,28,0,13.8898935135459,2.164477283082396,99
20,29,0,12.57708430715967,2.160403012293794,88
21,0,0,8.738282859739353,1.42054793124336,60
21,1,0,12.33602961959053,1.970925745200973,85
21,2,0,12.87785236879078,1.892918561134969,92
21,3,0,12.89131623874094,2.080503658687791,90
21,4,0,13.52774256976948,2.03519239684484,96
21,5,0,13.82647746059092,2.145573526639716,97
21,6,0,15.42923370389744,2.53979521688609,102
21,7,0,15.0934817509985,2.532071118388268,100
21,8,0,17.70354860533422,2.576089686825175,129
21,9,0,15.75084034317223,2.315344181307147,116
21,10,0,16.55974702017388,2.488944999828026,117
21,11,0,19.76925474930932,3.439793035342872,129
21,12,0,14.26980048910301,2.339256372555495,98
21,13,0,12.71731877918595,2.171001683630112,86
21,14,0,13.86577991251991,2.033661213042519,102
21,15,0,13.63092061935936,2.125684221844535,97
21,16,0,13.71761857641998,2.096637620284411,99
21,17,0,15.40406870497217,2.49112079014869,108
21,18,0,17.38723133787816,2.429565689458184,134
21,19,0,14.59088592104931,2.071741395859621,111
21,20,0,15.46539115847638,2.403792465426283,111
21,21,0,17.69995851481136,2.731907939329935,127
21,22,0,18.08361585306541,2.99984897907086,123
21,23,0,16.53598481487257,2.762957845895351,115
21,24,0,13.63561164230232,2.671539629588197,96
21,25,0,14.93483198530842,2.260592289991024,109
21,26,0,14.51039696749758,2.072561787572377,111
21,27,0,16.46332452497538,2.658540569555429,118
21,28,0,14.41194989824809,2.096834658589317,109
21,29,0,11.58839285726575,1.962400941978887,81
22,0,0,8.356011170442212,1.231811245496477,62
22,1,0,14.12857537746027,2.220853378870065,99
22,2,0,13.61702562818164,2.130253498016627,94
22,3,0,13.9448435274383,2.203763886178395,96
22,4,0,13.03904580817252,1.890899971774404,94
22,5,0,14.13457937859447,2.295135109795384,99
22,6,0,15.56646214358305,2.526345194633557,106
22,7,0,17.0189516524888,2.596517416905109,122
22,8,0,16.00446849088401,2.556758133331007,110
22,9,0,16.25057579925021,2.442131379844735,115
22,10,0,15.46381522725754,2.434201337970655,107
22,11,0,15.58504247118517,2.521131133547488,109
22,12,0,14.14944012925741,2.250835852271566,98
22,13,0,12.27338179738475,1.920696447620592,87
22,14,0,15.29376377182656,2.237135445174196,113
22,15,0,16.982672713803,2.74359905877337,118
22,16,0,15.79109021095953,2.394766073429631,115
22,17,0,14.73640469247801,2.197907184748107,107
22,18,0,16.21525331396025,2.434295878832013,120
22,19,0,16.20493730660555,2.527794823352215,116
22,20,0,16.77768478503456,2.537160563481043,125
22,21,0,15.32607427631363,2.431465019969406,108
22,22,0,17.73968152373166,2.774768540806568,126
22,23,0,16.21929684774797,2.499904360390298,119
22,24,0,16.3790886240795,2.469227101528631,121
22,25,0,15.62895256709682,2.346662826848749,117
22,26,0,16.6939680886277,2.373057572592078,129
22,27,0,15.97567676050132,2.511230681392151,114
22,28,0,14.03562429866053,2.233270996676663,99
22,29,0,8.742230238384284,1.415512074348098,61
23,0,0,8.623096028553372,1.292333642166868,61
23,1,0,10.36097064051572,1.671663759976873,71
23,2,0,18.50356328869,17.76339224441545,96
23,3,0,14.05159472231359,2.162743134349147,98
23,4,0,15.90258727895627,2.451834837081347,113
23,5,0,15.89546124110992,2.895209922271871,102
23,6,0,15.21614060508473,2.434529135486636,104
23,7,0,13.86956208764394,2.002107908281043,104
23,8,0,14.7093824521257,2.253151610860091,104
23,9,0,15.58655646258051,2.340636404644705,111
23,10,0,14.51737904302195,2.3079299677698,101
23,11,0,16.54915274422855,2.669311837272766,115
23,12,0,16.00872609423722,2.538843874818513,111
23,13,0,18.14111995878876,3.025685629964471,123
23,14,0,15.90172498431806,2.721515913085523,106
23,15,0,20.93000824810258,3.192204736471641,151
23,16,0,16.86715834290251,2.694541981352806,119
23,17,0,16.20373306402567,2.52544911077784,115
23,18,0,12.56070397498072,1.945286971094265,91
23,19,0,16.51991981418485,2.618359654438569,118
23,20,0,14.71759004344715,2.304921202666812,103
23,21,0,16.45509774379678,2.661720170745274,114
23,22,0,15.9137026913072,2.281740914725427,120
23,23,0,16.46519383187936,2.456401019266932,121
23,24,0,14.963355319778,2.471565335492024,103
23,25,0,14.70143689057842,2.182776671826245,107
23,26,0,12.45280551750245,1.840426733291016,93
23,27,0,17.38977476668872,2.721876080148115,124
23,28,0,13.96406323428636,2.027614277117805,106
23,29,0,10.58769961776117,1.801472582599645,76
24,0,0,8.616115410814716,1.433579045817015,56
24,1,0,10.9001138681803,1.723662576339019,76
24,2,0,13.46442048567946,2.155883277361064,94
24,3,0,14.09873995909866,2.198778287350934,99
24,4,0,17.72206658247896,3.091671785133915,120
24,5,0,14.58256108824207,2.307791947026419,103
24,6,0,14.28682608869081,2.465241029605049,97
24,7,0,13.71504647128234,2.29733827508742,91
24,8,0,15.52604696533557,2.467983762128874,106
24,9,0,18.41196312978409,2.999408148460988,127
24,10,0,14.99461155149736,2.194802966736321,109
24,11,0,13.24739731341015,2.052561519436813,94
24,12,0,14.13888383817064,2.235878217465358,99
24,13,0,13.8012201263029,2.130929550812453,101
24,14,0,15.85048530358133,2.484167643580352,112
24,15,0,14.93025750815001,2.220710733496097,108
24,16,0,14.96689118907739,2.192406273299456,112
24,17,0,15.95228857890018,2.559108828401527,112
24,18,0,13.79415388635875,2.094245533021794,103
24,19,0,16.0328791770738,2.436455967304639,116
24,20,0,15.20077685558013,2.195417711596154,112
24,21,0,17.97946753456198,3.197940296972065,124
24,22,0,17.70331027742731,2.591753392187285,133
24,23,0,16.73746301579765,2.703220051578015,118
24,24,0,14.2809632369261,2.061872816404483,109
24,25,0,16.95683688430912,2.676369739047745,120
24,26,0,18.34051411997055,3.109873371905837,126
24,27,0,14.06078102950437,2.116547425054608,102
24,28,0,16.58526703573708,2.435827057854147,123
24,29,0,13.13671054784738,2.174019233964148,91
25,0,0,8.510232035911869,1.298694534147336,60
25,1,0,11.5033980475153,1.970807798809194,77
25,2,0,12.66112019738332,1.902991242810012,89
25,3,0,16.97465585092463,3.043870504641129,111
25,4,0,14.27332412034378,2.12247604156181,102
25,5,0,14.97940969344213,2.495300172207312,101
25,6,0,14.38546499257419,2.197120144023796,101
25,7,0,16.23648323520783,2.665901875078894,108
25,8,0,13.88128920784897,2.208106832942766,98
25,9,0,12.47092658637278,1.866019446232499,88
25,10,0,15.61516405485819,2.457778957521688,108
25,11,0,19.72675657751528,3.132328508719998,139
25,12,0,13.44924713155113,2.192927352009107,93
25,13,0,18.57324861529493,3.000396503910685,127
25,14,0,12.59072525850599,1.934443811198107,91
25,15,0,16.38983845761575,3.092244169789657,110
25,16,0,16.71022810503328,2.484307282681578,121
25,17,0,16.82853522985325,2.45204741959493,125
25,18,0,16.92248259067706,2.58878401939806,121
25,19,0,13.68110018441518,2.202133655548263,96
25,20,0,16.10641638465287,2.690125225735182,110
25,21,0,15.97282420844771,2.58419914555929,113
25,22,0,14.57981797651032,2.238796388388818,104
25,23,0,18.74205339581411,2.919815154234888,135
25,24,0,14.78509789071303,2.142340008683219,111
25,25,0,17.67465461855061,2.703984138286517,131
25,26,0,16.47481460778595,2.576479781014416,117
25,27,0,14.24701376293115,2.32526926070492,101
25,28,0,12.69764855362514,1.974802904486661,91
25,29,0,12.06992615581008,1.75035294227722,90
26,0,0,10.21518870900282,1.630369324096265,70
26,1,0,7.607642053118738,1.20726527147134,52
26,2,0,10.92183257339041,1.691413244945461,79
26,3,0,13.36357822960986,2.024407377768153,95
26,4,0,13.9753839414755,2.329831138953145,92
26,5,0,13.56241128276194,2.076418051253455,98
26,6,0,14.47051418236085,2.249360016611179,102
26,7,0,14.01025623996783,2.211611703890506,98
26,8,0,14.07399505903728,2.41604282981624,93
26,9,0,13.5507461856951,2.068916557580838,99
26,10,0,13.48631971921281,2.166255243115411,95
26,11,0,14.97299354888781,2.348773832506488,106
26,12,0,15.90284268682029,2.57152519451779,109
26,13,0,15.64046207079687,2.493112754028143,108
26,14,0,15.09115403561439,2.599621377266851,99
26,15,0,15.06353678698241,2.327477809175375,109
26,16,0,14.49263700918341,2.143307296150607,105
26,17,0,14.67367717918451,2.219312160277529,107
26,18,0,16.31566185045323,2.635069764738514,113
26,19,0,14.42003128489937,2.10143067908555,107
26,20,0,14.79042475265634,2.390877093661788,104
26,21,0,15.67059638006145,2.547897194197874,111
26,22,0,15.8738055880645,2.285899644651348,117
26,23,0,13.52004712706938,1.909174731605763,105
26,24,0,16.93684295671684,2.617844264895606,122
26,25,0,15.7335225222162,2.285275033199372,118
26,26,0,12.94828912589286,1.925367421875181,96
26,27,0,13.93754291601741,2.084213212245196,104
26,28,0,11.2788919308751,1.635366517636848,84
26,29,0,9.220663035550483,1.474983092366473,66
27,0,0,7.581245286035634,1.335483289243432,50
27,1,0,7.381194013335395,1.078100643786693,55
27,2,0,9.526901633236205,1.487636873842403,66
27,3,0,10.42114795769797,1.586988814337811,73
27,4,0,12.7134226488849,2.244126378285045,83
27,5,0,15.70968114175859,2.435880197340738,109
27,6,0,14.18536877103514,2.188361609116741,101
27,7,0,9.733891793601325,1.537021772523613,69
27,8,0,15.40268269490873,2.353356753314729,109
27,9,0,14.48487774585631,2.174610786879352,103
27,10,0,14.17010624938178,2.33532455839716,96
27,11,0,15.45856811984886,2.733539576568781,104
27,12,0,13.54051057611831,2.044932460694556,96
27,13,0,12.75494006233487,2.036211660085146,92
27,14,0,12.46463055413113,1.907739637656375,91
27,15,0,14.22203238803746,2.142697186487562,105
27,16,0,14.28515542153548,2.246990268460781,101
27,17,0,12.97108271602501,1.95627728249246,94
27,18,0,11.66625707552132,1.753881267359834,83
27,19,0,14.37560091276482,2.175238678624724,105
27,20,0,12.33144253272685,1.759954700622881,91
27,21,0,12.63721547029758,1.904339495876511,93
27,22,0,14.86203906249484,2.435988022289275,103
27,23,0,15.66078944769139,2.876285145731446,108
27,24,0,14.92881779917465,2.239738341183959,110
27,25,0,12.86386937996011,1.979254592898471,94
27,26,0,15.98132953019375,2.531036035020647,114
27,27,0,15.80328592421155,2.374606911343091,116
27,28,0,14.15100598607725,2.164061348883791,101
27,29,0,9.624645777075598,1.357500663449925,74
28,0,0,6.796551941319183,1.077540542592655,48
28,1,0,7.108519412020069,1.106075520215209,49
28,2,0,10.51123433475495,1.665681517526658,73
28,3,0,9.30402148887301,1.513173507635935,63
28,4,0,11.55306659831698,1.90708366433231,80
28,5,0,12.31333932715904,2.016173342749862,83
28,6,0,12.05300580451914,1.848024032436461,87
28,7,0,11.17015357555242,1.706988158147246,81
28,8,0,11.81620297174819,1.721305721178361,85
28,9,0,11.4041036484057,1.930105201642863,75
28,10,0,11.84127122378485,1.628073867601112,90
28,11,0,11.59997387741766,1.795453377899414,81
28,12,0,11.70242695362207,1.860641209218807,81
28,13,0,13.63900391207422,2.237309452376214,95
28,14,0,9.634056060247779,1.725719478055884,63
28,15,0,11.06348916860336,1.813009381322635,75
28,16,0,11.16147641803821,1.797278803416254,78
28,17,0,13.89725887011186,2.270739775156493,97
28,18,0,12.73050570095569,1.868287594715378,95
28,19,0,14.18258096567125,2.213018519722508,100
28,20,0,14.64440763260411,2.310808062780661,101
28,21,0,12.76019524035925,2.126347976943925,87
28,22,0,11.13889302105057,1.673662784182911,85
28,23,0,11.97276658816071,1.914991110303497,85
28,24,0,13.52387594552804,1.983114364575827,101
28,25,0,14.72039504991798,2.189232194418023,109
28,26,0,13.38843388129202,2.111829133522277,99
28,27,0,22.77350964337659,76.41722090188028,101
28,28,0,11.75362068194593,1.798326164118313,86
28,29,0,10.57322179993836,1.57529478329446,78
29,0,0,5.051481134246539,0.7661272671400099,36
29,1,0,6.694996435548099,1.156316256071241,43
29,2,0,7.532438464443704,1.13104953112241,52
29,3,0,8.569869241758385,1.263643195175599,62
29,4,0,8.040742860310285,1.207771202522558,58
29,5,0,10.31916948644814,1.715538400228685,68
29,6,0,9.875842362880654,1.558131828937936,67
29,7,0,10.3405654814108,1.702076323943896,69
29,8,0,10.31673242003634,1.605740884040727,73
29,9,0,10.42595951642858,1.847861644282678,67
29,10,0,10.68526793744537,1.703917734964615,73
29,11,0,8.076921566183431,1.143350826769458,61
29,12,0,9.408800466676345,1.509809790704435,66
29,13,0,7.658600736051421,1.277679666543357,53
29,14,0,9.231645977231102,1.442575459772645,66
29,15,0,7.176033172440951,1.093820810036832,51
29,16,0,10.64393151788053,1.704901956476628,73
29,17,0,7.095775002082124,1.011598170010383,54
29,18,0,8.504647303623173,1.216238477189176,67
29,19,0,9.100821498434881,1.423775988473241,66
29,20,0,7.598629254668372,1.012325890373443,63
29,21,0,9.897415489616646,1.439044392128503,73
29,22,0,8.872419666355706,1.339868987693444,67
29,23,0,10.09549279945651,1.647395808655835,70
29,24,0,9.777229000071705,1.563869587579353,70
29,25,0,11.5123263472175,1.747285553873489,84
29,26,0,8.804934233906309,1.157367980287296,70
29,27,0,10.87910866162692,1.608580077457957,82
29,28,0,9.744068847178701,1.452716913705541,76
29,29,0,5.681499465971282,0.848358523053626,40
