# mesh name: boxMesh_1
# primitive scorer name: doseScorer
# iX, iY, iZ, total(value) [MeV], total(val^2), entry
0,0,0,6.220231957348881,3.740447531212914,17
0,1,0,5.59559024807918,1.97664817226618,20
0,2,0,6.973006194474424,2.82389973978214,21
0,3,0,6.288060655952425,2.073497198615434,21
0,4,0,12.19925260286704,6.303464116387143,35
0,5,0,10.7428884967705,8.457574560767419,27
0,6,0,9.388003537970395,4.308465909334704,33
0,7,0,11.52671884905565,6.069137448351869,37
0,8,0,8.471440797863098,2.70588473880021,36
0,9,0,10.89053010264368,3.540638218402067,43
0,10,0,9.542116758858826,2.655841452009509,44
0,11,0,11.46577830438012,2.829791926707331,55
0,12,0,10.30878958617455,3.443385934098515,44
0,13,0,8.203216877072611,1.787277262704461,42
0,14,0,11.0050790188562,3.607978840511889,50
0,15,0,10.20090060858222,2.03938367020809,58
0,16,0,8.721166837197019,2.55566049925948,44
0,17,0,8.755283789526027,5.008639354928671,43
0,18,0,11.5902959931522,2.286106818368653,69
0,19,0,9.690202962708433,1.957923710952336,61
0,20,0,8.737969666306503,1.461402721103192,57
0,21,0,8.365020830214997,1.542790390425931,53
0,22,0,7.769721174245984,1.284684765542639,55
0,23,0,9.169653183012747,1.373735715753682,65
0,24,0,10.27475079889604,1.695223609791422,72
0,25,0,8.517067849735252,1.250228839869628,65
0,26,0,7.752921868265136,1.282048956329083,54
0,27,0,9.282675783822951,1.445959001105539,68
0,28,0,10.75959348536386,2.16017455862373,72
0,29,0,8.898522894527039,1.332907094229331,68
1,0,0,4.382584741659247,1.777660466467541,13
1,1,0,6.507847540886785,3.691001357175626,16
1,2,0,7.541682472983421,2.751044365609257,24
1,3,0,9.572118941996948,4.567081375593522,31
1,4,0,11.49544303116184,6.281759278241454,32
1,5,0,10.68657619391255,3.969904292337354,36
1,6,0,8.492677272842428,3.018882894760719,31
1,7,0,10.08229419373051,3.164643219800174,41
1,8,0,11.98739518383805,4.070819731597019,45
1,9,0,13.75881764862878,4.907275848907052,52
1,10,0,11.93912824343109,6.291835995094642,46
1,11,0,10.32551811490806,2.386173784397732,48
1,12,0,13.6235629256989,5.682550471165019,55
1,13,0,10.96278286603223,3.044801425176273,52
1,14,0,15.34622231412299,14.03351575804006,59
1,15,0,11.17659890718809,2.259496336363808,61
1,16,0,12.25756160074683,2.474118113595578,67
1,17,0,10.19112282574108,2.193053188467255,56
1,18,0,12.95704601832009,2.651495679733832,76
1,19,0,8.987879601117401,1.687392244746668,53
1,20,0,11.61859270750364,2.052989752101593,74
1,21,0,13.25600878165022,2.321231640475839,86
1,22,0,11.59675982861228,2.234908680819675,80
1,23,0,10.1109048378862,1.496798130384801,72
1,24,0,11.95855817610206,1.880267994770059,83
1,25,0,11.18310947578306,1.633976709451728,84
1,26,0,8.20393767115859,1.233579612108324,62
1,27,0,12.17155577243962,1.950785381688577,91
1,28,0,11.64119422314882,1.79449794928092,87
1,29,0,8.15132878291033,1.170317167870352,63
2,0,0,6.502759941493501,2.686379603996956,20
2,1,0,8.406833297292582,3.847919224036132,25
2,2,0,10.11617318031838,5.450646434250346,27
2,3,0,7.363777902709869,2.795112769678956,25
2,4,0,9.782251020226456,3.163731508914891,34
2,5,0,12.15762341085897,5.260759080415341,45
2,6,0,10.82480277609527,4.099599022133244,38
2,7,0,10.97308391797825,4.318053276343221,37
2,8,0,13.63391910824984,8.279560381154067,48
2,9,0,12.29422190484617,3.347241744485796,55
2,10,0,10.95727233682238,3.832888883832976,48
2,11,0,15.51940790899421,4.33800643061623,65
2,12,0,14.27144072655155,3.550388748552108,68
2,13,0,14.83660949103443,3.693510091448397,71
2,14,0,13.53672670927663,3.560888567554693,65
2,15,0,14.14018800610571,7.946973929868119,55
2,16,0,12.48679927441373,4.130586841470663,69
2,17,0,11.21760920329682,2.039452192875175,69
2,18,0,13.63942794113469,4.789420137737513,70
2,19,0,12.87715002340144,2.385999545844898,79
2,20,0,12.09584876462467,2.130487536004317,76
2,21,0,10.1323981594953,1.602082732446897,71
2,22,0,9.498897553986092,1.508364841171246,66
2,23,0,12.51736403899589,2.209960800591293,82
2,24,0,14.21827586989794,2.230864104279945,99
2,25,0,13.54349491859343,2.066019365903477,97
2,26,0,10.97933817450087,1.77320708028201,77
2,27,0,15.13136507877912,2.28920827122871,112
2,28,0,14.74199558263457,2.269064170396444,110
2,29,0,14.53952902824268,2.330155551764521,104
3,0,0,5.942747930774974,2.45740256878699,18
3,1,0,11.90084733571593,10.33328155530112,27
3,2,0,9.367862698102893,6.620902827374967,25
3,3,0,11.45290457879549,7.330208719587895,30
3,4,0,13.2468736809511,5.658883744315836,43
3,5,0,16.79456311733079,7.140741545110096,57
3,6,0,10.83132099216984,3.483018125252563,43
3,7,0,11.91068511689049,4.575532818002909,45
3,8,0,16.28637954233357,7.014262979026114,60
3,9,0,16.77530546693531,10.6593393566617,59
3,10,0,14.73207598294245,4.094145252480319,66
3,11,0,14.65714798094082,3.931505960075195,68
3,12,0,13.5662537439632,3.675743725477441,63
3,13,0,15.45442958656783,3.827825517289698,80
3,14,0,15.50261741862742,3.656982251796609,79
3,15,0,13.93741940421743,2.961434550286088,77
3,16,0,17.52283179702638,6.449397515362546,83
3,17,0,14.52994241637504,2.6531104926998,86
3,18,0,12.89986818934355,2.468767233161549,77
3,19,0,14.58899564202438,2.686529455805253,90
3,20,0,13.06869465775822,2.136508566549844,91
3,21,0,13.01425274600738,1.978094574448726,91
3,22,0,13.88216335038465,2.195443515467626,96
3,23,0,13.70974596986144,2.174203525122529,96
3,24,0,12.39307268668288,1.921403849263629,89
3,25,0,15.63205759542672,2.43434576195553,111
3,26,0,15.0823074789427,2.420613681796179,106
3,27,0,13.94293059017294,2.358318030024815,103
3,28,0,13.6040117861143,1.852931629209743,107
3,29,0,11.82359274551616,1.705049742030768,90
4,0,0,5.916064944321971,3.064552066978982,16
4,1,0,10.50084788063151,5.337329253980669,27
4,2,0,6.537309713187235,5.38798235340175,17
4,3,0,12.54041129155471,8.069785265484574,33
4,4,0,9.169959373550189,3.030747510176417,33
4,5,0,16.88210582828892,6.171848097534301,59
4,6,0,13.36967947316269,3.867077895624522,56
4,7,0,18.19182776465684,8.180670156278252,62
4,8,0,13.01054078059214,3.756712563623525,57
4,9,0,18.17713067305722,6.257562268495852,72
4,10,0,16.68398208628044,4.648393552393927,72
4,11,0,16.30988933340721,4.471631722448326,74
4,12,0,12.9220757789566,3.144620782705193,61
4,13,0,11.88206845942589,3.227902056863182,65
4,14,0,14.63103607519428,3.647921267414012,75
4,15,0,16.54011257529537,3.529719943571537,93
4,16,0,15.81894010816418,3.184545604890983,89
4,17,0,13.41575447649178,2.690487550335279,76
4,18,0,16.7798779030007,3.141454476331609,98
4,19,0,15.05028783319421,3.368203500555286,88
4,20,0,15.76123070439542,2.560517306754053,104
4,21,0,15.02650694554814,2.741075057947471,92
4,22,0,13.48115922282464,2.45040210643175,86
4,23,0,17.14728892560311,2.847136427146999,114
4,24,0,14.67346682671584,2.734431684648106,97
4,25,0,14.19559626037938,2.230569321256536,98
4,26,0,12.53656738446082,2.048049868264697,88
4,27,0,13.46636412604798,1.99454609060039,100
4,28,0,16.83527101709963,2.46246257190978,126
4,29,0,12.5625577414071,1.836724023242826,96
5,0,0,5.44081446389078,1.870319735249224,19
5,1,0,11.42989828067788,5.778876399220868,33
5,2,0,11.75606737957524,10.10245500667385,32
5,3,0,11.03112065961225,3.980220261322243,38
5,4,0,13.13877235768895,7.790226681883905,36
5,5,0,7.166349363491236,2.361762062349586,28
5,6,0,15.15138726562819,5.469031499335471,51
5,7,0,14.46914738938659,4.542552288246068,56
5,8,0,14.28871216525531,3.962363799807906,63
5,9,0,13.19519927321746,4.034416632690913,56
5,10,0,19.5683502957712,9.288993581909596,74
5,11,0,13.01836707167534,3.375346597752771,65
5,12,0,12.62290209501399,3.652202616334365,56
5,13,0,14.50305070518019,3.569441403452752,69
5,14,0,18.14393226182826,3.970896164430647,93
5,15,0,17.3831987778266,3.562056744683729,98
5,16,0,18.84360074043814,3.794326605673582,111
5,17,0,18.67489676710649,3.755509284040706,104
5,18,0,18.64343179568989,3.596679207568578,110
5,19,0,17.33372298930178,3.700639572698062,101
5,20,0,16.45837946824963,3.081966292097158,104
5,21,0,14.68959349738493,2.415118082947233,96
5,22,0,16.9326768637423,2.616793005135466,122
5,23,0,14.94160881061497,2.36096435187753,104
5,24,0,20.35359187961292,3.538550402421782,134
5,25,0,14.47375129205297,2.358676229364634,99
5,26,0,14.85568679530316,2.472268535155326,103
5,27,0,16.2319442655204,2.427944541237973,123
5,28,0,12.61205976678918,1.940719311621715,95
5,29,0,12.89612816818469,1.904828709009668,99
6,0,0,8.913159780627597,4.567091226015523,23
6,1,0,9.586024613203939,4.39982146951856,27
6,2,0,9.875707728369418,4.156930843719813,30
6,3,0,10.55131571153488,3.655331020910667,35
6,4,0,16.79496073043935,6.398102223107603,53
6,5,0,13.93004618230388,5.074268035780605,55
6,6,0,10.90569434638235,3.353787763300942,42
6,7,0,14.65297216329117,4.623990122821679,60
6,8,0,16.42362116254373,4.709607903300916,67
6,9,0,17.32346729151363,5.153276445265326,70
6,10,0,18.27753020465813,5.549108602265929,78
6,11,0,21.46641037127919,7.859701147089013,87
6,12,0,13.88069105407746,4.041334193547804,64
6,13,0,18.96692567284446,6.10749074358399,87
6,14,0,20.78203408543933,6.066051294657123,100
6,15,0,17.52540871795922,4.033861844756182,86
6,16,0,15.87263985850965,3.125540615572942,88
6,17,0,15.69090093135234,3.133932613043087,90
6,18,0,12.5519108421169,2.109414096771714,79
6,19,0,12.82452894747798,2.421974916293566,80
6,20,0,13.94053871830539,2.359413316235154,92
6,21,0,12.84140980234958,2.502838112296058,78
6,22,0,17.3950915860801,3.200835296272826,110
6,23,0,16.27338365205242,2.555083194094687,113
6,24,0,15.23579372376112,2.309284669069011,110
6,25,0,14.61218640225021,2.182908424227952,106
6,26,0,12.58984555154028,1.862458121985976,91
6,27,0,15.44076798657252,2.428098674939027,112
6,28,0,12.98118175678001,1.848373526186892,101
6,29,0,11.45667266503414,1.592677842133658,93
7,0,0,9.442785335829047,5.315181223820029,28
7,1,0,10.10761690922693,6.281730433709285,26
7,2,0,12.95015140099842,6.635505223944705,36
7,3,0,11.75890430143748,6.389258424952259,34
7,4,0,13.12759122732929,7.208677824583882,40
7,5,0,15.52902287087135,5.717216841826478,57
7,6,0,12.12823731520605,3.824459121930769,49
7,7,0,24.48227202774844,22.03392571203863,69
7,8,0,19.48072719656133,7.332675958756279,73
7,9,0,17.79822729666519,4.799478921982406,77
7,10,0,15.35249652285741,4.399189390753156,67
7,11,0,13.45820382623805,3.749179414958141,57
7,12,0,18.08474191660266,4.690318287583134,80
7,13,0,20.61238809550294,6.829053065448627,88
7,14,0,14.78078147788168,3.354018396894753,78
7,15,0,20.7524185745862,7.509412579071629,102
7,16,0,18.54734213273555,4.908768298407548,99
7,17,0,15.20316366018152,2.931236324837944,93
7,18,0,18.09012250857702,3.312706049384474,109
7,19,0,15.31746208108855,2.821055124991151,98
7,20,0,19.20304191736883,6.407887635112795,111
7,21,0,16.10372697295547,2.84825719685557,102
7,22,0,15.30583224655336,2.707828676253737,97
7,23,0,23.19963884824301,12.87116384250815,129
7,24,0,17.38463012256741,2.922742047621798,119
7,25,0,14.22031846927807,2.167305103226142,102
7,26,0,13.88107782414215,2.376934140252966,94
7,27,0,13.28957389437659,1.886141231896784,102
7,28,0,11.76779215032257,1.604490441857625,91
7,29,0,14.92499576901191,2.288129420174431,109
8,0,0,8.420429989747738,3.892191108528274,23
8,1,0,7.380250188815597,2.993565993199786,23
8,2,0,13.29095599019804,7.033871896676127,36
8,3,0,8.773012354736689,3.264053245146619,28
8,4,0,13.61406691916511,6.362532418913295,41
8,5,0,10.55630784374591,3.212498276359731,40
8,6,0,15.29626403738989,5.518642230294103,57
8,7,0,14.51722877218257,6.683299337704121,50
8,8,0,20.70389380044792,7.492870903475886,79
8,9,0,17.05234155870609,4.611605529579257,79
8,10,0,18.39129370310125,7.558541209261658,74
8,11,0,20.94799796486681,9.740396235509291,83
8,12,0,23.63220729376808,9.582905001448689,94
8,13,0,20.16826080297476,5.821627224062591,93
8,14,0,17.64543177276911,4.041470685728263,91
8,15,0,19.53635990923187,5.568759572924609,94
8,16,0,17.80327315672675,4.080783749843652,97
8,17,0,18.74603250649232,5.865473705648987,104
8,18,0,22.97459758353085,46.63792086173988,92
8,19,0,18.65479163133682,4.134713815135219,105
8,20,0,18.74579333861347,3.566013413416752,119
8,21,0,19.63509895662443,3.656368391674316,121
8,22,0,16.44075581976449,2.609238481201669,115
8,23,0,14.53623738673744,2.276895856999881,103
8,24,0,16.24969336440479,2.573682174365058,115
8,25,0,14.793974270434,2.432158197330021,106
8,26,0,13.97262396928397,2.262190231464857,100
8,27,0,14.13301573320629,2.142381148986684,105
8,28,0,16.07593260172842,2.537361269681765,121
8,29,0,11.11360547159409,1.476729465145981,91
9,0,0,9.722776935841834,4.799877833002204,27
9,1,0,9.189509457487917,3.095606921989107,31
9,2,0,12.69165696196108,6.915303564762001,36
9,3,0,11.68712395322961,4.508619812859758,39
9,4,0,10.99497066148311,4.184465392421716,37
9,5,0,9.525939687790935,2.989332956632141,35
9,6,0,15.39844112413314,5.04328611308799,58
9,7,0,21.52827649230272,7.847417186172018,70
9,8,0,20.84538959364714,17.41217613122071,69
9,9,0,20.94459066273292,5.615539809255502,95
9,10,0,20.18311879038857,5.734536422664881,81
9,11,0,20.99577788877696,6.466515517320958,87
9,12,0,19.17703336614636,4.974069358628003,87
9,13,0,20.64443255403129,6.47976777403623,93
9,14,0,16.28141780482357,4.29302071830987,83
9,15,0,18.63749313323806,3.992492717146861,97
9,16,0,19.07083705835972,4.069721215555557,104
9,17,0,17.164800683247,3.332288684487401,102
9,18,0,20.0535325518733,4.13585889031661,117
9,19,0,21.22178416874678,6.820659772446299,116
9,20,0,16.62030870678599,3.091015027714494,104
9,21,0,17.25414636085721,2.983583330898671,112
9,22,0,14.37944651460782,2.391479244652727,99
9,23,0,15.33484877005703,2.43145096577495,104
9,24,0,13.68139567581255,2.016159288316531,99
9,25,0,16.87431805028484,2.56184591095465,119
9,26,0,13.39381695180651,1.980754679516072,98
9,27,0,14.67523563833252,2.158186276148471,109
9,28,0,13.792589600646,1.906306147678652,108
9,29,0,12.39762381682937,1.900684255257891,93
10,0,0,12.83668610208621,14.40894968901688,24
10,1,0,9.459322152221729,3.727282983601632,28
10,2,0,10.8126892744755,4.604964321854364,31
10,3,0,13.66161410323837,10.88019151442258,43
10,4,0,11.96504153042563,4.172607918946516,44
10,5,0,20.90372529645807,36.20314020935471,50
10,6,0,22.63001145318044,26.46822905608467,63
10,7,0,17.71486602248165,6.693624046780122,69
10,8,0,22.98099615254223,14.46906715092473,80
10,9,0,23.16601754254902,6.395117560975964,99
10,10,0,16.3678232063378,4.747973316467951,75
10,11,0,19.98760502166705,5.612716093147294,88
10,12,0,16.94858298880001,4.86365554050295,75
10,13,0,21.09372665659359,5.282714208886191,104
10,14,0,19.75428284132159,4.740957994235695,97
10,15,0,20.80186945093901,4.928375703288189,111
10,16,0,18.40863178644756,3.877716363823488,102
10,17,0,18.13611772203808,3.793272083301447,104
10,18,0,19.27878105384361,3.576034213829087,115
10,19,0,17.80739083213406,3.47322456345347,105
10,20,0,15.47028147292743,2.84460339359282,96
10,21,0,22.79882666046138,4.275815148822018,139
10,22,0,15.70933805487221,2.828668092220681,103
10,23,0,18.23528532370244,3.165281255547229,121
10,24,0,14.75301077008636,2.251464850845531,107
10,25,0,17.30529872820557,2.729577346187971,123
10,26,0,15.84506063169841,2.587587353177989,111
10,27,0,12.56288924543008,1.725760193974701,99
10,28,0,13.63055059111838,2.103812289023284,100
10,29,0,14.03678876886082,2.105369387002659,105
11,0,0,10.30702367308812,10.04457729646305,26
11,1,0,11.61296914012872,7.262859877303931,36
11,2,0,11.41809841015854,7.250381722515738,31
11,3,0,8.369781468507886,3.113596941409782,28
11,4,0,9.420221774920769,2.809817202526964,37
11,5,0,15.50474005132998,4.675830485527124,59
11,6,0,13.97904150331275,4.509160942543431,52
11,7,0,17.93504529100947,5.9795540816561,65
11,8,0,17.2084331681282,5.834239915002622,73
11,9,0,16.45232577333202,6.774137033496393,68
11,10,0,19.61370558242932,5.220314769420715,84
11,11,0,20.13906743341286,6.865862778399415,90
11,12,0,21.43934283062149,8.705003201626292,92
11,13,0,23.6917715423963,12.56995200813164,99
11,14,0,19.19378169430031,4.529572229133087,98
11,15,0,19.9274509029672,4.261264160418944,105
11,16,0,20.70335441107347,4.793711700269906,108
11,17,0,16.29318435602544,4.203399807887749,84
11,18,0,17.57912437264116,8.117535139790688,92
11,19,0,19.64417418249865,3.910139524198737,112
11,20,0,15.32436558446657,2.65312232371141,101
11,21,0,16.98747117676363,3.028686715543324,107
11,22,0,14.71228209274262,2.381350836524735,98
11,23,0,15.62084929844387,2.759867851676303,101
11,24,0,17.67629557952938,10.59873520568782,107
11,25,0,15.73059521038338,2.520322331967144,109
11,26,0,18.01667670035922,2.712526656338821,133
11,27,0,14.52576933712797,2.319695966591607,103
11,28,0,15.75657741128228,2.093524230878283,126
11,29,0,11.81964586002018,1.874368425262647,88
12,0,0,8.742383757247545,3.438847455311188,27
12,1,0,8.78032850225658,8.2224739117831,21
12,2,0,13.03691628027965,6.772729193198041,35
12,3,0,13.12008042822083,5.565760474034328,43
12,4,0,14.40519901461747,6.193120305029661,45
12,5,0,12.76915584876237,4.599321861604057,46
12,6,0,16.66204153777452,5.117228065199339,63
12,7,0,18.76000441416901,8.021522203494145,62
12,8,0,19.46327744724524,6.798556329037078,73
12,9,0,20.7090510693562,9.206616329891286,78
12,10,0,20.51468326115248,6.115636718948236,84
12,11,0,16.96791993846367,4.42143326723,77
12,12,0,15.80795761997962,4.263585466330908,73
12,13,0,17.74737691992652,4.6895283578125,87
12,14,0,17.77538934217982,4.211191811622901,89
12,15,0,23.45450612983523,14.35368110564003,103
12,16,0,19.77635417689944,8.232820549481627,103
12,17,0,15.39935569302538,2.937106102065138,92
12,18,0,17.51882656525369,3.331855059876368,107
12,19,0,15.64435348431676,2.996463460473465,94
12,20,0,22.25353803812745,9.33519692038367,130
12,21,0,16.2306736872568,2.630309634109052,108
12,22,0,17.94535371959866,3.554798208118219,113
12,23,0,17.87123645457245,2.96060799047161,121
12,24,0,13.48155751856288,2.275198018588779,93
12,25,0,14.73349598972429,2.139963012580541,110
12,26,0,14.92229602718367,2.566538653127654,103
12,27,0,15.97793346501556,2.592681330353071,114
12,28,0,14.66719277583974,2.428553913448992,103
12,29,0,11.79048327667836,1.744421699128734,91
13,0,0,4.337208723612395,2.039473962518524,13
13,1,0,9.089843952501429,4.560584118604896,25
13,2,0,10.56027663487664,5.450263840009207,27
13,3,0,12.0297694337023,4.637641260734712,40
13,4,0,16.20819865044845,7.827452422935132,47
13,5,0,18.03097402121315,7.911108977645902,56
13,6,0,20.49626694655293,10.68751196412459,69
13,7,0,22.15584733877898,11.7256867828697,71
13,8,0,17.46451753788294,6.343148361393363,65
13,9,0,21.72044977496715,10.38582185704773,81
13,10,0,19.94140990493519,5.850972698078827,82
13,11,0,21.88081137817296,6.380426407628105,92
13,12,0,18.95767055668252,4.669115996138942,90
13,13,0,19.27208082885189,4.236375215357409,100
13,14,0,18.33682005645721,5.480316802797756,88
13,15,0,22.62987469949557,6.912152422294136,106
13,16,0,19.26472699288606,4.421376117920264,99
13,17,0,20.43331505469306,4.150739477491738,109
13,18,0,19.29286323823433,3.915937892855747,115
13,19,0,17.42001688450759,7.117206511421794,96
13,20,0,16.98525681177284,3.603592346994287,100
13,21,0,18.27369693676587,3.540194211056895,114
13,22,0,12.00608107692935,1.962361095928482,79
13,23,0,15.85398485040659,2.703470382749571,105
13,24,0,16.01510737726039,2.445121116045677,116
13,25,0,14.19921399887856,2.248899168943882,102
13,26,0,13.6118340813753,1.978978937354102,102
13,27,0,16.08043377888099,2.415785404777554,118
13,28,0,10.88532988984227,1.59758643729126,82
13,29,0,10.91415921984978,1.559580941729114,84
14,0,0,11.8224992812083,6.967664986988346,27
14,1,0,15.26730036979203,17.40988684901554,32
14,2,0,14.0468029341249,8.873714792213233,37
14,3,0,16.18846692824701,8.776308501378645,44
14,4,0,16.23832693277026,7.129159048854536,53
14,5,0,27.86487713867181,179.8243129773017,51
14,6,0,14.74938733645947,4.836640529330615,54
14,7,0,17.83969661493015,7.511219287683932,68
14,8,0,20.79168342826422,6.984512868297867,81
14,9,0,19.64617820879684,5.925383027651328,84
14,10,0,25.31010320371807,9.241786477590848,102
14,11,0,18.7693805205902,4.770803554881196,84
14,12,0,20.66896313577119,6.339320354080951,90
14,13,0,22.17627912102128,5.646570477725164,106
14,14,0,19.79877577664239,4.275165913155177,107
14,15,0,16.25643924405782,3.355161003124726,90
14,16,0,20.5373698438538,5.827222227376671,102
14,17,0,20.13342921736786,13.76484227159637,92
14,18,0,16.8348048532659,5.726415368475323,91
14,19,0,18.62845258446479,3.237987112215562,118
14,20,0,19.51668624823749,3.652700087219339,116
14,21,0,16.61812557468133,2.758023120555939,110
14,22,0,18.15742450053958,3.007797042396942,123
14,23,0,15.11210140254809,2.589210151167221,103
14,24,0,16.81603978882385,2.761192297706693,114
14,25,0,16.96225677400514,3.15665127360744,118
14,26,0,14.33109844849179,2.16620039215651,107
14,27,0,14.38008787081174,2.085007799574509,111
14,28,0,14.85327590914092,2.181090682447248,114
14,29,0,13.49443507312236,2.20544485861332,99
15,0,0,5.208089770584021,4.12368445109273,17
15,1,0,10.60334945728884,4.27934354947872,35
15,2,0,13.91736839658992,10.79772976770316,42
15,3,0,12.87483966946469,5.896249959689325,42
15,4,0,14.15394502378232,6.472796127549016,47
15,5,0,14.9717357571662,4.967699762185468,57
15,6,0,18.76872059754364,5.964710081052737,69
15,7,0,16.89671902204521,6.136212195308461,61
15,8,0,18.13963676679127,7.500264526200661,67
15,9,0,16.52442472254592,5.560332681529159,67
15,10,0,24.90075886660942,16.9105128672617,94
15,11,0,16.09225232584671,3.987479388462787,76
15,12,0,18.86550702748181,4.449875126691484,91
15,13,0,16.65715855468507,4.294496439266338,81
15,14,0,19.03567111295914,4.119188794102676,95
15,15,0,18.79425568794143,5.161525336075676,93
15,16,0,20.75468949083358,5.233871664901653,105
15,17,0,14.51291128581713,2.877234222680656,83
15,18,0,15.45271172293562,2.793216346305815,95
15,19,0,13.8388886728757,2.375126767775708,89
15,20,0,19.18737397488271,3.338825601818475,120
15,21,0,18.89169077521198,3.59545013841081,117
15,22,0,16.77814150958086,2.588795128010958,118
15,23,0,16.50945667450142,2.655376919989981,114
15,24,0,14.34960532394956,2.361670173934136,102
15,25,0,13.91179829833696,2.158006164685604,101
15,26,0,14.8706942693633,2.307540659323104,108
15,27,0,15.30073612925861,2.427143864457475,113
15,28,0,14.18300528558022,2.171663475825024,104
15,29,0,12.17883079596483,1.848712997966538,91
16,0,0,7.741963041249433,8.864157553985093,18
16,1,0,12.71730097053835,5.444667309189413,36
16,2,0,9.871082504656487,4.289393588204558,32
16,3,0,14.97094572875588,6.771235619797739,42
16,4,0,17.050666655314,8.253812436521942,50
16,5,0,16.1860202565849,7.970956204035502,50
16,6,0,14.22892401051357,5.393879925927796,54
16,7,0,16.67988955886641,5.02849467869777,68
16,8,0,22.39687424933507,9.438413774426705,81
16,9,0,23.9014799724492,13.96735477295645,86
16,10,0,23.89831486109972,10.4754705512701,90
16,11,0,15.95523646253264,5.389531953818898,74
16,12,0,19.57306843078146,4.737938708657171,95
16,13,0,16.04156241991319,3.726370863876026,84
16,14,0,20.83647638129422,4.609702447560006,106
16,15,0,17.38775861457099,4.161439481903175,94
16,16,0,21.6989943897197,4.893346254533306,116
16,17,0,18.24796933227395,4.07657908151377,100
16,18,0,18.12104077416788,3.430428606867153,103
16,19,0,15.90711103096107,2.917198573557057,98
16,20,0,14.02595375668126,2.428582098559681,91
16,21,0,18.44105824718222,3.04914397278616,121
16,22,0,16.46776329124902,3.025028458257354,105
16,23,0,17.28835818839374,3.056281137997987,116
16,24,0,17.85843966536876,2.864839213715707,123
16,25,0,16.88874155737492,2.699150043866703,122
16,26,0,11.53540346061826,1.842206923660768,82
16,27,0,14.43431142150854,2.163301393888014,108
16,28,0,15.80487317615521,7.797285280870499,101
16,29,0,13.63548343368404,2.236486186187553,105
17,0,0,9.41104784295778,4.683942525228407,24
17,1,0,6.175921922782156,2.355143867137714,21
17,2,0,7.710534537063768,4.120630204116648,22
17,3,0,13.81284405115679,11.14735164134257,36
17,4,0,13.75778318724768,5.101269318464746,47
17,5,0,21.04070344740276,10.30315795882301,63
17,6,0,21.18704383388185,16.48562327092873,60
17,7,0,22.35085703656973,11.01477910258445,76
17,8,0,17.53622778096436,5.471543049756245,67
17,9,0,19.69560938369391,5.666645151343744,81
17,10,0,23.67629127087276,6.968050539059704,99
17,11,0,15.58790157406454,4.417186030940228,72
17,12,0,22.65781039981442,6.42065273817186,106
17,13,0,21.18416197681011,4.642712958037913,111
17,14,0,15.89162779755723,3.720340829293335,79
17,15,0,18.24922069191192,3.852946741903936,99
17,16,0,18.58093579065896,5.560524058570754,99
17,17,0,20.23270379701844,4.133635627152725,116
17,18,0,17.25338834146003,3.589814474627317,96
17,19,0,18.10822174767871,4.125611255829823,106
17,20,0,16.74612238851261,3.20171618178288,102
17,21,0,16.68965073166574,2.934925441473598,108
17,22,0,14.19645377306251,2.07045376822203,104
17,23,0,18.80527808614781,3.297549642265358,125
17,24,0,16.34848567926788,2.455880590607692,120
17,25,0,18.00152792707978,2.949820353944328,126
17,26,0,16.11541690245604,2.427783401683882,119
17,27,0,17.14189205856169,2.525872343978209,129
17,28,0,15.43473451291123,2.207328330821235,118
17,29,0,12.04933830029666,2.023277203777784,96
18,0,0,12.02345985774553,10.68272442330102,26
18,1,0,16.30221065517589,12.9105131928258,38
18,2,0,14.61745619544727,7.171918942312623,38
18,3,0,16.14666687283037,12.52274401032521,44
18,4,0,14.37023539966312,5.073473761363508,51
18,5,0,15.43996344583297,7.008140112632002,50
18,6,0,15.48429420017538,5.448870976108512,55
18,7,0,21.5721745867715,15.39635436135985,76
18,8,0,18.15399171285234,7.510368386396398,68
18,9,0,17.82346847888783,5.727235672200484,70
18,10,0,19.22511280594758,4.915352790820302,85
18,11,0,18.61868074539587,5.872150247837523,79
18,12,0,20.69228099567322,4.876406440462628,103
18,13,0,25.04319215240237,15.24410393884087,100
18,14,0,18.84115899925431,4.403901095733262,97
18,15,0,24.7032384147366,8.706203581506028,118
18,16,0,19.97979950012319,4.325594753896975,106
18,17,0,21.54558696314534,4.282172367163356,122
18,18,0,17.32310409800249,3.467556760139167,101
18,19,0,19.64752636887749,3.702802095702683,122
18,20,0,19.92122794048938,8.916886658306193,108
18,21,0,17.58585215794727,3.385567683893798,107
18,22,0,15.79419259821786,3.335103511222812,97
18,23,0,17.14500178182353,3.379521188063371,114
18,24,0,18.63334752381632,3.022317800529695,131
18,25,0,18.97978792721814,3.35504661860907,125
18,26,0,18.1739324682076,2.896760689389051,129
18,27,0,19.95518515490463,48.50054171118009,97
18,28,0,11.97444184111291,1.684812860648649,93
18,29,0,12.13606380543747,1.730527999771414,93
19,0,0,6.074760493318581,2.6470788572057,18
19,1,0,15.62800780608375,18.09281929470199,28
19,2,0,11.96475387358374,5.578189167754943,36
19,3,0,10.44842090315077,4.842199525630937,32
19,4,0,14.20738173303432,5.35480783727685,46
19,5,0,17.8910467742225,14.97305410179373,47
19,6,0,16.43422947844918,6.991281269200015,57
19,7,0,15.67096486917487,6.77937932424236,55
19,8,0,22.47984212463717,6.894481770942749,83
19,9,0,19.41169160026579,6.051746075414955,80
19,10,0,19.95173719977161,5.636052823557105,86
19,11,0,19.50796336930491,5.506281065262606,92
19,12,0,20.03280269035247,5.034899619230233,93
19,13,0,18.23690857863217,12.81007750289637,76
19,14,0,18.48729470109945,4.146987298779018,96
19,15,0,18.75282686328692,3.832631960950849,104
19,16,0,19.11894791946074,3.939225238653931,106
19,17,0,21.90553076816699,7.839846056584405,114
19,18,0,16.46992157613037,3.658821377291559,95
19,19,0,17.48155003622914,3.733318813955465,105
19,20,0,18.91352794869173,9.251535435251544,102
19,21,0,16.02678942608624,2.589255121633586,110
19,22,0,19.66008171988611,6.455017322869161,120
19,23,0,16.51912954585734,2.615497751299396,113
19,24,0,17.69258381908118,2.939592123395729,119
19,25,0,15.38258818312067,2.405285671714595,110
19,26,0,14.60599254953412,2.542799287924643,99
19,27,0,15.03856058094355,2.439445593656432,105
19,28,0,14.2756757915886,2.185683349946807,104
19,29,0,17.54084629835981,2.541310935974955,133
20,0,0,9.652243109008849,5.200130809183634,26
20,1,0,10.76982092792301,6.283617502759609,28
20,2,0,15.49650264726716,13.18809117212603,31
20,3,0,20.25738521822332,72.12228276784423,37
20,4,0,15.05318047237052,10.14060785102137,42
20,5,0,14.87846766951468,5.772451217697363,54
20,6,0,13.99887017040765,4.680301158132919,54
20,7,0,14.87655500086579,4.356449409228304,60
20,8,0,19.3557552611627,6.05007132561843,76
20,9,0,21.71964854884453,15.61882945659296,76
20,10,0,17.31466786301943,4.5664569431423,78
20,11,0,19.67296796807059,6.053078875575843,86
20,12,0,20.16656663245146,5.914144918600091,90
20,13,0,17.86885210900923,4.723363644842997,85
20,14,0,16.3995767376942,3.892303355066003,83
20,15,0,21.85865487701135,5.130573309651886,111
20,16,0,17.79953208140428,3.640703475509188,101
20,17,0,19.80249807363182,4.489369509417491,105
20,18,0,16.34601572111496,4.077423338512616,94
20,19,0,15.97847185622579,3.180357984087811,95
20,20,0,18.84061686888364,3.593188099329923,111
20,21,0,17.33599741457987,2.981726022487258,112
20,22,0,18.73396822914183,3.449255664799545,117
20,23,0,14.76917317665141,2.467911261487863,100
20,24,0,16.61532139345473,2.685738357267689,117
20,25,0,14.27859996660335,2.086700586862924,105
20,26,0,14.53699441713294,2.323523209930359,101
20,27,0,14.65151232060335,2.294633186040757,105
20,28,0,14.15155802281245,2.061572691112912,106
20,29,0,13.07881163547655,2.16371466591899,95
21,0,0,8.334528086430689,4.042660172527539,24
21,1,0,8.440821952325321,3.66727902402459,23
21,2,0,12.45730755120443,7.165012569854889,37
21,3,0,9.516030122973095,4.277397874789087,33
21,4,0,13.87336786600498,7.614622246589041,44
21,5,0,13.3631227333228,4.136289085242081,53
21,6,0,16.04672461305073,5.290246182913059,59
21,7,0,17.00059416018656,5.953005732038934,60
21,8,0,18.94050468145177,6.940192388933037,69
21,9,0,16.40383351891682,5.390918298191265,65
21,10,0,22.95992630263857,9.253513396296363,92
21,11,0,20.04489820889697,7.238103913224267,82
21,12,0,18.59087410042867,5.451936792074566,84
21,13,0,22.04212538498967,6.038312085627394,99
21,14,0,18.06457241980228,4.500533842257668,89
21,15,0,19.31386195137408,4.787439505015563,103
21,16,0,19.63548268991483,4.97620923360462,99
21,17,0,17.33264788400163,3.301358470320401,101
21,18,0,16.96660617077598,3.507764474803084,95
21,19,0,18.12292143644102,3.711424561834502,105
21,20,0,19.57482163142251,11.62549656399993,99
21,21,0,16.47134213452817,3.494640923744758,105
21,22,0,15.07964672913869,2.491855395995807,101
21,23,0,13.80747492353603,2.333225053632412,93
21,24,0,16.30171306335808,2.805452779311141,109
21,25,0,15.09172786789842,2.429794142653142,107
21,26,0,14.54330387801049,2.331708261776336,101
21,27,0,14.26280567740999,2.11425452885874,105
21,28,0,15.9899044897694,2.489857873815374,118
21,29,0,9.517624199714733,1.367439936079476,75
22,0,0,7.086405868827412,2.993747301647892,23
22,1,0,10.7815759737886,11.28731206221335,27
22,2,0,14.12347129978986,12.73777532484507,35
22,3,0,11.16336218660918,3.734559983280776,40
22,4,0,12.31644298032681,5.754337654918796,36
22,5,0,14.47798484333566,5.830393709774984,50
22,6,0,16.3856396895919,8.244818114599989,52
22,7,0,14.68732862043982,4.746896186069764,57
22,8,0,18.04694552897062,11.10472231943691,63
22,9,0,14.39318316299163,5.055512064181877,53
22,10,0,14.6633752319522,4.045625648225055,62
22,11,0,16.49814545637876,4.035234476852649,81
22,12,0,19.76443689764551,5.063927673663486,92
22,13,0,20.93060411468891,8.119158724436854,92
22,14,0,17.15411476253137,4.36569709003393,88
22,15,0,16.35125991719734,11.85177108239129,77
22,16,0,16.54403785774525,4.026331150726659,87
22,17,0,15.23545178792137,2.777806425737309,90
22,18,0,17.02145810834521,3.651056815507407,100
22,19,0,16.66207585803201,3.984711838601569,94
22,20,0,17.68108491098987,3.352288984194649,107
22,21,0,15.57162570458627,2.646679781765776,100
22,22,0,15.12572618653154,2.495994199148008,102
22,23,0,17.19417534136092,2.902910172562498,114
22,24,0,17.32919058292299,4.852082393714942,104
22,25,0,12.18668568167735,1.851954853579791,89
22,26,0,14.55207254582131,2.249647610696305,106
22,27,0,16.71515174157635,2.634779763317485,123
22,28,0,14.9835503120162,2.454526976649555,109
22,29,0,11.55069759922222,1.627532877255641,90
23,0,0,9.513271877304286,5.065396515997696,23
23,1,0,9.846032153583284,4.51658584382197,28
23,2,0,7.77719205450855,3.497377532041493,22
23,3,0,9.733426837576239,4.121779892744529,34
23,4,0,13.33820509512345,5.219452979784461,44
23,5,0,18.19897780475963,7.108730880841314,64
23,6,0,17.00038851798386,8.648093996272046,52
23,7,0,16.25134425368117,6.078276068034119,61
23,8,0,16.57947149296195,5.530752282727383,61
23,9,0,15.72571814519184,4.482807230970258,65
23,10,0,21.8778245720119,6.166434257784815,95
23,11,0,17.75425940677356,4.364059583382851,82
23,12,0,23.67522828898282,8.422014454805652,105
23,13,0,14.8176229866633,4.085381533241893,73
23,14,0,20.07389788002713,5.620465787884619,101
23,15,0,18.60129904283034,4.277146050824668,101
23,16,0,21.78904573162671,20.38803718184239,93
23,17,0,15.09026161273696,2.849189560616859,87
23,18,0,17.16251694739769,3.282790584828819,99
23,19,0,16.3224825432511,2.978437778688877,101
23,20,0,15.62020517944815,2.984866881255211,97
23,21,0,16.55718874953693,2.78894157979056,109
23,22,0,17.59238546064149,4.813472923417039,110
23,23,0,14.50043290845835,2.198574481275096,103
23,24,0,14.31963870012269,2.060069481813905,106
23,25,0,14.13972778006119,1.987777953665669,107
23,26,0,14.70603116069973,2.415489668900912,104
23,27,0,17.17491122933621,2.720479522822033,128
23,28,0,15.40719898268049,2.219100865709073,122
23,29,0,12.34603125910027,1.682532392871874,97
24,0,0,7.533156230826834,3.869090307105774,24
24,1,0,6.169382015003672,2.469148365934877,18
24,2,0,6.936251524346003,2.680595892317838,26
24,3,0,7.624131105188415,2.558933198500529,28
24,4,0,12.99580389150738,5.059173987153036,45
24,5,0,13.83403853615825,8.394192583344047,45
24,6,0,9.024082823712549,2.655881100938542,37
24,7,0,16.35302871170806,4.831454450320884,63
24,8,0,14.06964338787968,4.137016829600701,57
24,9,0,19.27851557271998,11.39317064387017,69
24,10,0,17.73005569133946,5.071710270918018,73
24,11,0,18.2788360339305,4.769322637275749,85
24,12,0,19.15246563921739,4.454392548498916,92
24,13,0,15.05419330604654,3.653028272177849,75
24,14,0,16.07226440572327,3.417951361975341,85
24,15,0,15.14258188351475,3.646188779055742,77
24,16,0,14.13345994461479,2.539874675652559,85
24,17,0,19.61238940076272,4.421776901958928,110
24,18,0,15.15759964258667,3.103700750068064,88
24,19,0,15.59095309377494,3.150070852320648,90
24,20,0,15.6078905297582,2.730192649131117,102
24,21,0,16.52564041087825,3.340631696139411,102
24,22,0,15.96381845280978,2.508269724673502,110
24,23,0,16.01643039903965,2.880108477332739,102
24,24,0,14.13576473377789,2.362120064425452,101
24,25,0,13.81068428552427,2.187650448405368,99
24,26,0,14.92536873166174,2.133610291554206,112
24,27,0,14.13301617866163,2.346360196588108,99
24,28,0,14.67624634206944,2.208508126596059,109
24,29,0,10.34181074025004,1.421142879788742,82
25,0,0,10.54209987019376,8.422083407650947,21
25,1,0,5.735686418140499,2.065899350568213,19
25,2,0,13.10962577918611,10.77563922147673,34
25,3,0,9.746617993519031,5.082190079897642,31
25,4,0,13.45345375346036,6.453370822642266,41
25,5,0,11.81910034753298,4.256457653386558,41
25,6,0,12.17981295006479,5.309969003619399,47
25,7,0,12.99198580236405,4.777501749459826,48
25,8,0,15.76255019099889,6.229611493535172,58
25,9,0,14.02609193014774,4.471299346549478,58
25,10,0,14.83778768739018,4.068446091057765,66
25,11,0,14.20526771896588,4.907692487423377,59
25,12,0,16.31265454663435,4.419867332700897,73
25,13,0,14.87811180452313,3.670123677080971,71
25,14,0,17.41436979813525,3.836051861201251,88
25,15,0,17.08073852061151,4.206917377344253,88
25,16,0,13.08120313220461,2.524105384609027,76
25,17,0,16.1692541044786,3.187198508701493,92
25,18,0,15.49232247598177,4.32853007060997,91
25,19,0,11.04433096511572,1.931993078359163,68
25,20,0,16.28941981990487,2.848602417954865,111
25,21,0,14.96992638397006,2.532540974328898,99
25,22,0,14.99554568167207,2.444477998575898,100
25,23,0,14.34470683588468,2.368815496198233,95
25,24,0,15.8058832072014,2.372000919725342,114
25,25,0,16.62545568190612,2.928434333816215,112
25,26,0,13.83054157210897,2.205397447336316,102
25,27,0,14.05772985667294,2.213647083515542,103
25,28,0,11.74664692768133,1.554294651666648,95
25,29,0,13.64091008170305,2.164401951259262,105
26,0,0,7.617524160659187,3.779371189251907,21
26,1,0,9.23652551130715,3.953335736409917,28
26,2,0,9.114648597304528,3.814846836791689,28
26,3,0,9.47210405590773,4.24136393602855,29
26,4,0,11.89157378534499,10.83256674662641,31
26,5,0,10.18252720954561,3.065595607529432,39
26,6,0,17.57829248915528,8.846035378666677,54
26,7,0,12.48358489104878,3.58505081761829,51
26,8,0,15.35184070415474,6.431379682592104,51
26,9,0,15.43588536831808,9.319071399338201,57
26,10,0,15.82580427894557,4.863038288381419,70
26,11,0,12.39435709958736,3.274605020007177,60
26,12,0,17.98775054057113,6.060496651484151,75
26,13,0,15.3249044047611,3.291967615936054,78
26,14,0,13.92297994876545,5.237233754720412,64
26,15,0,13.49568123261805,4.299834560991576,64
26,16,0,15.00325768356698,6.076203897290012,73
26,17,0,15.32976186495494,3.039463385837701,89
26,18,0,14.03900616753061,2.655662910005075,85
26,19,0,16.95829184505127,2.967333800214395,108
26,20,0,12.89444436563027,2.326227046392392,82
26,21,0,16.39330651652131,3.03466036314152,104
26,22,0,17.31505342736142,3.171234603393463,106
26,23,0,19.65764272297551,12.45695662997299,108
26,24,0,14.02195399642906,2.320998411964436,96
26,25,0,13.26502955105128,2.126437591025792,96
26,26,0,11.67861562589637,1.81940853835311,83
26,27,0,15.53298796566995,2.21297706787359,115
26,28,0,14.70061166650799,2.250915008448797,111
26,29,0,11.00726630180936,1.59163088833048,85
27,0,0,6.569134050304095,3.697149923650049,17
27,1,0,6.220530442311831,2.730132007871115,18
27,2,0,4.894441401252562,1.978751919211379,15
27,3,0,10.32316862206067,6.29734369954218,24
27,4,0,11.16943032563821,4.273670712603173,41
27,5,0,12.38649987765912,4.766250581687421,43
27,6,0,13.50742776985666,4.383160665440848,50
27,7,0,12.89007597098513,4.849659353620476,44
27,8,0,11.6339851205976,3.466543861676723,45
27,9,0,16.00341280981585,4.467325912185452,68
27,10,0,12.288280026783,3.435128332462997,55
27,11,0,13.75680850980942,6.073308345926634,59
27,12,0,12.45686185137127,3.030266828270735,60
27,13,0,12.63621153414479,3.056150581033975,62
27,14,0,12.88673693965152,2.903049012025356,69
27,15,0,13.95766105801742,3.745637547797793,71
27,16,0,13.20729697936004,3.552226757137999,65
27,17,0,12.23427292363248,2.339755760160219,74
27,18,0,12.64046809291919,2.433303901771475,75
27,19,0,11.12219265503781,1.846224758354916,73
27,20,0,11.15347923521205,2.133470393731819,70
27,21,0,12.82750189140386,2.195131897186621,83
27,22,0,10.08202917806781,1.720313142846765,65
27,23,0,12.71015490453339,2.017949712891157,86
27,24,0,14.22976057047731,2.291794455034097,99
27,25,0,10.97235506103551,1.542347853184882,83
27,26,0,14.16056900885204,2.079255495971246,105
27,27,0,15.05067161077606,2.593576891302888,109
27,28,0,12.55085560854916,1.901904337163231,94
27,29,0,10.74834230605097,1.582877786590451,84
28,0,0,10.30967246661383,9.065370108668603,22
28,1,0,6.871624068932856,4.333955374633429,16
28,2,0,9.481705554021175,3.845818801059401,29
28,3,0,9.921421297574412,9.897140026824021,24
28,4,0,7.436209172892742,3.202936649555627,24
28,5,0,7.789805582880823,2.371139839495858,30
28,6,0,10.67253401612733,6.065811819421729,33
28,7,0,11.95987410443721,11.60138037672143,36
28,8,0,14.71618446761741,4.676839978393033,60
28,9,0,14.09628583607136,4.331980055466275,56
28,10,0,13.26562819724521,4.415340705828472,54
28,11,0,15.20894974248193,4.441633150519175,66
28,12,0,10.38703702644118,2.792816246932005,47
28,13,0,13.87886687046694,6.000281722029844,57
28,14,0,15.94052355774555,4.82812711568004,73
28,15,0,12.53043764613661,2.833118942363453,70
28,16,0,10.66521558494646,2.369954273657331,58
28,17,0,14.77043282213654,4.64177065095066,77
28,18,0,7.925855899988126,1.26660976949319,53
28,19,0,14.00105462623659,2.566873985066069,85
28,20,0,11.91757819581385,2.194944915458159,75
28,21,0,10.21175694068031,1.748229636159261,69
28,22,0,8.443511856301471,1.36748909360091,56
28,23,0,9.815583379292876,1.534491707344136,71
28,24,0,10.4050217797109,1.586237747822101,73
28,25,0,10.31231563906867,1.817892386777686,72
28,26,0,9.111712293020448,1.430195156740975,64
28,27,0,12.69178877650505,2.140048249273948,91
28,28,0,10.66002874646938,1.619384526638602,78
28,29,0,10.61971241564374,1.528363760064253,82
29,0,0,2.228484988095089,0.7439400883608976,9
29,1,0,9.142866804551973,7.348100494128599,21
29,2,0,6.52243556804042,5.237784362710451,16
29,3,0,9.504935217707661,3.949552298462112,30
29,4,0,8.261558205240387,3.22480052821881,28
29,5,0,8.540007348206561,5.807624898243453,23
29,6,0,11.14123966026036,6.009402885769022,35
29,7,0,12.43232305176134,4.359699642615187,43
29,8,0,11.69328904332099,4.529660576819213,42
29,9,0,11.77903005087828,7.704045520032556,40
29,10,0,9.396092608302576,3.149369009168485,37
29,11,0,8.599221073699816,2.223120959716359,39
29,12,0,8.469840047308011,1.830811309940832,46
29,13,0,12.35070104886781,3.147962974884751,59
29,14,0,11.7248757355464,2.913640003675354,60
29,15,0,9.747619170898531,2.05268851215338,55
29,16,0,9.919457670588226,1.836775880779158,59
29,17,0,8.943588579805708,1.698535215560933,52
29,18,0,7.968916057416881,1.645820527516298,47
29,19,0,10.67132991320909,2.061429688773984,63
29,20,0,8.366260093362197,1.334621822695755,57
29,21,0,11.258766720885,2.230252473417124,75
29,22,0,11.35194133316918,1.835015531905456,77
29,23,0,8.938778508812709,1.397490714307942,62
29,24,0,8.865502883820898,1.373550513700188,61
29,25,0,8.93824681556613,1.382263146500535,63
29,26,0,9.078272130876128,1.31334691067234,69
29,27,0,9.277745896464264,1.335634788704209,71
29,28,0,8.538586038830365,1.199214393567741,66
29,29,0,6.257447544006343,0.8351083817314856,50
