# mesh name: boxMesh_1
# primitive scorer name: doseScorer
# iX, iY, iZ, total(value) [MeV], total(val^2), entry
0,0,0,3.900899121017039,0.6703115264375794,24
0,1,0,4.657669973856996,0.8133267559068645,28
0,2,0,6.125796285551752,1.244847720046598,34
0,3,0,6.811838694423899,1.251218649389567,41
0,4,0,4.652665856645642,0.8256998678568976,31
0,5,0,8.273933875054462,1.486582870529259,49
0,6,0,5.911638138783922,1.02248368101663,38
0,7,0,10.63047317235732,1.975543264540169,63
0,8,0,7.867812610005046,1.324025906956873,51
0,9,0,8.709154785916359,1.623458614578417,53
0,10,0,7.591422702486986,1.257903039002971,51
0,11,0,9.775238314558592,1.705241510295839,61
0,12,0,10.30581561813512,1.608330702223189,71
0,13,0,9.47235139706051,1.442850345346528,67
0,14,0,8.729272038517808,1.409276168635815,59
0,15,0,9.190497503499282,1.469994862458442,63
0,16,0,9.580629811060794,1.544914061904182,67
0,17,0,9.234840711603345,1.60918812570799,60
0,18,0,6.906496188889629,1.054986760122455,51
0,19,0,7.588949606353169,1.200869151745507,57
0,20,0,8.141278070369099,1.102847691138806,65
0,21,0,9.035096597147998,1.25782549776471,73
0,22,0,7.128017865325224,0.9224051762238752,58
0,23,0,10.7418214785131,1.704728706795807,80
0,24,0,9.575725853730608,1.339975386729601,77
0,25,0,8.943649918675883,1.280202257900391,71
0,26,0,7.60442135914248,0.9911392558534984,64
0,27,0,8.672868995906201,1.066619623480913,74
0,28,0,11.35638678103555,1.645974277552501,91
0,29,0,6.880724536421436,0.8624121828247445,60
1,0,0,6.676942891455147,1.41337525311234,35
1,1,0,6.351796241997903,1.172215632035244,38
1,2,0,6.666576325642209,1.274865718892249,40
1,3,0,7.473411862941274,1.380620565442215,44
1,4,0,7.028893260113063,1.289374388185199,41
1,5,0,9.302023671042788,1.63686775544219,57
1,6,0,8.451109344132776,1.453023475357044,52
1,7,0,6.115006489527033,0.9683447442441181,41
1,8,0,10.97116296132748,1.891546331898382,68
1,9,0,10.38805059446426,1.700995083077223,68
1,10,0,9.380951732968075,1.538607962958755,61
1,11,0,10.07721096302415,1.709046759225746,66
1,12,0,8.410202427973951,1.324878989090124,57
1,13,0,9.988553403943378,1.694816679547684,66
1,14,0,9.967168200421723,1.632068983726107,66
1,15,0,8.632067328804213,1.303866524940956,62
1,16,0,8.467060920735246,1.267322081156029,61
1,17,0,10.60252987921525,1.841178258925493,75
1,18,0,7.575445549499062,1.171594292519118,57
1,19,0,10.50855546296967,1.586695043551441,76
1,20,0,8.888776136059505,1.27738034661521,68
1,21,0,8.956614329926483,1.357306688386215,68
1,22,0,10.67288185747324,1.75964151741753,76
1,23,0,10.7562599741714,1.639860024876938,79
1,24,0,13.22668946072098,1.98992793700802,100
1,25,0,8.485301609546053,1.318955149234827,63
1,26,0,10.21546010698337,1.433753830523616,80
1,27,0,13.54185279332489,1.934327307787294,108
1,28,0,8.792025349826131,1.105541082375351,76
1,29,0,9.116944900308415,1.317022970589516,72
2,0,0,5.767130625130164,1.134804121958766,32
2,1,0,8.675038880695734,1.855101032916515,45
2,2,0,8.604974535738883,1.591932037655504,50
2,3,0,6.160655974397284,1.094513702413772,39
2,4,0,7.885690088249102,1.376241646328125,47
2,5,0,10.01027456971818,1.813879303824417,61
2,6,0,7.089562664817448,1.245486767725119,44
2,7,0,10.59675076483443,1.944296061372026,65
2,8,0,10.36696596533219,1.822506966701906,68
2,9,0,10.61272018515795,1.777757703720149,68
2,10,0,12.4841895753984,2.379857722412914,77
2,11,0,9.507407556898547,1.533186854397327,66
2,12,0,13.2375638924863,2.096580421164849,91
2,13,0,8.635827769298119,1.325135863944662,62
2,14,0,10.2413574556949,1.644327297255727,71
2,15,0,11.80919395088297,1.937758187915264,81
2,16,0,9.795390654219652,1.463057332953439,72
2,17,0,9.122115768802177,1.19408761685012,74
2,18,0,10.84622801939658,1.679891808840273,80
2,19,0,9.998064505709518,1.321235554323233,82
2,20,0,12.14756106846736,1.844814619111175,91
2,21,0,11.17124196943409,1.705614116576226,84
2,22,0,11.90847507288371,1.715011197796444,94
2,23,0,15.29779848124624,2.387104362179124,114
2,24,0,11.75981707699469,1.598544002551951,96
2,25,0,12.33107181059743,1.742794328120764,99
2,26,0,10.25078238605053,1.364399030731461,86
2,27,0,15.08234428656529,2.118863002950524,122
2,28,0,18.29151628408781,44.41960720509996,103
2,29,0,10.1663618524251,1.657428572413136,80
3,0,0,8.363552504995985,1.513219186216707,50
3,1,0,7.437450270886178,1.39838965760673,42
3,2,0,10.15207536544903,1.912214806555408,58
3,3,0,8.561845065889708,1.492257717185917,53
3,4,0,9.088429042205629,1.713073234714515,52
3,5,0,11.12078273312929,2.219428779985985,62
3,6,0,10.31058598384504,1.936305558793821,60
3,7,0,12.41828860610119,2.279634571634008,74
3,8,0,11.15690200933316,1.99361761137373,68
3,9,0,14.0607244805573,2.544110974180423,89
3,10,0,10.77882673263913,1.930868601535686,68
3,11,0,12.02939121710123,2.142375804137183,75
3,12,0,11.03561861280959,1.661945620295623,79
3,13,0,14.93081034873116,2.278862015152227,107
3,14,0,11.81698303751076,2.023108228440719,77
3,15,0,11.70722929552928,1.910033921849153,82
3,16,0,14.90065702816478,2.341929596430961,109
3,17,0,8.82233471994997,1.421630068408993,64
3,18,0,12.53290388580741,1.761747449352002,96
3,19,0,11.11699973567046,1.621741198127137,84
3,20,0,13.84780770895742,2.026298830300371,104
3,21,0,12.098481859005,1.95309853492753,89
3,22,0,12.94220838238965,2.043540646345075,94
3,23,0,14.68236957921637,2.076752942608268,115
3,24,0,12.48819879749808,1.83806664082152,96
3,25,0,13.18318844872739,1.995556437616748,101
3,26,0,26.98818296569479,211.9438141776179,105
3,27,0,12.8352534949441,1.605638340016713,112
3,28,0,14.4060959315254,1.975389957463211,120
3,29,0,10.47278682628295,1.416315038370753,85
4,0,0,7.051065194460777,1.235673876434208,44
4,1,0,7.048114808526516,1.215837329043265,43
4,2,0,8.365846012105383,1.445570730544423,50
4,3,0,8.717140168577188,1.567482098635152,52
4,4,0,10.69331144637879,1.905580415234802,65
4,5,0,12.82477049945512,2.335163429231983,78
4,6,0,11.30978473913554,1.949619791136278,70
4,7,0,11.84636352894461,2.06993835603409,76
4,8,0,12.85969439464046,2.610317749009875,80
4,9,0,12.06403261570264,2.050127705117879,79
4,10,0,12.88893526361115,2.227928542788076,85
4,11,0,15.45386432720074,2.369245825099967,107
4,12,0,14.25761510119861,2.380126163806363,94
4,13,0,13.78119754414421,2.270203724926389,94
4,14,0,14.6580313743082,2.290762744737185,103
4,15,0,15.5102753652921,2.519389772955576,106
4,16,0,10.24166938348444,1.603085062766655,73
4,17,0,13.49773402074533,1.945640902148946,101
4,18,0,14.66252714860919,2.170731391071689,109
4,19,0,11.8192399047573,1.78181215201456,89
4,20,0,11.68931399548724,1.712277891015216,89
4,21,0,14.35425830914839,2.054458471660947,111
4,22,0,12.98387054646339,1.853612110354429,100
4,23,0,14.23802089940823,2.063286706549283,110
4,24,0,13.51730943411976,1.913442762490623,109
4,25,0,12.43428483445335,1.63863604948947,102
4,26,0,12.64544505183122,1.733949670236586,103
4,27,0,11.79287599287423,1.583973059916531,98
4,28,0,15.95842794763198,2.275977913050506,128
4,29,0,11.45056250383766,1.535582425165017,95
5,0,0,8.197432688128441,1.655977606750893,45
5,1,0,7.02389050776585,1.283363760818125,42
5,2,0,12.67071722410217,2.362321573152465,72
5,3,0,8.167327698021264,1.539490613214176,48
5,4,0,10.24958655072263,1.850471227102437,61
5,5,0,13.02050722204765,2.298059433891276,80
5,6,0,13.02684095653668,2.233656472748531,82
5,7,0,14.8606063674089,2.538652750292928,93
5,8,0,14.57040969518774,2.563828158002408,90
5,9,0,14.88909726627858,2.660857471942317,97
5,10,0,11.19182757780878,1.795557686275693,76
5,11,0,15.94748616489988,2.487413532680596,110
5,12,0,11.27983921704445,1.714730598292576,80
5,13,0,12.72231637575584,2.108894416216123,87
5,14,0,14.44732970306014,2.516385022817472,95
5,15,0,13.60264221442386,2.094049964821127,97
5,16,0,12.63490762802379,2.13260534257924,88
5,17,0,14.89442621083119,2.341210061137833,108
5,18,0,11.38635552627594,1.64086041835119,88
5,19,0,12.49942015134268,1.872903173892658,93
5,20,0,14.09567246267348,1.944849851884693,108
5,21,0,19.24520278685223,3.007207285099393,140
5,22,0,15.8482649556268,2.281487810408204,124
5,23,0,14.85718061702146,2.225323082034719,114
5,24,0,14.73838295733503,2.513108221123665,113
5,25,0,13.21165001747925,1.955123701410001,102
5,26,0,12.22902783513264,1.82988776403064,95
5,27,0,13.32123912691916,2.0535292572955,104
5,28,0,12.96046977555686,1.859540625429962,106
5,29,0,10.58342755793968,1.403674887184685,90
6,0,0,7.831885460063808,1.56449160961258,43
6,1,0,6.003848874712692,1.248549849560233,33
6,2,0,10.41212084481839,1.911603906158034,59
6,3,0,10.46538389626223,1.865088959975765,66
6,4,0,12.39082993690167,2.226978923639924,74
6,5,0,12.71119687574219,2.288792024460962,77
6,6,0,12.88245450226886,2.345622975216104,78
6,7,0,12.15244532233284,2.096436899208896,77
6,8,0,14.34161494519008,2.447722670812604,91
6,9,0,10.99724886540099,1.958061197295571,70
6,10,0,12.68147487315826,2.157494380986124,84
6,11,0,13.78846893517954,2.357992360304475,89
6,12,0,13.30766169522447,2.044509090505599,93
6,13,0,17.13107257514426,2.698341625823386,120
6,14,0,13.58529996228104,2.120973042188714,97
6,15,0,11.88881963852147,1.743070399473097,87
6,16,0,11.99566521504734,1.670338359664898,92
6,17,0,29.7885105512219,265.223420887895,103
6,18,0,13.72270893688811,2.132716201931668,101
6,19,0,13.61264901740315,1.929490924213075,106
6,20,0,15.73041145757845,2.307049913246964,122
6,21,0,13.56321138986556,2.027195742433921,102
6,22,0,13.16944941204539,2.003309766779304,102
6,23,0,11.69183958648122,1.583616913085678,94
6,24,0,13.87165552358075,2.077475704146147,108
6,25,0,15.09511681948145,2.2851347942215,115
6,26,0,12.15808554947193,1.760711260861425,94
6,27,0,11.45636467565163,1.575132293834552,95
6,28,0,13.64790844841361,1.967112771837143,109
6,29,0,12.5632331287772,1.712230167667623,104
7,0,0,6.966275608299846,1.327936569837641,39
7,1,0,9.429141226963861,1.861382733756941,52
7,2,0,11.88653324514439,2.232473177607476,68
7,3,0,10.57374531172579,1.809158931801064,66
7,4,0,11.20260720962404,2.153116621337538,67
7,5,0,12.35270296334715,2.278265293677212,76
7,6,0,16.7330444141694,3.053514986696503,101
7,7,0,15.21078844854607,2.736025771303357,92
7,8,0,11.47432890011341,2.035121368160256,72
7,9,0,11.34125737789815,1.87615221094662,75
7,10,0,13.40490257122184,2.306582668821906,86
7,11,0,15.85162768146943,2.569276535895749,108
7,12,0,14.99714366708336,2.40001286947503,103
7,13,0,14.50856278178539,2.136224227928107,107
7,14,0,13.74021862085765,2.077449129174337,102
7,15,0,15.94045666676753,2.492975598164881,113
7,16,0,14.06989459703019,2.302822371946467,98
7,17,0,14.79906024164658,2.338521872074454,105
7,18,0,11.10090958534386,1.667769945770738,83
7,19,0,14.56462693683063,2.320115025752999,107
7,20,0,14.49996760403685,2.041857047633383,110
7,21,0,13.6827613537182,1.94979035749138,105
7,22,0,14.66282895253275,2.528450965502939,104
7,23,0,12.93422844685073,1.957428084671201,101
7,24,0,16.01179085353806,2.515301729256643,122
7,25,0,12.8680564139694,1.665682080517083,110
7,26,0,11.51345044809855,1.570298668609168,97
7,27,0,14.79557517684028,2.064104357556163,122
7,28,0,14.33030001837591,2.212728029795419,113
7,29,0,12.28087158349857,1.616325211217473,102
8,0,0,9.013209960367426,1.967833126811869,47
8,1,0,8.283899375096446,1.454409199281531,52
8,2,0,8.673622350031518,1.636054548818267,51
8,3,0,11.08949358122937,2.011886674268847,67
8,4,0,12.10221180437735,2.178706392923652,72
8,5,0,13.49417378715233,2.539269015452104,81
8,6,0,15.89756085051045,2.864455879801218,99
8,7,0,13.50034496621394,2.37127362455138,84
8,8,0,13.99302083815985,2.471988564217953,85
8,9,0,12.91329671206599,2.195524548652459,83
8,10,0,12.06773736237295,1.90630217509645,81
8,11,0,15.19675788842855,2.582012785681008,99
8,12,0,13.93072989327732,2.10910539189812,97
8,13,0,16.3680518968731,2.944513553535749,104
8,14,0,13.02361946648559,2.051185839295608,92
8,15,0,15.10345467404819,2.624412112419679,102
8,16,0,14.84357601628977,2.394037022039328,103
8,17,0,15.17242619115512,2.2456605862691,112
8,18,0,14.58690359098844,2.206255170854788,107
8,19,0,14.76119324718959,2.146491983638722,111
8,20,0,14.93371188951434,2.3700173622726,107
8,21,0,15.24828437777642,2.321426557065477,113
8,22,0,16.71068450327506,2.591775814800515,124
8,23,0,14.44329896017564,2.151660228076457,108
8,24,0,15.39020048250025,2.037356727433391,125
8,25,0,13.1840906486267,1.804085766796359,109
8,26,0,14.73806099947417,2.033614539887534,120
8,27,0,13.62753342913196,1.840388021810711,112
8,28,0,13.11999130934392,1.737484019541818,108
8,29,0,10.08013214805836,1.348527035742162,84
9,0,0,7.980244870723108,1.561856401855702,45
9,1,0,8.882543169036561,1.62084032849243,52
9,2,0,10.50930086818861,2.056906213357986,61
9,3,0,11.4343935894441,1.979152319937464,70
9,4,0,10.97846636674435,1.905461285640074,68
9,5,0,12.58263243994618,2.240201060260343,75
9,6,0,13.83750464334806,2.472836462195692,86
9,7,0,14.78439793413427,2.623919197399968,90
9,8,0,14.72841405390372,2.513898427980643,92
9,9,0,15.85429899547779,2.800297145401727,98
9,10,0,14.33039936395883,2.433928532322239,93
9,11,0,13.59422423859904,2.43991111408675,86
9,12,0,14.87280897169759,2.301901352917727,105
9,13,0,14.61624402865219,2.247895893766405,101
9,14,0,12.51894240359517,2.006245859252569,86
9,15,0,12.325966135989,1.833779019561351,91
9,16,0,12.88810724370708,1.948815245907521,94
9,17,0,15.46886931454903,2.628165163710698,105
9,18,0,13.54732361473521,2.05190409545959,102
9,19,0,17.36513024233945,2.439610656973306,136
9,20,0,15.35040840133643,2.244300101648861,117
9,21,0,17.22335106596304,2.390065341870993,134
9,22,0,15.40048230725046,2.367852343997786,113
9,23,0,12.64856985554764,1.69364805995563,106
9,24,0,12.49025910410162,1.845996464737589,100
9,25,0,10.95500751077973,1.578017046899741,86
9,26,0,12.83198057940919,1.964293609539629,99
9,27,0,13.44176637115574,1.770663754062703,112
9,28,0,11.73792398396092,1.730855738406202,95
9,29,0,11.24057157298804,1.471531851960063,97
10,0,0,7.971646498139492,1.487560175560664,46
10,1,0,10.80457849939579,2.067110592725536,62
10,2,0,9.709969141260018,1.750663010597894,59
10,3,0,12.12556105537896,2.18182723856075,72
10,4,0,15.118965546041,2.759791095959915,90
10,5,0,11.72391327635144,1.991424549129305,74
10,6,0,14.56317019109596,2.471246705440602,95
10,7,0,14.70802021755702,2.64244099915593,93
10,8,0,14.07440209531229,2.539784018399463,89
10,9,0,14.45162319388308,2.372172178841247,94
10,10,0,16.63754500127231,2.858015091187846,113
10,11,0,21.85139986211384,43.73715218482259,107
10,12,0,15.38978402742173,2.516027153257561,104
10,13,0,14.07946135588523,2.350522388119324,94
10,14,0,13.44282259055099,2.038223245459287,96
10,15,0,13.17556057539064,2.03489108281616,96
10,16,0,14.97887123329294,2.14338401037294,112
10,17,0,16.54349140859783,2.362483558722699,124
10,18,0,16.37189348889226,2.315639062774848,125
10,19,0,11.65132121429606,1.636975141127,91
10,20,0,14.45815593392325,2.401128476184434,104
10,21,0,41.13322333577345,777.2865282299565,110
10,22,0,15.1785441423469,2.412263116763162,111
10,23,0,14.52325263760426,2.130420377290859,113
10,24,0,17.55856195005085,2.514501407151946,139
10,25,0,13.49331683083304,1.848011045196867,107
10,26,0,12.59950755682749,1.767590722272155,101
10,27,0,14.70652757808198,1.977381656318303,119
10,28,0,13.97951826971206,1.93093825759262,116
10,29,0,9.455503066799317,1.166628994306123,82
11,0,0,6.917476339719475,1.309298704705999,39
11,1,0,6.862212174151256,1.200153049453365,43
11,2,0,12.85287241370082,4.113322325938671,69
11,3,0,13.73269607971849,2.608327496868291,79
11,4,0,14.23013021816293,2.59084529661833,84
11,5,0,13.02529670346157,2.402115510256351,79
11,6,0,13.13705190742004,2.410375290482949,82
11,7,0,15.53697748678646,2.686126658799831,96
11,8,0,17.32599772712748,3.077028804525248,106
11,9,0,16.66515835730704,2.680450820991837,112
11,10,0,15.30147637298282,2.85831042433699,96
11,11,0,13.88080142562677,2.245042327116308,93
11,12,0,18.39737745777014,3.111302813000602,121
11,13,0,13.5769335453385,2.16051062707719,97
11,14,0,14.27225138107671,2.178971953900677,103
11,15,0,14.83421254722639,2.375021473797144,103
11,16,0,12.67959260281168,1.973029896772927,89
11,17,0,16.0196491166644,2.713620569802385,109
11,18,0,13.59721735260949,1.974644478409629,101
11,19,0,10.85811749736148,1.53240479482115,84
11,20,0,17.31323684824153,4.585908329948655,116
11,21,0,18.89624131143585,32.67721305686172,103
11,22,0,11.35935539777778,1.625080884506401,88
11,23,0,14.40045958635897,2.187443842172536,110
11,24,0,13.87298037281244,2.149497573454838,104
11,25,0,13.89863566871902,1.956677999517495,110
11,26,0,15.29891852238668,2.377144203044664,121
11,27,0,12.53961476185883,1.782619872189609,100
11,28,0,14.20676187165843,2.012147439482596,115
11,29,0,10.49886947142402,1.304306783252986,92
12,0,0,9.379559824165277,1.770860403229991,55
12,1,0,9.198610162456751,1.771562065606956,53
12,2,0,9.67053900219201,1.816078084042892,58
12,3,0,11.19286374902943,1.919161688567115,71
12,4,0,14.14328543638374,2.537496402633569,87
12,5,0,12.79087552769204,2.375147496874166,76
12,6,0,19.01373484346571,3.491874368997834,115
12,7,0,14.00907067919929,2.293707753984875,91
12,8,0,15.56365965107678,2.8088649516676,96
12,9,0,12.33930677662545,1.979029293419777,83
12,10,0,16.46912806659199,2.790102949423098,109
12,11,0,15.68697204831623,2.748601233671415,102
12,12,0,13.05051057073682,2.221972621758612,85
12,13,0,16.00629904641876,2.527248497016005,112
12,14,0,16.31826115897355,2.865627661096039,106
12,15,0,14.27337039051473,2.234049168375754,101
12,16,0,12.87791260281252,2.011998454988134,91
12,17,0,15.48568441572863,2.24026085885618,117
12,18,0,16.49738248147237,2.611693904918512,119
12,19,0,11.82326053333767,1.671365441467247,92
12,20,0,22.08262896097023,45.22416194917052,121
12,21,0,14.38128322419789,2.147756282163362,112
12,22,0,15.37190355948542,2.162944574387012,119
12,23,0,15.28330398195149,2.15995800127552,121
12,24,0,16.27757574133723,2.25922467219185,131
12,25,0,13.39738692853799,1.753433425601377,113
12,26,0,11.61798164067258,1.498053942973262,97
12,27,0,12.08656636899065,1.611101176917882,101
12,28,0,13.81841223376273,2.034392676255201,112
12,29,0,11.30601196768061,1.559781952942201,94
13,0,0,7.822436586077917,1.459504240104877,47
13,1,0,8.824807618982533,1.618871982251211,52
13,2,0,10.28247847457016,1.876055579107776,60
13,3,0,14.16725927664721,2.539698979402606,86
13,4,0,16.31501668944995,2.977244312449037,98
13,5,0,14.53269843932028,2.571449134946778,88
13,6,0,14.46006388815497,2.410376024117638,95
13,7,0,11.63688782524121,1.950573416709229,77
13,8,0,14.04730406961545,2.617621390170275,87
13,9,0,13.37963710752192,2.216364989821571,87
13,10,0,15.37793582430467,2.396013711239155,106
13,11,0,15.7569790895531,2.563787790052428,105
13,12,0,17.64182934141473,2.877536991819939,119
13,13,0,14.4615131212959,2.22504961023266,102
13,14,0,14.4335099398788,2.118561706363103,105
13,15,0,12.92301204325014,1.842033635048102,98
13,16,0,13.08844162956266,1.860892221122978,100
13,17,0,16.26050474793008,2.433639869656882,119
13,18,0,15.67772760140961,2.472711013652676,112
13,19,0,13.66791451196812,1.999371855925963,103
13,20,0,15.20128361088063,2.264732946366409,114
13,21,0,12.88912342742663,1.83897471113483,99
13,22,0,15.20387006993659,2.027087457234921,122
13,23,0,13.19552348467468,1.884435791931143,104
13,24,0,14.75827228935004,1.946023688856428,121
13,25,0,14.02254552025241,2.084466046318312,108
13,26,0,10.73862085252923,1.432258199922234,87
13,27,0,14.46405827794621,2.033982584971382,119
13,28,0,12.62649283968528,1.954141185488403,103
13,29,0,11.17457228043356,1.540016428354388,91
14,0,0,9.376848075470491,1.728310389366191,55
14,1,0,12.99054027579371,18.2692395783945,52
14,2,0,13.59219658156536,2.730618582305802,76
14,3,0,11.84304128581093,2.162492805712965,71
14,4,0,13.12339071360965,2.477046528503621,76
14,5,0,10.48175548409795,1.748903948510827,67
14,6,0,11.94551894065188,2.213006580565676,73
14,7,0,13.33512174757164,2.258550535270068,85
14,8,0,15.89439183834806,3.023233409403201,97
14,9,0,15.05025353481296,2.563537851357301,98
14,10,0,13.36519430313618,2.153935321401796,91
14,11,0,19.26492367592116,3.236026703676806,128
14,12,0,12.93855904124382,2.051976568907578,90
14,13,0,17.00733356727034,2.87220415813406,113
14,14,0,12.83869932384631,2.020461302963975,91
14,15,0,13.36918227622808,2.004762749119189,98
14,16,0,14.83534213617516,2.532898384038976,102
14,17,0,15.89552512518453,2.487226263058113,113
14,18,0,16.27519918445444,2.401782955305818,123
14,19,0,15.29008967913652,2.21417337538743,117
14,20,0,15.13925172148641,2.225355931940959,117
14,21,0,15.0742697911339,2.464090694368022,110
14,22,0,13.89198719933061,2.036674987625667,105
14,23,0,12.60080828120271,1.719734422644684,101
14,24,0,16.5860801430015,2.459855670147273,127
14,25,0,12.03624758286333,1.584345293913622,99
14,26,0,12.91015231220359,1.692210889896292,107
14,27,0,11.85837140910804,1.648763297012399,101
14,28,0,13.81020987040169,1.879295750601848,113
14,29,0,13.29088754463572,1.789153108651839,111
15,0,0,6.682763988274409,1.258938938552761,39
15,1,0,9.425807412101095,1.829629614652289,57
15,2,0,11.72694409787722,2.074980099823265,74
15,3,0,10.075888378274,1.711120097402503,64
15,4,0,13.912532072996,2.546168925292384,83
15,5,0,10.99195206131963,1.937381446443956,69
15,6,0,13.29519191481542,2.322768358723707,83
15,7,0,11.5932639019423,1.97629260415898,75
15,8,0,14.30886802634349,2.416063830900159,91
15,9,0,15.76533572940261,2.692959513045072,99
15,10,0,15.01903791124337,2.543051185321152,96
15,11,0,15.41117525493217,2.455237808630486,107
15,12,0,15.96910237515718,2.793596436990636,102
15,13,0,16.95262727506953,2.635356871822907,119
15,14,0,13.00902171086805,1.996475122531856,96
15,15,0,15.14396278728256,2.479979423543926,106
15,16,0,11.2610126619622,1.64885512838038,82
15,17,0,15.08442269702845,2.367178255244135,107
15,18,0,16.05327562379899,2.495335961077362,118
15,19,0,12.20101315416131,1.75661156391436,91
15,20,0,12.53128695604853,1.728379131581131,100
15,21,0,12.63515127297151,1.86580396377384,100
15,22,0,14.98876669334476,2.287758643283605,114
15,23,0,14.86345163465755,2.372843521648113,114
15,24,0,14.72985962619891,1.910628699835089,121
15,25,0,13.16765168814551,1.742672775005444,110
15,26,0,16.1679128910827,2.320719644976735,127
15,27,0,12.39928476478131,1.737495546451015,100
15,28,0,12.68902428238989,1.887735235798006,101
15,29,0,11.01244395428405,1.430167910946466,93
16,0,0,7.681464637497469,1.484984374232138,42
16,1,0,8.366676046739311,1.66202441043093,46
16,2,0,11.98686752423925,2.281690867812948,66
16,3,0,12.88750737366227,2.147416388264333,81
16,4,0,11.97577386652748,2.195077246788658,74
16,5,0,16.17102399351344,3.248946522699654,92
16,6,0,11.17772878548175,2.014884841930861,68
16,7,0,13.59293849724055,2.416371191309009,82
16,8,0,13.81687100933876,2.341637301007577,86
16,9,0,15.32556205496849,2.68005770320888,97
16,10,0,14.30303509873509,2.214155283036268,101
16,11,0,16.68734114622218,2.840880110964897,109
16,12,0,13.5170899644806,2.087277693604427,97
16,13,0,13.26473088666943,2.101012868775147,89
16,14,0,13.70087775322506,2.266813647344782,91
16,15,0,12.70368445983054,2.088333738020894,89
16,16,0,15.24147285595873,2.725214374101245,100
16,17,0,12.93365233125428,1.899606108490109,97
16,18,0,13.33523934819135,2.312497776613884,90
16,19,0,13.81539478120875,2.138810151235185,100
16,20,0,13.00241058960333,1.906576311279438,98
16,21,0,14.99445381042123,2.185218417135753,113
16,22,0,15.46679407271598,2.331722468324549,118
16,23,0,14.92174269021056,2.194668084748514,113
16,24,0,17.90121889369735,2.593074837679777,137
16,25,0,11.43539185986974,1.664203418381505,90
16,26,0,14.67955057745199,2.293723531814262,112
16,27,0,12.48234022475582,1.646673280453518,105
16,28,0,12.17638771623168,1.681443579819225,96
16,29,0,12.38970444576456,1.718808676876469,105
17,0,0,7.253992623213006,1.424679733400583,41
17,1,0,9.550495538516488,1.761737095798022,55
17,2,0,10.91222480637192,1.897216293622382,65
17,3,0,13.27159379749246,2.431209841550625,78
17,4,0,10.45821417297393,2.021864585601195,61
17,5,0,12.3737893721676,2.186288600488137,76
17,6,0,15.59375417815618,2.803637452196688,92
17,7,0,17.62238229259129,3.273148562504024,106
17,8,0,18.4560024119581,3.207853025537057,113
17,9,0,16.23145200169918,2.783183166869019,105
17,10,0,17.32618852091675,2.929036586980727,114
17,11,0,15.90407068259445,2.633461594281231,107
17,12,0,13.27612334546659,2.151727488714284,90
17,13,0,13.41240486686361,2.044937054554247,95
17,14,0,16.83425687281634,2.7493410863147,115
17,15,0,14.41186844369773,2.119759226087988,107
17,16,0,14.55344037946571,2.272705428836451,106
17,17,0,14.15396067240159,2.231147114269771,104
17,18,0,15.46789540488198,2.379463636414755,116
17,19,0,12.52477816847495,1.755674664037675,97
17,20,0,14.45130545075664,2.314365609338064,106
17,21,0,14.53908700218454,2.161003180241464,112
17,22,0,13.50467239362707,1.882483102292493,108
17,23,0,14.95493153204681,2.20710282246588,117
17,24,0,17.73971814488756,2.594765493033234,139
17,25,0,16.72520173107444,2.520019462918874,130
17,26,0,13.24981242242811,1.825833825275879,111
17,27,0,13.29431398078966,1.789537905317099,108
17,28,0,12.34423371645206,1.644223349002636,102
17,29,0,12.80063216267902,1.604096649708501,107
18,0,0,9.696387448191993,1.970869226033582,53
18,1,0,9.705521122696499,2.12350915620646,51
18,2,0,13.16728178496909,2.471208398731259,77
18,3,0,10.07332862211848,1.861578533234491,59
18,4,0,13.82829524402238,2.569877132442466,81
18,5,0,14.88979319290447,2.623920589015984,91
18,6,0,12.73072221814533,2.120323553835247,80
18,7,0,12.67878649409529,2.16834392956339,82
18,8,0,14.34070887667351,2.303866784194399,97
18,9,0,13.78669340138829,2.242164320695372,90
18,10,0,13.79314888609408,2.451482145213026,91
18,11,0,15.14712590368036,2.519841397459601,100
18,12,0,14.63500428105021,2.359099909039197,100
18,13,0,15.74549207872719,2.505723210405448,110
18,14,0,14.82177940004662,2.507960601615015,99
18,15,0,15.32039797210248,2.359834710356898,110
18,16,0,16.6518777332325,2.764430105530996,117
18,17,0,15.09104479371406,2.620222816424927,104
18,18,0,14.83405862923251,2.098343512734511,113
18,19,0,14.54385134294168,2.283685728490171,105
18,20,0,13.40820455771189,2.090678035582386,98
18,21,0,13.11074031120203,1.888469036667779,102
18,22,0,15.8038295386909,2.384801907615724,122
18,23,0,13.96227826044978,1.917378800673128,111
18,24,0,18.21344470399958,13.87881052027195,116
18,25,0,12.94074987690325,1.942335325118054,103
18,26,0,12.33101003147967,1.733363991495503,101
18,27,0,14.99776730770872,2.173048604931023,120
18,28,0,16.20427176929809,2.346056160027956,131
18,29,0,10.28272772374126,1.440728245091255,84
19,0,0,6.412162290825491,1.22092656059153,37
19,1,0,11.36027575303577,2.218082609893875,64
19,2,0,9.504606555452483,1.780869354918116,54
19,3,0,12.80419577647576,2.267975268405265,77
19,4,0,12.44717382953654,2.178754952397551,76
19,5,0,13.48040732794539,2.587549854832304,79
19,6,0,13.03164240872854,2.237990496276362,80
19,7,0,15.22125742721718,2.845928816883579,90
19,8,0,11.8767839846221,1.962594958440194,82
19,9,0,16.93434104500365,2.852443792998319,108
19,10,0,15.7749769407011,2.526267440820903,108
19,11,0,13.6758278128862,2.217364385086763,92
19,12,0,14.86751415068698,2.38776657242156,100
19,13,0,16.3204348995333,2.468744150412052,116
19,14,0,16.81300980207689,2.791102658574406,115
19,15,0,14.91262774963826,2.384475774841032,105
19,16,0,13.58667778080523,2.056737753442093,97
19,17,0,14.90828483224482,2.46225787137596,106
19,18,0,14.45971582075533,2.147844839804583,108
19,19,0,16.80764207393714,2.460205690696988,128
19,20,0,11.7620261444467,1.803474938943361,89
19,21,0,15.13704239511132,2.079015130577819,120
19,22,0,13.17664672664133,1.720626564783966,108
19,23,0,14.40878781363203,2.083031707093987,113
19,24,0,16.38508105605241,2.480259542758974,128
19,25,0,12.14204184612997,1.695396209776928,97
19,26,0,12.69610328647599,1.615239094818727,108
19,27,0,13.04435359218551,1.617148803719873,112
19,28,0,10.87396205314571,1.416140965357277,91
19,29,0,13.40593920950318,1.690012640852427,114
20,0,0,5.790564689701263,1.169191534507772,31
20,1,0,8.207433199884832,1.54899874203965,49
20,2,0,8.892849493241206,1.640911421923117,52
20,3,0,11.99306742112078,2.19659096440127,70
20,4,0,14.47323949173909,2.656644479485972,84
20,5,0,13.26386099867248,2.353685933474207,81
20,6,0,13.94897043104532,2.264927704905411,91
20,7,0,13.18008688295547,2.287846656366168,82
20,8,0,17.05760643283472,3.056517134284095,106
20,9,0,14.71105554534071,2.666893489378244,91
20,10,0,16.80577636919874,2.909587813323712,107
20,11,0,14.36000731578935,2.395586356022157,94
20,12,0,14.01694589399245,2.491821894778306,92
20,13,0,13.80854599709386,2.127271981631676,98
20,14,0,15.39865138853677,2.525010512530395,105
20,15,0,19.20552748121677,4.609380523146021,128
20,16,0,14.28956057751278,2.317200313621655,103
20,17,0,17.4548923617281,2.730186958702013,125
20,18,0,13.43791793744349,2.027646405246395,100
20,19,0,14.99337502010835,2.459788583491165,103
20,20,0,14.73629900105406,2.25708111819657,111
20,21,0,14.67995928670002,2.09442964475612,113
20,22,0,13.57209125387714,1.818035902032537,110
20,23,0,14.17400398078736,1.962629640005716,114
20,24,0,14.59085041825096,2.418871852455662,109
20,25,0,12.74177525000597,1.820329553894794,101
20,26,0,13.52354376603257,1.840458418772931,112
20,27,0,10.59326221947072,1.348380013813886,91
20,28,0,12.93437979995142,1.752550947281943,113
20,29,0,11.56243318206342,1.588881677381357,96
21,0,0,7.883028462845261,1.458085806955504,48
21,1,0,8.960648342975809,1.605410564975383,55
21,2,0,9.480211152825134,1.72063620533763,56
21,3,0,13.46696339207279,2.487601114353143,79
21,4,0,17.32944931024884,6.136126342770004,91
21,5,0,13.71666054635507,2.549641586854461,82
21,6,0,11.6693945033279,2.052098522136439,72
21,7,0,20.42670515072077,40.5942889573815,85
21,8,0,11.71961129923388,2.034088447834095,76
21,9,0,14.69398662716749,2.362658142943622,99
21,10,0,12.19533935315664,2.016255137890795,80
21,11,0,13.69750158598058,2.176437362957704,95
21,12,0,18.53966840968605,3.184376110544699,122
21,13,0,15.89919681468877,2.498749630949489,109
21,14,0,12.85104993461485,2.05543865022157,92
21,15,0,14.98984339153026,2.217864675915604,111
21,16,0,14.02339314132962,2.119892763087578,104
21,17,0,13.89137203318792,2.24775558529252,96
21,18,0,22.732537361341,77.51726479480925,103
21,19,0,25.63017285554411,116.4516520380487,119
21,20,0,15.77475256363644,2.355761609708881,117
21,21,0,12.17909100359886,1.712626208434078,98
21,22,0,12.72990037909741,1.744592756280681,101
21,23,0,14.65333627874136,2.230238660865013,110
21,24,0,14.22082275328822,1.956866395849425,114
21,25,0,13.46894558275357,1.82507396482417,112
21,26,0,11.96236037706129,1.614035222699416,100
21,27,0,13.84307775268474,1.841476225516085,116
21,28,0,12.2518319226874,1.610979947977289,102
21,29,0,10.13784506967479,1.411991167926166,83
22,0,0,7.438965475017995,1.336039194583609,44
22,1,0,9.087157942998443,1.663497729414281,52
22,2,0,9.825709578479893,1.827209075241436,56
22,3,0,9.471106885301973,1.701974723851666,57
22,4,0,10.54110620927319,1.959486296254615,64
22,5,0,15.17358092069301,2.694791466490365,92
22,6,0,15.13300769426191,2.686504968095369,93
22,7,0,11.92624661270331,1.945367376932887,77
22,8,0,14.57632847649657,2.674618789398055,91
22,9,0,10.68555476859213,1.678439496775122,73
22,10,0,13.13983285149884,2.208549845348846,85
22,11,0,13.50468372682205,2.329943679868803,87
22,12,0,12.61886544660451,1.953957361476033,90
22,13,0,14.84548225151244,2.594976161964891,96
22,14,0,12.4584957373586,1.891717792298955,89
22,15,0,12.65814951035872,1.996726945268889,91
22,16,0,15.3022284268258,2.625945068551007,108
22,17,0,14.15017816209458,2.160380405499649,102
22,18,0,16.38803266454834,2.501305991341516,119
22,19,0,16.83188556550917,2.73751882250717,120
22,20,0,13.023169635236,2.027926371498757,95
22,21,0,14.30427854351609,1.975103208760351,116
22,22,0,11.7007467044049,1.65025503890891,95
22,23,0,15.75049007559368,2.373732364153629,119
22,24,0,16.01087686354539,2.127054701586094,130
22,25,0,12.61100845212799,1.767252280428048,106
22,26,0,13.76366670560863,1.757819538558275,116
22,27,0,15.65183728738847,2.351641092166403,124
22,28,0,10.42994205712019,1.293422038883279,91
22,29,0,9.352261306451087,1.291083621613553,78
23,0,0,8.859295164012035,1.674926314768246,51
23,1,0,11.21966029943621,2.139214550615479,62
23,2,0,8.654582772438896,1.669202851955499,49
23,3,0,11.39113635854856,2.027477262177044,69
23,4,0,11.00746795522436,1.977121355160174,66
23,5,0,12.26188827441361,2.17378978793115,76
23,6,0,9.881067076703079,1.690968290402894,62
23,7,0,13.59323122640168,2.21625300108217,88
23,8,0,11.26081277458714,1.809432318089088,76
23,9,0,13.1586166809,2.139116743894173,88
23,10,0,14.3007388218148,2.186818811311989,98
23,11,0,15.62213112807221,2.484600155943798,107
23,12,0,12.57533213997173,2.027163798410003,92
23,13,0,13.99767463216516,2.329301351615136,98
23,14,0,13.55845110266638,2.055699237996115,96
23,15,0,14.18271950103776,2.224210722169015,102
23,16,0,13.89375020903659,1.990753518902455,104
23,17,0,14.14380396331061,2.622353317799375,103
23,18,0,14.29412110331331,2.351544830316862,104
23,19,0,14.73790883944297,2.325798789219315,107
23,20,0,16.82460399835385,8.026817252672567,107
23,21,0,15.39165396039818,2.237441217825954,119
23,22,0,13.69645484473507,1.866434706379386,108
23,23,0,14.74603246672557,2.218467761897029,113
23,24,0,11.36823840688931,1.512315064058943,92
23,25,0,13.29123230955133,1.868103080589639,109
23,26,0,12.74433207357309,1.768905933580665,102
23,27,0,16.71470333604364,2.452992717271244,128
23,28,0,13.3715291636086,1.783794992319388,113
23,29,0,11.71394283395521,1.422215274300256,102
24,0,0,5.470138439803253,0.9925693754141677,32
24,1,0,6.959178111100892,1.182372524009853,43
24,2,0,10.76658326174164,2.074356261805433,60
24,3,0,11.36981373191609,1.933649977686702,71
24,4,0,12.95387073919402,2.33769102588361,77
24,5,0,11.80222125909792,2.187475934958843,72
24,6,0,10.79749322402464,1.979221130983973,63
24,7,0,16.97445382854711,3.158707375362203,102
24,8,0,14.48294696871988,2.463480076943129,93
24,9,0,13.29181642978474,2.394317527255849,84
24,10,0,12.05067987318745,1.880458260023291,82
24,11,0,13.87357063761363,2.143139639427572,101
24,12,0,14.57808319838465,2.530147008243809,94
24,13,0,14.36989259090983,2.878867413721883,93
24,14,0,13.48517932616238,2.0441901722466,96
24,15,0,13.58647228874534,2.137992147899368,96
24,16,0,15.85023761799098,2.59723101723919,110
24,17,0,13.01492973536443,1.992550672550166,97
24,18,0,14.99484663686508,2.535886243372409,104
24,19,0,13.27151356197642,1.801218572000062,104
24,20,0,11.47311424997368,1.653398166445893,85
24,21,0,11.46864184099178,1.562857336952923,92
24,22,0,13.6561043324268,2.034037938447208,106
24,23,0,12.8816338465408,1.832333200152285,103
24,24,0,14.24891470104952,1.957902087566382,115
24,25,0,11.69318979134765,1.631890245535144,96
24,26,0,12.38631877170022,1.619386485842364,104
24,27,0,13.57009647988384,1.788919456750795,111
24,28,0,12.38461028485311,1.98768452691979,94
24,29,0,11.69448333709401,1.464569680214915,102
25,0,0,6.477772582300947,1.127880606567993,40
25,1,0,8.718600098819467,1.709920828329464,49
25,2,0,8.675847281246389,1.692960298865059,50
25,3,0,10.69176340274015,1.843216925311372,66
25,4,0,11.2935788142868,1.900878743485629,72
25,5,0,11.88065144065154,2.181237103866224,70
25,6,0,10.7096435354372,1.663332503485284,72
25,7,0,10.0215285930042,1.651077481996462,64
25,8,0,9.232135628232001,1.620784894249143,58
25,9,0,13.06358129234355,2.097992110036143,87
25,10,0,12.02505453561967,2.15521323884126,75
25,11,0,14.7542832094023,2.407422759598803,98
25,12,0,11.01790615492403,1.736377967908161,77
25,13,0,12.13081523549379,1.849084075165053,87
25,14,0,14.52234366800918,2.575446709182324,96
25,15,0,12.93789347219828,2.118283238849584,87
25,16,0,14.17141666208502,2.245258534094588,100
25,17,0,11.91907020136414,1.824786558124633,87
25,18,0,12.5923234230392,1.803812011629278,93
25,19,0,13.46718423764072,2.139962885494693,96
25,20,0,15.22864393141178,2.180450111704872,115
25,21,0,14.32149625264269,2.313598906651031,104
25,22,0,12.49279061535501,1.754926142184212,100
25,23,0,14.70453011539627,2.040487988923025,118
25,24,0,14.0156757183382,2.021817042055789,112
25,25,0,11.0855450883947,1.538621941820181,89
25,26,0,15.10267825823216,2.158924317198541,123
25,27,0,16.51675150268549,20.51218707647705,97
25,28,0,11.4430420812041,1.522761127965932,97
25,29,0,8.281811080603729,1.118251640753138,69
26,0,0,6.954949086952036,1.354636911022696,40
26,1,0,7.680679871491899,1.50013417107013,46
26,2,0,7.437227948641178,1.35980881181884,45
26,3,0,8.37553244537046,1.526303832689063,50
26,4,0,11.89325914921226,2.152675910715105,71
26,5,0,11.95499092484068,2.266275026762496,71
26,6,0,20.04256636336643,65.46511363325952,73
26,7,0,12.29471236934893,2.298038435381874,73
26,8,0,10.657256343568,1.882358376283212,65
26,9,0,11.12102123812483,1.74509451733729,75
26,10,0,13.57700300931432,2.325777612659199,90
26,11,0,11.09974789262079,1.78629628031078,75
26,12,0,12.44258271719238,2.155297707366516,82
26,13,0,13.09250260891525,2.151756498176907,86
26,14,0,12.177562202338,2.108642013293872,79
26,15,0,12.49446204629944,2.002824396551575,85
26,16,0,11.47490614029349,1.725548799018865,83
26,17,0,9.856902786461559,1.437375980169052,73
26,18,0,13.35727937685402,1.943066710670945,99
26,19,0,10.94698784163661,1.53513149622882,85
26,20,0,13.7552559545267,1.949478602128675,105
26,21,0,13.75263826052299,2.002848536180119,105
26,22,0,14.46584668967915,2.107137191744641,112
26,23,0,13.09174810634764,1.78518354105099,105
26,24,0,15.11285475022172,2.423163397192023,113
26,25,0,13.52682595001747,1.99325664359277,108
26,26,0,13.23605016894155,1.683079100795577,114
26,27,0,14.22815778317182,2.061379423427465,112
26,28,0,14.71983487967906,2.029978847278789,120
26,29,0,9.805549379324164,1.406143076179645,77
27,0,0,5.543692576271076,0.9945387481970588,32
27,1,0,7.533914269858431,1.451697696546317,44
27,2,0,7.932800645068427,2.01662915189409,43
27,3,0,7.489126173556206,1.29208882688524,46
27,4,0,7.856614994527113,1.467053811327814,45
27,5,0,8.643262796538957,1.442173938388404,56
27,6,0,10.55761354379552,1.717121161113397,69
27,7,0,10.43943603954949,1.836487809701187,64
27,8,0,11.82750188255232,2.035728922924991,76
27,9,0,10.07756207843287,1.59588584809795,68
27,10,0,13.06289897176983,2.439601543955245,78
27,11,0,12.62037089271208,2.134577594159586,82
27,12,0,10.77668054615192,1.701142757996868,75
27,13,0,10.87370639377247,1.682941662753297,78
27,14,0,11.09903871798136,1.812611635588303,77
27,15,0,11.44416572616148,1.829126576460094,79
27,16,0,12.97511692851369,1.94655529659615,94
27,17,0,10.05366886264816,1.439746064978605,77
27,18,0,10.42092906665185,1.677994291597723,75
27,19,0,9.998756014674761,1.60768054765654,69
27,20,0,13.75294763305571,2.110685226106997,98
27,21,0,14.42106525959481,2.17732879924099,107
27,22,0,10.55068510212173,1.624654107792316,81
27,23,0,12.89468320813039,1.765906720861245,104
27,24,0,12.72142816303279,1.889862618606929,100
27,25,0,12.46999536107512,1.822848245825315,104
27,26,0,13.03006480047185,1.689576106376367,109
27,27,0,12.15371200890612,1.762369116553608,95
27,28,0,11.82721811856701,1.657321944641943,95
27,29,0,11.24559625111465,1.509676946079787,93
28,0,0,4.316491681858661,0.8040864754851322,25
28,1,0,12.58318168886584,45.2448295592034,36
28,2,0,8.186758255900479,1.473251113820187,50
28,3,0,7.607034849836276,1.403931664663814,45
28,4,0,9.08333488292118,1.656862566906116,55
28,5,0,7.940477486340192,1.317048741312756,51
28,6,0,9.617673384977159,1.752541625998637,57
28,7,0,11.42613465950674,6.300183846269819,63
28,8,0,8.692999666591412,1.491953874512888,55
28,9,0,9.880563888096619,1.581927873797007,65
28,10,0,10.77198230643702,1.79632059837553,69
28,11,0,10.23314123801646,1.712978923284405,66
28,12,0,8.032639901071395,1.255490647723979,55
28,13,0,8.718200282760558,1.41775355863348,59
28,14,0,9.798994351769931,1.492222253232072,69
28,15,0,10.25398858257114,1.504217293640684,78
28,16,0,9.574671104753341,1.741525685980596,67
28,17,0,11.37237516642157,1.831595691548234,78
28,18,0,7.273985594324754,1.056557331295915,57
28,19,0,9.09812395315873,1.210676824362026,73
28,20,0,8.686020748274332,1.24893442027513,67
28,21,0,10.2710769264702,1.489145475617383,80
28,22,0,10.48522927277221,1.748175664214253,75
28,23,0,11.19304212658726,1.470572454472396,91
28,24,0,12.26819206102679,1.735731258005755,97
28,25,0,11.78757044405833,1.646218837796759,94
28,26,0,11.05518597389911,1.442954211130637,94
28,27,0,10.4658092664645,1.489260184270423,83
28,28,0,10.68360881710456,1.374640228874324,90
28,29,0,8.354552170103698,1.286623639729062,68
29,0,0,4.296318779123905,0.78409968439515,25
29,1,0,5.631522745718808,1.032537052776804,33
29,2,0,6.878415708161967,1.265756303676589,40
29,3,0,7.677294420583245,1.414723086230903,45
29,4,0,6.765994552718496,1.29862342294683,41
29,5,0,6.236450025757151,1.133765037692574,38
29,6,0,6.321877182246543,1.180907668857483,39
29,7,0,6.422845641972738,1.187474821541155,39
29,8,0,9.582459231989269,1.506893745314898,65
29,9,0,8.114644414363465,1.35922555340234,54
29,10,0,8.702380770807624,1.45306062593739,58
29,11,0,8.03506478513083,1.370101605681181,53
29,12,0,9.300944109461778,1.711411198411053,58
29,13,0,7.107466290433393,1.099129934006264,51
29,14,0,10.82542032917582,1.97207924366285,70
29,15,0,10.65374846128698,1.70203390280012,75
29,16,0,9.447522883900758,1.455679639950725,67
29,17,0,9.007954383743625,1.540006968773312,59
29,18,0,9.164473530720832,1.520026621166301,68
29,19,0,11.78033109989394,1.866016357335162,84
29,20,0,9.100775103614057,1.29021621738553,71
29,21,0,8.410092522007552,1.22505737923898,63
29,22,0,8.764166721895812,1.248996739269568,70
29,23,0,8.616846753467689,1.128390112016639,70
29,24,0,8.93165989982438,1.253074389319773,73
29,25,0,7.252065868312674,1.076201747756257,57
29,26,0,8.326962262666461,1.136610598776193,68
29,27,0,8.213380631946519,1.153438613512316,65
29,28,0,8.633511276055224,1.483780677779492,65
29,29,0,8.805237620290193,1.132154580710573,74
