# mesh name: boxMesh_1
# primitive scorer name: doseScorer
# iX, iY, iZ, total(value) [MeV], total(val^2), entry
0,0,0,1.277848189321832,0.4569918633818263,4
0,1,0,1.825944212097033,0.7036157179676461,6
0,2,0,3.148310730300035,1.019988932471069,11
0,3,0,3.954862377243373,1.524732257459099,14
0,4,0,4.860968636174558,2.011432597904766,16
0,5,0,6.069766102338769,3.586252314867352,16
0,6,0,8.24476363349692,4.620050304329992,25
0,7,0,13.82858017556131,47.86930916311599,31
0,8,0,5.113557962641663,1.381218914485526,23
0,9,0,12.12926580889232,4.247838934865504,47
0,10,0,9.356464811624278,2.428457183320176,43
0,11,0,8.440512997014338,2.251232957221647,39
0,12,0,11.04531926020834,3.071751882715598,50
0,13,0,10.52056899570065,2.338336053929235,56
0,14,0,7.2617178612597,1.644980981227339,37
0,15,0,7.161756976467185,1.678093691655521,40
0,16,0,7.449162166617698,1.453489917312813,47
0,17,0,9.647371073291636,1.720558039935743,60
0,18,0,8.414728804341387,1.450304835388279,56
0,19,0,9.476767577095647,1.606899937005049,63
0,20,0,9.07432674132291,1.435767111178861,63
0,21,0,9.165947325040635,2.079431846206552,58
0,22,0,8.468512253803363,1.335572489194099,62
0,23,0,6.456625213037828,0.8920863378943745,52
0,24,0,8.583459099836409,1.324476259186138,64
0,25,0,7.565968593661055,0.9541835219672611,66
0,26,0,6.178976039973135,0.8153980457744623,52
0,27,0,7.606272599267553,1.125508292793642,62
0,28,0,8.798349858072879,1.201584612301039,73
0,29,0,8.260501955319947,1.305230076571609,63
1,0,0,3.612517882581085,1.75515774458831,11
1,1,0,3.581059288476645,2.156549141960279,9
1,2,0,3.068014104597483,2.546807920072727,7
1,3,0,4.088073695337007,1.265806608661902,21
1,4,0,7.036916918770057,7.232393841484571,19
1,5,0,8.011793201151663,2.755570734709203,30
1,6,0,9.142406468772089,6.526815745443876,29
1,7,0,4.549671807450059,1.383040091938626,20
1,8,0,10.15425010121877,4.222494591942376,37
1,9,0,11.29738668555591,4.212275975589534,44
1,10,0,9.933836358806397,5.814817460629549,38
1,11,0,10.47548130336067,2.66636694566108,47
1,12,0,9.158488584155696,3.021001928824833,46
1,13,0,9.758012877575487,2.301891550408496,52
1,14,0,11.17263211670981,3.24618471609267,59
1,15,0,12.59776090481242,4.929873081047822,61
1,16,0,12.20108550378615,2.372715621107004,73
1,17,0,10.9799795125057,2.062062682354055,72
1,18,0,8.314798740046886,1.31235638641484,60
1,19,0,9.72756370547963,2.96449462721093,64
1,20,0,9.673166807198696,2.947157464670491,62
1,21,0,10.36619735762851,1.646898809698225,74
1,22,0,10.47644575527292,1.498701192002055,81
1,23,0,9.571688528973393,2.247295429800385,71
1,24,0,10.60603543392875,1.478539758587143,87
1,25,0,9.603319751954427,1.456086115463365,74
1,26,0,11.03723147460671,1.562529582805388,89
1,27,0,9.62680049740602,1.284325018136148,82
1,28,0,9.529827097693591,1.407466550004951,79
1,29,0,9.100021606399135,1.10183148724837,83
2,0,0,2.91494355975012,0.9094827934812042,10
2,1,0,1.786115971391768,0.6700739451727813,6
2,2,0,4.975537050241321,1.824235394625375,16
2,3,0,10.00647004657372,6.571099510046498,24
2,4,0,5.709358174789863,2.168482655535922,21
2,5,0,9.285305139712353,3.042499039489849,33
2,6,0,8.707869209775646,2.974885928089172,35
2,7,0,12.59987340085059,4.10071933374871,52
2,8,0,16.77795241910752,14.70382736457107,47
2,9,0,15.36717488327463,17.86661847653624,48
2,10,0,12.01070863791952,3.160689616164856,55
2,11,0,14.56076020072815,4.270511028184694,67
2,12,0,10.58730072293086,4.973893819709819,43
2,13,0,13.73647800436509,5.105276300976261,60
2,14,0,12.56478750002401,2.685098503953297,70
2,15,0,13.97210814771789,3.235037001918016,78
2,16,0,9.45594652467722,1.639852796807392,60
2,17,0,9.867354361818677,1.822706379550856,65
2,18,0,11.97000183595218,5.477057063725753,70
2,19,0,14.7388437585755,7.006167166978063,87
2,20,0,10.65626532765384,1.924057316088854,70
2,21,0,10.70122078798793,1.690039592368599,79
2,22,0,8.661790616103698,1.356990358278861,65
2,23,0,11.41182579493417,1.58607841429106,89
2,24,0,9.636036554609424,1.353893473145457,77
2,25,0,11.51618554687112,1.629267708289472,91
2,26,0,8.181514522405598,1.061439513571061,68
2,27,0,11.60417874235402,1.755600016907609,90
2,28,0,10.46059495057902,1.354108678168406,90
2,29,0,10.56704843473106,1.312749610198535,95
3,0,0,4.403652510722039,1.965998982566695,12
3,1,0,3.362489016092158,1.306228600856186,10
3,2,0,6.16939027179632,3.684816844734456,16
3,3,0,8.020329599546136,13.05135573926397,18
3,4,0,9.415840364574716,3.223781403014317,35
3,5,0,12.3906392876398,16.33452695614208,33
3,6,0,21.68970728026634,178.5794690606406,35
3,7,0,11.8742434767952,4.046771347584198,48
3,8,0,11.376444002903,4.145817089877446,44
3,9,0,16.92200141578288,14.70232441892353,55
3,10,0,13.47571958443084,4.170097300656441,61
3,11,0,11.79122798626262,2.970300240566552,61
3,12,0,15.42880033613683,4.860782702018235,69
3,13,0,12.92111289166039,3.305207936582662,64
3,14,0,10.03064271382154,1.923012186271221,57
3,15,0,13.02688231455741,2.684779266522762,72
3,16,0,13.01265464692652,2.693554070033505,75
3,17,0,10.52328194640813,1.825568957282431,70
3,18,0,12.93830863800795,2.201770942154257,85
3,19,0,11.93295148951141,2.034705248775279,80
3,20,0,13.59801881691752,2.378489097699367,90
3,21,0,12.30766381462453,2.073447380388784,86
3,22,0,13.01000499448256,2.055385073884028,97
3,23,0,13.39822592954113,2.304220858568198,97
3,24,0,12.12185787173489,1.810071288889088,93
3,25,0,14.05336939668782,2.116298670783621,110
3,26,0,27.49869454326251,269.6536862207529,94
3,27,0,12.90038794643014,1.920166342589624,101
3,28,0,12.77893281577317,1.582940686744806,114
3,29,0,12.64714448949632,2.016756620384956,101
4,0,0,3.691222388728544,1.779678332222027,10
4,1,0,5.201451886145771,1.701371489166413,18
4,2,0,8.554452366854841,5.960610122739603,22
4,3,0,11.45102421408611,8.836741185627581,27
4,4,0,23.2479552408655,164.1955912508332,35
4,5,0,7.736669857332203,2.506565048098574,28
4,6,0,10.66193839784077,4.410538327035623,36
4,7,0,12.04039542829326,4.077224181495519,45
4,8,0,17.70455745221234,13.18537217487118,58
4,9,0,13.3837789993027,4.460042107140615,51
4,10,0,14.3995526715295,4.107135287716413,63
4,11,0,14.7420727555468,3.980046613029715,67
4,12,0,13.71600342306154,4.060264766844282,60
4,13,0,15.25844558388524,3.909517174712997,74
4,14,0,13.15557492458523,2.51402762608116,76
4,15,0,12.69354340850985,3.195119974246401,67
4,16,0,15.17084703412437,3.672666516707784,83
4,17,0,17.85670456316739,10.93211187625994,86
4,18,0,18.42274071532512,4.781755514199274,109
4,19,0,14.66695993718261,3.195869343471474,90
4,20,0,10.1785417173141,1.587997830736182,78
4,21,0,11.5632580115243,1.70929059221587,86
4,22,0,10.37248952950116,1.589092108621408,76
4,23,0,10.5997278010719,1.52549711609098,81
4,24,0,11.19202968988481,1.446548741247736,92
4,25,0,12.08350363741658,1.674286123019882,97
4,26,0,13.83533640551345,1.887097822318973,112
4,27,0,12.83203171635151,1.701789394135248,107
4,28,0,12.70763077163793,1.683979604665737,108
4,29,0,9.838919234257268,1.372572967763782,82
5,0,0,1.810061747591825,0.7555168551503717,7
5,1,0,5.077559354657224,4.636771338778547,12
5,2,0,11.09012583568297,14.0196533329151,19
5,3,0,11.18341948551965,15.48501639617672,23
5,4,0,8.400773919392488,3.281842678108867,27
5,5,0,12.00647279502704,8.498667317915752,31
5,6,0,8.582238638071477,2.521008763738177,35
5,7,0,15.53161664140351,10.76136318221973,51
5,8,0,16.3540965256313,8.053492991907444,56
5,9,0,11.43806422832971,4.098502420204006,44
5,10,0,15.19604929057669,4.445549278977886,65
5,11,0,15.82779723500416,6.372527502616063,69
5,12,0,17.15728594055357,5.539122581764571,74
5,13,0,16.83971463142714,3.744522318848113,89
5,14,0,17.26404118541376,3.814845456342698,94
5,15,0,18.23014045078751,12.40910447903909,88
5,16,0,11.65051525476792,2.169376302850127,73
5,17,0,14.351568315672,2.654600261079207,87
5,18,0,10.62188633108151,1.657350275909921,75
5,19,0,11.05495796654181,2.010339159993806,73
5,20,0,14.89149909008187,3.251678035436567,95
5,21,0,13.03311898100167,1.932196001175933,97
5,22,0,12.37889972819718,1.884336043984447,93
5,23,0,14.40862863474077,2.215711343832642,108
5,24,0,14.49792985372894,2.182623713201234,108
5,25,0,11.8908781613673,1.76341960058759,94
5,26,0,11.64565427541799,1.65302316782429,96
5,27,0,12.59880033584832,1.847218339931638,100
5,28,0,9.280378903934389,1.07923625152645,84
5,29,0,11.40970311031348,1.529470896271883,95
6,0,0,5.218940112236457,3.074903374066893,13
6,1,0,6.780240422253168,2.79726510653601,21
6,2,0,6.677548262794883,3.119920401585045,19
6,3,0,11.76639069758147,13.75849696820876,27
6,4,0,6.583932347020998,2.157112641957921,23
6,5,0,14.67121332745904,5.315722827884966,51
6,6,0,14.12059022053714,4.917537487585841,52
6,7,0,13.14586582040818,4.3137872347749,57
6,8,0,14.56764390671712,5.13379204759458,58
6,9,0,17.56360723766972,5.181615833231129,79
6,10,0,16.12862509590846,5.872086630974166,68
6,11,0,17.60093973713356,4.754349006211194,79
6,12,0,14.45378519470754,3.49505719277184,70
6,13,0,14.23141074624483,3.130039294737698,76
6,14,0,14.44552613826594,3.286160740397596,77
6,15,0,12.79193645867148,2.620798098490056,74
6,16,0,17.55084829628931,4.646716572240975,103
6,17,0,17.81667004926042,5.879349136236289,100
6,18,0,17.55356407580613,3.273022392490998,111
6,19,0,13.82664464421931,2.467404258690448,95
6,20,0,14.01747609412726,2.206067683863661,104
6,21,0,13.72854879701181,2.085995907342585,102
6,22,0,18.41806301350297,8.280985241898621,114
6,23,0,12.66060303600045,2.005279102180305,91
6,24,0,13.53049321032603,1.940520171411835,107
6,25,0,14.96241731608218,2.18183777975247,115
6,26,0,11.01464689649563,1.640531833765215,88
6,27,0,13.27012470921276,1.846886320637956,109
6,28,0,14.4908899730314,1.79279445375682,125
6,29,0,12.07424491823805,1.552127869216798,105
7,0,0,5.313491215636208,2.416889178234903,16
7,1,0,6.466559164952768,2.783066591288694,20
7,2,0,6.715009769077545,2.35099692864971,23
7,3,0,8.507677981415689,4.574806525261247,26
7,4,0,10.31832350755981,5.105560208482747,35
7,5,0,12.42944819500729,4.182446316744754,47
7,6,0,9.174005310327798,2.634226492181869,39
7,7,0,14.4698126395296,6.352097331506084,50
7,8,0,15.08459043675946,5.591637350388399,54
7,9,0,16.22456271463724,4.807374529824308,72
7,10,0,13.80535094123168,4.71065125321636,59
7,11,0,16.78585733473257,5.541659331449791,74
7,12,0,13.97577636552682,3.851499623367275,68
7,13,0,17.32476620157426,5.478462698795129,84
7,14,0,14.13986753605378,3.114043265823965,79
7,15,0,16.50977397391824,6.164292940298838,83
7,16,0,16.8435810203355,3.414684438034349,100
7,17,0,20.41136483416593,4.62999389255138,119
7,18,0,21.98367029255211,32.85897645442918,108
7,19,0,18.71112648479738,3.579702491375486,118
7,20,0,13.39669413095127,2.161938121819474,94
7,21,0,16.30834274891352,2.747769889789838,113
7,22,0,13.52236975836182,2.759606549708665,93
7,23,0,12.67975110719507,1.875265504427904,97
7,24,0,14.211408534208,2.093984696545466,109
7,25,0,12.24453726210992,1.818397164465031,100
7,26,0,14.4812417288281,2.079210222181203,116
7,27,0,16.53066859734904,2.515319253120685,133
7,28,0,10.91736878832029,1.341560007239904,98
7,29,0,13.75172845266452,1.996261280340474,113
8,0,0,5.330496962952481,2.509473728400172,15
8,1,0,5.671505384312403,4.954511941293654,12
8,2,0,9.17078600157188,5.294914548344998,25
8,3,0,5.006945332299958,1.924990294018867,18
8,4,0,10.55014635456695,3.29462926607114,40
8,5,0,9.453668870768915,3.072099405730272,36
8,6,0,11.53472697948927,3.599721524407385,42
8,7,0,15.37862793782297,6.062432961396192,59
8,8,0,10.8589598472218,3.592559546431625,46
8,9,0,13.7461616013909,3.956836790622469,59
8,10,0,17.37554628845661,5.091384758506252,74
8,11,0,15.13415006496895,4.304480075760106,69
8,12,0,17.00586714744648,4.375150146310646,84
8,13,0,16.71030967158804,3.607643097044703,92
8,14,0,18.47527736563838,3.943306989745846,101
8,15,0,17.50711044745358,3.744173898205086,96
8,16,0,13.94295357597202,2.562489418334226,86
8,17,0,18.31071197208858,3.781110281455166,111
8,18,0,14.82328058478674,2.550541881542805,97
8,19,0,14.32143763908686,2.185040839420954,103
8,20,0,15.89683838469928,2.958547917064914,107
8,21,0,14.17258433961427,2.109011580518189,105
8,22,0,14.15410308131646,2.200915655408723,104
8,23,0,15.83966969993175,2.481041759965276,114
8,24,0,14.11158500681746,2.090852413995398,108
8,25,0,14.76325354596799,2.062598189937769,114
8,26,0,12.1380855362395,1.698568398553699,96
8,27,0,12.59781066648312,1.562355577651014,111
8,28,0,12.29246130174648,1.738224422397501,102
8,29,0,12.53987400164967,1.6156401009698,108
9,0,0,3.539504013989054,1.707780552058585,9
9,1,0,6.53264450059201,2.501690061358977,20
9,2,0,9.439198609931138,12.54902139169396,21
9,3,0,6.364284679448977,2.356946870748455,21
9,4,0,9.868798282383699,4.205692450948124,32
9,5,0,14.11282642149698,7.053999344766678,44
9,6,0,13.03721086981361,5.54758222339928,47
9,7,0,19.74005504050463,14.1398169322191,64
9,8,0,14.58030797843283,4.342064373512335,62
9,9,0,21.63476669396463,10.82712844261918,74
9,10,0,16.94394165976594,4.849914201760061,72
9,11,0,16.43868006360565,4.233655895590944,81
9,12,0,14.90308295790476,3.774458552853835,73
9,13,0,18.24468158338495,4.624346048377951,93
9,14,0,17.78960987644104,3.65284503035336,104
9,15,0,11.25242374020308,2.06117529557834,67
9,16,0,13.47942754961861,2.499980771333697,81
9,17,0,17.07123238257735,3.567430757385857,104
9,18,0,18.34408792121611,3.333788602187926,118
9,19,0,14.6100738738615,2.353399768663343,103
9,20,0,15.25522354332592,2.477526757946311,107
9,21,0,17.12485173870319,2.974584653547655,116
9,22,0,14.29943553721602,2.437053200407961,98
9,23,0,15.0879999310938,2.27768184577207,114
9,24,0,14.33483206357497,2.17088750165624,114
9,25,0,13.96801936027793,1.919603806325492,114
9,26,0,14.32203539875336,1.999318408546892,119
9,27,0,13.06596915637653,1.985713359131205,108
9,28,0,10.77437370025223,1.451459471538912,91
9,29,0,10.54743028925514,1.355569414206965,91
10,0,0,4.86000719111466,1.990406971657736,16
10,1,0,6.975719810401823,4.221409047253323,20
10,2,0,3.594201568292869,1.411015783789635,11
10,3,0,11.12988958742139,10.04150678495878,25
10,4,0,9.777190818626218,4.590133662467585,30
10,5,0,10.50184773875307,3.099497156264499,41
10,6,0,14.73275325629012,5.86032238932321,49
10,7,0,15.97395340564622,5.64792135499026,65
10,8,0,15.89583001713535,6.536892187782029,55
10,9,0,19.52469746509602,12.92697456711783,67
10,10,0,18.7502440224452,6.143603876587477,76
10,11,0,18.89266428688943,7.368458386101591,83
10,12,0,18.65347936644319,4.734674097157926,89
10,13,0,20.30883543773174,6.945917700910642,94
10,14,0,18.91119414853808,3.978471635516784,103
10,15,0,18.78069066999327,3.99442306869101,107
10,16,0,16.11686348638703,3.051789853561718,98
10,17,0,16.24218300750129,3.187795043929003,100
10,18,0,18.03899376088519,3.202181012186401,118
10,19,0,13.36339497535159,3.153615050011758,88
10,20,0,16.32768901187359,3.081761598681586,110
10,21,0,15.06815620901244,2.572435899399335,102
10,22,0,16.89875154615156,2.850154263684555,116
10,23,0,14.23276619238582,2.217500920983231,106
10,24,0,17.26269469863017,3.083265663234732,121
10,25,0,14.30267157089754,1.981617895070528,116
10,26,0,14.28108502501702,2.114839342733667,110
10,27,0,13.13814466899705,1.94930561822624,107
10,28,0,15.54763982808161,2.27682341851188,126
10,29,0,12.55034610751381,1.66948431842649,108
11,0,0,9.834467117136841,8.599923819183532,21
11,1,0,8.940660876552965,8.144609141724256,18
11,2,0,8.472918170743272,6.986737175885826,20
11,3,0,8.116332186342593,2.967305292678769,29
11,4,0,9.452283023959598,3.946582005529997,32
11,5,0,10.44392785717323,3.2496394269972,39
11,6,0,13.85084755850302,5.603338096662947,52
11,7,0,14.91776051581809,4.722935778208448,60
11,8,0,16.34088023117691,4.476514196422648,70
11,9,0,16.35453811547773,6.537987639708839,63
11,10,0,16.94624785974997,6.004529733246711,67
11,11,0,21.67752754946312,10.02015685736778,84
11,12,0,14.31237485817083,3.402295709003727,75
11,13,0,16.19444625493068,6.535944528088733,81
11,14,0,20.29065091936742,7.956413645002262,100
11,15,0,18.46677238637387,4.022644496220107,102
11,16,0,14.22983524537729,2.593795344107247,91
11,17,0,12.48941990993446,2.437530858515098,82
11,18,0,14.53210587599067,2.405943084361271,99
11,19,0,13.2598748195837,2.025735068499726,97
11,20,0,12.75486165784401,2.054462255193291,88
11,21,0,12.33447078878533,1.805658458152908,92
11,22,0,14.59306851294088,2.073208553568255,111
11,23,0,15.06767172865057,2.409836671793536,106
11,24,0,14.01250057723047,2.094624242161581,109
11,25,0,13.5183642829757,1.963782022943934,108
11,26,0,14.32766241908752,3.009313248167173,107
11,27,0,13.11349251107597,1.735938624934225,112
11,28,0,13.57246144590857,1.901622107096546,112
11,29,0,11.95537056684193,1.57621921212447,101
12,0,0,3.097868538320865,1.112274958449427,9
12,1,0,9.610843460440538,5.439902249417285,24
12,2,0,9.672555124540114,9.038284957687935,25
12,3,0,11.07687556153425,4.502228949024932,35
12,4,0,9.965963017457678,5.005812644289204,34
12,5,0,9.026026260748191,3.261919901143252,32
12,6,0,13.53963863589342,5.071357414338077,50
12,7,0,13.77408303128577,5.121117736157654,55
12,8,0,14.22334523965403,3.881542661058913,66
12,9,0,18.73131978327369,5.594313655171224,79
12,10,0,15.69425220217989,4.001399677714537,70
12,11,0,18.9063166479155,7.390408520684627,87
12,12,0,16.61011084484623,6.561040239170446,82
12,13,0,16.85387173796983,3.952525419593139,90
12,14,0,18.10444796436058,9.885925428958437,84
12,15,0,14.3993603035859,3.249119966311376,82
12,16,0,15.46987157820097,2.883099928511607,98
12,17,0,20.27658789766525,17.10782537098933,86
12,18,0,16.09109094657439,2.985334564504083,102
12,19,0,14.52068967210062,2.286850212805084,102
12,20,0,15.28064877470429,2.590627394620756,102
12,21,0,18.24152643894488,3.185808707050354,123
12,22,0,16.21500870604611,2.74297895253011,116
12,23,0,15.78630924571342,2.504424349130559,115
12,24,0,12.55006270384818,1.889765275429801,95
12,25,0,13.8544778386714,1.990195078279745,113
12,26,0,29.4678001847928,294.9605566598708,97
12,27,0,12.91435886448532,1.846035385434165,103
12,28,0,13.00337608581212,1.755808469454681,109
12,29,0,14.06144160584895,2.932537711335168,107
13,0,0,5.445924300056499,2.824262405495386,13
13,1,0,5.473303621925432,2.20740060580688,18
13,2,0,7.548101160027377,2.668914837255768,26
13,3,0,12.19436584390727,7.576623995035354,36
13,4,0,11.38649326699942,4.414706976952804,39
13,5,0,12.74577843041901,4.681907768518141,43
13,6,0,16.0295431813454,7.015528355604589,54
13,7,0,12.10249286898469,3.391558792885296,55
13,8,0,18.93918035709735,6.942064625493805,80
13,9,0,15.79165229146526,5.701164778998759,70
13,10,0,14.47457507232331,3.759795815420195,70
13,11,0,15.4463109310172,5.850796585845719,74
13,12,0,18.25281064786218,6.320064475340347,86
13,13,0,16.9512600149508,5.256067431509449,85
13,14,0,19.3699296362937,5.975329868286112,103
13,15,0,17.7953760361815,4.355116864375458,97
13,16,0,14.46450475488273,2.635741384021474,91
13,17,0,19.05749343181226,3.739525493073167,116
13,18,0,14.95114027532108,2.378486157138053,106
13,19,0,17.8274833255654,7.11326498924935,101
13,20,0,13.55146106258366,2.076223620674932,99
13,21,0,15.25957677273014,2.278235267609496,113
13,22,0,15.78221299984058,2.540670727829426,116
13,23,0,15.85011136404186,3.33941707130854,109
13,24,0,13.37785488691485,1.725680560063283,112
13,25,0,13.78580687570954,2.049429723362403,105
13,26,0,16.31979400519411,6.485649770296914,116
13,27,0,10.72668370946564,1.648142749845064,83
13,28,0,12.81418214148283,1.768712650795916,110
13,29,0,9.405003799365202,1.154760838758006,83
14,0,0,8.393936834601551,4.078337354768624,23
14,1,0,6.79492350200357,5.668790932993495,17
14,2,0,7.448062819342278,11.83408336422766,17
14,3,0,7.348104190680761,2.503305360540136,26
14,4,0,7.525187869369859,2.992243135789495,26
14,5,0,11.84863713776627,11.46055706436547,34
14,6,0,13.27578018314017,3.623047532299917,55
14,7,0,13.53498742661683,5.0643886111997,51
14,8,0,19.83830892815443,18.64267699511171,61
14,9,0,16.56042492488349,4.721075760352602,73
14,10,0,16.63548990746428,8.576627964783482,69
14,11,0,18.04116418898654,5.770305090970829,81
14,12,0,18.83318118054651,6.26348877739504,90
14,13,0,17.7161230138503,4.536630762954054,85
14,14,0,17.45893553543327,3.484200098885398,102
14,15,0,19.6241970339531,4.665972599154571,103
14,16,0,19.16679404978596,4.034318050122432,107
14,17,0,13.31244306490829,2.185840936074228,89
14,18,0,13.77961705587776,2.738191679899354,85
14,19,0,16.6472376858794,3.034493135855858,109
14,20,0,17.37511047064309,2.879684990530444,119
14,21,0,13.73348953790509,2.208975924252021,97
14,22,0,13.076821463426,2.022514083447983,96
14,23,0,15.48043186622439,2.259598409971971,119
14,24,0,14.04276298712365,2.133161094322169,113
14,25,0,13.60449371412506,2.075949699458098,106
14,26,0,13.84836816939411,1.79020166010319,118
14,27,0,12.97848773082913,1.919050427574291,103
14,28,0,11.64950490011608,1.46797635558212,103
14,29,0,12.29411043011239,1.769770934885363,98
15,0,0,9.865467729808538,14.41572055131846,20
15,1,0,8.155689989027834,4.170492756641107,22
15,2,0,7.208245015497918,3.203571359926547,21
15,3,0,8.669993808249185,3.321081788501357,34
15,4,0,13.63695729735753,7.324027683724964,42
15,5,0,16.44134215305884,6.462895353068455,55
15,6,0,11.98023156454178,5.038409132304496,41
15,7,0,14.32771261558423,4.390771622146335,58
15,8,0,17.21721992585975,5.192397165052938,72
15,9,0,15.07550818061515,4.345672823268681,68
15,10,0,14.52777345820485,3.934317324252744,67
15,11,0,18.0700733567285,4.860162449993859,87
15,12,0,16.48906910433055,4.125246659562154,83
15,13,0,19.12959454432817,4.513437406126117,96
15,14,0,21.00324548697371,6.468074058593456,104
15,15,0,16.25506893673112,3.631814675752086,96
15,16,0,16.08598114483455,3.142694633783429,106
15,17,0,13.91871383719016,2.235907121130242,95
15,18,0,19.27132219624978,3.503916444400268,124
15,19,0,15.82329940693468,2.891909258978691,103
15,20,0,13.3969453156851,2.27354011528483,91
15,21,0,15.17379110960749,2.595751396451091,103
15,22,0,12.81827907769273,2.004823966229131,95
15,23,0,15.18178179410317,2.432982513896178,109
15,24,0,15.65905890907625,2.618466518116258,117
15,25,0,13.68020470767874,1.879899568979264,109
15,26,0,13.1494110073464,2.039488898328761,103
15,27,0,13.31033587977949,1.789437270244396,112
15,28,0,12.44820113931305,1.798558113997664,101
15,29,0,11.72428065895521,1.7390887086606,98
16,0,0,5.596271841907625,5.126434941921539,14
16,1,0,7.838012429410203,3.377117846222275,24
16,2,0,11.6457002812607,9.176200378783266,28
16,3,0,11.16833103600793,12.06755585884113,30
16,4,0,12.97973752438968,5.164342101778501,43
16,5,0,10.30795979444937,5.525758408586101,31
16,6,0,13.99097954961796,5.761093883085295,53
16,7,0,15.89223437513696,5.479110402317339,59
16,8,0,13.23387110263968,3.642778018407299,58
16,9,0,15.20672649360486,3.910822685563089,68
16,10,0,17.08662260889248,4.58692384781878,80
16,11,0,18.7699762689115,5.735471932311105,83
16,12,0,18.15360296293158,5.004280506267697,89
16,13,0,19.01607842441936,8.209738684305979,86
16,14,0,15.50237834358719,3.689773300504722,84
16,15,0,16.13974834152381,3.181617882570069,99
16,16,0,18.88693063052507,3.762698982247014,112
16,17,0,16.25187349388082,3.063822006352025,97
16,18,0,14.97624996942167,2.638019806215937,94
16,19,0,15.46268139209094,2.678286987312884,105
16,20,0,20.78878893415941,28.34915646036173,111
16,21,0,17.46200958234509,2.844089797732172,123
16,22,0,13.20701931037496,1.886343105689018,100
16,23,0,13.37380081365744,2.116391894902086,100
16,24,0,14.00634214642905,1.980921823632069,109
16,25,0,13.31779359011206,1.904921176309051,106
16,26,0,13.91565050464682,1.972092659179498,111
16,27,0,12.59841256279859,1.725571209000433,100
16,28,0,12.02233032330535,1.424476064720806,108
16,29,0,12.29042641162504,1.669618695247822,101
17,0,0,3.202672167877433,1.213722042138158,12
17,1,0,5.216913847684435,2.866636362587613,15
17,2,0,8.872359359523333,8.159199715473159,26
17,3,0,10.92095101724605,5.192540460849401,33
17,4,0,11.52661148208909,3.837319333274301,39
17,5,0,8.110618877755874,2.987339368926448,29
17,6,0,11.49571463454186,4.946874314787466,42
17,7,0,18.29008787210405,6.497708775918897,73
17,8,0,15.34693269632344,5.269275021182071,59
17,9,0,16.86582975153854,5.188125926278934,70
17,10,0,20.74493557471557,6.889010346488904,88
17,11,0,20.21593008848668,6.696390041178988,89
17,12,0,18.9148572098216,7.163863328844773,87
17,13,0,19.47893839787275,5.117860915151346,94
17,14,0,19.19251066264805,9.794662485747073,86
17,15,0,16.32739248596146,3.003741299841771,99
17,16,0,17.06729328444363,3.359042490066933,102
17,17,0,15.10204890524776,2.736849226463321,93
17,18,0,14.19087308535684,2.421224545135459,98
17,19,0,15.64733706624478,3.552767503199669,97
17,20,0,14.7313641205743,2.565164654402381,98
17,21,0,11.04501842894624,1.694357680486886,82
17,22,0,14.69721138487884,2.568287159311246,102
17,23,0,13.74196181615969,2.346020754111376,101
17,24,0,12.95369530483335,1.855415480096434,103
17,25,0,17.42371740598792,2.601823952358431,135
17,26,0,13.77672788410525,2.100297658083508,107
17,27,0,13.4457158799353,1.826678818878746,114
17,28,0,14.72576266202195,2.153327917017082,117
17,29,0,11.77918629153054,1.827172667561651,97
18,0,0,2.018542874358953,0.5476725216084423,8
18,1,0,6.894328023323613,3.708559155529608,17
18,2,0,6.770510091491321,2.775047420221035,20
18,3,0,9.180773814135524,10.54336647930698,23
18,4,0,20.43771933138485,18.79962327461399,48
18,5,0,13.82977392326601,10.13516928159475,41
18,6,0,14.5306121990979,5.27004489691922,53
18,7,0,15.24173458192307,11.68551341563298,46
18,8,0,15.86816261124328,6.075783083175412,63
18,9,0,15.36745860948584,4.820346356824832,63
18,10,0,17.91122045632408,7.249724786602354,77
18,11,0,22.58798864814723,15.05073515486493,90
18,12,0,17.56533045677634,10.8522078917206,78
18,13,0,19.46156674124835,5.998534803750494,93
18,14,0,19.4587049912996,9.962771287912453,98
18,15,0,11.54143463914083,2.129502911956927,71
18,16,0,13.42583335658623,2.658549422558024,77
18,17,0,16.71773044790175,3.201519469701509,99
18,18,0,15.08299183604856,2.655856003366287,97
18,19,0,16.61936371103929,3.296342937550882,104
18,20,0,13.97419962374891,2.233806528621878,100
18,21,0,14.54145112662024,2.305130945132006,102
18,22,0,15.34155697893375,2.321699747891238,112
18,23,0,17.76393873151318,3.022596310618033,133
18,24,0,13.14967540638651,1.749430534662959,110
18,25,0,11.28114671648887,1.409813666736232,96
18,26,0,13.72782962853036,1.908723652448226,114
18,27,0,14.83984605302408,2.245088160344389,117
18,28,0,12.96394606303158,1.799132382233619,110
18,29,0,12.79544612277983,1.77462112730166,106
19,0,0,8.365379195796404,12.54937702392473,12
19,1,0,5.95171831275267,3.66106091166321,17
19,2,0,8.258936316238616,4.548912144699048,23
19,3,0,11.95742351002256,7.821542124829737,29
19,4,0,13.99008594937548,11.78745109288181,36
19,5,0,16.95702147260566,12.86290775783392,50
19,6,0,15.92619129481173,9.362177330945627,47
19,7,0,11.8276977508589,3.54412661445992,51
19,8,0,13.1517266510142,5.504387998040482,47
19,9,0,19.50149150421866,7.037647460212815,73
19,10,0,19.55097080844892,5.571869408684049,85
19,11,0,19.57961437873342,9.145313914308076,85
19,12,0,19.06357952877462,7.905390747112739,89
19,13,0,18.33621402440108,4.472065853041364,94
19,14,0,17.67286138483813,3.901808603199135,97
19,15,0,15.90676189305181,3.263961637729534,88
19,16,0,19.39158924330885,6.779246538570296,107
19,17,0,18.64801010907883,3.739676121292769,118
19,18,0,13.81839636730583,3.100101523258204,83
19,19,0,14.71725572220069,2.479509048245755,102
19,20,0,16.07130762359278,2.589931728277854,113
19,21,0,10.64561617130943,1.981465722963115,72
19,22,0,14.42986091660282,2.761635648117614,105
19,23,0,14.47975138992559,2.419787371153034,110
19,24,0,14.19893208255715,1.907247304850707,117
19,25,0,13.48674200841461,1.939990204820277,109
19,26,0,14.63745422114845,2.0142485907697,121
19,27,0,14.81326879973461,2.056112897559117,121
19,28,0,11.27774174171469,1.426915686132858,100
19,29,0,13.44624783138621,3.652517770862935,103
20,0,0,2.75134656980895,1.051346541298529,14
20,1,0,3.751116066502356,1.105663413294317,16
20,2,0,6.461125261734632,2.066268277570793,24
20,3,0,5.345428639167753,1.889102410957833,18
20,4,0,11.06717251042067,7.508127671210316,31
20,5,0,16.82257098481817,10.32088862266398,43
20,6,0,15.56491061832084,6.76731262697592,49
20,7,0,10.44559970697692,3.656399150533419,35
20,8,0,19.76229394162323,12.13839995500537,68
20,9,0,17.84082363227299,6.455418187389678,70
20,10,0,18.49949670060485,6.658499673934329,77
20,11,0,15.27666857959775,3.859709695919304,74
20,12,0,14.83133552503,5.772315853857525,71
20,13,0,21.0318207298134,7.169855762592094,96
20,14,0,16.20758892679688,3.894141650065897,88
20,15,0,15.19591723831489,2.926113296682239,92
20,16,0,16.07790239585855,3.264550530431768,96
20,17,0,12.5597571046992,2.126874247311799,83
20,18,0,15.0370293409353,2.586918079718532,101
20,19,0,13.61399840075929,2.205100787290039,96
20,20,0,15.47368247108526,2.271622623011914,114
20,21,0,14.67096832985056,2.148030026841353,112
20,22,0,16.17380576307667,2.412474196396557,123
20,23,0,15.13894812590168,2.149988155453693,116
20,24,0,13.46995129716447,2.366338757129047,102
20,25,0,13.72598169091406,1.887913563427148,112
20,26,0,12.33398213936101,1.761808882614972,101
20,27,0,12.43127306158985,1.627922140755472,105
20,28,0,14.2537784520802,1.970475310730623,121
20,29,0,12.59088203563903,1.752208783215851,104
21,0,0,4.64453990321267,1.644336716012776,16
21,1,0,6.181111044094574,5.275774056086097,13
21,2,0,6.288048789414256,2.190703251395343,21
21,3,0,8.075169729904966,4.289389602119487,25
21,4,0,8.294018610519435,3.7783676360125,25
21,5,0,11.3778091183469,5.300735977352746,44
21,6,0,10.62656971474601,3.800822161289308,36
21,7,0,14.11784616303115,4.551174079705772,55
21,8,0,18.4479149483826,5.719765471017544,76
21,9,0,26.00771262256024,28.7634355805061,75
21,10,0,13.78990278380201,3.835445549736032,63
21,11,0,18.34169888333866,4.458136738886328,90
21,12,0,14.13482098603445,4.503820309997638,67
21,13,0,15.31170662323634,4.265321424009277,70
21,14,0,19.18493001267313,5.361978049062333,98
21,15,0,17.39389836766493,4.537420954274412,94
21,16,0,19.86110995087975,3.995402350117844,117
21,17,0,14.95050594277871,2.711655082818393,93
21,18,0,15.81236267831747,6.356436005058086,99
21,19,0,16.48634467297799,2.659977716971118,115
21,20,0,15.826224846736,3.930261167726097,102
21,21,0,14.03450982390211,2.288191557264692,99
21,22,0,10.83442399776224,2.113439518348295,76
21,23,0,11.66346919913915,1.753151287214608,92
21,24,0,14.54675067044237,2.068770002695075,115
21,25,0,12.86752868725447,1.632632897018383,112
21,26,0,35.39943740594562,493.0369568332715,103
21,27,0,14.9726807235705,2.21252361959121,121
21,28,0,13.84282813725305,2.631000311190467,106
21,29,0,9.617069380745836,1.236365391307816,84
22,0,0,7.687125908722263,6.944782524344333,19
22,1,0,4.615646786250684,1.470831528152688,18
22,2,0,12.74409683050798,18.46252783806569,21
22,3,0,8.201750823577866,3.031159339855258,25
22,4,0,9.123438540466024,3.046932655124017,35
22,5,0,12.94690579105172,5.960261789581964,46
22,6,0,7.545001705860709,3.44280585030817,24
22,7,0,11.99040329989313,4.255400739535792,44
22,8,0,15.04762005196353,5.153864159203033,58
22,9,0,17.53786507041803,6.567231502946006,68
22,10,0,16.11733515879607,4.748464230495153,72
22,11,0,18.34945819712779,5.434074835678565,82
22,12,0,17.03904838087775,4.404544987540594,82
22,13,0,17.80162497151434,5.221263152284596,90
22,14,0,17.72111751943729,5.425588661743896,94
22,15,0,15.9222911061324,2.911829113588659,100
22,16,0,12.94490250110974,2.416163894424515,82
22,17,0,15.218235263843,2.644449607587354,99
22,18,0,16.79202928018732,3.055223737484196,107
22,19,0,16.53489599024461,2.939831232592882,105
22,20,0,17.08999252448345,26.29006278985305,88
22,21,0,19.79431371541762,32.49813353481454,105
22,22,0,13.41210061098885,1.951779633893898,102
22,23,0,11.96312200737195,1.704258314296558,92
22,24,0,15.59835252548686,2.444269382594992,119
22,25,0,12.9978619797043,1.795693860922253,107
22,26,0,14.33421672887456,1.945639237481774,118
22,27,0,13.46332414325831,1.774335232993173,115
22,28,0,13.90588129243185,2.05656725733656,112
22,29,0,10.90963356418427,1.316165648741973,98
23,0,0,4.337125643412767,1.92656305722813,14
23,1,0,5.626885994994676,3.335598772407937,12
23,2,0,5.529687037287319,1.803626601051081,19
23,3,0,9.046939747790649,4.62509781765935,23
23,4,0,8.568024826889186,4.45432232567649,27
23,5,0,11.1289805571265,4.929055487605442,35
23,6,0,11.75936483051161,4.295519313323715,42
23,7,0,12.76947313994541,3.823091681382939,52
23,8,0,14.38590479813995,4.721354397844927,62
23,9,0,13.20597080430217,3.660596433401916,57
23,10,0,16.71684166351918,5.731822969814655,73
23,11,0,17.4390756531798,8.559039446008462,76
23,12,0,16.94430366469652,5.268223068897313,79
23,13,0,16.83117420839777,4.51045272652821,84
23,14,0,18.60030043128691,6.248688979572588,89
23,15,0,17.20570010527937,5.001886945695244,92
23,16,0,17.68153750553547,5.919779907357246,97
23,17,0,11.97998684568348,2.020889847669135,79
23,18,0,14.11496573925822,2.406313540473089,92
23,19,0,13.4947335010313,2.182318260796889,92
23,20,0,14.81030679016875,4.6495451365228,91
23,21,0,16.63431430541347,2.930800987858257,112
23,22,0,14.07220130722035,2.231218110097358,104
23,23,0,12.97989289944413,1.863700010221857,101
23,24,0,13.56038123789676,1.946250065990097,109
23,25,0,12.10716998781159,1.684038717886602,100
23,26,0,13.3597712073687,1.83385796557145,110
23,27,0,13.38437992713438,1.959819031137945,104
23,28,0,11.39408063923405,1.475319269377497,97
23,29,0,13.38549838433212,1.942385369069323,106
24,0,0,2.767301120223918,1.210251402169818,7
24,1,0,5.094456904813427,2.732282179919525,17
24,2,0,6.788930118186896,3.199529326108198,20
24,3,0,7.810974199717617,3.389672435902459,26
24,4,0,8.496569322811728,3.941832233918515,29
24,5,0,7.629496576323369,2.248634832120432,31
24,6,0,10.81901022760857,3.715117042083087,39
24,7,0,11.52005488474826,3.582622895432631,44
24,8,0,10.39935940434392,2.963006103217213,44
24,9,0,13.30241739630541,4.021522619125263,56
24,10,0,15.56758401331666,4.474288947533095,66
24,11,0,13.96589114533176,3.152456598881826,73
24,12,0,11.24884818717543,2.613296281274289,56
24,13,0,23.04850714709497,9.397133195526907,98
24,14,0,14.28955158631074,3.489731061560862,78
24,15,0,16.00364428679995,3.240809385120262,94
24,16,0,13.49533127597963,2.753501752854584,80
24,17,0,14.14119466268278,2.601192931963703,88
24,18,0,15.20357956674453,3.211768871701522,95
24,19,0,14.8849241397284,2.540925568399873,103
24,20,0,16.6738724571265,12.95025044570049,98
24,21,0,10.87276861893999,1.697151484308673,81
24,22,0,13.71165633643459,2.244400228322704,99
24,23,0,11.68205190469455,1.691538516879314,91
24,24,0,15.87905931778576,2.443543075014576,118
24,25,0,13.85876279417777,2.074466088142799,106
24,26,0,11.71787950766668,1.651135955820978,96
24,27,0,14.41411599263259,2.172095808453118,116
24,28,0,13.64728676715716,1.782628817101823,117
24,29,0,12.28710974592773,1.573942090807615,108
25,0,0,4.609258357024182,3.055434782678818,12
25,1,0,4.07017590151757,1.431010015433789,14
25,2,0,8.473739571141957,5.019730115074308,21
25,3,0,7.692100402577661,5.463071929534975,23
25,4,0,8.696915973753336,5.976639582174462,25
25,5,0,8.944693067021303,3.268487931261824,32
25,6,0,10.66096846669234,3.566326914857703,41
25,7,0,11.18300274997618,3.293116178033088,46
25,8,0,11.70474288161951,4.164974831181683,45
25,9,0,14.9653005468605,5.161026580814601,58
25,10,0,12.52806660371852,5.434171218647863,52
25,11,0,17.01451222960944,7.367705188812202,69
25,12,0,13.52450553163179,3.746149390880083,66
25,13,0,16.74341848322993,4.034631479976303,87
25,14,0,15.66819812413791,3.761604055967882,82
25,15,0,15.1639322435301,6.483127284816553,72
25,16,0,13.1178822424016,2.431180924168467,80
25,17,0,18.25359322016821,6.679170807293093,97
25,18,0,9.919637408906622,1.848804517396049,64
25,19,0,12.31360901906387,2.076080772735112,83
25,20,0,11.53854427127547,1.755437336013933,86
25,21,0,20.34144122932376,14.35438259963103,120
25,22,0,11.61617880952775,1.722570532337647,88
25,23,0,12.82213176420535,2.235071336836312,89
25,24,0,14.72718786899355,2.259578840221791,116
25,25,0,13.10529755779782,1.892354842861782,104
25,26,0,11.63125778511974,1.687499956900782,95
25,27,0,13.02596019307645,1.893011326575158,105
25,28,0,11.87300178281263,1.50652233559736,102
25,29,0,10.54559600339506,1.269945501825492,95
26,0,0,5.304803635319157,2.73520330587167,14
26,1,0,4.816701198359924,1.873260079162703,16
26,2,0,4.853964339691657,1.598142628368241,19
26,3,0,4.47303975982148,1.578762961091765,17
26,4,0,8.228564239377528,3.552366153638389,31
26,5,0,9.33862422755181,3.138401799221702,35
26,6,0,8.153035225580959,2.536103382030282,34
26,7,0,12.4433152026049,5.085838060451173,45
26,8,0,10.10949259188075,2.648816217874256,46
26,9,0,11.06746726664102,3.02087603733284,47
26,10,0,14.84919427536406,5.020642329698735,62
26,11,0,12.1229771815466,2.859258402134653,61
26,12,0,10.9541846382553,2.482298591315932,60
26,13,0,13.81027187237378,3.854312076650213,66
26,14,0,16.38198619752492,5.190297933048797,80
26,15,0,14.39757040661425,5.172031130645319,72
26,16,0,16.07406687682538,8.947151465597651,83
26,17,0,13.1636536827408,2.380889729113963,81
26,18,0,10.67241951676174,1.866749990405969,73
26,19,0,10.71691472129199,1.938388617990002,70
26,20,0,9.329270793714333,1.560470943757123,66
26,21,0,13.2276609513541,1.934605144534115,99
26,22,0,12.27959112656002,1.756419163853273,95
26,23,0,11.74626057248394,1.711032648029191,93
26,24,0,11.95823672898041,1.82166681516423,90
26,25,0,11.57927809389012,1.550122602616698,94
26,26,0,14.36295025174041,3.068258228811736,107
26,27,0,13.62990112646582,2.274641693423563,99
26,28,0,11.01053190397264,1.598092711026746,91
26,29,0,12.91422419405139,1.875286100846881,108
27,0,0,4.758480933630151,5.023437356562463,13
27,1,0,3.850150952672677,1.161652822435683,14
27,2,0,2.041290135605257,0.6210222460600374,7
27,3,0,6.056631541243672,2.63100618687629,20
27,4,0,6.728462472939971,2.73882993748549,21
27,5,0,6.703419766587999,2.16516681360236,27
27,6,0,11.00261747321693,5.234414346210754,36
27,7,0,9.092089859016621,3.421677042940347,33
27,8,0,14.02999084865744,5.852503218969791,54
27,9,0,11.56806006491513,3.537585316374139,46
27,10,0,14.21243819413778,5.423930806471741,56
27,11,0,13.07127288255653,11.74958601633112,47
27,12,0,12.29780937969526,3.09050683425778,61
27,13,0,16.47476371972832,4.718108377283459,75
27,14,0,13.66059262066045,2.869204667833478,75
27,15,0,13.42064402991084,2.665796908466399,78
27,16,0,11.71577969648603,2.143125561503994,71
27,17,0,12.13583126552154,3.527552643087055,67
27,18,0,11.18215809387264,2.247807115909426,68
27,19,0,11.0234670643238,1.628805220228333,81
27,20,0,9.637066205154573,1.516538829140966,68
27,21,0,9.944555870481496,1.484536478904231,75
27,22,0,9.051718711531864,1.363681152386515,69
27,23,0,9.445905721220415,1.37844834079574,73
27,24,0,14.61117892164017,5.437673822065229,99
27,25,0,11.82809035180216,1.830275429665308,90
27,26,0,10.66420118449997,1.449382164407184,91
27,27,0,9.709827457198616,1.309089601440096,82
27,28,0,9.945444648177045,1.408685710803032,80
27,29,0,11.70476084342809,1.641731925995235,97
28,0,0,2.698868421075485,0.8880496058089203,9
28,1,0,3.747872904539181,1.812580877767945,14
28,2,0,5.102629609112544,2.874603110895544,14
28,3,0,7.786112149446783,4.990836674369702,24
28,4,0,7.775007301101292,3.074288889747998,25
28,5,0,7.204970185200492,2.336029592989302,26
28,6,0,10.46463593458721,4.101479100304084,37
28,7,0,8.702404753515045,3.18931968732013,31
28,8,0,8.521554224626378,2.890307534390203,35
28,9,0,9.803759700168364,2.835308044152244,42
28,10,0,8.491163543291231,1.918040766184271,43
28,11,0,11.42522260703234,2.875822251844806,56
28,12,0,12.83599181136863,5.312358843424903,61
28,13,0,10.63345103928019,2.2042246183607,56
28,14,0,10.19035325936725,3.004029332149079,51
28,15,0,11.49195477648172,2.622661716542642,61
28,16,0,10.18784625139349,1.740744839133971,67
28,17,0,10.49027019140132,2.172625301710994,64
28,18,0,9.785696634700706,2.32818604449431,57
28,19,0,9.30024312069761,1.57576005123198,64
28,20,0,10.48667750372468,1.815324678223672,74
28,21,0,10.93704899170995,1.964653902130093,74
28,22,0,8.251775512972214,1.289197399421692,61
28,23,0,9.841308275884929,1.511132594654049,74
28,24,0,10.99245650421339,1.739450878568941,82
28,25,0,10.83626298526708,1.58564092191824,84
28,26,0,10.10821487956523,1.369864544403165,83
28,27,0,11.71141184615246,1.76259526408161,95
28,28,0,7.017388208515694,0.8703178222474551,62
28,29,0,11.08460916623078,1.568439956942178,90
29,0,0,1.687159253438365,0.7848924468222055,5
29,1,0,3.768221631365193,1.608734581009721,11
29,2,0,4.682089444166485,5.457224236014067,11
29,3,0,3.26398951994851,1.089299053558742,13
29,4,0,6.752014888682006,3.155928470552613,21
29,5,0,8.575206123349506,5.722973171983416,24
29,6,0,6.201534702825444,2.371694189430105,22
29,7,0,8.585278348135549,2.536710681774922,35
29,8,0,8.821400127976347,2.655132502197737,36
29,9,0,9.224558733643741,2.754579057501958,40
29,10,0,8.808337934131151,2.629876868928727,37
29,11,0,9.703268061087014,2.31793445337877,47
29,12,0,6.824102233859112,1.260521429370791,43
29,13,0,9.430097420592592,2.754618914331115,43
29,14,0,7.481807382995349,1.431439694007485,44
29,15,0,10.45655542162564,2.39940900223401,56
29,16,0,9.708742485922441,2.458707052605846,52
29,17,0,7.538518591129095,1.325300406441814,48
29,18,0,8.099606170875949,1.408869310800128,53
29,19,0,8.167370232673337,1.537751923810878,52
29,20,0,7.124699693903537,1.18967857266886,48
29,21,0,6.922755503667127,1.199635171181112,51
29,22,0,9.648680210592437,1.494798019160884,70
29,23,0,9.327437175672681,1.537039889103447,67
29,24,0,7.732181936371778,1.090115721134733,62
29,25,0,10.16836228722966,1.560496970339176,81
29,26,0,7.770003207527498,1.089861038810963,63
29,27,0,9.406452298782762,1.344386061016685,77
29,28,0,9.574326639034537,1.304992611325636,77
29,29,0,7.428589430250683,0.8717031419436477,68
