# mesh name: boxMesh_1
# primitive scorer name: doseScorer
# iX, iY, iZ, total(value) [MeV], total(val^2), entry
0,0,0,4.133596630605956,1.653373433440054,15
0,1,0,5.002314636140961,1.893009866913557,15
0,2,0,4.67430353235517,1.525545473029214,21
0,3,0,6.889198531479956,4.274994679882766,23
0,4,0,7.912525208361524,4.444673055487318,25
0,5,0,11.20887467435507,4.697073348439719,36
0,6,0,8.192072799087667,2.54487010540415,36
0,7,0,9.565896317215442,4.249693180838905,34
0,8,0,7.892922933025877,1.88180837943597,37
0,9,0,10.20496224921608,3.644630175526976,43
0,10,0,11.62472323046684,2.954506673526336,58
0,11,0,13.1294999971831,5.352337536695257,60
0,12,0,9.128134523673269,1.928230741284593,50
0,13,0,8.53243186335621,1.510783413751658,55
0,14,0,8.388534819367234,1.686905039665423,47
0,15,0,6.956954861570834,1.022502873436471,51
0,16,0,7.876849744790583,1.44999696953689,49
0,17,0,9.051916755080462,1.54917606501433,60
0,18,0,8.698936338378308,1.378374422492955,60
0,19,0,6.419541909598157,0.9325895207751345,47
0,20,0,8.588024441266057,1.223359573251854,68
0,21,0,7.552005974270807,1.150205607122016,56
0,22,0,8.179653431186773,1.133445129505596,63
0,23,0,8.306502610477729,1.196958812544562,62
0,24,0,7.752692866851048,1.085556908970916,61
0,25,0,8.796237576279717,1.283547840466639,71
0,26,0,7.931088396385103,1.111894376663958,62
0,27,0,10.23415181551412,1.529575582386164,80
0,28,0,11.44956122110243,9.897844578811561,77
0,29,0,6.985371848318366,0.9382410381252826,59
1,0,0,6.135053955175147,2.090028803486329,20
1,1,0,4.186663502095898,1.82435907262046,12
1,2,0,5.110409188923549,3.05853625197434,15
1,3,0,14.86386807614113,10.19320499984819,40
1,4,0,10.53906620684391,4.046560117950483,37
1,5,0,9.473966000317656,4.083846567037975,31
1,6,0,13.61417879622476,18.3522169286504,34
1,7,0,8.999843963446764,2.403912317001686,40
1,8,0,13.5263494431708,6.034304653165757,52
1,9,0,9.376761302508895,2.346719550580691,45
1,10,0,10.57753584139954,2.793856853927777,53
1,11,0,11.62204383816268,2.797387069117397,57
1,12,0,9.678101450728473,2.140810346759437,51
1,13,0,7.984545247868323,1.465026937959558,49
1,14,0,10.96160039626691,1.845116378369661,71
1,15,0,10.0726935195896,1.816633446529652,63
1,16,0,12.13025280553328,1.906780403852752,82
1,17,0,9.685592584184608,1.518102234489354,67
1,18,0,12.49435365511113,2.123922485267908,82
1,19,0,7.697323783780589,1.168784576470246,57
1,20,0,7.801713906882214,1.25762801658898,55
1,21,0,9.963616275858852,1.496391490376679,77
1,22,0,9.231184570250429,1.259240677494808,76
1,23,0,9.510955406820825,1.505809094721458,73
1,24,0,10.40133456913998,1.349280393238509,86
1,25,0,9.762438669439424,1.357320028158349,79
1,26,0,12.01179998513396,1.557760457785379,100
1,27,0,11.19965981172877,1.637225897774284,93
1,28,0,11.81822547955002,1.581244187332464,99
1,29,0,9.23602130890143,1.194462823711252,80
2,0,0,5.630697364678679,3.753540622662065,16
2,1,0,6.641270752497715,2.531167055586148,21
2,2,0,7.653472905136962,2.479473502731472,29
2,3,0,6.547894502654143,2.199465153466438,28
2,4,0,12.37127297416385,5.221483585567896,41
2,5,0,9.693983554011913,3.762189802738639,37
2,6,0,10.9180280837215,3.310630225001244,43
2,7,0,12.1941092624972,4.072440262445228,49
2,8,0,11.68768163272853,3.849327936758386,50
2,9,0,11.75882546171387,2.848092252479818,59
2,10,0,11.8133356061689,3.218239208226169,61
2,11,0,9.665690920949588,2.162523665802804,50
2,12,0,12.09731660185702,2.857806112330035,66
2,13,0,12.03687371081821,2.854073225227642,69
2,14,0,12.68512773073846,2.24718383845757,77
2,15,0,8.962031397723994,4.004641573322186,53
2,16,0,11.11470487537679,2.247392325470837,69
2,17,0,15.17464411128606,2.778341066371048,96
2,18,0,11.87741738709802,2.052815443954093,78
2,19,0,14.76873997683096,2.965509876575938,97
2,20,0,12.56191793209203,1.86801426331036,94
2,21,0,11.14950178569087,1.769289961913086,82
2,22,0,9.42572092355627,1.358125090713252,74
2,23,0,13.20180376530422,2.124682820977038,98
2,24,0,11.62009843863797,1.602276031448883,92
2,25,0,11.18846414267549,1.56810247052028,90
2,26,0,8.630524041483314,1.217099583736478,74
2,27,0,11.9187851250946,1.7919084800937,95
2,28,0,10.30183309433364,1.257031000056671,93
2,29,0,11.93770189364448,1.658099324625216,98
3,0,0,4.862809010183995,1.833293312451127,17
3,1,0,8.635385991017159,3.397845530128489,28
3,2,0,12.14637013522646,13.40324198420876,24
3,3,0,9.10304620045671,5.116460431137858,25
3,4,0,13.54938837525508,7.259153579843677,40
3,5,0,12.93217517389039,4.094325317417553,51
3,6,0,11.16342929111376,4.045756949298518,45
3,7,0,10.10220926202266,3.589505277240342,44
3,8,0,11.1317334265659,2.875151226548,53
3,9,0,14.20825981805458,3.744843164105517,66
3,10,0,15.03491453088399,3.959045575313489,72
3,11,0,10.69573168736409,2.169503376223907,61
3,12,0,10.75340046536784,2.139148181146268,61
3,13,0,13.76123839408327,2.822564218559696,75
3,14,0,14.63555747498718,2.920986294939467,84
3,15,0,13.13597787952749,3.546429399027186,73
3,16,0,11.97629016296777,2.17263343221345,77
3,17,0,11.45920456347158,1.994201144444359,76
3,18,0,10.40208223176517,1.678471407842007,73
3,19,0,12.33952859890212,2.093770933535691,82
3,20,0,13.77115665783346,2.32246599263991,98
3,21,0,12.30103740255598,1.904712246552912,89
3,22,0,10.87760373283541,1.5950529566045,83
3,23,0,12.40749974177688,1.812012988987564,98
3,24,0,12.66122028439335,1.783724603727012,101
3,25,0,13.72324765771203,2.10415519472052,110
3,26,0,12.92871154368354,1.791341921559706,106
3,27,0,10.76504647197451,1.279316703577714,98
3,28,0,15.15687639330371,2.283136293000485,121
3,29,0,10.97908327867248,1.591223097195808,93
4,0,0,9.007206031159257,5.777266359820818,23
4,1,0,9.69567375392098,7.099476672568642,24
4,2,0,10.39226672758918,5.20228429356366,29
4,3,0,9.977048645620009,4.144289554765331,32
4,4,0,10.05267296239504,2.831369396996681,41
4,5,0,12.32978169889975,3.525561406198317,52
4,6,0,15.08485377354368,4.202271041094795,62
4,7,0,10.50939672166379,3.79031194348918,42
4,8,0,12.90448601642132,3.129705383503064,61
4,9,0,16.44015131581588,4.045920006417702,78
4,10,0,16.64359821286743,3.795781034911491,87
4,11,0,13.58165025169242,3.320235083373969,68
4,12,0,14.77731074495977,4.303078533612809,71
4,13,0,12.49114502922327,2.332963049178558,75
4,14,0,14.81185317446555,2.666850421559132,91
4,15,0,20.32323548505624,36.67591309977715,90
4,16,0,13.37951829793504,2.337807079370889,88
4,17,0,15.55429119117007,2.411959282470792,108
4,18,0,15.25437230431008,6.917180058456343,93
4,19,0,9.661770979007752,1.672850316090657,62
4,20,0,11.50145924389224,1.725922369516955,85
4,21,0,12.06501910222201,1.603829283082611,98
4,22,0,11.64930874473938,1.836744907980347,83
4,23,0,12.34771403060192,1.629868519190192,104
4,24,0,14.11567800790745,2.139378351450268,109
4,25,0,11.12008450770689,1.531584372892852,91
4,26,0,13.24980734135834,1.667569083529312,115
4,27,0,9.645416851941185,1.234974432791036,83
4,28,0,14.30645066978337,2.092352720485076,115
4,29,0,10.18552423609508,1.214953176191124,91
5,0,0,4.109665182550213,1.479702731152506,15
5,1,0,7.760901125952781,4.15216928366123,24
5,2,0,10.69942029106982,4.19013562168916,36
5,3,0,11.56966107760803,12.40112529195963,33
5,4,0,10.10543698823317,3.135284751410642,39
5,5,0,18.64284178973289,8.909230246176879,65
5,6,0,12.89788028567829,4.896593246260788,51
5,7,0,13.49609801721112,6.184692750916621,54
5,8,0,15.34039193709282,4.665549908834528,67
5,9,0,11.15145692161637,2.492176258592,58
5,10,0,17.40454314631996,7.6262956729446,78
5,11,0,14.91420549176641,3.591985743706292,74
5,12,0,12.51113515789455,3.255887395222621,66
5,13,0,14.5610186174202,2.882390745707329,85
5,14,0,14.73114633957623,3.082097169752864,85
5,15,0,14.3360474541187,2.627016962999459,91
5,16,0,15.18097604047435,2.712819794230505,98
5,17,0,13.13278447246261,2.125558890007324,92
5,18,0,12.63337846839873,2.058283031368043,86
5,19,0,10.93054885731403,2.025569807035183,70
5,20,0,12.27908402071524,1.869818903561905,90
5,21,0,12.74255698519322,1.919534321656317,97
5,22,0,14.55925388806303,2.367916524677805,110
5,23,0,14.72727414809939,2.263181463663507,111
5,24,0,12.81714172606102,1.820724631714475,103
5,25,0,11.83313769839495,1.905821028130536,93
5,26,0,12.74847197309058,2.74503417959139,99
5,27,0,11.64200309245021,1.553903024430973,98
5,28,0,11.90239549859515,1.895707731581476,98
5,29,0,9.965564773960992,1.295305488245041,91
6,0,0,4.964262672971294,2.084960435639138,15
6,1,0,8.941469567394989,3.991499455661794,27
6,2,0,10.54895266858453,4.995566509254149,33
6,3,0,15.1127787360433,23.12743061361606,38
6,4,0,13.19332953302462,5.266283406919995,45
6,5,0,15.64439065301751,13.35919091495434,49
6,6,0,16.57204808528181,5.213402178357674,63
6,7,0,15.04302320188807,4.214092626242468,64
6,8,0,17.09280879505066,4.64249625088524,77
6,9,0,13.98955945481808,3.443154024118922,67
6,10,0,17.48454393742553,4.979616276604327,85
6,11,0,15.24950923640136,3.331908416179113,85
6,12,0,15.71566549911361,3.212828968938751,92
6,13,0,14.79919162901518,2.800973809703129,85
6,14,0,14.82920972086783,2.695621347847953,91
6,15,0,17.12521823651515,4.442572705492924,99
6,16,0,12.98366856915438,2.209763895619508,84
6,17,0,14.42219770864204,2.664054899292691,91
6,18,0,14.91227483534584,2.513158885858358,100
6,19,0,15.90501612544125,2.682606108619794,109
6,20,0,11.87199615588549,1.791381740028481,88
6,21,0,16.73336807642008,3.164097971154617,119
6,22,0,12.04944481969585,1.733428003135258,93
6,23,0,16.10381684575848,2.325832005636226,126
6,24,0,13.97156346923015,1.941497483264887,114
6,25,0,13.53636881270847,1.77431511133608,114
6,26,0,23.61424355346466,154.3628713209589,96
6,27,0,17.19477936251974,11.55004003000371,118
6,28,0,12.98776680290344,1.795039229393987,109
6,29,0,11.26060162131787,1.505664908486047,97
7,0,0,5.608865228233002,2.148038068442799,17
7,1,0,11.25434820142358,12.03234576578879,23
7,2,0,9.792390626869544,3.977295250368123,30
7,3,0,10.01277283925261,3.760844464134276,35
7,4,0,12.725157572625,4.712550109522129,44
7,5,0,16.61806736898779,9.622932757757402,54
7,6,0,14.20533137261698,5.072828917026007,57
7,7,0,15.83538225964427,4.439422563758195,68
7,8,0,17.51510821071805,4.928610627920658,76
7,9,0,17.01506187770073,4.24274702091412,81
7,10,0,19.67755567587508,7.587629455615454,89
7,11,0,16.79405902645058,3.646843288291779,88
7,12,0,18.47459881278256,9.809589192469582,87
7,13,0,17.6438598936875,3.731970092959927,100
7,14,0,15.78792950871173,3.11226968406187,92
7,15,0,18.96471426155363,12.09499783875477,101
7,16,0,14.22008528149592,2.611458766049204,85
7,17,0,13.29726445327974,2.191566504955163,88
7,18,0,14.13217920655798,2.56393767903569,95
7,19,0,12.3836879506432,2.046136957232199,84
7,20,0,14.07900836456873,2.218148464493132,101
7,21,0,13.55045431764374,2.086393758808729,106
7,22,0,12.60375214771353,1.925634943034245,98
7,23,0,12.88752575164728,1.826050942591109,101
7,24,0,12.97944990083375,1.805055244759016,103
7,25,0,14.45398520198822,1.99275732815339,117
7,26,0,12.39407815104229,1.755389708338849,100
7,27,0,11.84578701265909,1.716398434107649,96
7,28,0,11.6802326290958,1.595991240198895,98
7,29,0,14.69610336823963,2.159823957193638,121
8,0,0,6.253823217696175,1.897540389620914,22
8,1,0,8.354085611578775,3.328304832987591,27
8,2,0,8.784089107823325,2.663298611806225,35
8,3,0,17.11349959602438,5.723860541321031,63
8,4,0,12.87122869331495,4.838611818688221,43
8,5,0,12.61462388984248,4.560769122420369,47
8,6,0,13.03359828659864,4.263486168645026,56
8,7,0,13.06596171664274,3.661763148152503,56
8,8,0,15.05635348953682,3.685060704862337,72
8,9,0,15.9696918430834,4.682579126205746,71
8,10,0,15.72968903151986,3.466880382576583,82
8,11,0,17.99540435520415,4.230606051287167,90
8,12,0,14.25499273787431,2.850555627493382,82
8,13,0,18.77607867289032,3.756241326303069,105
8,14,0,15.15098920923386,2.886295849256472,91
8,15,0,14.48871544831466,2.650671914745323,92
8,16,0,14.22425711057562,2.361349601019576,93
8,17,0,13.41759500043962,2.111729182609193,93
8,18,0,10.36108872337024,1.554964092166128,78
8,19,0,11.48556552664997,1.947435289869587,80
8,20,0,13.94426629779074,2.389856141728964,95
8,21,0,12.21228551485389,1.671536096586907,96
8,22,0,13.70517189489488,2.069618146096368,102
8,23,0,14.91633528224922,2.33006641383897,112
8,24,0,16.73949418843977,4.708827731884285,118
8,25,0,15.19583728586083,3.917979858483005,112
8,26,0,17.86993476166266,63.29788384945753,85
8,27,0,12.83899718239876,1.608455928790228,111
8,28,0,12.19448761669985,1.53271805942155,106
8,29,0,14.35971277353784,1.851780174281682,124
9,0,0,7.627393968159092,2.741505584082233,24
9,1,0,11.86662949842356,5.230664318917658,33
9,2,0,11.99442500160212,6.677683827695772,35
9,3,0,11.87862885895654,3.731857889807018,45
9,4,0,12.23116623531388,3.898351210513913,47
9,5,0,12.98800714155078,3.785705188748361,52
9,6,0,10.82885949397481,2.841697337272386,50
9,7,0,13.30947304070155,3.911299831542934,54
9,8,0,19.34267089387503,13.72898999933606,74
9,9,0,19.73303601317193,7.312247746172674,87
9,10,0,19.21478480476565,5.860440609535713,83
9,11,0,20.68447856999644,4.836649203157449,111
9,12,0,15.91893785285386,3.132573303388817,91
9,13,0,15.20738476555336,3.391987693058797,84
9,14,0,17.11964372101389,3.241577426665847,103
9,15,0,15.82373654727727,2.982755887944672,98
9,16,0,16.8756645763147,6.415900786644315,101
9,17,0,12.55168504891844,2.03823706049247,87
9,18,0,16.98378488393209,2.846672034780761,114
9,19,0,13.38877512347037,1.992860452717257,100
9,20,0,12.54157314506967,1.929873324884937,92
9,21,0,15.91006623598179,2.486615034207907,120
9,22,0,13.25270290936892,1.964628440959156,101
9,23,0,10.94584976822329,1.382511628559116,93
9,24,0,12.57491741002398,1.718897901787014,103
9,25,0,14.77913356577145,2.215716328954168,117
9,26,0,13.61114144861185,2.035934053067115,108
9,27,0,11.3400783689026,1.504364301978085,97
9,28,0,11.07812973413249,1.437713225223125,94
9,29,0,11.35562117602626,1.418603167012733,100
10,0,0,6.473546457347781,2.326167062590462,24
10,1,0,12.22152373749309,10.05511294589888,30
10,2,0,14.48285544535938,13.16897091760384,41
10,3,0,16.93679641772124,6.596779613519568,54
10,4,0,10.96617659733793,4.176273779978629,39
10,5,0,13.34680955660407,7.228754380688819,48
10,6,0,17.65922687117228,7.440229362496969,62
10,7,0,30.4735347064174,129.94376688917,77
10,8,0,15.55213356600148,4.556832292992199,67
10,9,0,16.07692448573188,3.741882572172256,79
10,10,0,20.44934567468511,7.999922025322949,92
10,11,0,15.65018730578,3.361363611904452,86
10,12,0,18.47275485461767,5.444106773490812,97
10,13,0,18.62421604536736,4.758618325701002,95
10,14,0,14.93561294838791,2.739336120624325,93
10,15,0,14.57800567191092,2.673380449246323,89
10,16,0,14.84971981170363,2.661129205499135,94
10,17,0,15.6201596873708,2.71669479184912,104
10,18,0,12.79333582066434,2.047518179446007,89
10,19,0,15.15719848345864,2.63474241323478,103
10,20,0,16.31838269566139,2.354268411847304,123
10,21,0,14.93043203152014,2.229903148710334,114
10,22,0,13.83985469115576,1.8799142304574,109
10,23,0,20.85555331159928,35.14068693037339,118
10,24,0,19.56740676219456,15.34678403205654,122
10,25,0,15.59464771083558,2.491461158187075,119
10,26,0,13.21217758954453,1.84511719494612,112
10,27,0,12.05568894310148,1.780376522762742,98
10,28,0,13.0179342032989,1.742174737023362,109
10,29,0,12.9930925216072,1.709561312992598,110
11,0,0,7.825938871295815,3.216335475823853,23
11,1,0,5.112404620668498,1.30946812327419,24
11,2,0,11.66859493758147,3.722833765339641,43
11,3,0,15.8976154323153,8.754842930311558,45
11,4,0,11.04297925927248,4.337613901076459,40
11,5,0,13.35520620628558,4.187006229391341,51
11,6,0,22.01268161444702,10.3306024835868,72
11,7,0,20.06420822603215,9.297736040381643,73
11,8,0,18.68363432464957,7.465435865041768,69
11,9,0,19.36176243703734,4.933629297827947,94
11,10,0,17.9989316460412,4.723916317894277,89
11,11,0,16.95277053874388,3.829909267206677,87
11,12,0,13.44238664006357,2.502472849690835,82
11,13,0,18.87077847362534,5.298059532198486,98
11,14,0,16.34655403306255,3.255847440534571,95
11,15,0,17.46242166897505,5.896936341967751,96
11,16,0,34.27431989856404,397.4595418549725,93
11,17,0,16.33656504430353,2.809121302869713,106
11,18,0,12.88395568393139,2.106006972896669,90
11,19,0,11.84784233950689,1.7691952241479,87
11,20,0,16.81073388145966,2.675261761001343,121
11,21,0,13.78967337723785,2.063135044654801,103
11,22,0,14.12376148530546,2.104795199810755,110
11,23,0,14.20120613069592,2.023159245603489,113
11,24,0,14.42130741699594,2.293649863082484,107
11,25,0,14.8222106066416,2.175714424897249,117
11,26,0,13.37819278755069,1.709955445940945,116
11,27,0,13.71878024824098,1.891380602459815,114
11,28,0,12.14592926798728,1.439536941065603,109
11,29,0,13.89778059123461,1.806404428233574,121
12,0,0,6.313993269184085,3.410407493196862,15
12,1,0,12.94202496070623,7.763164177772623,40
12,2,0,14.86829353097038,12.75926380991692,35
12,3,0,11.29860112668098,3.787752335014561,41
12,4,0,13.32710650412617,9.897327156691038,41
12,5,0,18.50298085832961,4.934967903700089,79
12,6,0,22.87677475379743,13.82329101401749,80
12,7,0,16.9020920651088,6.079233639392554,66
12,8,0,20.36561149738473,7.261723473037209,82
12,9,0,18.37290997151353,6.497556769324444,79
12,10,0,20.23368256130493,5.835091723451888,96
12,11,0,17.12447647265732,3.557948606096609,92
12,12,0,18.74900444346526,4.499907490953374,93
12,13,0,19.09562485565511,5.863674013081044,93
12,14,0,17.16202232942291,3.975112011080473,98
12,15,0,16.83371316478122,3.160527151734368,103
12,16,0,16.885987943607,3.171934167362702,106
12,17,0,12.64390159188497,2.006780554633744,89
12,18,0,14.81910173677139,2.493786005715526,100
12,19,0,14.31614312601369,2.173573731062947,107
12,20,0,12.75267911101762,2.088337840363847,91
12,21,0,15.32864833000979,2.465392145941023,108
12,22,0,13.79942887171441,1.876306983402905,110
12,23,0,16.24941473527447,2.557139912448004,121
12,24,0,15.89492229904856,2.154953548998882,131
12,25,0,13.98080462019027,1.881411545808102,114
12,26,0,12.3096597999588,1.620951975896187,104
12,27,0,13.21509025014405,1.97587658109842,108
12,28,0,13.10617647364511,1.865754436706855,107
12,29,0,11.26008366955864,1.392337906081546,102
13,0,0,8.37687324292671,3.722981264667273,27
13,1,0,7.985946095831743,2.811331389668638,29
13,2,0,16.02394012099213,13.26443081884193,37
13,3,0,21.86387571070274,31.52792020389028,54
13,4,0,15.06550127152642,4.555223900764855,61
13,5,0,12.45970077174871,3.567680945184184,50
13,6,0,17.32221767934308,5.825408918700912,67
13,7,0,24.22996073739783,13.79392487177791,87
13,8,0,17.62018127913798,5.028698442010412,79
13,9,0,16.2153431738048,4.529613927172504,72
13,10,0,18.45098020347158,4.402381949665362,88
13,11,0,15.84861636674085,3.511750214934271,84
13,12,0,32.69791612735885,321.2884362421352,83
13,13,0,17.72127540067878,3.370364737123443,104
13,14,0,16.45916176315016,3.34041888785739,95
13,15,0,12.70226903476071,2.088961166328995,84
13,16,0,19.1219872365764,6.441681657676873,108
13,17,0,16.25586286549206,2.822977125352081,108
13,18,0,13.70063683766395,2.363409982357175,93
13,19,0,13.29260837585525,1.953659723814491,100
13,20,0,14.947828904734,2.72833844082123,100
13,21,0,14.08071646271523,2.405657474400899,97
13,22,0,12.66650664254293,1.883272219596422,99
13,23,0,13.30597163339497,1.906928361286492,103
13,24,0,12.35628440846535,1.620187184589285,103
13,25,0,13.15719468776711,1.883470683520533,107
13,26,0,13.22361156534286,2.129237839653246,98
13,27,0,12.6947712601427,1.547068701899372,114
13,28,0,13.83845833667813,1.993954847503089,113
13,29,0,10.89773517671523,1.623426512537491,89
14,0,0,10.14350541159408,6.377240069453059,26
14,1,0,6.111091419751947,1.680774522166822,27
14,2,0,11.49111403324441,5.35058434802767,35
14,3,0,11.41458110837879,5.889845180482776,36
14,4,0,14.10701349141991,7.128755226275438,49
14,5,0,14.89283020594512,4.690609826524635,59
14,6,0,16.70113695428112,4.896039693926633,66
14,7,0,21.63401632935757,6.515485699272255,90
14,8,0,18.13541120381041,4.821259841321458,81
14,9,0,17.82668827532149,4.98042419858186,81
14,10,0,19.62450584654786,6.193986164392267,88
14,11,0,16.80632515064846,3.972490381992621,89
14,12,0,19.74856476626719,11.30191236506476,94
14,13,0,16.03612753140957,3.111086685428348,94
14,14,0,14.89667155090497,3.216782248670214,84
14,15,0,15.74512528525218,3.695411718257736,95
14,16,0,16.34418697795084,2.919221167300823,106
14,17,0,14.88240664147451,2.501582943638629,100
14,18,0,16.98213200872753,2.873032541952016,113
14,19,0,11.72505916218098,1.756311016500335,87
14,20,0,15.07679048889623,2.329926916737159,108
14,21,0,14.68450678188632,2.285215191281076,112
14,22,0,13.16991388986009,1.727314463846239,109
14,23,0,10.79269446348515,1.52138847728462,85
14,24,0,13.48302888604135,1.815792767687917,109
14,25,0,13.90083341963072,2.404125927683829,102
14,26,0,14.65265206707178,2.028964974118419,123
14,27,0,13.09664734641122,1.984909398081018,100
14,28,0,10.55973702962692,1.430946577326777,91
14,29,0,14.1249652559732,1.960599124462294,121
15,0,0,7.691490222797167,2.854821641951955,26
15,1,0,8.217195573256422,3.573974669639734,29
15,2,0,14.94471299561671,10.97287084068185,36
15,3,0,12.85420072502053,5.110433439818776,43
15,4,0,13.79690357873048,4.031873556109401,55
15,5,0,14.9397986977863,9.829615302468305,50
15,6,0,19.18692424018721,10.23651697977051,69
15,7,0,18.10190122761435,6.382275529771658,73
15,8,0,20.27083888987314,11.32160663418937,75
15,9,0,21.03529357276532,7.579580482830949,91
15,10,0,18.17848248628362,6.449823575555635,76
15,11,0,19.20834798377431,5.018517206015755,97
15,12,0,15.89353485768998,4.249058631483485,77
15,13,0,17.32672030097537,3.224909220883613,104
15,14,0,21.15038300488862,6.514245926691784,116
15,15,0,16.08610220082113,3.682236874595909,97
15,16,0,13.58027907535077,2.239779058279002,94
15,17,0,16.72835594593106,2.855067609626151,108
15,18,0,14.3151453574975,2.398025074324525,97
15,19,0,14.76958067715571,2.391209815961436,104
15,20,0,13.99039417529259,2.23579423382735,99
15,21,0,13.85488606867866,2.178955414997049,104
15,22,0,15.94804836281609,2.438616772249067,115
15,23,0,16.35168141053749,2.619643896773019,123
15,24,0,14.38272500855737,2.206600695403469,111
15,25,0,14.64534845042027,2.238228525843517,116
15,26,0,14.97983486174665,2.196837346026761,125
15,27,0,12.42034549857731,1.693477333331184,102
15,28,0,13.50704245405725,1.584071572743387,122
15,29,0,10.83709003128673,1.369868521722762,95
16,0,0,7.775009874231301,8.638425214346119,20
16,1,0,10.96764654788532,3.744619852863769,41
16,2,0,12.056407833218,4.701081017343753,44
16,3,0,10.47177694074907,4.257656835845538,37
16,4,0,14.8814170611982,5.074800061020035,56
16,5,0,20.37335627421242,7.543901703423217,75
16,6,0,17.10148539674637,6.085126817475643,63
16,7,0,20.54061607791181,5.797620456608716,89
16,8,0,16.11562050340461,5.021546070189778,68
16,9,0,15.91533053691273,3.768219339097652,76
16,10,0,15.91797135087643,3.770944409272092,78
16,11,0,19.13715903809722,4.313706566021398,102
16,12,0,19.56157225674866,3.893593644121016,110
16,13,0,14.63634462249757,4.00338113309131,74
16,14,0,16.31586172601184,3.171346326923338,97
16,15,0,16.14524432043789,2.72615812376758,104
16,16,0,13.995517424459,2.375244969695906,92
16,17,0,14.52271308097255,2.288061862508415,101
16,18,0,15.76898186651681,2.809680996677593,103
16,19,0,16.23458690980737,2.752052361860227,110
16,20,0,15.92360285468686,2.591358890592991,113
16,21,0,13.48789179496358,2.101116708362251,99
16,22,0,13.36821375710604,1.969481156262463,102
16,23,0,14.33575196949941,2.134044983087809,108
16,24,0,12.71741173218413,1.745832515621103,104
16,25,0,14.43223857443138,2.080184481536955,115
16,26,0,13.43242200132429,2.276222507101187,103
16,27,0,13.41218501078474,1.7814559840348,112
16,28,0,11.86902524077878,1.415936187173892,105
16,29,0,12.90426452470281,1.847216565642905,107
17,0,0,8.685223124056737,7.056206823066524,21
17,1,0,9.549284021624242,5.998138423211183,25
17,2,0,12.26865959100733,5.7552037925223,38
17,3,0,11.21521297962714,4.347575560784336,38
17,4,0,15.20579342116207,5.055854808147475,57
17,5,0,12.25413164002669,3.971284300650874,53
17,6,0,18.07494767183013,5.691791856272654,70
17,7,0,17.92887476893358,5.440147166006941,77
17,8,0,17.07147859040906,4.120687683345638,83
17,9,0,15.59027816473013,3.865763082729883,74
17,10,0,17.98774330628004,4.897936977383321,91
17,11,0,19.46527215322043,4.976300965957557,98
17,12,0,21.02414019636655,4.446366992380636,117
17,13,0,15.71534531957468,3.410207620482508,83
17,14,0,18.72193818792587,3.513437290428787,115
17,15,0,18.50878007245067,3.515677199055848,114
17,16,0,16.23756485146762,12.91873437456265,85
17,17,0,14.86409054744392,2.513651559212721,97
17,18,0,16.09683825182596,2.822281164714748,104
17,19,0,14.38156889335363,2.348771481807729,103
17,20,0,14.86313011649273,2.409664881282809,106
17,21,0,13.22843024843293,2.009915158556682,102
17,22,0,14.44952122922381,2.236299728899413,110
17,23,0,11.66955417187446,1.578119456640783,93
17,24,0,11.76060071206513,1.677787618525155,92
17,25,0,12.91811650887247,1.756024829155465,107
17,26,0,14.01074999476431,2.05332031507084,108
17,27,0,14.136881505505,1.987596361075068,116
17,28,0,11.153689404935,1.441007938289006,94
17,29,0,12.35559017932902,1.87091187204468,101
18,0,0,9.061985335561067,4.584767523157533,26
18,1,0,6.642716324886992,3.648327748438178,19
18,2,0,14.57366107403954,5.142994441700044,54
18,3,0,13.24137928552601,12.52049088346538,39
18,4,0,17.16643541538425,9.321595112189296,51
18,5,0,15.87656556154246,7.34185559534369,53
18,6,0,14.68024119037732,3.709366727138799,65
18,7,0,17.75162339530132,8.599861266565867,68
18,8,0,17.13618885762718,5.634582597328427,74
18,9,0,19.45045822836007,8.128711039138008,87
18,10,0,13.62631407106071,4.04821825007651,60
18,11,0,20.10763291665055,4.57473276935092,102
18,12,0,17.11253760815035,3.507959699697311,96
18,13,0,17.58843041932154,3.744857969353047,96
18,14,0,27.98043991794017,115.7790071781966,98
18,15,0,15.19300457148546,2.844545098662193,92
18,16,0,14.90774742335881,2.692975071508569,96
18,17,0,17.62535285670172,3.17911936493311,110
18,18,0,13.79178573785728,2.107597959646429,98
18,19,0,13.98078850069362,2.182900822183858,98
18,20,0,15.04049360156644,2.355246697702007,108
18,21,0,14.49857700059309,2.237142934226658,105
18,22,0,14.07337138686719,2.147814654578585,107
18,23,0,14.05125713397116,2.179728758629681,111
18,24,0,13.05630299904404,1.896210924390804,101
18,25,0,12.51424373944075,1.810128724392071,100
18,26,0,14.60615225721281,2.1661200200391,116
18,27,0,14.32340865185603,1.795295680130238,129
18,28,0,12.40263935581968,1.444284481586428,112
18,29,0,10.71978097743113,1.481715992526175,89
19,0,0,6.641288526696501,2.301333198618406,25
19,1,0,9.984988715668612,5.229429129862841,28
19,2,0,7.513081730481168,3.468544537616355,25
19,3,0,12.49551630048392,3.719359357490942,49
19,4,0,13.0945246027939,4.009825353083977,54
19,5,0,11.92942936353026,3.382167800573399,53
19,6,0,17.20346183552679,8.604584201595545,68
19,7,0,15.35135772253489,4.334835303305295,64
19,8,0,14.24487725475846,4.851094985847183,60
19,9,0,16.06740565481794,4.835552780323063,75
19,10,0,15.05232095562513,3.195184080677417,79
19,11,0,17.24680298152894,3.913617401721195,90
19,12,0,21.51523066293488,15.1944649554676,97
19,13,0,13.85044336145691,2.877281056538995,78
19,14,0,19.05871574280135,14.56990516119748,101
19,15,0,19.48781394855888,3.993966464465811,116
19,16,0,16.19596718996778,2.968105942364463,104
19,17,0,17.57538890310174,4.342114119406073,111
19,18,0,13.79468469276371,2.172158956171421,97
19,19,0,15.00914085871728,2.453672016975591,104
19,20,0,13.44997029395503,1.958208542796744,103
19,21,0,16.91590930557931,2.74852527121874,122
19,22,0,14.3489109581028,2.249861167224672,102
19,23,0,15.44544116610865,2.245657400439223,122
19,24,0,14.43952142518293,2.00647175114888,117
19,25,0,13.24664460102215,1.656082588103528,114
19,26,0,12.42413577261013,1.579123118874692,109
19,27,0,13.061980583738,1.629104608323965,114
19,28,0,9.677087995876983,1.206553378346049,87
19,29,0,13.79013758392572,2.200616438748752,107
20,0,0,8.755805489423517,6.402592891157392,21
20,1,0,9.647549200407934,4.136358181166464,30
20,2,0,9.980884416452273,4.358500835712928,34
20,3,0,14.71719014361988,8.930664486491397,45
20,4,0,22.39052333571811,15.83934132318341,62
20,5,0,13.35720947306743,4.1552210096135,50
20,6,0,16.28911240739448,10.04538403714592,56
20,7,0,15.4466674433681,4.671943869758532,65
20,8,0,13.41580750655577,3.211242136325048,64
20,9,0,16.62807982358215,5.123305944421958,77
20,10,0,12.39812739800842,2.642221371354282,68
20,11,0,18.50964499932991,4.676320841245974,90
20,12,0,15.61446354071877,3.94173832190195,83
20,13,0,19.0952681416692,5.814869175837273,98
20,14,0,14.41778501428687,3.17062732973055,82
20,15,0,17.17019880186384,3.20303481245909,106
20,16,0,14.6255835859853,2.709971606080665,90
20,17,0,14.10634264829741,2.296481896527459,99
20,18,0,13.02773622052102,2.185248712922367,89
20,19,0,14.95172081328947,2.665357658905823,98
20,20,0,28.30734743295907,235.7826051001847,95
20,21,0,13.19411515012103,2.323201285774301,96
20,22,0,11.50068256260553,1.696918118109201,88
20,23,0,12.70443080169522,1.711660724958779,104
20,24,0,14.07133025270206,1.980371186187441,115
20,25,0,14.94994414922801,2.258584628771076,120
20,26,0,14.2587555894111,2.195746821422925,109
20,27,0,13.90865068839486,1.841276108635783,116
20,28,0,15.19436231148943,2.283273888535597,119
20,29,0,10.57598415904912,1.410099356546166,90
21,0,0,7.206807208099,2.617168644861416,24
21,1,0,8.047204733524023,2.408875470484068,32
21,2,0,6.437559823862182,2.004498904901803,25
21,3,0,11.86252055998467,7.2553273451474,39
21,4,0,12.74739111750637,4.126482975883553,47
21,5,0,13.91011599683837,4.698654857528684,54
21,6,0,13.93773876642269,3.770809933854118,62
21,7,0,19.03842353823914,4.836050864611777,85
21,8,0,15.26623259790862,4.249597149836639,67
21,9,0,14.37442145971018,3.565670359371731,70
21,10,0,21.31389694185726,11.37846457008005,85
21,11,0,13.70416841615216,3.076465445561868,75
21,12,0,17.95255847663576,4.198700710367483,91
21,13,0,18.18672467998105,3.594102090196257,105
21,14,0,9.990460262393364,1.8694831262022,60
21,15,0,17.83645528983248,3.387653471958828,107
21,16,0,13.41683585351299,2.158900532283073,92
21,17,0,18.72464629568308,3.153806778630142,125
21,18,0,15.36447855548071,2.5351734444887,105
21,19,0,12.76493751907447,2.014888900018498,90
21,20,0,16.02647090912783,2.539984229029766,114
21,21,0,13.56401673977443,2.068201931050855,106
21,22,0,11.22166607551927,1.688594928733351,85
21,23,0,15.6538194164574,2.310789916262495,123
21,24,0,12.29644266830731,1.701500017772823,100
21,25,0,12.49532673164678,1.611914948474578,107
21,26,0,11.96808956592441,1.607095879802044,101
21,27,0,13.35203034351349,1.958437264271521,107
21,28,0,14.32258747231235,1.829922751538114,127
21,29,0,12.06518044053174,1.563062152628392,105
22,0,0,6.440256921897802,2.8929683329823,21
22,1,0,9.549573370032494,3.418417482701349,36
22,2,0,9.083598619162526,3.864309072723708,28
22,3,0,13.3265756089546,5.791177237021886,44
22,4,0,12.51900320978946,4.316314433457328,49
22,5,0,13.27293797386025,6.218382609347456,43
22,6,0,12.15799367377236,3.861200311330859,47
22,7,0,17.43721532892155,7.125899321528292,70
22,8,0,14.70887187093508,4.61482051925889,63
22,9,0,20.29303125583965,4.892726038215328,98
22,10,0,18.21250763165834,4.346545539513419,90
22,11,0,17.62200942997544,3.776124386850249,92
22,12,0,16.42460366932864,3.557255627037374,88
22,13,0,17.01991682043494,3.594862884061055,93
22,14,0,12.63255864202166,2.158563327791128,82
22,15,0,12.11557533643742,2.19471634907347,77
22,16,0,14.30163269933842,2.574294409185374,91
22,17,0,18.90516208081947,4.560274935476699,114
22,18,0,12.93697335377165,2.049260250173964,91
22,19,0,12.39153204599492,2.090053915994483,85
22,20,0,15.79295828749381,2.515236148954825,112
22,21,0,12.44249379920209,1.723031645062369,96
22,22,0,13.59181207543049,2.214637513556087,95
22,23,0,14.91772834930159,2.19975937933259,115
22,24,0,12.67630741619774,1.78238864092843,102
22,25,0,18.15433536591276,4.316306682195655,132
22,26,0,13.915203971602,1.941336421569486,113
22,27,0,14.03913027512514,1.940071329442837,114
22,28,0,14.02906792045493,2.056197321898691,112
22,29,0,11.89356198932804,1.490891091900494,102
23,0,0,7.735151702958098,3.362686130248981,24
23,1,0,6.489457171273938,2.13559307727885,23
23,2,0,9.727840256417251,5.038984381235103,28
23,3,0,14.10597966390278,5.412270609524137,48
23,4,0,11.83533198140221,4.465872720474409,41
23,5,0,12.96921336446715,6.629366831215664,45
23,6,0,12.71401435828432,4.190484831120382,51
23,7,0,13.58435368249874,3.440727316226347,61
23,8,0,19.23047129434235,5.52110158385158,84
23,9,0,14.94277076196389,4.048759035023618,68
23,10,0,17.85300535206661,4.249079765029365,87
23,11,0,15.71571068550964,3.268017375764476,89
23,12,0,16.10974547685957,3.235460759624158,91
23,13,0,17.45428460686169,4.499167691364209,91
23,14,0,15.61510002003445,2.845010824376889,97
23,15,0,12.46633219205592,2.065726759729717,81
23,16,0,15.07675070076446,2.556405380485378,100
23,17,0,11.98563014758217,2.347188926279145,75
23,18,0,11.96786345243388,1.947530030953168,84
23,19,0,14.27669794376576,2.436418958537871,98
23,20,0,14.51393175087379,2.392115914093301,102
23,21,0,17.33588901998712,2.829399723926727,121
23,22,0,12.45032050266488,1.822872862968999,95
23,23,0,14.47283161694759,2.329359154871508,111
23,24,0,13.11745777473,1.833154930655027,107
23,25,0,12.97614700997137,1.833063198482045,103
23,26,0,13.20150036336332,1.859743318716555,107
23,27,0,11.57432741753337,1.550677975118484,99
23,28,0,15.2244694077351,1.939610050434538,134
23,29,0,11.50874497165025,1.421763665844536,101
24,0,0,6.527103374855371,2.082011495776295,24
24,1,0,6.916405448657505,2.242410793833887,28
24,2,0,8.260494057492897,3.156221163927601,29
24,3,0,10.64042647577073,4.068654290285714,37
24,4,0,12.32435214242533,6.382445654965721,41
24,5,0,16.78621064084816,6.984734224650815,56
24,6,0,15.2340900456708,4.376576301738558,64
24,7,0,13.16655631319687,3.897984639270012,56
24,8,0,15.11921322680363,5.035994093038163,64
24,9,0,12.97977843294417,3.415192166424059,64
24,10,0,16.57254370294972,4.789906340468917,81
24,11,0,14.06732306427545,3.366236373685427,75
24,12,0,16.11246633565622,3.7922693030588,81
24,13,0,12.92254855057237,5.212992632669409,66
24,14,0,13.10863970986793,2.349218306002041,80
24,15,0,15.43825437936606,2.959179204489465,93
24,16,0,14.0129894014651,2.495686717814963,88
24,17,0,11.15024509025035,1.70872354380217,79
24,18,0,11.77113551527459,1.69058299066475,89
24,19,0,13.0316161062344,2.080566334751361,90
24,20,0,12.84913174040282,1.862972681554928,97
24,21,0,11.64248272911981,1.641563776198351,92
24,22,0,11.92864563792279,1.717457141070937,93
24,23,0,13.64246141666141,1.834123765744621,116
24,24,0,15.24536061414778,2.363542151911989,115
24,25,0,13.52625070686666,1.713749324419679,116
24,26,0,10.16832778172024,1.501878400343191,83
24,27,0,14.34436927047748,1.889223705841963,123
24,28,0,11.95207437285238,1.628278643498608,104
24,29,0,11.02471062950169,1.354677436937018,100
25,0,0,4.039870892450378,1.843362004112358,10
25,1,0,6.961591594224839,2.484798752616863,24
25,2,0,7.150284789038872,3.737422593212461,23
25,3,0,6.771521057185542,2.122730574660548,29
25,4,0,8.915570800375397,3.906024542137159,34
25,5,0,14.89607286696961,7.260086912675239,54
25,6,0,10.17714376068888,3.835554211704877,42
25,7,0,15.77933407253689,5.366164508571557,60
25,8,0,11.00541628907167,2.660404676712226,52
25,9,0,14.64401060928185,3.207201589885694,75
25,10,0,21.62300020554454,51.91996295621414,73
25,11,0,13.16051968619175,3.532424903542363,66
25,12,0,14.13511298023998,3.984544802799534,76
25,13,0,14.60107161573059,3.203584013227919,87
25,14,0,13.32616862990767,2.387394579561589,86
25,15,0,11.78670057675862,2.038919380171158,74
25,16,0,15.70555863722333,2.958768654879682,95
25,17,0,13.03997977140665,2.373179162298144,81
25,18,0,11.80739908472264,1.880672260221147,85
25,19,0,10.86676134238593,1.80771279703488,75
25,20,0,14.28566674445799,2.395271976034297,101
25,21,0,13.09980326529873,2.108685103163592,92
25,22,0,14.45061929683177,2.099457964807549,110
25,23,0,13.81495421140766,1.925585474239338,110
25,24,0,11.16727104846401,1.402175968655494,95
25,25,0,11.37174310568249,1.798408664539991,89
25,26,0,13.60630315876182,2.01001420713235,109
25,27,0,11.19180371549537,1.896548780498006,86
25,28,0,12.79870588940703,1.916149613397505,103
25,29,0,10.16863219378604,1.22491959356057,90
26,0,0,6.052979299340438,2.686756100285724,20
26,1,0,7.93459703574354,3.177217919325475,25
26,2,0,8.369845428156806,3.273659983211456,26
26,3,0,10.87145550046849,4.428562535948343,35
26,4,0,14.26599077307189,15.69665267387688,37
26,5,0,12.03559952981128,5.048734602411067,43
26,6,0,13.12056170506218,4.730994210410012,45
26,7,0,11.42976674635203,2.764043042792015,55
26,8,0,8.843188245912902,1.998590701201918,45
26,9,0,11.61336141889506,2.604254480412403,62
26,10,0,12.70238099943581,5.373940822432184,52
26,11,0,12.75497977408579,2.574665182423463,69
26,12,0,8.704721478154068,2.03127885074339,44
26,13,0,12.65003605477068,2.433535268265453,76
26,14,0,11.62011269733576,2.041462298283794,74
26,15,0,15.48751280929708,5.806766865207375,83
26,16,0,11.846961101912,1.970693701438365,78
26,17,0,12.42818132071524,1.915409492610078,88
26,18,0,10.4300908210122,1.600044986936746,74
26,19,0,10.80134996092524,1.877187955132125,75
26,20,0,11.9278718736717,1.807857266450019,87
26,21,0,11.7549787835058,1.935072886758002,83
26,22,0,12.96084588812069,1.79136721276791,103
26,23,0,12.09659979587638,1.609937528286858,100
26,24,0,12.26321729845638,1.806248133539449,96
26,25,0,10.64901355095557,1.416662474270094,90
26,26,0,11.67158775102363,1.57822666241835,98
26,27,0,12.88765649506979,1.944462927825589,107
26,28,0,11.62236969534038,1.512939472458861,100
26,29,0,12.51571079499785,1.52455319854566,110
27,0,0,2.121255553986548,0.5795279393037306,10
27,1,0,5.194057532420948,2.165880594966494,17
27,2,0,10.46090385020422,4.566949614546766,31
27,3,0,10.9063023459593,7.111055527809564,33
27,4,0,8.2822426166626,2.59535029630538,33
27,5,0,11.10362612021707,5.142113284890771,38
27,6,0,9.234266951329632,2.345320888383709,43
27,7,0,9.353949555948422,2.791832753043307,37
27,8,0,11.16052210843694,2.972301740108874,50
27,9,0,15.14694901986467,5.056537286165961,63
27,10,0,10.04055166386497,2.428365235947616,50
27,11,0,13.46924481153701,3.29338453309758,67
27,12,0,12.10094687448211,2.676175008983091,63
27,13,0,11.32185039510583,2.27528197508112,63
27,14,0,11.39485750021523,2.022194297875829,72
27,15,0,13.51538392306916,2.470226886277728,86
27,16,0,10.36068877427782,1.860851951684277,65
27,17,0,9.974247423813713,1.557736369506393,70
27,18,0,9.195103972166939,1.506979962728847,64
27,19,0,12.8651493951963,2.232265169754116,83
27,20,0,8.989826087685943,1.426914766549046,66
27,21,0,9.171660851023725,1.320611268396505,70
27,22,0,9.79078383097027,1.572145031032091,70
27,23,0,11.18294927561613,1.724567236729365,86
27,24,0,11.74395426513294,1.726839669992933,93
27,25,0,12.40207613748865,2.061087867576795,92
27,26,0,10.95985758814871,1.546358732216002,88
27,27,0,13.127247322124,1.7880611837336,110
27,28,0,9.399100984516267,1.358914877156775,77
27,29,0,9.633389666740579,1.208734298453182,84
28,0,0,5.738596517198923,2.204991766689774,18
28,1,0,5.532998497151374,2.245397454305914,19
28,2,0,8.244951138195615,4.911985805299556,25
28,3,0,7.647820198129152,5.186324652719843,25
28,4,0,6.348303712416921,2.489943348392326,22
28,5,0,8.132428380915501,2.315066247170551,33
28,6,0,7.455127959871446,2.232858410430956,31
28,7,0,10.84642499075015,2.96148416819913,48
28,8,0,13.7976215137186,3.728408363025178,62
28,9,0,11.81811001540244,3.496566845700275,51
28,10,0,9.80856867636283,1.978564901614333,53
28,11,0,10.7361841699195,2.210671594458497,59
28,12,0,9.926268146700144,2.148104629889994,56
28,13,0,14.66321923295298,8.146048972325712,68
28,14,0,10.1385046377347,2.006340032606511,59
28,15,0,9.326086294902074,3.771238077849492,50
28,16,0,9.772507630657365,1.553033821673374,66
28,17,0,9.204570918831566,1.626376337083229,60
28,18,0,11.74570113221588,1.997423313413689,79
28,19,0,7.961928267022194,1.154552665811157,59
28,20,0,7.178457441872673,1.042422772915343,55
28,21,0,10.40589489348453,1.589670434333283,78
28,22,0,10.4094972192331,1.823461081139405,75
28,23,0,7.537193942108027,1.057995202441979,60
28,24,0,10.31043145425896,1.475419810760932,82
28,25,0,10.59599484427786,1.407239057451205,87
28,26,0,10.73712942374902,1.45163174526548,90
28,27,0,9.53591520476378,1.210886518015695,85
28,28,0,8.985414207440494,1.176821451447386,77
28,29,0,10.78416392206229,1.544093506373136,90
29,0,0,3.197286501403996,1.969546175136638,9
29,1,0,6.283237692739498,2.90860767063648,20
29,2,0,10.30672820775053,6.617413954756346,25
29,3,0,7.602041893205636,2.285969166431397,33
29,4,0,6.546299783239159,2.948130207132793,20
29,5,0,9.274052534418326,2.863499743723974,35
29,6,0,9.517892655763374,2.357091345203052,43
29,7,0,11.37460353439115,5.281402987761809,47
29,8,0,9.573652263396101,2.399440886208863,44
29,9,0,11.51995917129286,2.924709599657173,52
29,10,0,8.904404104922481,1.967955657581982,47
29,11,0,7.994594726546001,1.697662463810102,47
29,12,0,8.934829061253135,1.849779270549572,48
29,13,0,10.08677119189722,1.955746486184973,57
29,14,0,11.90283706827629,2.377684437580327,70
29,15,0,8.145330457486438,1.427781941402608,52
29,16,0,8.308995194857184,1.656017205580685,51
29,17,0,7.5811447404995,1.280973492600155,50
29,18,0,5.863461578691815,0.9580727252789296,39
29,19,0,9.275434226552747,1.422963914727091,66
29,20,0,7.031883477420509,0.9910008651933099,53
29,21,0,8.527890736036817,1.482163807364971,60
29,22,0,8.981252388249747,1.252332133385806,70
29,23,0,8.428799382428211,1.184932314125846,67
29,24,0,6.99628711891163,1.014293408658533,54
29,25,0,8.280687554779808,1.395596800633616,62
29,26,0,8.960157949372677,1.351051402198931,70
29,27,0,8.235965604833547,1.289093906247387,66
29,28,0,8.606786281576031,1.169462445371718,70
29,29,0,6.432414755374325,0.6854473134342862,63
