# mesh name: boxMesh_1
# primitive scorer name: doseScorer
# iX, iY, iZ, total(value) [MeV], total(val^2), entry
0,0,0,3.600419682417483,0.5755566644284218,26
0,1,0,4.586211074407763,0.6742202071496798,34
0,2,0,5.140093029324367,0.8292329865833892,34
0,3,0,5.853867783771551,0.9133320808858609,43
0,4,0,5.799896232659455,0.7823847072627017,47
0,5,0,7.06642331239345,0.9858348942201385,53
0,6,0,7.241057428927835,1.229542083198463,52
0,7,0,5.855886798880899,1.073942083548156,42
0,8,0,6.045677449456919,0.8163571349422051,48
0,9,0,9.446905897708007,1.69283113516314,64
0,10,0,7.820791908969684,1.236666342812492,58
0,11,0,7.910433006648684,0.9889729620974033,68
0,12,0,7.180776884147272,0.9186787790736657,60
0,13,0,5.636587744128726,0.729188641900204,49
0,14,0,6.486101553149014,0.8120867514974079,56
0,15,0,7.884477025793696,1.175945132205632,61
0,16,0,6.674590974364051,0.8019963148848134,60
0,17,0,7.035976076236913,0.9139302890724603,61
0,18,0,8.28047640625252,1.252214285550769,65
0,19,0,7.273375294245234,1.03892383234739,61
0,20,0,8.99990105697036,1.158917697174328,79
0,21,0,7.247876321203973,0.9472011592355963,62
0,22,0,7.555317609889392,0.8723470611004394,71
0,23,0,7.511097423470067,0.9994297091449027,65
0,24,0,7.158315967213793,0.8584095104050192,67
0,25,0,7.78800250803622,0.9928554918402763,68
0,26,0,5.466168958302371,0.551470511632134,56
0,27,0,6.754169524680878,0.7679284490077508,65
0,28,0,8.519996620768161,1.064379005018243,78
0,29,0,8.043705580461051,0.9384609604066827,78
1,0,0,4.871327576412759,0.7649624308014186,36
1,1,0,4.681534331406795,0.7716702907081778,31
1,2,0,4.544277664508541,0.6808296897889021,34
1,3,0,11.15781266887138,17.39514807373024,54
1,4,0,8.260949510267864,1.312324153072843,59
1,5,0,9.040326246580934,1.40156042009536,64
1,6,0,7.124773574161265,1.033255896728854,52
1,7,0,10.27364590505644,1.486361632888316,79
1,8,0,7.159227588272207,0.997899755211387,55
1,9,0,10.65471928509488,1.483981843135295,83
1,10,0,8.450327301409207,1.249958856722554,64
1,11,0,6.128517549158783,0.8174307363927802,52
1,12,0,8.114073723752288,1.132212552020937,65
1,13,0,7.854350397196096,1.00910026803294,67
1,14,0,7.746825219968545,1.137016067530943,61
1,15,0,7.994281507691785,1.272928093409763,62
1,16,0,9.856697446565747,1.482225263013359,76
1,17,0,10.56618403906397,1.332932503722591,91
1,18,0,8.853220598743333,1.175411399485069,76
1,19,0,9.847194187703163,1.529787743152979,76
1,20,0,9.056829094435663,1.179239821534307,79
1,21,0,8.960136082114946,1.046849253362683,82
1,22,0,8.390584954446096,1.087489892812822,77
1,23,0,9.112923425888772,1.038576434630892,86
1,24,0,10.57461353550362,1.306395684733634,95
1,25,0,13.12934328935824,1.794162891262237,113
1,26,0,9.814239659787598,1.407320350436289,85
1,27,0,9.03369784553216,1.124036519959283,83
1,28,0,9.492538122897024,1.073498309768256,90
1,29,0,9.117654918088,1.154961807119601,83
2,0,0,4.516337076314067,0.6529290049170489,35
2,1,0,5.529407951709502,0.8346396005724134,40
2,2,0,6.427895594545591,1.134821064216263,44
2,3,0,8.825974357536277,1.447545703412843,61
2,4,0,8.824044097159915,1.330368434556041,64
2,5,0,8.416615169687365,1.313473762058791,61
2,6,0,9.434273584211363,1.382591434480074,71
2,7,0,9.516881582620432,1.51361068357279,70
2,8,0,7.455032054325862,0.9465283457566381,61
2,9,0,7.16156111535244,1.144980577193,52
2,10,0,8.438081246469146,1.386051457790349,61
2,11,0,10.03643744824248,1.370731333415021,81
2,12,0,11.16147885158947,1.542807110469692,87
2,13,0,7.387003291813905,0.9233429078321322,64
2,14,0,11.67105733183623,1.773742443363578,90
2,15,0,9.637915437031374,1.264092532744415,80
2,16,0,10.63284232106604,1.426009048634556,88
2,17,0,8.514713925024761,1.31350831859459,65
2,18,0,8.501305868876035,1.153981155150916,72
2,19,0,12.04070162248322,1.560077238963817,106
2,20,0,9.121083002136993,1.235656944322361,77
2,21,0,9.711108814854441,1.141357159662451,89
2,22,0,9.114899537036058,1.122450325709938,82
2,23,0,10.54834452096274,1.280392463112543,96
2,24,0,10.50591511279784,1.353135404405138,95
2,25,0,10.66490284198067,1.325959450764125,98
2,26,0,11.10492064958428,1.395528503842215,101
2,27,0,12.50996417335887,1.480328136857959,117
2,28,0,10.99730141817604,1.36577075672293,103
2,29,0,8.932193015032308,1.15415749629844,81
3,0,0,5.424190039626994,0.831369749470396,40
3,1,0,6.046720730307607,0.9796488853517989,44
3,2,0,8.27188928354474,1.218507410364048,60
3,3,0,9.5846410691925,1.330765598660238,72
3,4,0,10.55323018193345,1.608800443403584,74
3,5,0,9.584493434984298,1.249700278026503,78
3,6,0,7.216926266014241,1.044422942017591,55
3,7,0,10.5021283067699,1.664690380569184,75
3,8,0,10.88393202039931,1.50476136318811,84
3,9,0,9.619958101011498,1.486502893518042,71
3,10,0,12.14694801201439,1.864175239342809,93
3,11,0,10.21882000360364,1.44327496125563,80
3,12,0,9.366422205884311,1.292315994915581,76
3,13,0,11.99511321270611,1.614442248044894,97
3,14,0,11.91234498932426,1.797814653017664,93
3,15,0,11.70602346234948,1.714668409163487,96
3,16,0,10.6790352402455,1.463137414040615,89
3,17,0,10.54638371125395,1.255193816764331,95
3,18,0,10.11665233623703,1.357083740401664,84
3,19,0,11.77297324909143,1.684332461626422,102
3,20,0,11.70170436987048,1.587334136708997,104
3,21,0,11.02812628389679,1.300644195737386,105
3,22,0,11.86913381422133,1.519421736662905,103
3,23,0,11.44399132635833,1.507728898467831,100
3,24,0,13.38435205719056,1.753168749303579,117
3,25,0,11.92940587081851,1.581510033641607,103
3,26,0,10.74968538564846,1.412241382904536,94
3,27,0,23.10247547215212,128.8554888541506,108
3,28,0,11.32482222730545,1.387437069675165,105
3,29,0,8.965973409662253,0.9861774658357653,89
4,0,0,5.164949520574449,0.7357672151405775,39
4,1,0,7.716941204859822,1.105926610562086,57
4,2,0,8.47375423678081,1.232415366180587,62
4,3,0,12.19238536890938,2.012944467115761,84
4,4,0,10.48791825732857,1.787181682513457,72
4,5,0,9.718148294660555,1.499841918906948,70
4,6,0,11.18360876286532,1.670154279451177,83
4,7,0,8.070051138130694,1.213493396553338,64
4,8,0,12.12023327705543,1.698510749647581,94
4,9,0,11.07041298464192,1.586422052742874,87
4,10,0,9.844578006084783,1.31973203708228,83
4,11,0,14.35375283559727,2.033033406997894,110
4,12,0,13.61194273066608,2.0641478122821,106
4,13,0,13.45757905279204,2.977130386428875,101
4,14,0,12.88993700051083,1.7307797097387,106
4,15,0,9.93946269631363,1.413059580784651,79
4,16,0,14.00872701803658,1.934386352531402,111
4,17,0,11.18681960391211,1.39787911843345,96
4,18,0,11.49478379580788,1.521890300692017,100
4,19,0,12.38832047257188,2.319863876492735,99
4,20,0,14.17889089706755,1.817144434097753,122
4,21,0,12.70077381157578,1.836606918004449,106
4,22,0,11.712457122688,1.47348807127587,103
4,23,0,9.393927962457738,1.201650097522103,85
4,24,0,9.786744165581728,1.089071428489496,94
4,25,0,12.69122908060701,1.571840115157141,117
4,26,0,12.83174891893822,1.542519093722022,120
4,27,0,13.45800280146175,1.62784723095831,122
4,28,0,11.2298128487418,1.446714758661674,105
4,29,0,9.204750980109964,0.9941401713523292,91
5,0,0,6.50520574739173,1.011157729195525,47
5,1,0,6.640061649177561,1.10767534805125,45
5,2,0,11.21933192871301,1.809048717270508,79
5,3,0,11.57604866080695,1.797671633596113,83
5,4,0,9.486284146822465,1.455500422438452,70
5,5,0,11.00018289287476,1.698358273087398,77
5,6,0,14.06631065643201,1.884019493689299,112
5,7,0,9.994001790808738,1.335923083764604,79
5,8,0,12.6045450847275,1.857660203049228,94
5,9,0,13.02959953616842,1.918900030249455,99
5,10,0,12.98657835499493,1.796332687711437,105
5,11,0,11.0607427413329,1.555998151196611,89
5,12,0,14.38467849744536,2.285637581301344,110
5,13,0,12.95952202305664,2.23683407192635,95
5,14,0,11.7532336131811,1.775860846689387,91
5,15,0,10.57788932828666,1.471594660635497,85
5,16,0,11.78361231976485,1.661326217994508,97
5,17,0,11.88813956675982,1.467464840253247,105
5,18,0,13.55186659945767,1.778729734470267,117
5,19,0,11.1441779412616,1.385701315279884,100
5,20,0,14.50298517655971,1.923211985894016,125
5,21,0,11.83947032186434,1.54123808629765,103
5,22,0,12.80851406412281,1.72723812685327,111
5,23,0,13.2742396547075,1.574877439201195,121
5,24,0,12.35236420405448,1.344830266185382,120
5,25,0,12.77579723454529,1.606197104057577,117
5,26,0,10.99240090961402,1.401874548015292,98
5,27,0,10.49358163716218,1.338339459471899,96
5,28,0,10.79245129197555,1.170495863228074,106
5,29,0,10.95686123997045,1.383398772930365,104
6,0,0,6.43293984001974,0.9791241157925679,47
6,1,0,10.3615975776673,1.736696002473828,68
6,2,0,9.147086196747587,1.378091814768281,69
6,3,0,9.731753033417005,1.519733218257813,68
6,4,0,12.10636839332194,1.911956660543587,89
6,5,0,11.32850375559764,1.601999090381718,85
6,6,0,13.15618392425703,2.140624296681377,94
6,7,0,13.2445260213786,1.959450474416991,101
6,8,0,13.20213200747355,1.952251272434072,100
6,9,0,13.14557523247001,1.942937635493975,101
6,10,0,12.57820601678623,1.702886218217385,103
6,11,0,13.23556691920384,1.965597224257982,102
6,12,0,13.34399622293638,1.9369165718414,108
6,13,0,12.17700513890864,1.527582550205642,106
6,14,0,13.04714581142203,2.02656077038162,99
6,15,0,13.86494342788811,1.879653446554943,115
6,16,0,14.06033354782461,1.991044472904758,117
6,17,0,11.64374074482635,1.537216108325278,97
6,18,0,9.354721596981204,1.175771490217939,82
6,19,0,14.605554387676,1.750693016131352,131
6,20,0,15.28974704745198,2.444018211549174,120
6,21,0,11.30766882974036,1.495785610136791,95
6,22,0,10.44224737405371,1.272824409455906,94
6,23,0,11.58581529067472,1.449691344568276,105
6,24,0,12.61545693714985,1.557017469716568,114
6,25,0,12.94568236420226,1.706912860395983,116
6,26,0,9.826442179987469,1.14610480776706,94
6,27,0,10.73286883359013,1.315648374368192,99
6,28,0,9.477904183954456,1.048766579259436,93
6,29,0,9.302439822030179,0.9904704096070289,93
7,0,0,7.730649739361438,1.27638766259043,52
7,1,0,9.757419621205361,1.445656181197938,72
7,2,0,9.462258927190161,1.478268536479441,66
7,3,0,10.85177891368541,1.662523001425676,77
7,4,0,10.20298302513617,2.001403061684708,66
7,5,0,11.99344087219593,1.751518085636596,90
7,6,0,11.66859292890977,1.691192623887008,88
7,7,0,11.56416370283602,1.575763708254021,91
7,8,0,12.69911052052189,2.043142325413821,92
7,9,0,11.96516108818466,1.612340661022217,96
7,10,0,14.88510344809105,2.143317340806834,116
7,11,0,12.49949781237404,1.651978120444661,103
7,12,0,11.98358705755805,1.680474623304246,97
7,13,0,13.11790336518222,1.723703432935557,109
7,14,0,11.33705069091899,1.544442802078289,96
7,15,0,12.91174337645085,1.94565588027851,100
7,16,0,11.17677499376667,1.361170182846938,99
7,17,0,13.15841860032072,1.712183319160153,111
7,18,0,11.1280478737039,1.472204199047835,94
7,19,0,12.55563124512108,1.762317432500181,103
7,20,0,14.92475817222352,2.288700453557581,118
7,21,0,14.25692033563996,2.005909552297521,118
7,22,0,11.62199719995754,1.547852397970495,101
7,23,0,11.68451604475673,1.60330686170052,100
7,24,0,11.84478892008302,1.734525230074288,98
7,25,0,13.24315037360955,1.698607500161465,116
7,26,0,13.89015292316484,1.755675639737369,124
7,27,0,15.4849577589802,1.842158603205295,146
7,28,0,11.04965357945983,1.357187616531507,100
7,29,0,9.986159719553308,1.219788084156308,93
8,0,0,7.492725636316893,1.120021597273057,52
8,1,0,8.776170644269362,1.414904672764837,60
8,2,0,10.69635953176735,1.673541633895849,74
8,3,0,9.007855635790145,1.524367764475032,62
8,4,0,12.91593232481851,2.12368037741216,89
8,5,0,12.876742518659,2.150513755911128,90
8,6,0,11.93773816269666,1.745059794323099,92
8,7,0,13.04395542171693,2.135225354591793,90
8,8,0,12.96304603763029,1.928310718189917,97
8,9,0,11.67626659204348,1.78737726393182,87
8,10,0,11.23485093703323,1.491412043201942,91
8,11,0,12.54570591528834,1.758654295668648,100
8,12,0,14.29924233018621,1.986484345507786,118
8,13,0,15.14934378700891,2.108983323492256,122
8,14,0,13.1936310898252,1.911691339055904,108
8,15,0,10.97928732534129,1.382039852701137,95
8,16,0,12.07025650565649,1.579952425216457,103
8,17,0,11.52905964588986,1.649327943189114,95
8,18,0,15.17282984045289,5.120636047743001,112
8,19,0,15.01502021635603,2.363979983971166,115
8,20,0,13.35824154379564,1.803899968237616,115
8,21,0,12.71774059841614,1.63131003542699,112
8,22,0,13.21762204242511,1.740293357950645,114
8,23,0,10.30322903209293,1.34266696598112,95
8,24,0,10.51755508378947,1.130320458157907,105
8,25,0,13.14688811306992,1.85303549800653,112
8,26,0,11.56661939581601,1.540175910170508,104
8,27,0,12.912434107711,1.653305822156697,117
8,28,0,12.27070294926987,1.670149402378842,112
8,29,0,12.25112543674578,1.644886784564744,112
9,0,0,8.648950755668633,1.603162024845978,54
9,1,0,8.306263962901639,1.27589455775506,58
9,2,0,8.978847257159511,1.276239654352664,66
9,3,0,10.12558479878851,1.507365655163912,74
9,4,0,11.96284535065378,1.760704777403309,90
9,5,0,11.11685252454417,1.792822589369684,77
9,6,0,11.20560199231098,1.610920207207236,85
9,7,0,12.43599297416666,1.734136308875894,95
9,8,0,12.37368996414905,1.72878892891215,97
9,9,0,12.98035371239132,1.759754052227419,103
9,10,0,12.55534632498586,1.924706331609113,95
9,11,0,13.02023757295368,1.883783167017501,104
9,12,0,14.35977478216226,2.304391374323164,108
9,13,0,12.81907057946424,1.797780795773086,103
9,14,0,12.9404960665145,1.686739416549846,110
9,15,0,13.30486810122347,1.861457837190893,108
9,16,0,10.09451272838886,1.325445003073439,84
9,17,0,13.38430716272781,1.653136362668165,118
9,18,0,11.27200699995679,1.445594195610404,98
9,19,0,10.89780606640373,1.461915062541838,93
9,20,0,14.3633259607419,2.037344855582131,118
9,21,0,12.19474105670302,1.543790200879481,109
9,22,0,13.09007329655692,1.68670333778158,116
9,23,0,12.65740807008754,1.548580352237154,117
9,24,0,26.10687691217914,191.7118882801192,111
9,25,0,11.71864663698746,1.572592415445311,103
9,26,0,13.85273011640087,1.83067647426226,119
9,27,0,12.09159518675752,1.721725436270124,107
9,28,0,11.88675792147899,1.415236827632777,112
9,29,0,10.03634156056217,1.216639023927807,93
10,0,0,7.163178575080154,1.146687170294303,50
10,1,0,9.218760195186496,1.411250080106129,68
10,2,0,10.64784663331429,1.734007013974794,73
10,3,0,10.31307252327026,1.608270135179749,76
10,4,0,13.09566887653556,2.145773135690376,92
10,5,0,13.1305055986945,1.862285403210515,102
10,6,0,10.20167682300768,1.458952648892723,78
10,7,0,13.6374848803373,2.058945074245884,100
10,8,0,12.15423872624647,1.767049148632464,90
10,9,0,13.33503270620503,1.891895205833954,106
10,10,0,12.23832867030978,1.952286704072289,94
10,11,0,13.71239089116085,2.132816863217416,103
10,12,0,14.91366257281832,2.170127521967479,115
10,13,0,11.7332100885001,1.632813971247397,95
10,14,0,12.59746151575045,1.752261797257192,103
10,15,0,12.02866799759788,1.537518433218106,104
10,16,0,13.74847706222404,2.083796459392696,109
10,17,0,10.59130919958777,1.312527278779507,93
10,18,0,15.05045597616093,1.90254075960916,133
10,19,0,13.24535935566698,1.736033463192799,113
10,20,0,12.94379525931569,1.844981747361431,109
10,21,0,12.34996435067314,1.890653419868668,102
10,22,0,11.82318161524591,1.463180048297979,108
10,23,0,14.15586410189642,1.735492699530375,127
10,24,0,11.75412506133107,1.491425614223971,108
10,25,0,12.51978965256987,1.522359533045183,117
10,26,0,12.71399079251373,1.70350406818291,117
10,27,0,11.13913510622428,1.225207991935359,107
10,28,0,11.9059886145277,1.422132372941099,112
10,29,0,11.44599932766934,1.323839028930539,110
11,0,0,6.224845438770659,1.009429004850549,44
11,1,0,5.849415600324576,0.8091968595653296,44
11,2,0,8.539641104570434,1.343413545382581,60
11,3,0,9.521857662266202,1.376592169545368,70
11,4,0,9.226223554045465,1.429445108810613,66
11,5,0,13.32248623567899,1.931567606494422,100
11,6,0,12.82242063824521,2.039979264881934,91
11,7,0,11.60629520491987,1.60194408113402,90
11,8,0,13.62755405806336,2.091927813938163,100
11,9,0,13.2183936618527,1.994198402198844,102
11,10,0,13.83145673911062,1.893188667488635,109
11,11,0,10.95512408904795,1.621517972226185,85
11,12,0,12.28634446317012,2.117773917587422,88
11,13,0,14.25029236180909,1.821818228145999,121
11,14,0,15.18997888470321,2.079883589392029,124
11,15,0,11.3472119214907,1.600554076097096,91
11,16,0,13.90096702961652,1.810324626878359,119
11,17,0,11.11486365662369,1.386727057257491,98
11,18,0,12.07757714402718,1.793495193982441,98
11,19,0,14.94860564141486,16.21010738956882,97
11,20,0,13.21458230975479,1.84387301783498,107
11,21,0,10.65807482308224,1.461134545464936,92
11,22,0,12.43437317311926,1.497044915812594,114
11,23,0,14.69483946811765,1.969274582652273,127
11,24,0,12.40178656771598,1.533141425948839,111
11,25,0,12.24791022391828,1.651166376565359,109
11,26,0,12.82969863870603,1.596415544421849,117
11,27,0,9.779260849119899,1.20459155796187,89
11,28,0,11.43755402053108,1.361367079990288,106
11,29,0,10.69943483503192,1.237190075891865,100
12,0,0,7.927698534770724,1.366547647692916,51
12,1,0,9.486546460000111,1.460086579668843,67
12,2,0,10.68477231383983,1.755017873520716,75
12,3,0,9.647626000548627,1.476991972251218,69
12,4,0,11.50381321776987,2.107713831124837,74
12,5,0,10.94072222597926,1.560117699354143,82
12,6,0,12.07496042475936,1.777394245033374,88
12,7,0,19.96534557976145,21.49587695549478,118
12,8,0,12.84140231887741,1.921245938906361,97
12,9,0,11.89989831213905,1.71426538847381,90
12,10,0,11.29895850478727,1.548283954729886,92
12,11,0,11.64960696882046,1.647581831699866,90
12,12,0,12.15102807010634,1.821164112056657,93
12,13,0,11.49396061401291,1.557438002041449,94
12,14,0,10.68845064911876,1.445284795457079,87
12,15,0,14.5565311872492,1.928960260067281,121
12,16,0,12.58239402888385,1.799514648818273,103
12,17,0,15.25428763146065,2.144442881268447,125
12,18,0,10.30596173365843,1.359336888450838,89
12,19,0,13.25993391444714,1.670574208715828,118
12,20,0,11.73002211365282,1.487137597815154,103
12,21,0,11.06038089329323,1.353929243192918,99
12,22,0,12.50710786060328,1.745231564398647,105
12,23,0,11.11995191050775,1.347346268375072,104
12,24,0,13.97266019435679,1.874072586128337,121
12,25,0,13.22914671421997,1.629205971572912,120
12,26,0,12.30616845311164,1.608616231394655,110
12,27,0,12.60630008245812,1.696512981944942,107
12,28,0,10.44165621447063,1.153696380188652,102
12,29,0,13.26793220280342,1.628113787570996,127
13,0,0,7.362979132558475,1.276591995345899,50
13,1,0,8.848457758327717,1.285965027634699,64
13,2,0,10.13470523635051,1.76002229766612,72
13,3,0,12.12487476956205,1.844480662579829,88
13,4,0,12.85235947246922,1.950857861568385,93
13,5,0,11.97104987135194,1.868704078295214,86
13,6,0,11.24095776412899,1.697830424867635,82
13,7,0,13.88013127502475,2.101203915065459,103
13,8,0,13.42072012945168,2.016610435568526,102
13,9,0,13.01786145347045,1.954397760296591,100
13,10,0,13.22510449987301,1.925809491563578,101
13,11,0,12.64293057188202,1.815672524763757,100
13,12,0,11.47529052055243,1.65870858158498,88
13,13,0,11.57510247036462,1.429566110381214,100
13,14,0,12.61978416083065,1.808680459437583,98
13,15,0,12.99283695080124,1.587276589520531,115
13,16,0,12.5471939035563,1.586731418917211,107
13,17,0,12.70042020382657,1.750151811844562,107
13,18,0,11.19708699911526,1.525999804345927,95
13,19,0,11.87299162190651,1.390905379060984,108
13,20,0,14.68927186647081,2.082460286025138,124
13,21,0,12.17115760875961,1.538075411905236,106
13,22,0,12.0362737408464,1.625093472348355,103
13,23,0,13.0099608272005,1.777101966808751,112
13,24,0,14.03472802406814,1.765429777490577,124
13,25,0,9.466556976551983,1.017603972354626,94
13,26,0,10.23716190517083,1.182977548568601,99
13,27,0,14.24586725387179,1.607631882929794,139
13,28,0,10.78266416584668,1.297487534063345,101
13,29,0,9.652955321383429,1.1503868246771,89
14,0,0,5.851984140380377,0.8774122709686458,42
14,1,0,9.43805813211698,1.429930239564313,68
14,2,0,33.01164189134152,580.5676324011968,68
14,3,0,11.43784571168577,1.743745894120106,85
14,4,0,13.29403731275548,1.896033489378523,100
14,5,0,11.63466598703631,1.787705390798094,82
14,6,0,13.05455071934104,2.022331004402497,93
14,7,0,12.80061809998752,1.99492163462088,97
14,8,0,14.03950311071936,2.26077999908607,103
14,9,0,13.59659543368498,1.888518812423851,109
14,10,0,12.07634791242052,1.614587060218623,99
14,11,0,12.35575099393132,1.836865132729276,95
14,12,0,12.76225982963308,1.784110404680918,98
14,13,0,21.02872640844222,57.04549403825926,117
14,14,0,18.83379612007032,35.67790696290612,110
14,15,0,12.26663415245959,1.859463848748407,98
14,16,0,11.13470567364896,1.387014620190315,97
14,17,0,12.89341418003342,1.772314308886154,110
14,18,0,13.05018765137787,1.929447252549629,102
14,19,0,13.19948015921649,1.619526128648054,116
14,20,0,11.49274782007444,1.693662438581922,94
14,21,0,16.85742871368976,11.92017144932797,126
14,22,0,11.6457005171413,1.589158265591388,98
14,23,0,11.95685924926931,1.554239711396988,109
14,24,0,11.90726783148289,1.481409580641034,109
14,25,0,13.84670364101577,1.744987039796853,124
14,26,0,9.694606681779684,1.102718810607881,94
14,27,0,10.13321934306112,1.15143093816969,97
14,28,0,10.4023716481689,1.573860151427796,89
14,29,0,10.51107806018369,1.156610799819125,104
15,0,0,5.222752427885546,0.7200336752226076,41
15,1,0,8.168593198344734,1.376297874598224,56
15,2,0,8.049001528595561,1.208093313958716,59
15,3,0,10.71429892627831,1.515462254080258,83
15,4,0,11.36790456029101,1.745081869741826,84
15,5,0,13.32164630424388,2.027028873304985,95
15,6,0,12.41211774029532,1.8844794005243,93
15,7,0,14.07162555485391,2.085633251304709,104
15,8,0,14.55657047341547,2.298679368836004,107
15,9,0,14.43661023839705,2.793115439032806,107
15,10,0,15.02954753163911,2.042293224017432,120
15,11,0,13.82120894528573,1.941913596912842,112
15,12,0,13.58070748438875,1.957000941548761,104
15,13,0,12.4936655960768,1.726602562046146,102
15,14,0,14.73658035707952,2.107153418996326,121
15,15,0,11.91091332029916,1.607066741990812,99
15,16,0,16.76268284609754,2.460383324420046,136
15,17,0,13.20708061279591,1.716342319827048,112
15,18,0,11.97653271025877,1.631009099133664,101
15,19,0,14.30082592437606,1.85135293910484,124
15,20,0,11.95090695819524,1.712816902245888,96
15,21,0,12.02079084026003,1.83574637627486,100
15,22,0,13.68647018379486,1.825676327705317,120
15,23,0,13.09683879121562,1.729895814440588,116
15,24,0,12.54471206592381,1.515764201114768,113
15,25,0,12.46345122170841,1.613194217404297,111
15,26,0,11.83824170127343,1.494585929179999,107
15,27,0,11.98491831354979,1.488394927488155,108
15,28,0,14.57027578251019,1.932044630228188,132
15,29,0,10.48658928760985,1.352549796458218,95
16,0,0,5.039697111165039,0.6513822258706102,40
16,1,0,6.979522021054524,1.018109197994532,50
16,2,0,8.445192659941295,1.274232415627477,62
16,3,0,11.19698235824357,1.723323515427797,80
16,4,0,10.82161553619282,1.52037637284918,83
16,5,0,12.20627568065123,1.846976595084208,94
16,6,0,14.26043951159344,2.115176844667437,107
16,7,0,11.51536847734301,1.701961112446659,88
16,8,0,12.2509086632048,1.825158583454281,91
16,9,0,18.33267196344746,39.04481064087938,95
16,10,0,15.13056238550855,2.193869570817466,120
16,11,0,13.3895719996494,2.044522631177513,101
16,12,0,13.38168295738751,1.919877540851605,107
16,13,0,11.22768970392607,1.431031402403411,95
16,14,0,13.01602148862736,2.016203975692671,97
16,15,0,14.35609093845804,2.448554666807458,109
16,16,0,11.98593732850364,1.655655051151101,101
16,17,0,12.00494637777117,1.503772165476734,105
16,18,0,11.83779460796765,1.620112322972876,97
16,19,0,12.71999732180374,1.642192772178278,112
16,20,0,14.24103154441582,1.790312799717718,124
16,21,0,12.23532053782221,1.548314739982055,109
16,22,0,13.77185009093487,1.755903392119033,121
16,23,0,11.63537399540306,1.439207848681199,103
16,24,0,11.05054400278823,1.440655865308623,100
16,25,0,15.32258982876178,14.23882486900515,106
16,26,0,13.8284911774279,1.887896112409653,121
16,27,0,9.816516877755868,1.060883667471682,97
16,28,0,12.04017833895763,1.47487570435197,113
16,29,0,11.73205219444513,1.392817603239157,111
17,0,0,7.966279577758397,1.202994782728649,58
17,1,0,7.268436358400164,1.006729160458794,56
17,2,0,9.342704063969039,1.574885492805801,62
17,3,0,8.312731600430871,1.161301897756352,65
17,4,0,12.08351923788904,1.871573977452632,86
17,5,0,11.54337579323695,1.762860380251948,84
17,6,0,10.3103810938631,1.373972725263089,82
17,7,0,12.44652317805938,1.812978544844545,93
17,8,0,15.52735497421005,2.545363760106671,113
17,9,0,12.78858377742763,1.655919969077413,105
17,10,0,12.72709281269988,1.921214434623856,97
17,11,0,13.26206005753237,1.8456594262976,105
17,12,0,12.11063375222745,1.623496428518372,101
17,13,0,10.99012125537473,1.435045621438722,92
17,14,0,12.95901448345334,1.933604086822507,104
17,15,0,14.25760608707993,2.054103041007507,116
17,16,0,11.07704997223206,1.447253809521145,95
17,17,0,12.89480207324327,1.812383643910515,106
17,18,0,11.87077860412543,1.659281319771161,102
17,19,0,13.16620842162494,1.798055947090654,112
17,20,0,11.00598738332088,1.381030544429196,99
17,21,0,12.15018406567092,1.531677737018063,108
17,22,0,11.59105196059386,1.346410066147135,108
17,23,0,14.17061503727771,1.716293871531904,128
17,24,0,12.52098410515353,1.526996534154531,116
17,25,0,13.30667443542823,1.615872385473502,123
17,26,0,11.13573443885769,1.271830621786087,105
17,27,0,11.96700164312159,1.440223070793492,111
17,28,0,10.82593694481185,1.412498959136343,99
17,29,0,9.429275153225284,1.220842027805596,84
18,0,0,6.918787152505876,1.024807038621259,50
18,1,0,5.866150048588184,0.8284623678697126,44
18,2,0,11.03750256388052,1.908787832724768,73
18,3,0,8.721318175492502,1.261303812881184,65
18,4,0,11.25350460418162,1.657643906279589,83
18,5,0,14.97066660567396,2.280995650632006,107
18,6,0,10.92720569077938,1.689472500328173,82
18,7,0,13.47230214230429,2.198688762268294,94
18,8,0,11.84011489611358,1.871515415277452,86
18,9,0,12.18216169427587,1.776887405045228,92
18,10,0,12.57551580211682,1.867684448015189,97
18,11,0,13.59518927453351,2.09501874418362,104
18,12,0,12.21476786614144,1.900170589906216,93
18,13,0,13.84068881436298,2.224118199320028,102
18,14,0,14.63030921827005,2.11917300993371,114
18,15,0,14.38767907239071,1.87275360173313,121
18,16,0,11.60467738023781,1.58404465568052,94
18,17,0,9.961310284934749,1.311310516914585,84
18,18,0,12.70183471792594,1.627411496005881,108
18,19,0,14.8095613816373,2.014265106635373,124
18,20,0,13.28286818077947,1.764717318625036,116
18,21,0,11.77870715340419,1.551252081743947,106
18,22,0,13.04278261460584,2.049992510874082,103
18,23,0,13.22618489953209,1.76052931011252,116
18,24,0,9.539677479912555,1.191079705292725,89
18,25,0,13.84506227707357,1.67148524562518,131
18,26,0,12.54796034301658,1.644376206203529,112
18,27,0,12.20158311601537,1.509478822877194,113
18,28,0,13.57001974709682,1.512510366035553,131
18,29,0,10.39389127648892,1.255322978509673,96
19,0,0,7.071312097736334,1.246135329161266,48
19,1,0,7.691929983353465,1.197260738009209,54
19,2,0,7.764593411903494,1.192156783403044,55
19,3,0,9.265263092439644,1.368971849408009,68
19,4,0,11.27276900660435,1.758799889581063,82
19,5,0,12.2672625703414,1.852677225860753,92
19,6,0,11.46860239531571,1.704380341009059,86
19,7,0,12.98927347007831,1.977029241688659,95
19,8,0,14.01935874712156,2.166169010248835,102
19,9,0,12.43587253197425,1.573571126184018,104
19,10,0,12.38669406808873,1.953308883009638,92
19,11,0,10.96764803245341,1.480635484974199,92
19,12,0,12.09549035849457,1.801895135727843,94
19,13,0,11.81735592623057,1.631017564894774,96
19,14,0,11.96401404386774,1.69356746287842,96
19,15,0,12.64727751750179,1.996847402409999,96
19,16,0,12.79494612373367,1.709070802311839,107
19,17,0,12.76394962013004,1.853058663802093,109
19,18,0,13.14142484527268,1.824611971873776,110
19,19,0,13.42456847651377,1.619390038671377,120
19,20,0,11.29638637787415,1.333390750066963,103
19,21,0,10.53284740548986,1.400998571339414,90
19,22,0,12.46670015230214,1.451169067868541,115
19,23,0,12.10899118250456,1.496342875382255,110
19,24,0,11.71453408318497,1.476213396959017,106
19,25,0,12.55913648831253,1.553524661961357,114
19,26,0,11.87363252687728,1.514983700343027,105
19,27,0,14.01868231273535,1.783705695719502,127
19,28,0,12.4172896495815,1.484042767033373,115
19,29,0,11.80360232773918,1.334107233551526,114
20,0,0,4.747018637630601,0.6352923391638812,38
20,1,0,9.119746716624856,1.495669564043692,62
20,2,0,10.67773824574831,1.582869427328839,80
20,3,0,8.598468152565296,1.221035433470196,64
20,4,0,12.81818887354626,2.059757481101617,89
20,5,0,12.71760209343596,1.754007524210645,99
20,6,0,15.30372114712177,2.414519319547632,110
20,7,0,10.9938639967505,1.605472228401634,84
20,8,0,11.57628514450259,1.566342320501512,90
20,9,0,11.59380992688566,1.586521269957201,93
20,10,0,11.44492412146064,1.618162510228919,92
20,11,0,12.52334013362653,1.706546920633038,99
20,12,0,14.99067296292977,21.34775842326323,89
20,13,0,14.00639335762404,3.771446375231976,102
20,14,0,11.22657682250996,1.59586484546835,94
20,15,0,11.9528470520166,1.714498267119481,95
20,16,0,12.29666396826032,1.575774502510599,106
20,17,0,15.50644181497056,2.131206810865741,127
20,18,0,13.14711021123374,1.770413433348565,112
20,19,0,10.99951009237537,1.660761295543279,89
20,20,0,13.27388263870833,1.695195185021058,119
20,21,0,12.94979059664813,1.586412259279686,116
20,22,0,11.97103724945898,1.52254513287642,107
20,23,0,11.56230649986882,1.39027778338156,105
20,24,0,13.06661350962883,1.84081847228202,112
20,25,0,12.67278612521572,1.546020367328943,117
20,26,0,15.10437353405629,1.907667043009557,138
20,27,0,12.35531165495817,1.50988196814348,115
20,28,0,12.92027425335285,1.607600234593776,116
20,29,0,11.1275163535265,1.551597398073724,98
21,0,0,6.602277108673831,1.118078069523768,45
21,1,0,8.318482018137496,1.334106117306725,56
21,2,0,8.523520032316242,1.308456219800128,61
21,3,0,10.54285628938571,1.765105955925516,74
21,4,0,10.77452523357269,1.571783399238976,82
21,5,0,11.37253243383872,1.742979841160278,84
21,6,0,10.83050928550998,1.53314021459397,84
21,7,0,12.66345568347685,1.778174238757855,97
21,8,0,10.41132870367602,1.531059202601836,78
21,9,0,13.33086452633689,2.003895079663462,99
21,10,0,11.57285691285434,1.881793916676243,88
21,11,0,12.57445192281001,1.729384711793991,102
21,12,0,13.9063692420865,1.949820976874395,113
21,13,0,11.47995884209953,1.552524756612177,94
21,14,0,12.26655726074707,1.8490961456508,94
21,15,0,11.97885945974003,1.714247956250794,96
21,16,0,13.95085707546229,1.975325774091684,112
21,17,0,16.83274284010465,23.6118446083799,108
21,18,0,11.54867205652652,1.480739527509851,104
21,19,0,13.92256995655078,1.725293410726964,127
21,20,0,12.97353350008673,1.876499404796479,108
21,21,0,12.10829899217185,1.382682734898837,115
21,22,0,10.25077955642549,1.359317156644666,90
21,23,0,12.95931445704244,1.619261212129991,116
21,24,0,11.4208549729298,1.485161085648039,102
21,25,0,10.37165603924103,1.246735795732916,96
21,26,0,14.59979754473252,2.05186292601489,129
21,27,0,11.60646852465684,1.432642920131013,108
21,28,0,15.72187909033705,9.462953622103132,116
21,29,0,15.92825784001669,42.16294261691398,87
22,0,0,6.60819922210962,1.074049241362942,45
22,1,0,7.883903389857505,1.182554154012437,58
22,2,0,9.711469651045816,1.549939150223617,67
22,3,0,10.4314574126933,1.628645106405832,78
22,4,0,10.99388762394849,1.496413091978379,88
22,5,0,11.00368021906911,1.762889091066838,78
22,6,0,12.16311515094285,1.771649196050409,90
22,7,0,11.55365354635135,1.780053669791811,84
22,8,0,12.59655399505906,1.892884659871325,98
22,9,0,18.90851338950297,15.43414731747177,113
22,10,0,12.87904962858922,1.942422038819138,97
22,11,0,12.80498521965383,1.815797778274631,100
22,12,0,13.4639712922433,2.117559212633652,106
22,13,0,12.28778826005758,2.003746484826227,92
22,14,0,13.19104339274613,1.86529573576318,106
22,15,0,12.87151212064125,1.836065254292083,104
22,16,0,11.34204553914199,1.491017738179175,100
22,17,0,18.48153392566892,27.01944391705205,106
22,18,0,12.81693125086131,1.597682074289141,112
22,19,0,13.39711013236353,1.959677129043815,105
22,20,0,12.26881331058776,1.569083307606642,106
22,21,0,10.87269141929164,1.189214745748741,107
22,22,0,12.81341807071198,1.609391467072628,115
22,23,0,12.20118301438315,1.522772708131953,109
22,24,0,11.01913397506823,1.292847943565396,101
22,25,0,10.95761914287174,1.313801098613206,101
22,26,0,11.51952042415328,1.479289641783254,103
22,27,0,12.58694187131513,1.406712085695279,119
22,28,0,12.42086683985256,1.348572690761143,122
22,29,0,9.834973977957624,1.138965688479997,94
23,0,0,7.703342328526137,1.298600675713472,52
23,1,0,7.997077783330712,1.204262655984457,57
23,2,0,9.094394021467544,1.345745227857436,65
23,3,0,9.590455097540758,1.388651138666817,72
23,4,0,8.859410706419556,1.230215987828988,68
23,5,0,11.01758607576638,1.657426057593882,79
23,6,0,12.33036966661354,1.928853811408397,89
23,7,0,10.63899598713549,1.643719821662039,78
23,8,0,13.66866974017714,2.104328920303033,104
23,9,0,11.94127088183424,1.719909331801256,93
23,10,0,13.60957714612904,2.107626354651252,100
23,11,0,12.45313029264212,1.782771001809816,99
23,12,0,13.3640654561258,1.874145789331229,108
23,13,0,13.11059056620754,1.934476510306541,99
23,14,0,14.38017895510395,2.120409950027787,113
23,15,0,11.90801389782606,1.723169055979598,96
23,16,0,11.60575086506718,1.51792656275745,97
23,17,0,12.74199782564394,1.733552701955801,107
23,18,0,13.20088444468515,1.824175023312696,110
23,19,0,13.06906529364855,1.537453012348139,119
23,20,0,12.87635870276079,1.568102740150962,114
23,21,0,11.48782943073514,1.469771703009344,101
23,22,0,11.78618356284593,1.604357580057722,104
23,23,0,12.15389986459273,1.538827787455932,108
23,24,0,11.79641798065031,1.681909362997397,100
23,25,0,11.82633706526654,1.449422258015194,105
23,26,0,11.98701981111505,1.413320518134463,110
23,27,0,8.653092080094394,1.015631121665954,83
23,28,0,12.83232834290288,1.517062342863491,121
23,29,0,10.63454806937747,1.192940525658008,104
24,0,0,5.464944099050943,0.8254335663081384,38
24,1,0,6.713441919172158,0.9896109102276445,49
24,2,0,10.37001828278008,1.690501450258892,72
24,3,0,10.95465339403254,1.666572421674091,80
24,4,0,13.0983389841673,2.044620281839077,94
24,5,0,10.64184623731941,1.592752855841866,80
24,6,0,10.8389081874317,1.643620187030536,82
24,7,0,13.55863297727935,1.961403110926281,103
24,8,0,10.90483452167247,1.490437596381372,85
24,9,0,10.25278110818997,1.429472904479558,81
24,10,0,13.77582665290782,1.952650624219773,107
24,11,0,13.80178318209183,2.020552295558298,107
24,12,0,12.02485458955596,1.883190347786043,93
24,13,0,11.47976718916667,1.800763135453975,85
24,14,0,12.11801903769832,1.624539627553496,101
24,15,0,11.14345314506903,1.592164099826121,92
24,16,0,12.19739423322873,1.637910905077798,103
24,17,0,8.772963138326343,1.139508254948748,76
24,18,0,11.04470216022618,1.389345975748778,98
24,19,0,9.81850325866013,1.357295538768865,83
24,20,0,17.0719698779248,19.48436092698333,112
24,21,0,9.950204236629084,1.370919133259959,89
24,22,0,14.07744795813256,1.809211078365776,124
24,23,0,13.02004487306251,1.685029154775808,114
24,24,0,12.35715014823983,1.508145130227516,113
24,25,0,12.59322425083231,1.552475383524553,119
24,26,0,12.76408151462732,1.689352718646661,113
24,27,0,10.41353458919784,1.229761068818938,101
24,28,0,14.56052408286605,2.116086790985941,123
24,29,0,11.188581978092,1.343903227125753,105
25,0,0,5.206196967722573,1.008225442091991,32
25,1,0,8.041307725802183,1.203663791943901,57
25,2,0,7.31869503760506,1.11091759745232,52
25,3,0,7.87611212068126,1.189444050400371,60
25,4,0,9.539203160199673,1.322810850820474,73
25,5,0,11.12107797594315,1.562372423262358,85
25,6,0,10.5709607284808,1.585732756234263,78
25,7,0,10.69404952388477,1.550992889983424,81
25,8,0,13.79640318367388,2.216727977542376,99
25,9,0,11.85992717457805,2.037425587295461,85
25,10,0,12.92416461046111,2.138247682130247,92
25,11,0,13.13977540945938,1.98497302323152,100
25,12,0,12.84115093368263,1.796249994783155,105
25,13,0,9.159797623941538,1.340111200731801,75
25,14,0,11.47232533396101,1.501417736635492,99
25,15,0,9.921180284253865,1.364424714542654,84
25,16,0,11.27006021075595,1.459485728385941,99
25,17,0,14.63306291951598,2.169915410369817,117
25,18,0,10.53135342373886,1.276473632168956,93
25,19,0,12.98896704544156,1.875205807023847,107
25,20,0,11.21091516507274,1.302817867897638,103
25,21,0,10.41216669353537,1.256721102694577,95
25,22,0,13.87464959609643,1.781100155744673,122
25,23,0,12.90309721228735,1.623980561719497,117
25,24,0,13.24529513531545,1.683093549958297,120
25,25,0,12.56421849840812,1.739753118133539,110
25,26,0,12.16263072800206,1.504598079034497,111
25,27,0,13.15734431032875,1.638445910959422,121
25,28,0,10.59813038647431,1.210961506321435,104
25,29,0,9.498804549936867,1.119800487820358,89
26,0,0,6.429044770907407,0.9451261383061852,47
26,1,0,7.852348391298966,1.309267754919048,53
26,2,0,6.858108480360882,1.019001262837048,51
26,3,0,7.476986324157391,1.149107216589373,54
26,4,0,9.252295200586275,1.375711566051482,67
26,5,0,11.04856325774719,1.83038059623197,78
26,6,0,8.338098239750176,1.324415704419947,61
26,7,0,10.26960160489625,1.464670048795442,77
26,8,0,11.45083931841191,1.547749857844915,91
26,9,0,11.67199353328484,1.552455392533653,96
26,10,0,7.856217721367736,1.15946281705619,62
26,11,0,10.97258452855247,1.475248221744524,89
26,12,0,10.21513268725001,1.441408957730745,82
26,13,0,9.52792005466044,1.323736360847721,74
26,14,0,11.35511744122869,1.551901030357136,91
26,15,0,11.80547287925248,1.517332621349736,102
26,16,0,12.89264428721921,1.840351595896463,105
26,17,0,11.51804703060511,1.614112188599754,96
26,18,0,11.64167138262447,1.565958578263976,97
26,19,0,13.17105907826264,1.970413969634257,106
26,20,0,12.69953936064257,1.683204578982414,111
26,21,0,13.45610664318417,1.842064112698885,114
26,22,0,12.99077586463366,1.714331286666869,112
26,23,0,9.715774233995116,1.113708080816363,91
26,24,0,10.59966795166153,1.415684078248281,95
26,25,0,11.36807875391794,1.313124136894795,108
26,26,0,11.15404130280604,1.259558758850005,107
26,27,0,10.81815787640197,1.164632227983484,108
26,28,0,10.339723470375,1.296529901458957,97
26,29,0,11.72529683744053,1.579987862090396,102
27,0,0,5.32732522744896,0.7865777454231806,39
27,1,0,5.686001024799826,0.8889388394856325,41
27,2,0,8.768385099976536,1.371491138688396,62
27,3,0,7.049276973316197,1.23812007835469,50
27,4,0,6.949683039895112,0.886690176448397,57
27,5,0,8.729586028302325,1.284062377757046,65
27,6,0,7.93732321503603,1.137665800137014,62
27,7,0,9.002416421188274,1.336959733371316,68
27,8,0,8.79128952674275,1.171131169131733,70
27,9,0,8.233532049766239,1.154140514270172,65
27,10,0,8.928215736041864,1.20373419983482,75
27,11,0,9.899192692127624,1.269194731014485,83
27,12,0,9.960497480777352,1.431695056610244,80
27,13,0,9.661452546634468,1.35468931779996,77
27,14,0,7.746364913192821,0.98342855797855,66
27,15,0,9.466853894399526,1.244128305454744,79
27,16,0,8.757258667241427,1.340656203045072,73
27,17,0,10.80895686651847,1.382333377502366,93
27,18,0,12.50168158020072,1.645879229108251,111
27,19,0,10.65693929496662,1.465077176340435,91
27,20,0,10.25286218061549,1.324745298611191,90
27,21,0,12.32791556288283,1.561816935884897,111
27,22,0,9.294565520256496,1.094902575578473,86
27,23,0,8.825624575984525,1.211897767145345,77
27,24,0,9.330954544503967,1.117817594512483,85
27,25,0,11.96405786233602,1.492204951924128,109
27,26,0,10.35503752193971,1.207945808344715,97
27,27,0,10.82173920764709,1.384715854650009,100
27,28,0,12.16490944247311,1.798898024811701,98
27,29,0,13.7647662289584,1.858973397849874,121
28,0,0,5.288823257484136,0.8286073294097652,37
28,1,0,5.196488408147776,0.7076818671471845,39
28,2,0,6.207039066943143,0.9680275975569351,43
28,3,0,8.151420602921331,1.19615744125352,61
28,4,0,7.608749527666015,1.415585351909855,51
28,5,0,10.66162369451926,1.961535363966941,71
28,6,0,7.620853148688612,1.154558773892719,57
28,7,0,9.756566178561012,1.458654075524905,73
28,8,0,10.17414339169635,1.45156206176059,79
28,9,0,9.994055095987267,1.620780685041556,73
28,10,0,7.733039468375912,0.9477495473014661,67
28,11,0,8.515451361104327,1.251365210081227,64
28,12,0,7.10728285348817,0.9390609399022777,60
28,13,0,9.375841224681531,1.460893791593394,71
28,14,0,10.74998427100758,1.686626290366054,82
28,15,0,7.177198007546482,0.8637237669473293,64
28,16,0,9.621520141752944,1.293034523217971,78
28,17,0,10.33361142544059,1.336607604184651,87
28,18,0,9.301226548065879,1.339624357179846,75
28,19,0,9.499085401229554,1.319947421954809,81
28,20,0,9.624623968644768,1.268945227387502,86
28,21,0,7.244107876884415,0.8871799544415335,64
28,22,0,10.23854591993085,1.339605062142391,89
28,23,0,11.13048777271097,1.532770331284919,93
28,24,0,10.77081105129781,1.505364167304161,93
28,25,0,9.749753698211874,1.107218951141843,94
28,26,0,8.340111914759953,1.153073418386732,73
28,27,0,11.42776149317141,1.502026641783385,104
28,28,0,10.00277526063489,1.164826460718502,96
28,29,0,7.945126230389529,0.9216917926112228,75
29,0,0,3.474078115656822,0.4894414594218823,28
29,1,0,3.088356674852354,0.5491623285997842,21
29,2,0,5.779186597390549,0.952630930225804,40
29,3,0,5.040631734566318,0.7235839278042987,38
29,4,0,7.335337531364218,1.199175869495814,52
29,5,0,6.379627559353901,1.005934386637837,45
29,6,0,7.267130860804643,1.152391664943397,51
29,7,0,7.336389804005067,1.103558143457124,54
29,8,0,6.483882686714304,0.9231064623111828,50
29,9,0,6.192229685178654,0.8172033552827573,51
29,10,0,6.628148504204895,0.8954302033478607,55
29,11,0,6.991296140092697,0.9181705417101341,58
29,12,0,7.428361366269495,1.069405446216007,59
29,13,0,8.434684543138806,1.134815263078202,68
29,14,0,8.223381008536247,1.039873273881353,70
29,15,0,6.630982923388078,0.8218838901584979,58
29,16,0,7.140037821055073,0.9567103575211745,58
29,17,0,7.224704150017341,0.9514401485319132,59
29,18,0,7.990008114081228,1.066350011356485,69
29,19,0,6.578783696677282,0.8774395159305751,60
29,20,0,6.504665339869854,0.9304626603707953,54
29,21,0,6.736930204280812,0.7929183591102688,63
29,22,0,7.486049042340394,0.9490593892539007,68
29,23,0,9.379648706840852,1.170266083788573,84
29,24,0,7.296263906824224,0.8941206528270647,72
29,25,0,8.222031720004638,1.148341977344243,69
29,26,0,7.990417341515418,0.94324364943003,75
29,27,0,7.124454278658975,0.7353245660124419,72
29,28,0,8.421460977674004,1.161720979336843,73
29,29,0,8.171975559493463,0.9987115818974749,74
