# mesh name: boxMesh_1
# primitive scorer name: doseScorer
# iX, iY, iZ, total(value) [MeV], total(val^2), entry
0,0,0,4.070873335727672,0.4325509745895288,41
0,1,0,6.202205937733048,0.8102565104276904,58
0,2,0,8.298521378481297,1.007212187988354,78
0,3,0,5.011432652209643,0.5273288145704351,51
0,4,0,5.848168859084282,0.6661695884300736,57
0,5,0,7.086011213907478,0.8760743593450645,67
0,6,0,6.320731870031563,0.6657515165192547,65
0,7,0,6.504180310141519,0.8704114757403951,59
0,8,0,6.798357099088416,0.7220984286936479,69
0,9,0,6.092577327987772,0.7363742062780957,61
0,10,0,6.505660246961801,0.845426529770086,57
0,11,0,7.588726206993553,0.9701770896858071,70
0,12,0,6.454233162578777,0.6498224564036279,67
0,13,0,7.525517610937819,0.8423010021455203,74
0,14,0,7.383363727550257,0.8000818712810683,74
0,15,0,5.504373311859831,0.707443740775477,52
0,16,0,7.028726606664006,0.8550231763786855,68
0,17,0,7.103617211113692,0.8232714323126262,69
0,18,0,6.900384605292575,0.7588810443475225,69
0,19,0,7.581823432432771,0.8526024403183529,74
0,20,0,7.340596482370758,0.7730803756966292,74
0,21,0,6.205840853871285,0.8326776984932548,60
0,22,0,8.850446245448577,1.033105302678365,85
0,23,0,6.258823608433967,0.6594134960703009,66
0,24,0,8.93987427593679,1.078575252691385,85
0,25,0,8.229922112218301,0.8693309663778527,83
0,26,0,6.070224809845004,0.6881298284578431,61
0,27,0,6.762598886012579,0.7319535899378693,67
0,28,0,15.17068258711603,32.85973160484325,79
0,29,0,5.488111694108033,0.5466486439200323,57
1,0,0,5.654580906098459,0.5834079940317863,60
1,1,0,8.158800140112751,0.9404121025146592,79
1,2,0,8.086942289567041,1.030823809837415,75
1,3,0,8.402228064127069,0.9758354026501217,82
1,4,0,9.694296277419465,2.005685463166872,84
1,5,0,9.091053847656607,0.9776972658372084,93
1,6,0,9.126356369854387,1.209773356038285,83
1,7,0,10.97317244555819,1.516749981885368,101
1,8,0,11.39113559876375,1.426424761598014,104
1,9,0,9.326288912111417,1.270792993149091,82
1,10,0,10.22671594273394,1.204201258182034,97
1,11,0,7.540988638821141,0.8372578275357936,76
1,12,0,9.65119931016276,1.214421390191889,92
1,13,0,9.740351877279283,1.153513596812423,92
1,14,0,9.665497804652468,1.189611305007764,94
1,15,0,10.50397094259179,1.266930154092833,103
1,16,0,11.16177692043098,1.252585213234659,108
1,17,0,9.479330615888999,1.076517658886565,92
1,18,0,10.68762694688265,1.177216095157775,109
1,19,0,11.77262850842938,1.698400604602585,101
1,20,0,9.768296649457577,1.226892560513791,90
1,21,0,10.32237788348838,1.262127113700555,100
1,22,0,16.66739215083329,57.74457935576204,90
1,23,0,11.5534782231471,1.295739997935659,113
1,24,0,11.4341829061347,1.221689739259525,117
1,25,0,10.41926842261249,1.149729148623254,104
1,26,0,10.53891301552702,1.253013733868468,101
1,27,0,10.89970835394818,1.176338984250422,109
1,28,0,12.42432423066519,1.769571292123027,110
1,29,0,7.876928569172129,1.011486753400999,73
2,0,0,6.961383350248242,0.870645678364902,64
2,1,0,7.482867380805681,0.8046060145925711,75
2,2,0,8.844118916058845,0.9730913590651534,86
2,3,0,11.83325145556443,1.582575613502997,107
2,4,0,9.648719457228571,1.15380402147309,91
2,5,0,8.677667326035261,0.9395480173335902,86
2,6,0,9.628552910984309,1.127034520958924,95
2,7,0,8.568909573742657,1.078801187757579,79
2,8,0,12.36043384833148,1.491194765954888,117
2,9,0,9.585726237829162,1.05783648637504,95
2,10,0,9.732168733054085,1.180182809503205,95
2,11,0,12.71652988681949,1.56289180542414,120
2,12,0,9.415082967368869,1.135675230537754,91
2,13,0,9.935764195229352,1.104806578199711,99
2,14,0,10.32217501266362,1.246382534697093,98
2,15,0,12.50815309278158,1.528162325019899,119
2,16,0,8.590777422328692,0.9214533189110723,88
2,17,0,12.11578120230756,1.480531294565229,115
2,18,0,10.26246296196566,1.196054229143164,99
2,19,0,9.779962929254999,1.105261265063662,97
2,20,0,12.45857027214942,1.591320937339564,116
2,21,0,11.26895903049726,1.520519108306795,102
2,22,0,10.58065522336748,1.320395983341784,98
2,23,0,11.61344003112882,1.411646275454381,108
2,24,0,13.18731083752076,1.643148255768967,123
2,25,0,11.9959451047625,1.387724516736406,117
2,26,0,9.578735103842144,1.034641489942096,96
2,27,0,10.94255912377545,1.291933284252538,108
2,28,0,10.79681283340885,1.091173706001315,116
2,29,0,7.728289542303743,0.8745955752442812,77
3,0,0,7.723548514662511,0.8918354710111287,73
3,1,0,8.852347472868779,1.128625605024451,83
3,2,0,11.55491198698842,1.189555676342773,117
3,3,0,12.36441545084968,1.334320953736041,123
3,4,0,11.75553591352776,1.456185939198411,114
3,5,0,10.48334192374114,1.289096657036576,100
3,6,0,12.23235235146417,1.664949555982753,112
3,7,0,11.99314617696646,1.255510368997167,122
3,8,0,12.48118443256524,1.65699617669838,113
3,9,0,13.97310802386175,1.595749050514351,138
3,10,0,10.52670611153748,1.11353151937607,107
3,11,0,9.672240432525273,1.19959355795361,90
3,12,0,12.30392395735361,1.601797890474356,113
3,13,0,10.42636702466284,1.183025399347373,101
3,14,0,11.15533243014846,1.347004322777375,105
3,15,0,10.4693049936421,1.286648413186738,96
3,16,0,10.67870251710602,1.251205287205653,102
3,17,0,13.95311123579571,1.664475098590627,131
3,18,0,10.85284106153235,1.202744266772909,110
3,19,0,10.67119889645483,1.300622297648183,103
3,20,0,11.06114280230605,1.222174347831983,110
3,21,0,14.21078306441644,1.618320177675667,139
3,22,0,11.24771565680591,1.538181169056154,103
3,23,0,11.90526156789392,1.21776830150517,125
3,24,0,13.54859088954814,1.602452215264413,130
3,25,0,12.05407287014185,1.540284524083511,115
3,26,0,11.41219179192001,1.319595018842782,113
3,27,0,12.15861647761744,1.360847409118928,122
3,28,0,9.290768608956805,1.045354798117754,90
3,29,0,7.031072175443598,0.8586611537934633,70
4,0,0,7.047842636054543,0.8956155217679638,63
4,1,0,9.894949135008208,1.340794171668581,89
4,2,0,11.96000635821897,1.559708871451218,110
4,3,0,11.22940059453892,1.548869102860345,98
4,4,0,12.93311151447839,1.698412369864502,117
4,5,0,12.44924730569752,1.540481544815129,116
4,6,0,11.48177357326187,1.343449279954295,108
4,7,0,10.81760807877654,1.34672042919158,102
4,8,0,10.48999688779447,1.460231121682946,93
4,9,0,10.81107515580649,1.40527667308474,95
4,10,0,11.98419004770994,1.394328433364337,113
4,11,0,12.89511748623444,1.577500573846145,122
4,12,0,9.855578916132288,0.9971240649011679,104
4,13,0,14.42412308103324,1.98052971391588,127
4,14,0,10.22757549256709,1.298914731966383,97
4,15,0,9.884788767950866,1.181361885398902,95
4,16,0,12.26228858177479,1.519425694584204,118
4,17,0,9.037260494966546,1.063555569897226,88
4,18,0,11.09523509457467,1.200650967791695,110
4,19,0,10.43099750422952,1.2256219398942,101
4,20,0,11.13608384600881,1.366843018936211,104
4,21,0,10.66569749325059,1.184368799945455,105
4,22,0,12.92159935949779,1.648649886540454,118
4,23,0,11.71596313998598,1.446531002255174,112
4,24,0,11.09849364190928,1.221428256658513,112
4,25,0,10.35843517360031,1.034186817894704,109
4,26,0,12.0374268530183,1.542403343453901,114
4,27,0,12.16284746300943,1.215114840735392,128
4,28,0,12.16648490336955,1.438394076763625,117
4,29,0,8.568222479515514,0.9614942031451257,83
5,0,0,7.700430353250248,0.9630042483685031,72
5,1,0,10.34347432481236,1.353439339697985,91
5,2,0,10.93252691361004,1.416676605984658,103
5,3,0,11.72022320975459,1.535267938611734,107
5,4,0,11.32857128309089,1.495840133791092,101
5,5,0,9.621886697266058,1.177875110188504,89
5,6,0,10.88626909449749,1.2642722558245,104
5,7,0,11.66031219065025,1.432299280120649,111
5,8,0,12.95340806770682,1.598046619720021,118
5,9,0,12.47983903079515,1.576871257671601,117
5,10,0,8.560469710287324,1.016423752827404,81
5,11,0,9.703734010710781,1.010979861566581,101
5,12,0,11.6692507683088,1.395693466215101,109
5,13,0,10.7803821680084,1.194182981308084,107
5,14,0,12.0753781254456,1.496631654987061,113
5,15,0,13.44431944352515,1.504508295912004,133
5,16,0,13.75286174174393,1.836905283427247,130
5,17,0,10.51346172815213,1.132830629227588,107
5,18,0,10.87044742611982,1.268679340827209,105
5,19,0,11.593532915659,1.552675302115759,108
5,20,0,12.37849511090113,1.435332263229875,122
5,21,0,10.08470820704156,1.155098566442875,97
5,22,0,10.84008284485832,1.342237391346539,104
5,23,0,14.8262457160087,1.886717928239961,142
5,24,0,10.21298004378934,1.089764947829365,104
5,25,0,11.64432418764679,1.288546676187522,114
5,26,0,10.37329413393788,1.167424465475292,107
5,27,0,12.22877054226332,1.446698743714633,119
5,28,0,9.572789445933868,1.080206444370717,95
5,29,0,7.556471332681453,0.8422815857450714,78
6,0,0,7.611385178843004,0.9249121883851493,71
6,1,0,9.61654603218984,1.186587436273698,88
6,2,0,10.00565250352715,1.269646869787513,94
6,3,0,13.82717214819136,1.87367602547161,123
6,4,0,11.69339412780242,1.340381845784492,113
6,5,0,13.28636231455934,1.662534741426865,124
6,6,0,11.83696333185557,1.316169871522118,119
6,7,0,11.6353831722861,1.286385433162458,116
6,8,0,11.18976965610415,1.174355720893662,113
6,9,0,11.34094317105144,1.312105230643162,110
6,10,0,11.96206690764796,1.378775482963076,118
6,11,0,9.68916512792353,1.144034207498508,95
6,12,0,13.11959274702875,1.44637197236918,129
6,13,0,10.72721341661986,1.205421090561453,106
6,14,0,11.87371704306647,1.241701908225092,121
6,15,0,9.868738002564848,1.118326374808665,100
6,16,0,12.6442782963879,1.431555766093542,123
6,17,0,13.05373327427058,1.758405170509734,117
6,18,0,13.87012955151399,1.83422535738469,128
6,19,0,10.66402334078253,1.278214424989447,104
6,20,0,10.91867322951182,1.38338216302197,103
6,21,0,11.45393263682541,1.350784819123227,111
6,22,0,10.94199049459209,1.253579874494257,111
6,23,0,11.55437707137203,1.362130315775403,112
6,24,0,11.12579886390017,1.297989588211373,107
6,25,0,10.97456566923583,1.341144810723516,105
6,26,0,12.06319218767936,1.449871436585467,115
6,27,0,12.34298226187264,1.373442186268184,123
6,28,0,11.7793635725532,1.379135443373756,114
6,29,0,8.968829802340178,1.001379367256389,91
7,0,0,7.398854207632685,0.9033482766784626,71
7,1,0,7.832363063761769,0.9001349485424658,76
7,2,0,12.27123052694326,1.551670397994095,111
7,3,0,9.114747092123798,1.032431500091186,88
7,4,0,12.75381664849523,1.560818807575291,120
7,5,0,11.5384065369938,1.587446509541897,100
7,6,0,11.74973332345291,1.339978632809668,114
7,7,0,12.04735582590955,1.439919465846305,115
7,8,0,11.78674788164656,1.283049337844718,117
7,9,0,10.72196194037729,1.201910691150368,104
7,10,0,10.33628271282169,1.362639249180245,96
7,11,0,12.13701476776621,1.554183624682657,113
7,12,0,10.21587143628894,1.291535107455817,95
7,13,0,13.00087468547019,1.726447721909861,118
7,14,0,11.90190185044723,1.447727021956166,115
7,15,0,13.57577109979582,1.541336770488723,132
7,16,0,11.68575105079372,1.386714337059377,113
7,17,0,10.42381346885436,1.14302886084753,105
7,18,0,10.64798591510289,1.304720000540457,100
7,19,0,12.2039009715869,1.561489475443008,111
7,20,0,11.77227325012911,1.562498747018428,107
7,21,0,11.46397607777789,1.514603685711504,111
7,22,0,12.68944142947162,1.398317991267582,129
7,23,0,9.417403753358093,1.052691143675097,93
7,24,0,9.591674670343227,1.067186679528818,98
7,25,0,10.85037216090286,1.197984260491859,110
7,26,0,10.36426809803316,1.331967119845952,96
7,27,0,11.15885185498191,1.23124655549434,114
7,28,0,11.78646173622661,1.472911263245045,111
7,29,0,9.128445550392888,1.102107297608399,89
8,0,0,7.581246300021355,0.9233375443470061,71
8,1,0,10.29717133157264,1.384198422584257,95
8,2,0,9.987264388459423,1.180842848973876,93
8,3,0,12.36844213926193,1.401101141109572,120
8,4,0,10.12226945478236,1.225494215500822,94
8,5,0,11.64717932093384,1.67435653338655,105
8,6,0,11.20408738093666,1.206624519142937,112
8,7,0,12.37192031243503,1.632388407257255,115
8,8,0,12.75831942100017,1.476574395691216,124
8,9,0,9.824579549762056,1.13808832081434,97
8,10,0,11.66818898815582,1.259128567842534,118
8,11,0,10.34999277518235,1.133938160676849,105
8,12,0,11.49364588393029,1.30161399325025,114
8,13,0,12.03518927767589,1.416024461073674,118
8,14,0,10.78027612485625,1.893089486458794,100
8,15,0,11.01267089284839,3.192076187514115,99
8,16,0,11.92363082430982,1.556042880713375,110
8,17,0,12.55211567634523,1.306171188016864,129
8,18,0,11.39648991242405,1.306804214628193,113
8,19,0,12.27626556527529,1.446474203575575,118
8,20,0,10.96113748694771,1.246669269229412,108
8,21,0,11.0728625523714,1.311701272681385,109
8,22,0,10.77632550962294,1.178148271774121,109
8,23,0,11.63063098258787,1.398811529454142,112
8,24,0,11.11121482903071,1.325061042477806,107
8,25,0,12.62337144933146,1.577948069928131,117
8,26,0,11.92138949277936,1.466949461262866,113
8,27,0,12.22560581835517,1.456759171964057,117
8,28,0,10.02645142483967,1.19533223650339,97
8,29,0,7.730354282712251,0.806368162836876,78
9,0,0,8.48831348322058,1.034192091254034,78
9,1,0,7.94074497463764,1.050068950387423,70
9,2,0,10.95376347545561,1.278685431670555,101
9,3,0,9.819960689249779,1.123633052217894,94
9,4,0,10.70412675431031,1.428847983036714,97
9,5,0,11.26587768164434,1.347191244523075,112
9,6,0,11.12832112869676,1.403352235307305,102
9,7,0,9.533128565738632,1.055448772135597,94
9,8,0,12.96516033871181,1.636320660887995,124
9,9,0,9.695027203233792,1.1519253631146,93
9,10,0,12.75441439732624,1.754655119603334,116
9,11,0,10.7707712489203,1.271664570182424,105
9,12,0,10.93604414873372,1.342023189150813,102
9,13,0,11.4285503895158,1.239151808869393,116
9,14,0,10.55730398479537,1.059959272201754,112
9,15,0,11.0767909669789,1.298926526092517,108
9,16,0,11.99252339660287,1.429064814367577,115
9,17,0,9.923493415653704,1.118504084736102,96
9,18,0,12.43621021827603,1.542014387021951,115
9,19,0,12.8392195041967,1.661945088456237,120
9,20,0,11.00140080401542,1.373366317718227,105
9,21,0,12.12818790291038,1.533403619501209,114
9,22,0,12.37907947457472,1.41157215387883,121
9,23,0,11.93612669522325,1.641114972598973,114
9,24,0,12.52234284394331,1.651604294529642,112
9,25,0,10.00223983987996,1.18507918918082,97
9,26,0,12.85571357416054,1.548487228866804,124
9,27,0,11.0617375244174,1.236814057632088,109
9,28,0,9.504019545040913,1.096687951283144,94
9,29,0,8.321241889166737,0.9888195573199368,82
10,0,0,7.753564938962734,0.912488558216629,74
10,1,0,7.928457824692975,1.021241474899351,74
10,2,0,11.99424770256499,1.621867473472415,105
10,3,0,13.539649485016,1.75066906963657,125
10,4,0,11.19563699416547,1.520201383792829,102
10,5,0,12.250582804168,1.553523808554603,113
10,6,0,10.20066160807107,1.092364045368401,102
10,7,0,10.82042977535303,1.281410603899105,102
10,8,0,11.28780043154904,1.256119293471892,112
10,9,0,11.39986450064556,1.53382150919502,106
10,10,0,11.09645903938317,1.326751686512879,107
10,11,0,11.32845181651772,1.311762915292545,109
10,12,0,11.99718463089698,1.459855616953507,112
10,13,0,11.33260192192886,1.443441666043286,105
10,14,0,10.00543239234143,1.165001685239559,99
10,15,0,11.4802690908128,1.41762539209698,110
10,16,0,10.37285420167578,1.114198995009059,107
10,17,0,11.47643318138029,1.369681678988906,110
10,18,0,14.3975642698761,1.645309414507116,140
10,19,0,14.11293223441213,1.781060158024755,133
10,20,0,12.11491637603191,1.495373469175355,115
10,21,0,12.74610461625226,1.613117602354841,120
10,22,0,12.71181641661872,1.43135124559639,124
10,23,0,9.866642494906857,1.190525438411979,97
10,24,0,11.20451362801568,1.255515538326535,112
10,25,0,11.77036525130009,1.318011816055976,117
10,26,0,12.06749142146227,1.525420395623013,111
10,27,0,11.08645162245825,1.347499989847385,108
10,28,0,11.644686721029,1.35706102418588,114
10,29,0,9.724516396370218,1.246990604584348,89
11,0,0,8.279128583804145,0.9467496853998774,81
11,1,0,10.34644484222318,1.170638655228774,101
11,2,0,9.568373208052124,1.311368056243586,87
11,3,0,11.32485263206656,1.422838511014108,107
11,4,0,13.17981005086554,1.475196888049978,132
11,5,0,12.06379624826097,1.311941296427474,118
11,6,0,13.39497874801049,1.710357646675084,123
11,7,0,12.10603224567671,1.365099654599751,122
11,8,0,11.79424223188647,1.338704803779799,115
11,9,0,12.84113034409218,1.630623713245636,120
11,10,0,9.9992256137733,1.293990993594296,92
11,11,0,12.79604372719199,1.57439132097181,120
11,12,0,11.43312164272811,1.318170030757783,111
11,13,0,11.5197450012542,1.381014880897182,111
11,14,0,13.99242901950095,1.732503296659782,134
11,15,0,10.2919940575632,1.103030055233437,102
11,16,0,11.68045964680626,1.526474659371425,108
11,17,0,9.803217413933266,1.114949497154112,99
11,18,0,10.89873602476234,1.252081413216641,107
11,19,0,9.728074231324639,1.196996426266733,90
11,20,0,11.98657858268892,1.584477445296474,108
11,21,0,12.95243264660195,1.607849641827748,122
11,22,0,10.97992161160479,1.29205273154742,106
11,23,0,12.24037524591359,1.456340604813423,117
11,24,0,11.38083943735519,1.357247532567608,108
11,25,0,10.26012222524923,1.16074776545502,103
11,26,0,11.10776021290519,1.454629184250317,105
11,27,0,10.5751187355301,1.369176567146048,98
11,28,0,11.92651989243979,1.24387802638801,123
11,29,0,7.357682894899202,0.7433859333477837,79
12,0,0,5.46719451409056,0.6562653594855024,52
12,1,0,10.2068955327093,1.185894425463873,98
12,2,0,10.01014317196709,1.12183870793394,97
12,3,0,9.116096849948597,1.114812768274847,87
12,4,0,10.00604840236832,1.290145416605533,95
12,5,0,15.37469568467267,2.034252017784041,142
12,6,0,11.90827766401309,1.402999455301855,113
12,7,0,10.39096003909892,1.263654158458958,99
12,8,0,13.53543940378332,10.50541084873215,101
12,9,0,12.23390852986691,1.607828967392558,112
12,10,0,10.51823350137141,1.143584957791792,106
12,11,0,13.82340210000739,1.961213043289949,117
12,12,0,11.7921596520951,1.463213677382239,111
12,13,0,11.18113266352556,1.314570586577684,109
12,14,0,12.09299416982694,1.343159874328698,123
12,15,0,10.59109623865798,1.191712824224898,103
12,16,0,10.75675905673151,1.22232616524915,109
12,17,0,11.15341917201641,1.283888090578257,108
12,18,0,12.33074312131616,1.519266896284034,116
12,19,0,11.44297342056535,1.533417854189003,107
12,20,0,10.39333268882563,1.178625883570494,103
12,21,0,10.13170422553073,1.355878726401351,93
12,22,0,20.90266979216253,61.40271572279357,118
12,23,0,11.14807473486724,1.184079629212557,114
12,24,0,10.20799715181382,1.113470286936391,102
12,25,0,11.91225410270423,1.444850952568976,118
12,26,0,12.07636305656403,1.507460860803812,115
12,27,0,11.13750654047123,1.34476527061653,108
12,28,0,12.97298157687685,1.505671705957931,128
12,29,0,8.579754042150421,1.069690406995166,80
13,0,0,7.342842579930322,0.837684276583893,72
13,1,0,7.074181116407714,0.8077926780344172,69
13,2,0,10.3954298605053,1.223189568391351,101
13,3,0,11.30316222700318,1.349825072966187,106
13,4,0,12.58067414105438,1.696631246819624,108
13,5,0,11.97369021806862,1.351562713480091,117
13,6,0,13.70496057725097,1.797258089185852,122
13,7,0,10.16678523961925,1.207278058481102,98
13,8,0,9.512599151682839,1.064862662917977,92
13,9,0,10.75628503875418,1.245864301910503,103
13,10,0,12.62094396036763,1.580477923233957,116
13,11,0,12.86945750384156,1.695566835307742,118
13,12,0,13.32441550750967,1.619571694169673,127
13,13,0,10.11618424150836,1.304598905981037,94
13,14,0,11.92286718349365,1.285466741865551,121
13,15,0,11.44645373183464,1.188759664880061,117
13,16,0,13.02391853470075,1.636089977578266,120
13,17,0,10.64023376344055,1.218917779468822,103
13,18,0,12.8415779214175,1.617665844291655,121
13,19,0,8.658979568656315,1.04622294636676,85
13,20,0,11.76603088238286,1.436834311358771,112
13,21,0,10.83335736811437,1.195543864587937,107
13,22,0,10.71737528709003,1.248440834207858,106
13,23,0,11.35290150113039,1.278617277721323,116
13,24,0,12.52266814683331,1.572746621989144,118
13,25,0,10.44655487385293,1.156434557143334,106
13,26,0,12.50165847536667,1.497288576829183,120
13,27,0,11.18479218046512,1.245434385097468,111
13,28,0,9.450483595605373,1.14195958404251,91
13,29,0,8.617118063446025,0.9819603016562698,87
14,0,0,7.154483588218247,0.7902666208380447,70
14,1,0,10.31142973580944,1.101070044055238,104
14,2,0,7.655189302389204,0.8518974269144228,74
14,3,0,30.27908575326259,302.42154260345,127
14,4,0,12.23022292123892,1.563034025026646,115
14,5,0,11.28510681596115,1.311286088906973,109
14,6,0,10.97721830741424,1.18935434545169,112
14,7,0,12.53459057553843,1.627154038385775,116
14,8,0,11.56801589245873,1.326247536127008,112
14,9,0,12.18327044727879,1.523175982677748,110
14,10,0,12.09186166715273,1.610968883636666,110
14,11,0,10.82514742028931,1.38311526758444,102
14,12,0,12.24421187164692,1.518641726179992,113
14,13,0,12.34019886787721,1.488316917669731,115
14,14,0,11.06398279154876,1.636128561382808,99
14,15,0,11.33673904059692,1.581535886688301,100
14,16,0,12.24332695280207,1.443124440026972,119
14,17,0,10.92612022730363,1.271654938249097,107
14,18,0,10.93042625257563,1.175001871077977,111
14,19,0,13.77809324655499,2.035039192071257,126
14,20,0,10.7502225932811,1.266435635806993,104
14,21,0,12.03956809330021,1.396980808924894,118
14,22,0,10.88018120663112,1.275323008682897,107
14,23,0,12.66195033408892,1.412043197528155,127
14,24,0,13.20567627705263,1.757463219258387,121
14,25,0,12.0195188622401,1.538471760058007,110
14,26,0,10.8447754915191,1.21416083653464,108
14,27,0,11.42482177351595,1.363674281474054,110
14,28,0,9.514020650509812,0.9554611272547259,100
14,29,0,8.496335943065645,0.9478857894366783,85
15,0,0,5.87919570112464,0.638896851049766,58
15,1,0,8.008739278515145,0.9315513925788257,77
15,2,0,9.631696561391738,1.09973734402067,92
15,3,0,11.07188654448143,1.237147640033907,108
15,4,0,12.68914818134472,1.618930019185794,115
15,5,0,11.19211374346225,1.257084323642254,112
15,6,0,10.98581925387095,1.235922956125129,105
15,7,0,12.52748447782522,1.594336622042281,118
15,8,0,11.74334564406469,1.474228493537624,110
15,9,0,11.04061967236095,1.326602766692725,105
15,10,0,10.63191187521888,1.169333783149132,104
15,11,0,11.00217286221809,1.187100502459301,111
15,12,0,10.4017124680265,1.214208991416269,100
15,13,0,12.42281335150022,1.569017403426441,117
15,14,0,11.60266092806742,1.318165136044748,112
15,15,0,13.26780133668405,1.616491603861579,127
15,16,0,10.43533449509038,1.210822229435689,102
15,17,0,12.19872230779865,1.43542221121691,118
15,18,0,12.39472274674112,1.511310079574462,116
15,19,0,16.95612362091612,33.35309298304497,113
15,20,0,9.956738638115613,1.204368743692067,99
15,21,0,10.29950783278393,1.036511097736175,108
15,22,0,12.50944290270543,1.488198627802503,124
15,23,0,12.29879322289785,1.344739368044571,123
15,24,0,12.83824756235834,1.524159785634285,125
15,25,0,11.92938839959392,1.484956801426804,113
15,26,0,18.88202173056415,64.83946347618108,111
15,27,0,11.45264324893965,1.477843442758249,107
15,28,0,13.36389648348586,1.781082134965676,120
15,29,0,9.256949251489411,1.319362981824646,82
16,0,0,5.758080127457782,0.6576429009838336,58
16,1,0,9.944941408129718,1.230075387986579,94
16,2,0,11.47802637365419,1.426406808227237,107
16,3,0,11.3323350935092,1.329391544967311,108
16,4,0,10.4777910225867,1.260765036741701,100
16,5,0,9.825615896343312,1.110290808868671,95
16,6,0,11.82941163207078,1.625984387799994,105
16,7,0,12.45516322043689,1.805611547490506,112
16,8,0,11.16612014981873,1.381267005397945,106
16,9,0,12.29748734573206,1.632112277222563,113
16,10,0,11.87082992844947,1.383030223745905,113
16,11,0,12.62991269866399,1.562363661900715,118
16,12,0,9.783209286202036,1.097804430983182,94
16,13,0,10.24444876460035,1.136267496517231,100
16,14,0,9.726184818611909,1.162891536629459,94
16,15,0,10.68159735255262,1.28058156270279,103
16,16,0,10.49800541881607,1.230365112309671,103
16,17,0,24.48128613310309,182.0317415489123,108
16,18,0,12.36469079225988,1.340070946147408,123
16,19,0,10.31584020931742,1.192760868027055,101
16,20,0,11.7200325921267,1.329274548574202,112
16,21,0,11.58229749018902,1.537089325012748,105
16,22,0,11.27965235815962,1.325130938648468,109
16,23,0,13.8272687796663,1.708454209609639,130
16,24,0,10.79662210941595,1.289570315630679,103
16,25,0,11.08365931771181,1.223757112570158,110
16,26,0,10.19770606816831,1.01536356808031,110
16,27,0,11.32741398277637,1.374181966196159,109
16,28,0,9.384758740361971,0.9474465965801206,100
16,29,0,8.898029400118343,0.9668938230596896,91
17,0,0,7.330165191273773,0.9159813007993503,67
17,1,0,9.918948629051416,1.264851927578023,90
17,2,0,9.424645240743349,1.212359690073994,87
17,3,0,10.70444653337973,1.229468991637632,104
17,4,0,13.53705244796576,1.806890275596375,125
17,5,0,10.44756479158993,1.226384703727074,103
17,6,0,11.71155269918733,1.504885372053741,105
17,7,0,10.30227217209849,1.340614830965028,100
17,8,0,10.59825025035028,1.260187201599336,101
17,9,0,10.82943525376341,1.262894420938533,107
17,10,0,10.67997575272785,1.42639191565289,97
17,11,0,12.51251300996189,1.654374186341697,119
17,12,0,10.10522384475443,1.169152502465693,99
17,13,0,11.39738821960976,1.326337822837554,110
17,14,0,9.791381282091253,1.150116441430159,96
17,15,0,14.61441782259213,1.90211822268279,133
17,16,0,11.34581000197998,1.316594409267466,109
17,17,0,10.68582656393427,1.324199349991409,100
17,18,0,12.13930705477812,1.360043081513176,121
17,19,0,12.17985048169833,1.459393027866578,122
17,20,0,11.64510886749688,1.505928844254584,107
17,21,0,10.29779652878802,1.309244220860803,99
17,22,0,13.13461653696354,1.728422532401932,116
17,23,0,12.70513803392,1.631459217912994,118
17,24,0,13.05623270421492,1.534808707758888,126
17,25,0,11.44518550831813,1.316317766785572,113
17,26,0,9.273642998085499,0.9765922073477142,94
17,27,0,12.19863202858035,1.3217195205331,122
17,28,0,12.55824312056933,1.455203900161843,125
17,29,0,7.968171612014512,0.8172911045583365,83
18,0,0,5.8349328014278,0.6907704518236545,55
18,1,0,10.73342755593386,1.361278413944163,99
18,2,0,9.024789026326914,0.9639956387718771,92
18,3,0,12.81650445240196,1.604365438168989,122
18,4,0,9.579740541531784,1.209131820931092,95
18,5,0,12.19445352701643,1.528634947262725,115
18,6,0,13.43798423023048,1.666741082136102,125
18,7,0,10.98267654964594,1.248293943075589,109
18,8,0,11.14601264356049,1.314816682852568,108
18,9,0,11.07623873666388,1.450446923337378,101
18,10,0,12.04837340739986,1.470282966197609,116
18,11,0,12.70068063158138,1.79705577964598,115
18,12,0,11.88617067690062,1.458784732047579,112
18,13,0,9.630288866860916,1.076399065098403,95
18,14,0,9.950689353689254,1.070086619834145,102
18,15,0,10.85782400997239,1.269685265156731,107
18,16,0,11.75200429723428,1.398409004135957,112
18,17,0,10.34979200041672,1.049493157771931,107
18,18,0,15.04582386676241,7.064451670895625,121
18,19,0,12.26826447749638,1.394365588029005,120
18,20,0,12.23076856468442,1.374089024063336,123
18,21,0,8.75935015014549,0.9872093683418204,88
18,22,0,11.02846717552031,1.339386301259738,106
18,23,0,13.22486728916303,1.726359181564631,127
18,24,0,10.37586817755544,1.241933223617487,103
18,25,0,10.02821817523942,1.080657513484432,102
18,26,0,10.97077676715757,1.32877752306319,104
18,27,0,10.50023705168481,1.214684146559656,102
18,28,0,11.98879700603062,1.451242396137041,114
18,29,0,8.481420316393908,0.9571630607043512,84
19,0,0,6.900049946479696,0.7215806388998839,69
19,1,0,8.673335599823469,1.226160631642646,77
19,2,0,10.36865874650781,1.296626323552817,98
19,3,0,7.925290054141863,0.8576674305963361,79
19,4,0,10.16516877893797,1.215950111163486,97
19,5,0,13.03852810650037,1.936635847763436,112
19,6,0,10.89146640246626,1.350931842850871,104
19,7,0,12.89890264378384,1.749294451272777,114
19,8,0,11.53533125916181,1.57469229654325,102
19,9,0,10.90484851432042,1.262529926136654,104
19,10,0,9.730780588280711,1.307926554605519,86
19,11,0,13.34672040196292,1.839039210928281,119
19,12,0,11.98222397808185,1.361694139432414,118
19,13,0,11.79028433981862,1.333749025054645,117
19,14,0,13.86919469012983,1.778925226066504,127
19,15,0,12.4537133666727,1.768625239707011,107
19,16,0,14.25379887405514,1.785653279712047,132
19,17,0,11.52847329632223,1.52972938867617,106
19,18,0,10.2029954297825,1.225443014898415,97
19,19,0,10.34826505659965,1.122247491006139,105
19,20,0,9.996043758101553,1.261305890222472,96
19,21,0,11.36652225806416,1.330604298531619,110
19,22,0,9.509743199214457,1.048204725805016,94
19,23,0,11.63570127448963,1.405940913208735,113
19,24,0,10.06502240794968,1.140860758752789,99
19,25,0,11.33080736117663,1.337863404535509,111
19,26,0,11.75826344351852,1.308033465203318,118
19,27,0,10.71230084301027,1.237199151198529,104
19,28,0,11.84006215462674,1.611616288126614,107
19,29,0,8.913106128456286,0.9561732242487706,89
20,0,0,7.407656188175224,0.9355660344774098,69
20,1,0,8.453604583241694,1.013651989183923,78
20,2,0,11.05493474641484,1.30824984927237,105
20,3,0,9.746117222761638,1.080626758944097,95
20,4,0,11.91963736561523,1.640734913621236,107
20,5,0,10.95774991592252,1.256386604095759,107
20,6,0,12.96912444779334,1.494061316910785,123
20,7,0,11.09271404959928,1.329664781047788,105
20,8,0,12.37424626682326,5.27639606270137,104
20,9,0,9.968545261113345,1.161702016798215,98
20,10,0,11.10903071975655,1.40390851041886,103
20,11,0,13.284631950496,1.755027552376538,122
20,12,0,10.17732199993899,1.081666956493005,105
20,13,0,12.09616299373392,1.613372400871676,114
20,14,0,9.998138296361535,1.057930089550164,101
20,15,0,11.51714312308057,1.425357066344211,110
20,16,0,12.86104226328671,1.434364293563034,126
20,17,0,12.1569353435289,1.567322999783662,111
20,18,0,10.61944914959897,1.237146927603832,101
20,19,0,10.55692751964059,1.341643050583298,100
20,20,0,10.47791338285337,1.15774223002362,107
20,21,0,11.63576948436523,1.331783732423129,115
20,22,0,11.93213165021212,1.354623466170703,120
20,23,0,9.738038362895502,1.043903848726499,98
20,24,0,13.7216266331372,1.584806187535575,135
20,25,0,12.08781600468068,1.585525025891256,112
20,26,0,10.09719963712202,1.172870284956396,97
20,27,0,12.08994729816664,1.430838858646041,118
20,28,0,12.55372552837974,1.650942142961267,116
20,29,0,8.257142941224402,0.9726618385493652,82
21,0,0,5.194005916971144,0.6471438167642325,51
21,1,0,8.244640895496676,1.030828994367851,77
21,2,0,9.710050096551608,1.175120719260168,90
21,3,0,11.53233143822342,1.425341579042531,107
21,4,0,10.706655341411,1.461869236709191,97
21,5,0,10.9919083323217,1.31592948048456,103
21,6,0,10.97551515422894,1.362337549281068,102
21,7,0,10.71775559741351,1.337211841966353,102
21,8,0,13.62293800289464,1.924555587832234,122
21,9,0,12.15323615731333,1.432950166396072,114
21,10,0,10.78767794659309,1.19011036224188,108
21,11,0,12.28452221933957,1.498591743377438,117
21,12,0,12.13521383648042,1.439987246731739,117
21,13,0,12.04187959149402,1.507570810039358,111
21,14,0,13.19350374146706,1.642176015391573,122
21,15,0,11.16016852892881,1.414893719305489,105
21,16,0,13.34531867079626,1.596933973098011,124
21,17,0,13.50990180487219,1.831193644865315,121
21,18,0,11.70434513941215,1.35031853875476,116
21,19,0,13.71557032875363,1.833288846655512,123
21,20,0,10.16090692022331,1.120972484290101,101
21,21,0,12.97851541389946,1.525978380945514,126
21,22,0,13.39326890826499,1.560411214287984,128
21,23,0,12.20568451612991,1.364807881335695,120
21,24,0,13.49782816317244,6.041207365708207,113
21,25,0,13.53237173909527,1.470717317375906,138
21,26,0,13.58926347789523,1.601160415503792,131
21,27,0,10.50450422062586,1.350529417221299,96
21,28,0,10.55065282276784,1.168101262001472,107
21,29,0,7.888225086682652,0.895002227727475,78
22,0,0,7.022886472298223,0.8913680108349237,64
22,1,0,7.656897591432584,0.9295234268013469,73
22,2,0,10.84025631999074,1.441241046590621,94
22,3,0,8.567548192438274,0.9722465085395061,84
22,4,0,9.587774465271089,1.2381382760704,89
22,5,0,9.628843981884408,1.09397274533811,94
22,6,0,11.93332989468148,1.604973777321298,106
22,7,0,12.68543575756259,1.569335247987159,119
22,8,0,11.0731062590565,1.334724009500534,106
22,9,0,10.43102045235779,1.238776491614516,100
22,10,0,12.77473335827173,1.617634308431038,119
22,11,0,11.646249638401,1.374289206143942,110
22,12,0,11.11219061720501,1.419993449739173,105
22,13,0,12.59955003294385,1.378016118755612,126
22,14,0,9.386287895990568,1.01898286108353,96
22,15,0,8.280166673988331,0.9669093780542464,80
22,16,0,9.463452748234975,1.116607378268134,91
22,17,0,10.13392401915512,1.087751051354178,103
22,18,0,11.52302420893127,1.431348209429015,107
22,19,0,11.91971222355823,1.383385310864703,117
22,20,0,12.83103050706657,1.837747249111656,113
22,21,0,13.29326882345637,1.486990099795193,132
22,22,0,9.740011668095477,1.085810555841689,99
22,23,0,12.21818796147383,1.571066936819709,114
22,24,0,12.20593376257772,1.482838962348749,114
22,25,0,9.287777589686472,1.118587250713664,94
22,26,0,11.83763138089627,1.468608667495533,114
22,27,0,13.34205850285235,1.672046677411541,126
22,28,0,10.89722834151528,1.484593930096489,102
22,29,0,7.633962672195892,1.057190004221793,67
23,0,0,7.713070541612617,0.9804228900613061,70
23,1,0,10.51884368020625,1.226009243171926,101
23,2,0,10.18939655921544,1.23235043520783,92
23,3,0,12.02249030547481,1.416756311416409,115
23,4,0,10.52611285149392,1.202214990898076,101
23,5,0,10.87812392115349,1.180902526538073,110
23,6,0,11.85414016273807,1.513196213405407,110
23,7,0,10.03904868502199,1.178327109315525,96
23,8,0,10.23806513759465,1.136701937028862,101
23,9,0,13.84940924376613,1.886656387348802,121
23,10,0,10.93163698956229,1.150569234806338,110
23,11,0,10.60079004210186,1.399133578392701,97
23,12,0,11.93991971578045,1.311562644880192,117
23,13,0,12.27256540837429,1.473682210971461,120
23,14,0,10.01128118256964,1.177154448070433,97
23,15,0,10.97288945987217,1.377765924969712,103
23,16,0,10.83304475163113,1.302920464052584,104
23,17,0,12.23785882002555,1.658650422664227,111
23,18,0,11.37223601600529,1.41136467164683,105
23,19,0,12.86324216254377,1.621173615680553,118
23,20,0,11.19735815288038,1.454468112491877,101
23,21,0,11.44023462553268,1.370912838681814,108
23,22,0,12.75998193979351,1.724047993961822,118
23,23,0,10.34797410548481,1.184229862662644,101
23,24,0,11.22437115017196,1.438692068979465,107
23,25,0,10.32325313678587,1.158371303342334,104
23,26,0,10.69246166393846,1.205340517097648,109
23,27,0,13.46244108218438,1.680108453621258,127
23,28,0,11.73801069417934,1.404762279074532,112
23,29,0,11.50701032063689,1.596227824620008,106
24,0,0,7.176493958810001,0.8605951886360996,69
24,1,0,9.775464424849753,1.184091980175127,93
24,2,0,9.836987680195097,1.233602277641434,92
24,3,0,13.2496022193013,1.646784907954243,124
24,4,0,9.869544112314701,1.225719995098209,92
24,5,0,11.53368425438526,1.419213053143128,108
24,6,0,11.84540508242563,1.414494958451106,114
24,7,0,12.48108080571269,1.506443880250002,118
24,8,0,12.30321612954845,1.475248755493706,118
24,9,0,11.45462628761336,1.536164940390715,104
24,10,0,11.03593484109601,1.302192527010677,105
24,11,0,12.32745248542145,1.549824014810773,117
24,12,0,11.06267003327626,1.176684239492745,112
24,13,0,13.74840876443177,2.082283522818954,120
24,14,0,10.856671981852,1.18985741532,110
24,15,0,9.215688940464689,1.060103349726662,89
24,16,0,11.11185228727088,1.182141645714708,113
24,17,0,11.00617105476088,1.416842769936947,103
24,18,0,12.1355264240435,1.382655645301215,118
24,19,0,12.00519296851758,1.504842651369798,111
24,20,0,11.7178608900545,1.342476028760373,115
24,21,0,9.701728241540385,1.143124119418198,97
24,22,0,12.97298496221163,1.677017777213113,123
24,23,0,9.961543235535023,1.106075538208936,99
24,24,0,12.82129058681,1.522461422783578,124
24,25,0,11.00734566310785,1.314359777985466,107
24,26,0,10.66870541802183,1.127265320569412,111
24,27,0,12.74951250944869,1.544042814043906,122
24,28,0,12.75966748780056,1.661618479009781,117
24,29,0,11.03114501779993,1.395532587991149,102
25,0,0,6.229956043984887,0.714557186761526,63
25,1,0,8.274406872669802,0.9195545708719505,81
25,2,0,8.380915707828915,1.064220244172252,79
25,3,0,11.79315131455931,1.391749442012799,111
25,4,0,15.5280571340234,2.132628360231941,138
25,5,0,42.2206301700503,946.7624286825846,112
25,6,0,12.39865993323871,1.471588710020949,122
25,7,0,11.24400511098294,1.398971757574146,105
25,8,0,11.55430277284622,1.256812054018069,113
25,9,0,11.0500534773976,1.277962798527024,105
25,10,0,10.14966896224014,1.181069941815309,99
25,11,0,11.96271467702114,1.517160801472926,111
25,12,0,11.95721992699906,1.51972449532877,111
25,13,0,10.47750279512452,1.314479864003895,102
25,14,0,10.72184927045498,1.257058549442091,103
25,15,0,11.76209208708528,1.324440106555264,114
25,16,0,11.08036777625102,1.424531395365633,99
25,17,0,11.74989293978444,1.40957776642847,115
25,18,0,12.83989053898664,1.548999215604661,124
25,19,0,11.94058668246535,1.331919192313483,120
25,20,0,11.4289408108317,1.296775029091773,114
25,21,0,8.862284559833707,0.9699169047098566,89
25,22,0,12.32078723684188,1.449271177439495,119
25,23,0,13.19996241092275,1.612590833873026,129
25,24,0,10.75204205581969,1.206688798499226,108
25,25,0,10.45734332509174,1.243817822934036,102
25,26,0,11.64831333506247,1.418291315071661,111
25,27,0,10.64322056358579,1.322719530039699,102
25,28,0,10.43961079120296,1.187767802122864,103
25,29,0,8.838883328725812,1.048919859848482,85
26,0,0,7.747060511159774,0.9759921369103791,71
26,1,0,8.042588531186528,0.950608297396583,76
26,2,0,11.14527335671835,1.531789756583951,96
26,3,0,12.26762799261934,1.463134525781985,117
26,4,0,10.87856479782305,1.376466937951269,102
26,5,0,12.54596321717241,4.156261729978956,104
26,6,0,12.02531108257417,1.566615129977485,110
26,7,0,13.17385585688132,1.528729792485643,129
26,8,0,11.3858870180363,1.406738707307953,106
26,9,0,10.04905346072334,1.207236250437674,94
26,10,0,12.85388994336193,1.618411963460336,119
26,11,0,11.18201307304292,1.342932789092018,107
26,12,0,8.928057533308372,0.9376017926551934,92
26,13,0,10.13470698368518,1.191692457280697,98
26,14,0,10.23902495447901,1.250708296471478,101
26,15,0,11.58245891034055,1.530652216614129,108
26,16,0,12.63740404660862,1.64321768870258,115
26,17,0,12.14889188268273,1.550810164202951,113
26,18,0,12.84132209419628,1.780808933762119,117
26,19,0,10.88992544421606,1.40198829917551,103
26,20,0,11.39271163555782,1.537889508076287,101
26,21,0,8.955147818041175,1.06884443139098,85
26,22,0,11.07771550276418,1.212451208663223,110
26,23,0,12.80749457397269,1.610673596814366,122
26,24,0,11.71165727017422,1.268972183243569,120
26,25,0,13.92089339748935,1.901969680826448,124
26,26,0,11.45165109528994,1.493646768485323,103
26,27,0,10.63866345616829,1.26796962886778,105
26,28,0,12.01040838623598,1.487372069939321,114
26,29,0,8.453486347022327,1.06652771913363,80
27,0,0,6.417480922848489,0.8004057219327189,62
27,1,0,7.743161629178027,0.9141804326948899,75
27,2,0,8.359161658631647,0.9290930742093786,83
27,3,0,8.53732772411824,1.041161081963877,79
27,4,0,10.0062023111283,1.156116996199972,95
27,5,0,11.70842686658578,1.588010809136459,104
27,6,0,11.38727796874017,1.366123724759635,109
27,7,0,12.39399342064569,1.527332506103424,115
27,8,0,13.5199859898224,1.720909211857262,124
27,9,0,10.12244631648613,1.210168647399817,100
27,10,0,11.65464954733102,1.362372106660691,110
27,11,0,11.72717915961283,1.457067857206338,108
27,12,0,12.07849225190491,1.416814830288548,117
27,13,0,10.11890589068147,1.086098115104249,103
27,14,0,10.15867064740518,1.186578498400328,101
27,15,0,8.929452738303969,1.159464700239722,86
27,16,0,12.27511207533303,1.308061764511406,125
27,17,0,10.53947830097594,1.221023310372192,101
27,18,0,10.31500129705581,1.156408664372373,104
27,19,0,10.86805222979791,1.405230600049795,100
27,20,0,12.55007634094429,1.517964936558209,123
27,21,0,13.18256784789989,1.525702777871796,131
27,22,0,10.37658886499161,1.282482794371612,101
27,23,0,12.80983298797784,1.411069501473081,130
27,24,0,13.11296154121021,1.554393461378973,128
27,25,0,11.95755997466157,1.383905370111399,119
27,26,0,11.70906449977251,1.363158833884926,114
27,27,0,12.07410921419254,1.452677518643398,115
27,28,0,11.88942021121181,1.409804017463178,114
27,29,0,7.981896303876507,0.8952943355480344,81
28,0,0,6.749484856758722,0.890178734235584,63
28,1,0,6.856518127952794,0.7676335951660942,66
28,2,0,7.801874496703247,0.9283200853675341,73
28,3,0,8.072742904381801,1.03211184123016,73
28,4,0,8.24354565249301,1.121457807172316,72
28,5,0,7.691532680664526,0.8485130973929419,78
28,6,0,10.17604100222223,1.23220543591277,94
28,7,0,9.401722785483866,1.139302074125791,87
28,8,0,9.469899020386906,1.064879141191343,92
28,9,0,10.65381724374943,1.391242697646482,98
28,10,0,11.08095494458638,1.45890571976875,99
28,11,0,11.58228063931566,1.440149775991417,111
28,12,0,8.546479567483363,0.986986750525833,85
28,13,0,9.711641619754435,1.214973481401771,89
28,14,0,11.42232946763554,1.407235618832622,110
28,15,0,9.681102483989521,1.14871207208044,93
28,16,0,13.43138656752812,1.825035329954553,119
28,17,0,9.542223946628893,1.030892851659398,98
28,18,0,10.28541554503019,1.125253912719131,103
28,19,0,10.14212477348952,1.183770327680162,100
28,20,0,11.61301983832961,1.310863164961181,112
28,21,0,12.02101013143513,1.409088980593495,117
28,22,0,11.41688281572695,1.209071799354528,116
28,23,0,10.2805486446604,1.215770246819712,97
28,24,0,10.09122691662926,1.189474519805169,99
28,25,0,9.762337691866486,1.109358839057406,97
28,26,0,11.7663792802525,1.557229918946255,109
28,27,0,10.10713720662746,1.17901560723258,99
28,28,0,10.36702907352273,1.384264033923704,98
28,29,0,9.241900363296244,1.248179797888695,84
29,0,0,5.605521952791301,0.7965126207834919,50
29,1,0,5.161526202287929,0.6321756733028914,48
29,2,0,6.540248125305419,0.7574410307091451,63
29,3,0,6.776589942120943,0.6936883590771807,69
29,4,0,6.273456017048595,0.6744741982559492,62
29,5,0,4.983684375613692,0.6250641029151773,47
29,6,0,8.67118671098012,1.136982137481855,80
29,7,0,8.394565589301603,1.020484934975926,80
29,8,0,6.927880278800394,0.8554829119818749,64
29,9,0,6.982009275666589,0.8347579104213614,67
29,10,0,6.647211167503634,0.7883919649113625,61
29,11,0,7.909164973705361,0.987143714344542,73
29,12,0,5.783671886094837,0.6864316409917528,55
29,13,0,6.94110530728471,0.7666350775789655,68
29,14,0,8.91767460723506,1.101915666409705,84
29,15,0,6.684553325187994,0.6972581905054706,68
29,16,0,22.90590360547433,237.498544474293,68
29,17,0,8.014483362090632,0.842752842833067,81
29,18,0,7.323587788522481,0.9594286562777665,67
29,19,0,7.413034782397214,0.8736557137902649,72
29,20,0,6.031212346559172,0.6971151981029202,57
29,21,0,6.487659880952736,0.7211568836726535,65
29,22,0,7.768015705953426,0.8011047683428152,81
29,23,0,8.696292361181879,1.075645370545404,83
29,24,0,9.230615707730475,1.154642975796405,88
29,25,0,7.090253669889987,0.9792279549933852,62
29,26,0,7.461099562261586,0.8218512770015781,76
29,27,0,8.808075350509007,1.114725929806434,85
29,28,0,7.435812021907991,0.9596411486833045,69
29,29,0,4.998066165906828,0.4738503861996725,55
