# mesh name: boxMesh_1
# primitive scorer name: doseScorer
# iX, iY, iZ, total(value) [MeV], total(val^2), entry
0,0,0,3.517244117402593,1.502872289403247,13
0,1,0,2.715758640833061,1.259626276555748,8
0,2,0,5.573423009084221,7.519752779228238,14
0,3,0,8.2955312384208,3.536896439957721,26
0,4,0,8.149973061245497,3.332432490655255,29
0,5,0,8.429801533166493,2.877698107074741,33
0,6,0,9.275348840047476,4.771882687356412,38
0,7,0,7.675768838320435,2.221163743003975,39
0,8,0,9.960108887608799,2.294645010504723,51
0,9,0,7.288091737291989,1.546546369412799,38
0,10,0,6.070881461229489,1.209213527565177,39
0,11,0,9.834675670125529,7.565711677010653,51
0,12,0,7.30868963987623,1.859212464598702,39
0,13,0,8.374747878632801,1.645451482534055,52
0,14,0,7.400900842960641,1.211462077711874,52
0,15,0,6.237929906371872,0.916551328104935,48
0,16,0,6.73813667708605,0.9848355087673394,50
0,17,0,5.695143381874027,0.8365750457377251,44
0,18,0,6.979103304090625,1.02445141520888,55
0,19,0,6.753314585597127,0.8812250775624423,56
0,20,0,6.391494921643383,0.775495398481558,57
0,21,0,7.419952608609861,1.047199512939543,61
0,22,0,7.343212868209202,1.087753182487187,59
0,23,0,6.864309126415884,0.8591436623176771,62
0,24,0,8.552381935963831,1.122958617348063,74
0,25,0,5.691387274004268,0.6464139219515664,56
0,26,0,6.070640122867648,0.6619317676266622,62
0,27,0,7.601381359738974,0.8245155918438865,76
0,28,0,5.416995404235475,0.5554874447852211,57
0,29,0,6.427304404777013,0.8571438310606621,59
1,0,0,1.267028156218245,0.425682030265305,5
1,1,0,3.073145107366472,1.149405781685312,12
1,2,0,4.865882306970556,1.993600520874718,17
1,3,0,8.287032000012156,2.809969003319282,28
1,4,0,9.871744722874325,5.403048534569777,36
1,5,0,8.079763371421112,3.379757451834479,33
1,6,0,9.473241735830563,3.007651424349807,39
1,7,0,10.21599921027344,3.06276403668698,46
1,8,0,12.5412970228429,3.135118300204259,60
1,9,0,8.650970975935895,1.773901534107013,49
1,10,0,8.552048981140036,1.824713176373401,46
1,11,0,9.411747131224192,2.096098527021146,54
1,12,0,5.915062222354979,0.9643628660904291,41
1,13,0,8.933832063829241,1.366182062408006,64
1,14,0,9.372585762668797,1.588965106030303,64
1,15,0,7.331540533394209,1.11196770672312,53
1,16,0,7.046803908876432,0.9692425256222454,55
1,17,0,7.204173924223205,1.090960878136895,54
1,18,0,7.313121421099759,1.058529481057549,57
1,19,0,7.150791909878012,0.8341241920700299,66
1,20,0,7.333167407727675,1.056463010572119,61
1,21,0,8.258342395033715,1.193964779260028,70
1,22,0,7.341672737955964,0.9692751995035984,62
1,23,0,6.266614754399331,0.7279205305969064,60
1,24,0,9.870700393303952,1.256093338712873,88
1,25,0,7.067349393343044,0.7964428122978393,68
1,26,0,7.703260523064802,1.010015960359463,68
1,27,0,6.890181337426389,0.8211060240237023,66
1,28,0,7.982074067075779,0.9503529106110225,75
1,29,0,9.547161847658156,1.365732447843701,86
2,0,0,2.644377964051716,1.042166082518121,10
2,1,0,4.277060026477093,1.320287718420595,16
2,2,0,5.924300208119121,3.513147861827671,15
2,3,0,3.728954998215829,1.192958379729207,15
2,4,0,5.958217271382451,1.599952327466824,25
2,5,0,7.225029044011062,2.250095766587402,32
2,6,0,12.05073478170077,4.808319191906893,48
2,7,0,12.13960160441414,3.327262616268645,57
2,8,0,7.997297486505405,1.662835938535689,44
2,9,0,9.307387296903563,1.831653869376892,54
2,10,0,12.15202502451739,2.646725919157383,66
2,11,0,9.702943519699051,1.688155174307837,62
2,12,0,9.378283558063703,1.670052089291115,61
2,13,0,10.36372548917826,1.713760943052716,69
2,14,0,11.81207149709734,1.988366911267025,79
2,15,0,7.979910049577793,2.105758553574453,55
2,16,0,9.187127842342733,1.35523496002713,68
2,17,0,8.086786656722236,1.151029323055927,64
2,18,0,9.380327410015925,1.27747045223281,76
2,19,0,8.418457630688934,1.286967650261908,66
2,20,0,8.404412154518921,1.134114372612204,73
2,21,0,7.034239935292741,0.9139850678331264,62
2,22,0,8.602305951539337,1.112879347048611,76
2,23,0,10.72287841843049,1.545920799625494,89
2,24,0,8.689178222889566,0.9750070003875202,84
2,25,0,8.261815204694045,0.9904497570102094,79
2,26,0,9.733099459955875,1.22785278716007,90
2,27,0,7.918034413957579,1.015596845620653,75
2,28,0,10.39816228938442,1.259940440906722,100
2,29,0,9.842378937845169,1.26777129688228,94
3,0,0,2.706252947632207,0.9209906688084115,10
3,1,0,4.272071946289018,1.441384582451075,16
3,2,0,8.678770449367008,3.048143903412662,28
3,3,0,7.836785430705747,4.003509415766385,26
3,4,0,14.46329523451978,13.04451691723322,45
3,5,0,11.82113746393454,3.816480830853735,47
3,6,0,12.3976726977613,3.417055470885883,53
3,7,0,10.27426592393206,2.60209473289511,48
3,8,0,10.51045851510936,2.456379212110194,52
3,9,0,11.77361232902974,2.443581853889525,64
3,10,0,10.97807698890682,3.137135080005634,59
3,11,0,10.91937622254742,1.908483069441652,68
3,12,0,10.49154856633811,1.795049243401538,70
3,13,0,10.20621681200266,1.76017464974832,67
3,14,0,10.18386293115214,1.700084566029122,71
3,15,0,8.250370004810705,1.168770742629235,64
3,16,0,8.932709610486452,1.312069388672466,70
3,17,0,11.14658516849654,1.83069405778922,81
3,18,0,7.734501336685697,1.135418400692811,62
3,19,0,11.89769742485635,1.878459742212739,91
3,20,0,9.178893215559517,1.323237391187147,75
3,21,0,9.095194953254875,1.288031715886894,74
3,22,0,8.813238825113247,1.061666408619611,81
3,23,0,9.088450929059611,1.777355292703303,77
3,24,0,9.238064099508843,1.099426365486259,86
3,25,0,10.96520128140479,1.421525461510622,102
3,26,0,10.7583223717928,1.343877546276346,102
3,27,0,10.12278372090929,1.231537127611351,92
3,28,0,8.903894892674344,0.9681551503884264,89
3,29,0,8.896997194299725,0.9708178216600828,89
4,0,0,3.75775439984983,1.740386396376415,10
4,1,0,8.609551450506602,5.305174153741407,22
4,2,0,8.555125133386383,2.658929992193108,35
4,3,0,13.89941822277824,10.30169337344116,44
4,4,0,11.23377204707453,3.538233262662928,45
4,5,0,13.6141363144197,4.204019700478136,53
4,6,0,14.99102765249102,12.41456159251376,54
4,7,0,16.04814420294779,5.8626909636637,66
4,8,0,11.58935031407679,3.083402999415232,60
4,9,0,11.82959449151375,2.389216087868202,67
4,10,0,9.866732988720214,1.785753795858124,61
4,11,0,11.55069659404409,2.216726337798956,72
4,12,0,13.13048302564709,2.264800152839167,83
4,13,0,10.78270425545295,1.934116047773886,70
4,14,0,10.14820824685839,1.646039429195309,72
4,15,0,11.00594249706299,1.759356412211636,80
4,16,0,12.32064832653215,2.062063948443972,86
4,17,0,12.27768386749342,1.748121128421461,96
4,18,0,11.18201572917714,2.066795024077577,84
4,19,0,10.62162788903841,1.466946469339162,86
4,20,0,10.90806117593283,1.461879645277483,92
4,21,0,12.91151331560488,2.272582383975536,96
4,22,0,11.61806330521979,1.589985086084527,100
4,23,0,11.4831429177255,1.42930486202561,101
4,24,0,10.12986976324227,1.192110330075387,95
4,25,0,9.625295938303669,1.103674665320399,92
4,26,0,9.819125232111158,1.191341481327733,92
4,27,0,10.99958701056936,1.367286950370828,104
4,28,0,9.442310818108922,0.9724852977880089,99
4,29,0,9.669144603578342,1.169318671498941,93
5,0,0,5.118540827999678,2.567125704216159,15
5,1,0,6.705468729820113,3.972717749323327,20
5,2,0,8.519362150999445,3.542588965746202,31
5,3,0,9.57416541303618,3.461103078272519,32
5,4,0,10.63446622891981,3.022135723979114,44
5,5,0,12.39477109874506,5.658746377713313,42
5,6,0,9.214156217808737,2.443301716391792,41
5,7,0,13.0213187260393,3.129517990375448,66
5,8,0,15.23102956078923,3.308979856484242,80
5,9,0,14.01702790062119,3.238051080219741,73
5,10,0,17.23604817870354,10.03534379786957,88
5,11,0,10.79881111491684,1.994020904107945,67
5,12,0,12.01399597352308,2.043466384925442,80
5,13,0,15.69063541903108,2.85089749485256,100
5,14,0,11.66033085769011,1.929787971566457,85
5,15,0,11.0634098796538,1.68698035340778,83
5,16,0,12.50550420973901,2.053878803297537,90
5,17,0,11.34227618320792,1.550393001324865,94
5,18,0,13.68778621716888,33.46863023740438,63
5,19,0,10.39716846600466,1.430052075676739,87
5,20,0,10.06060953670086,1.347921494937001,86
5,21,0,10.8223045832261,1.369650832088119,97
5,22,0,10.65964007525881,1.358158955401156,97
5,23,0,11.04924012332926,1.508882320224586,94
5,24,0,9.977183118453178,1.313010154762407,89
5,25,0,11.67103566445918,1.636302279053974,102
5,26,0,11.92850286830423,1.611577804241837,108
5,27,0,10.65801065865073,1.299108968045919,102
5,28,0,8.699733985006391,1.271430523742468,76
5,29,0,10.12892706256025,1.202710151733421,99
6,0,0,7.592048522343237,3.864617908303167,22
6,1,0,5.655954272210356,2.495965231356958,17
6,2,0,11.9268408766286,10.87294642327036,29
6,3,0,12.13193617738541,7.011664723851793,42
6,4,0,10.17587011800644,2.90407072390984,43
6,5,0,12.49625572441718,3.35537502063883,56
6,6,0,12.28749623146467,3.01217786511894,61
6,7,0,13.9432643566803,3.734312030370193,67
6,8,0,14.0689721540891,3.015555483644423,73
6,9,0,13.67143335642872,2.964660958689861,76
6,10,0,13.81049523584955,6.750533589915474,70
6,11,0,13.99242307834483,2.571314674164505,86
6,12,0,10.00174248522947,1.773585350515551,67
6,13,0,12.59640334071968,3.994342128093234,77
6,14,0,14.70146568196585,4.290846944898197,93
6,15,0,13.15948883201594,2.061577554682028,95
6,16,0,8.573828585874947,1.177338197250846,68
6,17,0,12.04054316580815,1.721427947691127,96
6,18,0,10.94366280564792,1.634059017839804,85
6,19,0,11.53722828918964,1.567630946918374,99
6,20,0,12.94427281590876,2.006064368539028,105
6,21,0,12.04935026244672,1.492636788157098,108
6,22,0,12.77345801583689,1.858798181976866,105
6,23,0,12.92127845918171,1.53550132861001,118
6,24,0,10.63952668521944,1.287894279027995,99
6,25,0,10.70097186420952,1.288281329569561,101
6,26,0,11.91287564404424,1.41022607848376,113
6,27,0,11.22855438204874,1.429035373220801,102
6,28,0,10.10754409328603,1.098345479080421,103
6,29,0,8.564626505038239,1.054653777700637,86
7,0,0,11.35792270779298,17.07182540819925,21
7,1,0,6.971408578999205,2.898306885776286,23
7,2,0,8.532973723246634,3.346512097988332,29
7,3,0,10.80095701564525,4.068619875485068,37
7,4,0,15.67202443520456,10.13533157184273,54
7,5,0,12.15292591985808,3.692738105043384,50
7,6,0,14.80392364576827,3.821681540774273,68
7,7,0,11.40307831257808,2.591268572114537,59
7,8,0,15.05934820460687,5.320409750505315,71
7,9,0,11.97457304126869,2.4037707502746,71
7,10,0,10.58430003607621,2.086662035541502,59
7,11,0,15.02946246272543,2.727156498032172,96
7,12,0,11.4445061206084,1.808761499304923,78
7,13,0,11.95864847499764,1.858158966031399,82
7,14,0,12.71547612672581,2.036666933587792,91
7,15,0,8.554097613022321,1.199296030330583,67
7,16,0,14.6330268783007,2.328807235318352,109
7,17,0,10.90155236950353,1.536510512105075,86
7,18,0,9.44805582558436,1.382695448528916,73
7,19,0,10.59034494124758,1.381793693073842,91
7,20,0,13.31894146036251,1.831100031491257,111
7,21,0,11.58472496167482,1.670512159919961,97
7,22,0,10.74313050702449,1.446124163012178,92
7,23,0,11.11207060881563,1.40114441605343,99
7,24,0,13.57386842944683,1.68164418305676,123
7,25,0,11.90460862696543,1.481924468919944,110
7,26,0,10.31967411538318,1.157249600758747,104
7,27,0,11.94385391013527,1.403340584596752,115
7,28,0,11.80569367109758,1.466018345572397,113
7,29,0,10.74046915023439,1.504325187193728,96
8,0,0,2.812818213111465,1.335718122486202,7
8,1,0,3.426683158495605,1.642524654455158,12
8,2,0,8.944345739099303,8.199043933119395,25
8,3,0,11.00821017497901,3.973606045239684,40
8,4,0,15.84657657835278,6.889308385464448,55
8,5,0,10.71118340855593,4.727981939647383,40
8,6,0,15.36462834916558,3.987388154279726,71
8,7,0,12.25770287542876,2.844504729333913,63
8,8,0,15.05902517190353,5.114116874883684,75
8,9,0,13.0608353134857,2.915365797866885,70
8,10,0,12.35489754010902,2.453055411031857,73
8,11,0,14.4426112932199,3.533932290749204,81
8,12,0,16.30203013124492,2.829360941107108,103
8,13,0,14.5537525134426,2.564217094904085,96
8,14,0,13.07003218695714,2.13890825260204,90
8,15,0,13.72423228709293,2.168195467848741,98
8,16,0,15.12632105116418,3.809241417628409,98
8,17,0,13.78527292720204,2.051137846602078,109
8,18,0,15.64335556648611,2.400389609812326,118
8,19,0,12.99375138839332,1.965797444926967,107
8,20,0,14.12485295371125,2.262368258014204,107
8,21,0,12.83511609066963,1.931608115798745,108
8,22,0,13.7521545692064,1.797930464683871,120
8,23,0,12.15680472635984,1.567354422128682,105
8,24,0,9.747044243723558,1.134273835981852,91
8,25,0,10.44331270658459,1.228449033765933,99
8,26,0,12.83679275968958,1.58471693625748,117
8,27,0,10.34970131054923,1.169971679927779,107
8,28,0,12.33935829110111,1.352129042639249,124
8,29,0,10.00880250840085,1.078626974928328,104
9,0,0,8.818528442661041,13.464672907476,16
9,1,0,4.873679035373758,1.581203232747138,17
9,2,0,9.77334718633335,5.179380588927078,28
9,3,0,13.02091409180997,6.098744024854159,46
9,4,0,13.76006862644876,5.035306783616012,57
9,5,0,19.03806321380241,6.767359062428298,73
9,6,0,17.35793873359679,4.730063971368859,77
9,7,0,12.71662912606642,2.992343593622834,62
9,8,0,13.87266635828546,3.028288682685718,74
9,9,0,13.28120353628438,2.754236477385068,71
9,10,0,12.2771221386351,2.264678585011001,74
9,11,0,12.13956143337702,2.106338212867322,77
9,12,0,12.71366301951191,2.142159905562987,83
9,13,0,12.94672766709786,1.994505085664163,95
9,14,0,15.17720532326494,2.405269962875175,108
9,15,0,14.60337479923863,2.153192012035505,109
9,16,0,9.378282631774338,1.290971468161228,74
9,17,0,13.4272934811044,2.310237881265878,101
9,18,0,11.62191081028656,1.697104585383135,89
9,19,0,12.95950393517127,1.874600044987319,103
9,20,0,14.63497911727755,2.078287820263037,123
9,21,0,12.76132959118208,1.937884812477471,106
9,22,0,12.41313056139741,1.731699970921722,103
9,23,0,11.54509638946879,1.544988926754384,100
9,24,0,11.30718582026357,1.397188097465732,102
9,25,0,9.596858241051013,1.205215421455861,90
9,26,0,12.24508757235929,1.735078887479422,110
9,27,0,9.952599703352471,1.19080065213805,95
9,28,0,10.46944572568388,1.320858815300572,98
9,29,0,9.604605151460516,1.107020070435974,95
10,0,0,9.184013935603691,9.723155922964306,17
10,1,0,5.68589396984191,2.079873624510317,21
10,2,0,13.07012182084659,9.11870309158158,35
10,3,0,10.10401008480193,2.833333163534903,42
10,4,0,13.97695737966305,4.897644113394461,52
10,5,0,12.61899528292147,4.04744034700046,54
10,6,0,16.50573146048648,5.961245257049688,67
10,7,0,16.9060725816441,4.682623877487416,80
10,8,0,15.52064724847439,3.290451853456426,82
10,9,0,13.59390803055215,2.886162355061307,74
10,10,0,15.81143922273866,3.333304789420465,89
10,11,0,11.62374306070781,2.108506140333262,73
10,12,0,12.41412954879823,2.133070343532123,83
10,13,0,14.34188862701227,2.358452493906793,97
10,14,0,14.95416079112951,2.232396577597623,112
10,15,0,12.49923783798469,1.776741290909244,97
10,16,0,14.74786726910283,2.098850114481809,116
10,17,0,10.72768284557803,1.737543741022134,78
10,18,0,13.90512897040147,1.93707423566416,109
10,19,0,11.94633142440447,1.61203094568065,97
10,20,0,11.90691003844328,1.663477983827751,99
10,21,0,10.45040810535726,1.221983802755242,96
10,22,0,10.99997517745204,1.249804277968727,103
10,23,0,13.67476396748576,1.921449466670575,114
10,24,0,9.748505874905813,1.30643485289906,87
10,25,0,11.6950077003276,1.55226208225073,104
10,26,0,11.61275508086678,1.399481427054801,109
10,27,0,11.08790403706875,1.417826790352327,105
10,28,0,10.10654410211169,1.223725523663423,97
10,29,0,9.89915835952884,2.149332640125829,82
11,0,0,7.07418778637412,7.595902028622904,15
11,1,0,8.770849880064574,3.937802901038916,28
11,2,0,11.71233908047417,6.71919024572082,32
11,3,0,7.906973105171238,4.642810567070863,21
11,4,0,17.79143069257537,6.478226110305978,59
11,5,0,12.59017067492178,4.073928736693196,47
11,6,0,18.48127656279588,14.2201591159768,71
11,7,0,18.45590681308997,4.382997507573656,92
11,8,0,16.39237636533107,3.979482876689201,84
11,9,0,15.77687346330375,3.221858896636513,89
11,10,0,16.16067526074324,3.159920918950356,95
11,11,0,13.85841546206604,2.495746580239562,86
11,12,0,11.38183919937922,1.87000981424981,76
11,13,0,10.14856966779971,1.530841856223378,76
11,14,0,11.02657630490689,1.684441910766439,78
11,15,0,10.76628202313518,1.562499448372759,83
11,16,0,14.92422708413406,2.206045617858289,116
11,17,0,13.50283774704281,1.777820270100344,111
11,18,0,11.04693901761071,1.430414958860554,91
11,19,0,12.19154724147883,1.746874157325876,99
11,20,0,13.65058475957655,1.925097836802687,115
11,21,0,13.27963506068372,1.72062845549966,115
11,22,0,11.96507718939342,1.699083309279936,100
11,23,0,11.05704596345618,1.34810648262444,100
11,24,0,11.97707385207881,1.554506795167544,105
11,25,0,11.50688393677629,1.635607685071401,100
11,26,0,11.27836049276426,1.242391382523899,112
11,27,0,9.296788790019125,1.198663892136799,87
11,28,0,12.16651048450394,1.452846584034463,119
11,29,0,11.00070867061854,1.12949981919921,117
12,0,0,3.986170673886809,1.672525485038046,13
12,1,0,9.850906224502742,5.93788325723532,26
12,2,0,10.45849340937474,4.012287907720177,36
12,3,0,15.99365877720368,13.42358782869176,42
12,4,0,19.07811236037136,9.815165853562235,59
12,5,0,12.43286262806945,5.359910723028412,46
12,6,0,17.49013701382293,9.991066285170369,60
12,7,0,15.736867425599,4.241114982797742,79
12,8,0,14.4693025692955,3.077596805569013,76
12,9,0,15.19317003517997,3.438846802514931,84
12,10,0,10.68289067100523,1.901995690823995,68
12,11,0,15.41654258791923,3.02526775880894,92
12,12,0,14.09379724066475,2.473731574071296,90
12,13,0,12.39076858201505,2.22385944858131,79
12,14,0,10.61444577631702,1.568072250645569,80
12,15,0,13.41412783893909,2.160320800341074,96
12,16,0,12.81674418979446,1.908593629776818,96
12,17,0,12.82451751188745,1.91209880130672,102
12,18,0,12.65151219817125,1.753257859435446,102
12,19,0,11.92528822227698,1.568350133340423,98
12,20,0,10.62069958114058,1.432705914507524,90
12,21,0,18.87497957747791,13.31920939827031,121
12,22,0,12.57005503507591,1.637293455560845,109
12,23,0,12.20784966665464,1.598023322471531,112
12,24,0,13.87029792659259,1.716990381382353,129
12,25,0,12.01019476791783,1.608250407618684,110
12,26,0,11.02984911620179,1.400348476570952,102
12,27,0,10.5716864891553,1.180646470900079,106
12,28,0,13.0543179480592,1.467041794545046,130
12,29,0,9.693300244927224,1.24207763786231,93
13,0,0,6.911370967038917,3.960263568061636,16
13,1,0,9.867615884224891,6.120904518189304,28
13,2,0,10.06469636077803,3.99548053791903,35
13,3,0,14.1545493985733,5.811819866759182,42
13,4,0,14.91247162223619,5.039971191496992,54
13,5,0,16.52849316919114,4.563327811038222,70
13,6,0,14.92833299359728,4.448905512708678,64
13,7,0,15.12179592815117,4.194045337162888,73
13,8,0,16.2350292601772,4.275440226667973,81
13,9,0,14.49963484971715,3.24566458277662,75
13,10,0,19.20102198631669,3.759015895850371,108
13,11,0,12.42338091758638,2.141454922431385,78
13,12,0,11.54011378436343,1.839575555449188,79
13,13,0,13.77335242157242,2.368071111894627,91
13,14,0,14.35994982794865,2.379600611431608,99
13,15,0,13.08804236626638,1.97578768575962,95
13,16,0,12.22596400008686,1.76422195345601,94
13,17,0,12.10616588231277,1.65691170975451,100
13,18,0,14.52343275283883,2.252936878429466,115
13,19,0,11.9768433491776,1.551496903793179,104
13,20,0,10.83968410497758,1.449087174238319,92
13,21,0,11.05095906330093,1.379629599764113,100
13,22,0,11.771243731726,1.737621908646499,100
13,23,0,12.25066236952412,1.553156400823017,109
13,24,0,11.60461706631647,1.575697775068445,106
13,25,0,12.27666008600088,1.59037959856939,116
13,26,0,12.50402634038834,1.503901615874694,119
13,27,0,9.104037104548569,0.994297067222193,91
13,28,0,10.39402441322801,1.187194035059625,107
13,29,0,9.330177697576453,1.081504162730992,93
14,0,0,5.636006696988055,3.897789675178857,14
14,1,0,7.764048280325706,3.532551997796258,22
14,2,0,11.99076814770526,4.570215401273428,39
14,3,0,15.77979893881469,11.616969163134,44
14,4,0,15.15523195299913,5.906187849396823,56
14,5,0,13.80545939414259,3.843677184385101,56
14,6,0,17.15489006149744,5.131337799939532,73
14,7,0,14.85298957074201,4.26342030888217,68
14,8,0,14.00716639441606,3.684692150118725,72
14,9,0,17.21695948872777,4.122509975336105,89
14,10,0,16.77336775935957,4.297674012604805,94
14,11,0,12.04963315327638,2.28042407146296,72
14,12,0,14.3873212057444,2.495787278011887,94
14,13,0,16.00536605720837,2.768016572768424,106
14,14,0,12.98643312800823,2.022817925177752,97
14,15,0,11.17578665893218,1.733818066471716,84
14,16,0,12.6512607639275,1.880413970531183,98
14,17,0,13.16553318468391,1.987198729692647,98
14,18,0,12.68081736951681,1.933617506886454,99
14,19,0,10.23273651160491,1.435533560312144,83
14,20,0,12.79520800926452,1.809837714814188,103
14,21,0,10.64498328052797,1.241521043139948,98
14,22,0,10.6599871280039,1.636785244381043,89
14,23,0,10.11301441102657,1.219514507113179,95
14,24,0,11.91260416573385,1.554105105801631,105
14,25,0,12.52261664895252,1.678710901986361,114
14,26,0,11.19645153541332,1.455773860849528,103
14,27,0,10.06030845353699,1.115321161723397,102
14,28,0,8.561604128383129,1.004767627139841,81
14,29,0,8.795059158853071,0.8919587015277383,92
15,0,0,5.606002349850509,2.457030967637008,18
15,1,0,6.147665446979905,3.224815861798599,20
15,2,0,18.28139271575892,20.57926354212868,43
15,3,0,9.835252579207795,5.195104651222114,34
15,4,0,13.28959351072139,3.72973118469482,58
15,5,0,15.606655130091,4.52961048611477,66
15,6,0,16.28270687023976,4.901519043816055,65
15,7,0,14.69931562385565,3.487553006800823,72
15,8,0,12.16205737995545,2.700189980791941,65
15,9,0,13.75838315091863,3.547804365736407,71
15,10,0,13.6997063408046,2.65572012364942,79
15,11,0,13.83635639400064,2.405658627365664,90
15,12,0,13.68803630808103,2.441220686022122,85
15,13,0,19.15173768591462,27.53408623300672,94
15,14,0,16.17708744492976,7.631793191169036,100
15,15,0,13.71579591513394,2.204867176131725,102
15,16,0,12.25955409646607,1.780809481811675,94
15,17,0,11.25431956010407,1.579739982742715,92
15,18,0,11.39779912246859,1.624011151566855,91
15,19,0,10.08213229589264,1.329669412247189,88
15,20,0,11.22974107470838,1.565177949079503,100
15,21,0,12.02894165437469,1.572862493041004,104
15,22,0,12.19808406813729,1.666862250231243,102
15,23,0,11.17069094821631,1.370833875507297,101
15,24,0,12.52759083406775,1.64569588096672,113
15,25,0,12.02957879468596,1.254570595987892,123
15,26,0,11.25268762765615,1.401627946519613,104
15,27,0,22.36359600888242,118.0424361519104,113
15,28,0,10.08574713023517,1.303566829697194,96
15,29,0,10.59127175035603,1.113176258862793,110
16,0,0,6.536035064034022,4.367559891304162,15
16,1,0,6.504548193900352,3.06534042517678,17
16,2,0,14.94144665235642,10.52656709122834,41
16,3,0,12.44231328659302,7.298695171211896,36
16,4,0,14.94758481381729,5.087194929994323,53
16,5,0,13.84238898162115,14.17025825528742,47
16,6,0,12.83574429604286,3.867712510316769,54
16,7,0,14.59323200507305,3.314332614034945,72
16,8,0,15.12650765827461,5.267841024900446,71
16,9,0,18.39892777742549,4.236600635579399,97
16,10,0,10.60042057809353,2.287274202717957,61
16,11,0,13.77922373799349,2.685741717636092,80
16,12,0,16.64976149126125,2.813473231658045,109
16,13,0,12.93882917072672,2.155054689379914,88
16,14,0,12.37559445726332,1.93629916002478,88
16,15,0,12.14474411362911,1.828522722947792,94
16,16,0,9.145749091396304,1.181041832974326,77
16,17,0,11.8585383761221,1.638952528260617,97
16,18,0,12.75194371062635,2.104359847092563,95
16,19,0,13.38074671974991,2.118207678842695,102
16,20,0,11.21803531929644,1.59037456311848,90
16,21,0,12.00829286701372,1.662172011095109,103
16,22,0,9.915001774609356,1.187701491777063,91
16,23,0,12.11938921647278,1.667761162766571,106
16,24,0,9.951919043517607,1.211046787391122,93
16,25,0,10.88134407278586,1.616264747260492,94
16,26,0,11.06470156845527,1.204943461020158,112
16,27,0,9.705618742747657,1.06321603417999,100
16,28,0,9.127106822049882,1.087461317034242,89
16,29,0,9.746190877274447,1.243755319530214,93
17,0,0,5.918684466761984,8.277704048344765,12
17,1,0,14.67240779346188,15.11994575842758,27
17,2,0,14.02359819368816,7.133156199244215,42
17,3,0,14.01893239923595,7.361373544105906,43
17,4,0,11.26106102810403,3.21359170744509,49
17,5,0,16.7004921804672,6.138254794689825,60
17,6,0,18.72007383535389,8.766280279867237,67
17,7,0,13.94952895624941,4.049525120118375,60
17,8,0,20.00837549288039,4.786822840440728,96
17,9,0,16.26599256802838,3.632986887247711,85
17,10,0,16.49081840113597,5.637369459682082,84
17,11,0,15.59623450035547,2.719664444317953,102
17,12,0,14.13920370370605,2.558604092491089,90
17,13,0,13.71321900084872,2.360001389711455,92
17,14,0,10.7148919957297,1.558574802748965,81
17,15,0,12.54361680249845,2.027389876274261,92
17,16,0,15.71796363653663,2.591803832181424,116
17,17,0,11.93067816976631,1.780280145582155,90
17,18,0,12.01439846817911,1.581405995931414,98
17,19,0,10.45756374355964,1.351115338359992,93
17,20,0,11.66225959750851,1.675402359171046,99
17,21,0,10.20831828117133,1.308311640994233,89
17,22,0,11.29136771959761,1.447794348251046,99
17,23,0,11.195793664838,1.358835437722418,103
17,24,0,11.41599462081559,1.3187297657749,109
17,25,0,12.0714629188294,1.507876022951596,110
17,26,0,13.11445830332809,1.605392212652636,127
17,27,0,11.26745285025415,1.357680656003019,107
17,28,0,10.37016855439627,1.205491856779189,101
17,29,0,9.925404507233585,1.173165826931311,96
18,0,0,3.615098933216652,1.420007465555349,15
18,1,0,8.460604588472748,4.077495854945741,25
18,2,0,7.367811366363453,2.722813291429861,30
18,3,0,18.96554501644983,13.42800297327737,52
18,4,0,13.49112052785348,4.577301132743386,51
18,5,0,14.18230798686622,4.370268361560257,59
18,6,0,17.17394809450434,5.692463446832319,72
18,7,0,18.74821287929732,4.491971966823097,93
18,8,0,17.94645718637501,3.877451244002589,95
18,9,0,12.92177356115695,2.706168144670655,71
18,10,0,13.4721938168515,2.554364658981165,82
18,11,0,12.11875568765199,2.311308674436217,73
18,12,0,18.4841026501894,3.121509857768166,122
18,13,0,11.87044139095476,2.062192086731574,79
18,14,0,13.29638671377425,2.126459105953309,92
18,15,0,12.81939082095024,1.87831534978566,100
18,16,0,13.88030176491873,1.996014514989463,110
18,17,0,12.14562698799768,1.710378979468943,95
18,18,0,11.06229377777155,2.02440271481193,78
18,19,0,11.60992828193069,1.734970527850767,93
18,20,0,13.0335767994962,1.832809738313901,107
18,21,0,12.71428547859782,1.722066430385605,108
18,22,0,11.41109335882816,1.388832201246515,103
18,23,0,12.01788466311471,1.418089910364257,115
18,24,0,16.03361860103855,23.15865295859726,112
18,25,0,13.07666760431056,1.672570318421372,119
18,26,0,11.31522457312749,1.263077990297818,115
18,27,0,10.76404448450236,1.266359579004548,104
18,28,0,10.33751947558397,1.224537221168368,101
18,29,0,9.569216587450232,0.9598843947280252,103
19,0,0,6.177381216791838,2.471060885503122,21
19,1,0,8.712345640402344,4.778371663948307,24
19,2,0,9.307951325674894,3.274744386307177,31
19,3,0,12.88963594948385,14.39991625374245,39
19,4,0,15.38270073038651,10.43375599882196,46
19,5,0,11.73583094913374,3.346608781992908,49
19,6,0,16.40267545578485,4.470810366410586,76
19,7,0,14.5837028320755,4.061984656330361,64
19,8,0,15.39901787895746,3.446272083525518,78
19,9,0,12.17599608597043,2.311325480589574,72
19,10,0,16.60960699162489,3.394592612016124,97
19,11,0,16.20611243132234,2.887487768017657,103
19,12,0,10.58208431987667,1.827632586268327,68
19,13,0,11.3807025175997,2.015256748835004,79
19,14,0,15.58539081762572,2.439270057630794,109
19,15,0,12.12824897912964,1.877269826876144,92
19,16,0,14.343107893309,2.111939910258199,110
19,17,0,11.50043933150181,1.669211505626047,93
19,18,0,11.47266895670681,1.522542985403507,94
19,19,0,12.36864809348461,1.688105281197724,100
19,20,0,11.85073694090686,1.825041949869844,93
19,21,0,12.18242847769887,1.558972688250287,106
19,22,0,13.0427487037705,1.657503639193275,115
19,23,0,12.63376097314523,1.425181207256206,122
19,24,0,11.54422774683485,1.512790395324182,104
19,25,0,11.82629172987805,1.327903176621784,115
19,26,0,11.88116505451509,1.358850541157127,113
19,27,0,10.22593619643306,1.328001377728345,99
19,28,0,11.48285422991985,1.541129686957178,106
19,29,0,8.010110604717479,1.018038723285607,77
20,0,0,6.506992989637432,3.228604439897854,21
20,1,0,12.60378536013905,17.10207070054449,29
20,2,0,9.916310505064089,11.65541676016386,29
20,3,0,13.59208173521377,7.964924121581084,36
20,4,0,17.21367181018556,14.41389743291905,49
20,5,0,18.66505791403113,6.431507138750928,71
20,6,0,18.23554635404051,8.309273886027112,72
20,7,0,11.20644803729731,3.056629219868748,52
20,8,0,16.52202946945562,3.615123685227357,86
20,9,0,12.47183954715721,2.644392299896058,67
20,10,0,12.46847877252364,2.318216323739431,75
20,11,0,11.83036152028782,2.067722993030221,77
20,12,0,14.66083471818019,2.761597024749013,88
20,13,0,13.10804565937149,2.127174564043208,90
20,14,0,17.15796734811338,3.326496205198664,108
20,15,0,16.28531248924951,2.834363240696678,112
20,16,0,12.27207736336363,1.90207532476011,89
20,17,0,12.32002387437736,1.773865525740423,95
20,18,0,11.46967824028686,1.663221172357619,91
20,19,0,13.5440386521888,2.001571993968507,105
20,20,0,13.88372468500764,1.973029794728221,116
20,21,0,12.83897279573245,1.62460967483756,111
20,22,0,9.997064505782971,1.219575301028637,92
20,23,0,11.79281911987127,1.588907789268369,103
20,24,0,12.64242390037104,1.407500149251306,123
20,25,0,10.93197089825182,1.308090691609366,108
20,26,0,11.55947443965385,1.442090848509831,107
20,27,0,11.9926918105338,1.38914931316037,118
20,28,0,11.58406257741078,1.638681654386192,102
20,29,0,8.623433209952458,0.959781601187304,86
21,0,0,2.715897659792079,0.942385364455234,13
21,1,0,5.036532552051927,2.104592896960595,16
21,2,0,10.08016352957245,3.980562089937171,33
21,3,0,14.12604916896064,11.62056041925201,42
21,4,0,14.07724543411391,4.970231810704347,47
21,5,0,11.90328879955356,4.089865760127745,46
21,6,0,16.071422195037,4.566202624100704,73
21,7,0,12.47764942507534,2.794205118724495,64
21,8,0,17.5090269541674,3.69008481426932,92
21,9,0,16.85260610631402,3.680258856642988,91
21,10,0,11.13443447949645,2.228310898900355,66
21,11,0,13.59603373679866,2.510805425233153,83
21,12,0,13.55259687970467,2.351348581272084,89
21,13,0,14.57070410475108,2.386156155772317,100
21,14,0,12.80524230849335,2.238484242796966,97
21,15,0,12.33539125603305,1.810701240404946,94
21,16,0,11.10626333498053,1.739510862843951,82
21,17,0,12.00697660454109,1.730941297259543,94
21,18,0,13.60463450194624,2.000560477407889,105
21,19,0,13.42549970045639,1.99526176535345,106
21,20,0,11.99469887405156,1.977836410962233,98
21,21,0,13.08870055508555,1.708270220979871,113
21,22,0,11.50985860210784,1.885381895656681,96
21,23,0,10.03802228789316,1.246662198343127,91
21,24,0,11.35956564638871,1.367585463939727,107
21,25,0,12.04923141182276,1.416214098025093,116
21,26,0,13.91509299037842,1.739485928275764,127
21,27,0,10.46320163306241,1.265157667312753,101
21,28,0,10.38474148690684,1.196440767181379,101
21,29,0,7.677833915655724,0.8156683851308326,79
22,0,0,3.314109547305426,1.268339402328124,11
22,1,0,11.26205720860727,14.46922355845179,26
22,2,0,7.508663209967342,2.65575270843153,29
22,3,0,7.762631806954032,2.449913381560895,32
22,4,0,15.35368990351486,12.34501327304914,47
22,5,0,14.25813614999235,4.66996497608416,54
22,6,0,14.96955469546846,15.46257390202474,56
22,7,0,13.59550121855267,3.170702455469102,68
22,8,0,16.13299003330833,3.94911077036598,83
22,9,0,15.31646298089021,3.687759421789376,79
22,10,0,12.1396853853874,2.292175614304644,77
22,11,0,14.82744762352591,2.930108689098327,91
22,12,0,12.0751978617353,1.908921364383909,84
22,13,0,14.58588496529199,2.422821714317883,100
22,14,0,13.13477278196365,2.196984785601351,91
22,15,0,11.17293012940035,1.792640395048201,81
22,16,0,10.9219035821836,1.57875564257515,85
22,17,0,12.13476151796933,1.663199329074171,97
22,18,0,13.02564278966882,1.911763321791929,104
22,19,0,14.0655224447766,2.293268282915379,104
22,20,0,23.39042849855094,101.7914867458224,111
22,21,0,10.66175852462741,1.376614733986581,92
22,22,0,11.16822633168816,1.602607308601849,90
22,23,0,11.99547322983698,1.465076473650157,108
22,24,0,10.42413603644582,1.201279404260167,102
22,25,0,10.83031824351318,1.370784590075291,100
22,26,0,10.29635262668411,1.145088013771522,105
22,27,0,10.53849683690268,1.142228446824037,106
22,28,0,12.38232464020018,1.641381392870271,111
22,29,0,9.047510435933729,1.066767305352185,89
23,0,0,2.631936646813181,1.058942414281865,10
23,1,0,9.060371602230081,4.686540690545137,27
23,2,0,7.576908030914008,4.412994367226194,22
23,3,0,14.52443910029149,6.880971268747903,42
23,4,0,14.59392017426149,6.439820032375513,53
23,5,0,14.01258274106403,3.885549616686834,59
23,6,0,10.80273828035855,4.187753531175185,44
23,7,0,15.5814084618108,4.363897147257135,72
23,8,0,10.78874714810592,2.3231249464975,59
23,9,0,12.68004727018102,2.603470116949126,75
23,10,0,15.5209252336829,3.725338116972735,81
23,11,0,12.25571674515782,2.286833769162954,74
23,12,0,12.24738574183363,2.165384031027686,80
23,13,0,13.79971393027242,2.463097299037782,87
23,14,0,10.84740044380847,1.695111555850186,78
23,15,0,11.56075121644657,1.803437011597431,84
23,16,0,11.89673083823591,1.875961852214397,87
23,17,0,11.05697226855738,1.541775588478541,90
23,18,0,8.483545814597688,1.10537971895658,71
23,19,0,11.78023511438307,1.590574564251816,95
23,20,0,9.921175449570297,1.230840657669814,90
23,21,0,9.839266383328175,1.217348355179214,87
23,22,0,9.766930814724182,1.691528547716144,79
23,23,0,12.72779868707606,1.721967287096631,116
23,24,0,13.79698793982064,1.811282631772526,119
23,25,0,10.24201082216122,1.125677969642976,99
23,26,0,10.25369313918543,1.205074276141001,96
23,27,0,10.92178486576963,1.242342784916252,111
23,28,0,9.999915229765234,1.06373502930651,105
23,29,0,9.033039243265719,1.151207897705897,84
24,0,0,6.847825403457411,8.624161242853548,16
24,1,0,5.801208827880417,5.393286137495161,14
24,2,0,6.49002030159557,3.744455615429558,21
24,3,0,13.11566406601789,5.861747107104384,44
24,4,0,13.87438968138328,5.375228571966292,47
24,5,0,13.15321127805071,3.948148185505805,52
24,6,0,10.98707804416568,4.199689404931466,46
24,7,0,15.3022504221931,5.038135419183141,67
24,8,0,11.60463625500048,2.486197715242131,60
24,9,0,16.90401439952833,3.818283033211761,84
24,10,0,10.23084116831409,1.814332074136562,68
24,11,0,12.6319972792503,2.102552813597587,83
24,12,0,8.554582635686984,1.362973973561296,60
24,13,0,18.49254409779754,42.97567189649324,80
24,14,0,10.86078831934981,1.715999860151015,75
24,15,0,12.01699701349508,1.780246239906794,90
24,16,0,12.59146963233056,2.069884859514494,89
24,17,0,13.20444534980742,1.873776540902935,101
24,18,0,11.80920785846947,1.815459982766305,88
24,19,0,13.24580321328784,1.984054894198366,103
24,20,0,10.11929087395447,1.242266668270545,91
24,21,0,9.863161374140144,1.230529694567662,88
24,22,0,10.27373117871738,1.21060447106745,96
24,23,0,14.00360363023461,1.979934390909096,122
24,24,0,10.93843078985877,1.432666218491293,99
24,25,0,9.299131904453619,1.159910995402103,87
24,26,0,13.73873393754897,2.011466206491463,119
24,27,0,10.75004579954354,1.156156462106821,108
24,28,0,18.44852349054889,38.55251417999227,118
24,29,0,10.96678605287369,1.168119971428819,113
25,0,0,4.026208503601634,1.801109608990709,14
25,1,0,2.849288607175921,1.011843095542613,9
25,2,0,6.192052865522266,2.370750551041473,21
25,3,0,12.49635109046996,13.43307402563006,32
25,4,0,12.06227324499042,4.894511181533765,42
25,5,0,9.12478070327349,2.666674124129759,40
25,6,0,11.29436443517895,2.722902733877204,54
25,7,0,13.40562156180452,3.764715148806173,62
25,8,0,10.20104070620195,2.133617518238939,55
25,9,0,11.00913760925154,2.191500842310121,62
25,10,0,10.36662397132289,1.975798580407427,62
25,11,0,11.37413527805626,2.255247736696477,70
25,12,0,10.40601597323285,1.73859149378203,69
25,13,0,17.89740975134584,38.84270234505694,82
25,14,0,9.390913636387539,1.585207298592881,66
25,15,0,10.02147423244008,1.527041868013496,72
25,16,0,11.00544291042687,1.605351477302777,85
25,17,0,12.294271790464,1.747381668968173,96
25,18,0,12.80956976568015,2.778197437547297,93
25,19,0,12.12952186244788,1.712483930409362,99
25,20,0,10.52176487192184,1.319584348029714,92
25,21,0,11.25019753642557,1.501911188750625,94
25,22,0,11.06172157598438,1.407791597392716,98
25,23,0,11.13049057526632,1.595186554149343,98
25,24,0,12.14429442231286,1.603340038048498,109
25,25,0,15.48700055059346,10.55406239906713,109
25,26,0,41.57754041868283,990.0492824302232,101
25,27,0,9.680339980557964,1.092966445350732,98
25,28,0,10.85112386338051,1.325883343905112,103
25,29,0,8.303891000712685,1.026970228963233,84
26,0,0,3.205105033979742,3.269928678230473,6
26,1,0,4.801782642164922,1.99786180173988,14
26,2,0,11.5633895490108,5.917807717325407,35
26,3,0,7.287352861133377,2.861741179356739,24
26,4,0,9.05743596791288,4.917618910964647,29
26,5,0,11.45529803830743,3.176306283134357,48
26,6,0,9.07358116522245,3.106180765191218,38
26,7,0,12.77600005796413,3.7064044231422,61
26,8,0,12.25809006146691,2.640470589335499,65
26,9,0,10.20236430216718,2.028717233090786,58
26,10,0,10.17726201468948,1.870540179353214,62
26,11,0,14.30211234067967,2.822301739215892,81
26,12,0,10.561433833383,1.828641933758629,70
26,13,0,9.57340401325089,1.678837624708883,62
26,14,0,10.41406913448768,1.578206901124012,76
26,15,0,10.75588614275977,1.576105595100217,80
26,16,0,10.6574902008263,1.506057806329749,84
26,17,0,9.13662963808933,1.227102234625143,77
26,18,0,8.965211305257434,1.114219847722172,77
26,19,0,9.381601962449398,1.356746871912664,76
26,20,0,10.17721391041806,1.359596691240911,84
26,21,0,10.07082911340486,1.2385612771989,90
26,22,0,10.89574843256622,1.71209013493464,99
26,23,0,11.45157489663733,1.571880369574304,99
26,24,0,10.33885762218223,1.441451303387392,88
26,25,0,9.334732734926831,1.207652274520594,84
26,26,0,10.1203022551925,1.27109852396972,96
26,27,0,10.30970366207059,1.261784951386633,98
26,28,0,10.1298516006414,1.308081023508183,97
26,29,0,11.07506281083367,1.398478800061499,104
27,0,0,4.912256615393312,2.878647457456778,12
27,1,0,5.146096015285281,1.667314229111351,18
27,2,0,4.772160956002163,2.554439810809859,14
27,3,0,10.2878232704822,7.078034610104936,36
27,4,0,9.075970622799975,3.094725532255183,36
27,5,0,10.8565869356644,3.967030561317503,40
27,6,0,10.06677943106258,3.721981716132276,40
27,7,0,10.75466494846481,2.910542270114863,50
27,8,0,10.0049903920575,3.291677380822003,47
27,9,0,10.29273464630915,3.139409312835287,49
27,10,0,9.885108608410558,2.016356222959256,57
27,11,0,10.79100471997407,2.001282334913075,66
27,12,0,9.132475338853613,1.506282735630326,62
27,13,0,7.749186914732859,1.464040573196161,50
27,14,0,9.804630129093098,1.51039761707082,72
27,15,0,11.50204898678885,1.829513763086772,81
27,16,0,7.931870963498342,1.069575464961053,65
27,17,0,11.35918022753116,1.750056253000508,84
27,18,0,9.426313028505808,1.425947712566855,72
27,19,0,7.163028757101181,1.036631927449682,59
27,20,0,10.61013993350888,1.54680070777961,84
27,21,0,10.47764006725646,1.375504216781969,86
27,22,0,9.432356100655561,1.402652138851161,80
27,23,0,9.458085163027242,1.109930839347365,89
27,24,0,8.760698122220919,1.062560225178478,83
27,25,0,6.598013343304372,0.6680768475528921,71
27,26,0,8.840340877420713,1.19567116285082,79
27,27,0,11.24546665688654,1.332796239009272,111
27,28,0,8.84748077709656,1.090317586489232,84
27,29,0,8.289832961333619,1.009621892801943,82
28,0,0,0.8208064447505623,0.3483886238162217,3
28,1,0,3.558526648713049,1.231297004391508,13
28,2,0,4.553477311586116,1.85652008889055,15
28,3,0,4.859187999152515,1.567893406636693,19
28,4,0,7.066308569380253,3.261675243076862,25
28,5,0,6.715819590498435,2.557621888994261,24
28,6,0,6.184808599370085,1.657098858570383,28
28,7,0,13.98810024570575,30.49874649652671,45
28,8,0,7.695654495494116,1.754962990949164,41
28,9,0,8.492363374860055,1.978259752994472,49
28,10,0,8.670983293292471,1.603453048785057,51
28,11,0,9.363098136178541,1.699851157723612,60
28,12,0,9.659235191038904,2.106401024557933,57
28,13,0,8.704461367482816,1.31444285950596,64
28,14,0,9.025737226774236,1.518905834390318,62
28,15,0,6.949274036717036,1.049207992381032,51
28,16,0,6.502477560644732,0.9565000640197973,51
28,17,0,7.468889780699254,0.973389254224085,61
28,18,0,8.111338171705135,1.120371412797099,65
28,19,0,8.814409437049276,1.184663876755947,72
28,20,0,7.917550811811698,1.104809432475072,65
28,21,0,8.693909622126577,1.170077540041459,73
28,22,0,7.226634958984218,1.003596179536734,61
28,23,0,5.626607948688219,0.6003717992084796,57
28,24,0,8.323915384483056,1.123595801521548,74
28,25,0,8.915310222190918,1.158732789985087,81
28,26,0,7.488244960978358,0.9429548517071754,70
28,27,0,9.672312192466968,1.320080478383768,88
28,28,0,6.530297723872938,0.7447284534911612,66
28,29,0,9.75677344521069,1.169971982089926,95
29,0,0,1.500631624910023,0.6403702381297423,5
29,1,0,1.14112451743046,0.3911029733278945,7
29,2,0,12.61929996099248,45.54694901911044,22
29,3,0,6.976024851100787,6.092237181430135,21
29,4,0,7.076095156893384,9.745552679146208,20
29,5,0,8.559318578849307,2.376867492149055,40
29,6,0,9.138843083540589,2.342151432890323,42
29,7,0,7.461502609424981,1.952652533069247,34
29,8,0,8.874497476886249,5.655931505078883,38
29,9,0,9.185267930960656,1.934176105464668,50
29,10,0,6.959234881890787,1.30472095419257,43
29,11,0,8.666747509013462,1.620815934983849,52
29,12,0,7.398386748105643,1.334467646981263,48
29,13,0,6.571651070758981,1.190293260122979,44
29,14,0,10.29570776540318,5.659197465092334,59
29,15,0,7.298711451160939,1.12819898459374,53
29,16,0,5.261745080932201,0.6916908649449297,43
29,17,0,7.904398625652057,1.186263214501069,60
29,18,0,5.849160418418683,0.7765734107618594,52
29,19,0,7.999651319266606,1.132984518482454,64
29,20,0,7.523018550298718,1.13314886946944,59
29,21,0,7.155425632131452,0.9336390148189355,62
29,22,0,7.204246589925646,0.8611763086004616,67
29,23,0,6.00153374362782,0.7215227639073439,58
29,24,0,6.977843355236301,0.8562011245137354,63
29,25,0,5.469817650016258,0.7586413926353112,48
29,26,0,7.49007818203998,0.892089810007399,69
29,27,0,6.920656313169135,0.9175601968755933,64
29,28,0,6.348137565618602,0.8780661958419621,61
29,29,0,5.757647739064574,0.5388376563847649,65
