# mesh name: boxMesh_1
# primitive scorer name: doseScorer
# iX, iY, iZ, total(value) [MeV], total(val^2), entry
0,0,0,0.6821249007648625,0.2358726519018047,2
0,1,0,3.987492809367411,2.38477115680149,9
0,2,0,5.041589617432815,3.193909007209727,14
0,3,0,5.19713157011012,2.098337754944815,16
0,4,0,5.743913038650819,1.955331752867329,22
0,5,0,4.299822930756452,1.495531990573502,18
0,6,0,6.169862275102852,1.632892518397542,30
0,7,0,8.200373202272205,2.583886158317031,34
0,8,0,10.72780794354516,3.379822023777142,51
0,9,0,7.977447618597906,1.821410352623334,43
0,10,0,7.471290281087344,1.538518917904708,44
0,11,0,5.636270438502268,0.9801956445365885,38
0,12,0,5.724120125852395,0.8963751813066643,41
0,13,0,6.742510154758974,1.069138779803147,48
0,14,0,6.388973893859195,0.9554395376063031,48
0,15,0,6.171271288398535,0.846842210618701,49
0,16,0,6.468013869067975,0.9445502626942743,49
0,17,0,5.980442103665397,0.8424278205319785,50
0,18,0,6.568937082255515,0.9565626230188452,52
0,19,0,7.341202917804959,1.018449134043677,63
0,20,0,13.78999271282577,44.18094311342046,65
0,21,0,5.008626655541478,0.6335379305452724,43
0,22,0,4.180544276871354,0.4431594821499463,41
0,23,0,5.912669841020452,0.6101027542200345,61
0,24,0,5.862788436352219,0.6155590669585796,61
0,25,0,6.531644724986474,0.7333306378595437,64
0,26,0,5.415330390297813,0.6030608349657084,54
0,27,0,7.499617996284523,1.107067512725577,65
0,28,0,5.802177328451947,0.6210269681626782,62
0,29,0,6.995521891849498,0.7776022419763091,72
1,0,0,1.153866353720973,0.5601387371330977,3
1,1,0,3.316607823846911,1.61421530257545,11
1,2,0,3.521595337413333,1.522349674347814,11
1,3,0,7.752715364432796,5.436554841937864,19
1,4,0,10.43189906576387,10.7645781412981,29
1,5,0,6.70289173670035,2.133451136261472,25
1,6,0,8.332248703135233,3.243516700323348,28
1,7,0,9.51031754865444,2.450180213716235,45
1,8,0,8.167936867563469,1.695740824166086,44
1,9,0,8.190941950588696,1.664098304855195,48
1,10,0,9.330752580524802,2.668882569117874,48
1,11,0,7.675242363515426,1.476413956284397,46
1,12,0,8.673377809021728,1.485680243788302,61
1,13,0,9.835448839046787,1.612841708310807,68
1,14,0,9.688418623450358,1.541028160302152,67
1,15,0,8.571006714836617,1.31794521789741,61
1,16,0,7.909037993412955,1.138486442872385,60
1,17,0,8.911021926244157,1.203022362567246,75
1,18,0,7.684341009398897,1.049960323108879,64
1,19,0,7.363968427879152,0.9391943885211304,64
1,20,0,6.543349382332333,0.8638602993287295,57
1,21,0,7.851414949234033,1.05246552726543,67
1,22,0,7.027094439455942,0.8967608788779663,64
1,23,0,7.274913413363033,0.8256828234287782,69
1,24,0,6.838565557774988,0.7840659958083931,68
1,25,0,10.89041032939298,1.901925536828031,96
1,26,0,7.49486884018325,1.01934688210992,75
1,27,0,8.181690874152794,0.9780865518479395,82
1,28,0,8.11020827164743,1.070630847190331,74
1,29,0,7.042763974153656,0.7093269723521002,76
2,0,0,0.9583437059001104,0.3039642076110875,4
2,1,0,3.087501553422511,1.231678608358938,10
2,2,0,3.698873192980829,1.855689605141719,10
2,3,0,7.196704377237645,2.678943593149181,22
2,4,0,9.693660434546077,3.100901270366699,37
2,5,0,10.15216804239774,3.191932961066819,36
2,6,0,14.05826951343426,6.568900974649146,55
2,7,0,12.75808816155212,4.383251368960297,50
2,8,0,9.884853502401146,2.356699027427194,48
2,9,0,7.787031260253356,1.541587376974819,45
2,10,0,7.896648379632631,1.406176399828334,49
2,11,0,10.35762167969456,1.784099963127356,65
2,12,0,8.955234608519874,1.489507629733956,59
2,13,0,7.01559599059416,1.095167870886535,49
2,14,0,8.480687309139054,1.154546848567058,67
2,15,0,10.28978638966216,1.509513045496294,78
2,16,0,11.8524118189293,1.920182691257962,85
2,17,0,8.423307192985691,1.164402679299997,69
2,18,0,11.89570398878242,1.916303536627712,90
2,19,0,6.972345226106575,0.8220468162437172,63
2,20,0,7.817005978281159,0.9606204166269084,71
2,21,0,9.200578260533435,1.315780387536236,76
2,22,0,9.119914204635755,1.171551362872332,82
2,23,0,8.89264806446436,1.179048426986874,78
2,24,0,7.872489399118701,0.9239910306533143,78
2,25,0,8.716574613425903,0.9919542715430315,86
2,26,0,8.412061198166674,0.9499521993881129,84
2,27,0,6.669130964157101,0.7503897995278115,69
2,28,0,9.80000404008033,1.110707558819214,98
2,29,0,9.970704955792606,1.292952671598543,101
3,0,0,1.808222107407219,1.549849678271022,5
3,1,0,5.757979844773622,5.242471514504354,12
3,2,0,3.985216934470658,1.848454714745314,11
3,3,0,9.374294209445809,5.998657834630587,26
3,4,0,11.95881899126192,3.781592078780802,47
3,5,0,13.52127895423673,4.370945484114483,51
3,6,0,11.56270900228457,3.573176523628642,46
3,7,0,11.24559368113315,3.012443759765422,54
3,8,0,10.86910034367732,2.708318779511966,52
3,9,0,10.5174330929398,2.273344478955987,58
3,10,0,9.687273237830553,1.901301470719735,56
3,11,0,11.36138567254481,2.28777788475121,67
3,12,0,9.934654619648992,1.715878351048602,64
3,13,0,9.13642949558869,1.61089633565496,59
3,14,0,10.12665832354483,1.431809117758177,78
3,15,0,8.225509758604494,1.20412988675481,62
3,16,0,11.67049568365874,1.907247940540931,86
3,17,0,6.329900074309301,0.8118281162953213,54
3,18,0,8.362534092459743,1.18566243929174,69
3,19,0,9.414807255975454,1.250233527534931,79
3,20,0,7.737953058226943,0.9873874591390145,68
3,21,0,10.40669129892133,1.382017908485949,90
3,22,0,9.25958216258176,1.057981706974654,89
3,23,0,10.510512278846,1.776371615616618,91
3,24,0,11.00137075172248,1.455621861619613,101
3,25,0,9.505426223594,1.138472564710898,97
3,26,0,11.18292886197028,1.494862505558845,104
3,27,0,9.12929322269253,1.011702098910629,92
3,28,0,8.615943054203829,0.9127072787611075,91
3,29,0,10.82230606793727,1.489528133207534,104
4,0,0,4.041697905514848,1.900659291717457,11
4,1,0,1.598721352541002,0.7177716503006454,4
4,2,0,9.518909993075408,5.617028195636441,27
4,3,0,9.860545822040336,4.931130022818553,30
4,4,0,11.46019342158922,14.29945629209884,29
4,5,0,10.18266936470088,3.864454768451639,39
4,6,0,10.1230876035701,3.455837811079365,43
4,7,0,15.02238892209478,6.380923615079841,65
4,8,0,11.48221476531449,2.520344549509665,62
4,9,0,10.81321714690898,2.086710564211836,64
4,10,0,15.42230589472154,3.960548463139129,79
4,11,0,9.104804330350355,1.692447045054992,56
4,12,0,11.50602903277741,2.012130720298976,74
4,13,0,10.95292326138908,1.977391673697294,70
4,14,0,9.080949962238858,1.338080740331839,69
4,15,0,11.42768333820261,1.834647453872405,86
4,16,0,15.75099761637892,38.63818751809098,81
4,17,0,8.41138854198514,1.152009603663622,69
4,18,0,9.930865740326352,1.355054140804832,81
4,19,0,9.660689210540314,1.562647428868338,75
4,20,0,9.291330301181434,1.199857836685873,81
4,21,0,9.910353047587311,1.216858353427919,93
4,22,0,11.7958279379807,1.727166179696744,97
4,23,0,8.998712498019241,1.16070749021936,82
4,24,0,10.58592784851596,1.352329711313135,99
4,25,0,8.384643655076914,0.9661242088123232,81
4,26,0,10.73857957157354,1.506940035809124,98
4,27,0,11.49117174898275,1.278033925350834,113
4,28,0,9.443997495137904,1.078929395683446,95
4,29,0,9.901262627048908,1.06422591126764,104
5,0,0,2.419853288166113,1.127050783146038,6
5,1,0,3.985496040591918,1.572090852535119,15
5,2,0,6.051163749753573,2.355778108373156,20
5,3,0,10.71538222663598,4.876357678659731,33
5,4,0,11.96399074378254,3.987484136720867,44
5,5,0,12.43250654475226,4.639165622491014,45
5,6,0,15.35066463596676,6.009177273838687,57
5,7,0,12.19027456934331,3.415723726346646,51
5,8,0,11.63230985672366,2.46247873811935,63
5,9,0,11.52628013487848,2.302878153744126,65
5,10,0,11.11253753927736,2.039132643981703,68
5,11,0,12.01672643800207,2.201443332310021,78
5,12,0,11.17868229823501,1.797033470867565,75
5,13,0,11.1795051451698,1.803007030782533,75
5,14,0,11.11396017925758,1.626969745865406,86
5,15,0,11.01323351259843,1.643665889502714,82
5,16,0,11.96919596553397,1.789653918847368,91
5,17,0,11.41981038568323,1.493855472507723,97
5,18,0,10.35022463590482,1.379112827273974,88
5,19,0,8.951558166969386,1.159759484023734,77
5,20,0,10.09593438734785,1.429290086677035,83
5,21,0,11.61388363396869,1.535718207735183,99
5,22,0,9.232218942163145,1.24195342263576,81
5,23,0,10.62012733694219,1.365093566333911,99
5,24,0,11.58130748211305,1.533682257119744,106
5,25,0,10.41839927465242,1.298166787683214,100
5,26,0,11.39075312859437,1.263588105563309,114
5,27,0,10.58365746459243,1.176177168269984,108
5,28,0,8.5207503990438,0.8870734792398138,94
5,29,0,10.11368142783389,1.194596756726038,103
6,0,0,1.885366682001505,1.577490037755861,5
6,1,0,3.693755527054057,1.416901529787002,13
6,2,0,10.85366282075529,7.933672042311493,27
6,3,0,9.418627787312211,3.338349493961376,36
6,4,0,12.70980089243699,4.457752402903737,46
6,5,0,16.15154193971386,10.26419504946279,56
6,6,0,18.06269791371596,64.77793773720376,48
6,7,0,14.36147291056045,3.826949808347433,68
6,8,0,11.1944220271707,2.398873331521031,60
6,9,0,14.79127160561005,3.168385631025638,80
6,10,0,12.01935351514665,2.322933869558507,72
6,11,0,13.41492975718893,2.463563960086329,84
6,12,0,9.874844058595551,1.632203052867548,64
6,13,0,11.60390913506714,1.907565201821901,80
6,14,0,12.14676731683613,1.936152367074568,88
6,15,0,10.56752947939646,1.601722841446909,77
6,16,0,12.3131209091648,1.908195229836009,91
6,17,0,10.35594051540636,1.495447448056168,81
6,18,0,10.09150585549327,1.534813415352438,78
6,19,0,12.56786560550188,1.943335859630393,99
6,20,0,11.90522989002206,1.595644668063203,101
6,21,0,10.08116389018971,1.401207278589882,85
6,22,0,11.60659120067406,1.705875058930433,103
6,23,0,9.115331374095758,1.050090939610517,88
6,24,0,10.71778810115586,1.284492608007869,104
6,25,0,10.8912197783838,1.293572931949605,108
6,26,0,10.27539188146548,1.084502864720965,105
6,27,0,13.58334744976237,15.13852474261467,104
6,28,0,8.174694562305723,0.8817410759269504,88
6,29,0,6.167679500406495,0.6061685522274693,67
7,0,0,5.246508497522893,8.515529527800192,11
7,1,0,4.935894141398816,2.394402656792018,16
7,2,0,7.346722029502279,2.799559029382131,24
7,3,0,10.49596077248902,3.671732576611239,37
7,4,0,12.32268205618349,4.519324356237271,41
7,5,0,15.96392959915579,8.512871864437674,55
7,6,0,14.08675413975505,5.564063903353471,55
7,7,0,15.35439681475482,15.22399283130755,51
7,8,0,9.608087937944969,2.132142270860679,51
7,9,0,13.56368228661329,2.810658753219643,80
7,10,0,14.14302805228761,2.998661272621467,79
7,11,0,11.83548999813129,2.347055394185399,71
7,12,0,9.595679930504421,1.537740132735599,66
7,13,0,11.06848166054066,1.750232957993425,81
7,14,0,11.53251048359669,1.758048195267811,85
7,15,0,9.615807427665173,1.281161066599217,78
7,16,0,12.04616624087263,1.707768978806969,97
7,17,0,10.82979119274243,1.477149006278158,90
7,18,0,14.5396593666916,1.948366234062457,122
7,19,0,13.10529446024434,1.80453678899547,112
7,20,0,10.6671134115945,1.488968974343907,90
7,21,0,8.014455902317648,1.066209153576873,71
7,22,0,13.33491655058906,1.758825922815066,117
7,23,0,11.27796291727238,1.489151929901251,102
7,24,0,11.58033068923003,1.415615653989913,110
7,25,0,10.84342664897567,1.293565496253708,105
7,26,0,8.088453844789029,0.838924594735825,87
7,27,0,10.3927328478216,1.11363957554524,109
7,28,0,8.815263583064123,0.9096722708692921,93
7,29,0,10.28902533885026,1.364865881685901,103
8,0,0,2.444193488681345,1.058490536509502,7
8,1,0,4.160908649063586,1.902612792280232,13
8,2,0,6.019788038764706,2.797598191675507,20
8,3,0,11.20438537655094,7.099682420771437,34
8,4,0,16.07600997222705,8.253799300082623,47
8,5,0,14.73353558976417,5.550686352063829,54
8,6,0,16.50704674324311,5.925652168888652,64
8,7,0,15.38876475365401,4.637367733298018,65
8,8,0,16.68002918405329,4.886628732173953,79
8,9,0,14.55301780628857,3.624509371712908,74
8,10,0,11.45465359465504,2.069134105135844,70
8,11,0,10.75694559490996,1.825960982766637,71
8,12,0,11.66726698038099,2.210114231033431,72
8,13,0,13.57371499735956,2.585893230781278,90
8,14,0,12.35659169079851,2.231939270760908,91
8,15,0,12.79167728769659,1.877877777411716,100
8,16,0,21.64253498326058,94.93834552663427,98
8,17,0,14.46298980948623,10.80074781805747,96
8,18,0,12.97671034623975,1.966925545122099,101
8,19,0,11.1883918444806,1.573517550064209,93
8,20,0,13.87097224356191,1.895694872845173,119
8,21,0,11.55208198758208,1.324387322540026,111
8,22,0,11.26010837257461,1.367363139930928,104
8,23,0,11.61499054041667,1.644130971893993,104
8,24,0,10.89138388827646,1.365116423097875,104
8,25,0,10.69766653101822,1.299741441780207,105
8,26,0,11.58928987482727,1.50523075396366,111
8,27,0,9.712860290343366,1.122155195234458,100
8,28,0,10.46893658007933,1.287984483951814,101
8,29,0,10.94080694345301,1.240435153175214,113
9,0,0,2.319852737591056,0.8849443074010286,7
9,1,0,6.715858923865373,3.632041212959542,17
9,2,0,4.528045910274625,2.222395440683732,13
9,3,0,8.657182111751888,3.487958118371782,26
9,4,0,15.62817343230169,7.027642371723967,49
9,5,0,15.22425407173394,5.735990138177657,54
9,6,0,12.56370722886535,4.051729538950203,49
9,7,0,17.50244133211539,5.298721890767196,78
9,8,0,14.21937551564885,3.437613539819081,69
9,9,0,14.65797156635359,3.106073339379641,83
9,10,0,12.66231047947999,2.867933387081046,69
9,11,0,18.80603475803317,36.16557366323175,74
9,12,0,14.14968217719947,2.367732300574338,95
9,13,0,11.56116927930241,1.840968898048855,84
9,14,0,12.47663801341423,1.77025222150681,95
9,15,0,14.28155728201298,2.260693765927474,104
9,16,0,9.837637083433345,1.371684090376571,78
9,17,0,11.86360467984533,1.881042783583254,92
9,18,0,10.81238744318425,1.407888323814667,93
9,19,0,10.28142364973917,1.433653979092995,87
9,20,0,12.28519645239031,1.795790103499222,100
9,21,0,11.30278590139852,1.385462646491896,103
9,22,0,11.90659647110907,1.678664801681065,104
9,23,0,9.942866960669495,1.186200868364248,93
9,24,0,10.45664550756939,1.137295099210081,107
9,25,0,9.144999027476025,1.011904442148744,96
9,26,0,10.56098898940323,1.212134316054228,103
9,27,0,9.130996172421741,1.00580637815429,93
9,28,0,11.83659617075676,1.317844545065889,121
9,29,0,9.586066194233497,1.012096807689851,101
10,0,0,2.48205892231975,2.868898525862266,3
10,1,0,4.189852652606624,3.256712082620182,7
10,2,0,7.102924365823161,2.451832719636494,25
10,3,0,9.492139828811846,4.243101493046232,28
10,4,0,13.0778556550447,4.271110696284648,48
10,5,0,14.78570651834188,5.087877184370711,55
10,6,0,21.93419265050311,31.57472612402805,71
10,7,0,18.50003496154615,13.37523737935762,63
10,8,0,18.94879273316517,4.442800136730115,93
10,9,0,18.65269954505087,5.177899168982155,98
10,10,0,16.45693791702992,3.085498249430258,97
10,11,0,13.12132794782788,2.436265303640592,81
10,12,0,12.647306877233,2.215362641587352,84
10,13,0,15.69639643783358,2.76582680822571,103
10,14,0,14.88653121384622,3.270305500785111,95
10,15,0,9.92353016408887,1.307643554921423,83
10,16,0,10.71632553213229,1.497581000669591,84
10,17,0,11.53333313347181,1.614225981211781,93
10,18,0,8.962072444181931,1.242583609732617,73
10,19,0,10.92829666919302,1.379347340147041,97
10,20,0,11.88365857148132,1.684014433403039,100
10,21,0,10.73483865125311,1.362387335786216,99
10,22,0,12.91162255365954,1.781894763240319,117
10,23,0,11.16408468587666,1.337078882092176,107
10,24,0,7.872348594325253,1.043831164461593,74
10,25,0,10.59597278622699,1.244689000267298,104
10,26,0,12.32558904937033,1.499026447673149,118
10,27,0,11.4802274810246,1.365137762603112,113
10,28,0,9.339639884576235,1.003656833585209,100
10,29,0,8.695081814330891,1.019628566878572,88
11,0,0,2.960566000670087,4.926139664594571,5
11,1,0,3.592063449097466,1.525833538509127,13
11,2,0,6.785310101453995,3.56295929075475,20
11,3,0,9.162378097418348,3.888465681797422,27
11,4,0,15.93917044221915,8.043368781972278,52
11,5,0,17.26709442495284,6.232158268923186,64
11,6,0,15.28859864240159,5.646323029167751,59
11,7,0,18.65024127035525,11.18947640938436,70
11,8,0,14.1948776686296,3.685191176392315,66
11,9,0,13.63218028224799,3.023116241312025,75
11,10,0,12.32609906245577,2.507764642267465,71
11,11,0,14.48183630376334,2.564676568190459,90
11,12,0,11.866609518518,1.95539155176127,82
11,13,0,14.30988194499075,2.50704930107768,92
11,14,0,12.16779322013418,2.078559755277851,84
11,15,0,12.87742238122616,1.774390369308248,101
11,16,0,13.14598586834993,1.850366047659934,104
11,17,0,12.16561221887738,1.93159987734822,89
11,18,0,12.50980689128286,1.704237086329465,105
11,19,0,9.726096409301473,1.22444272529802,89
11,20,0,12.11029956458036,1.652666856716714,102
11,21,0,9.822734928037619,1.200613902926624,90
11,22,0,11.63656220062678,1.626897635239006,98
11,23,0,12.4431670515824,1.706077201930651,109
11,24,0,13.34032972412187,1.992571905503079,116
11,25,0,11.42388626068392,1.295302557288979,115
11,26,0,11.45343481089821,1.321399531323021,113
11,27,0,10.96453522512578,1.385618164776227,104
11,28,0,8.972923618661023,0.9201139825982072,95
11,29,0,10.77078112109754,1.409613873878621,111
12,0,0,1.404434715412688,0.4712924842424377,7
12,1,0,6.274635083674124,8.449000154898036,14
12,2,0,6.724565156374315,2.979104095216208,24
12,3,0,13.9582563380618,7.463221251057328,40
12,4,0,12.9136820570534,5.107393354696764,47
12,5,0,14.44939956686083,5.308717678407687,54
12,6,0,16.48668231579365,6.650666511676291,64
12,7,0,12.71874373326626,3.086153661494214,62
12,8,0,14.64594377343852,3.348278484757905,76
12,9,0,13.91827590834992,4.647614788359497,67
12,10,0,12.6515346644959,2.185398701163466,79
12,11,0,13.68102876681499,2.280440708549501,89
12,12,0,13.78662563178846,3.565955406527687,90
12,13,0,11.60917268818184,1.811977514610364,84
12,14,0,12.99825151734686,2.251095046038242,88
12,15,0,13.87070743296473,2.366592607367575,98
12,16,0,12.1119558718553,1.965794806653764,89
12,17,0,12.25651911029429,1.628528407776024,104
12,18,0,11.41544757830075,1.570786836884506,95
12,19,0,10.68826435361673,1.295359017615251,96
12,20,0,11.26268570257022,1.428677546248406,102
12,21,0,13.27151372239231,1.78266594100523,115
12,22,0,10.90618515140769,1.353804161297129,103
12,23,0,11.44803516273816,1.366679254200753,107
12,24,0,8.809564583649564,1.013655895122647,85
12,25,0,10.74047578751088,1.324456802421327,104
12,26,0,11.08351645589379,1.331787062147453,105
12,27,0,12.42895191948462,1.451252297875497,122
12,28,0,10.80915618415717,1.17689283623626,110
12,29,0,11.57089140984135,1.293109013733483,121
13,0,0,2.802854323175838,1.252018608862067,7
13,1,0,2.375883261794655,0.9460260645691353,7
13,2,0,6.193653218607292,4.104903288494509,16
13,3,0,11.28279107420822,9.119107057289863,35
13,4,0,14.8024561852499,8.674623304655622,54
13,5,0,20.0997598854876,17.39543907605452,61
13,6,0,14.59282813753529,3.805537784379575,67
13,7,0,14.25393709570458,3.430525446796566,74
13,8,0,16.05090559915601,4.245979559617362,79
13,9,0,16.00427049630339,3.640029858723301,84
13,10,0,15.18729526114889,2.99729042783579,88
13,11,0,11.82269525139719,2.047124352703204,77
13,12,0,10.74936926865427,1.786242423520773,75
13,13,0,12.61537591282561,2.062842972459763,89
13,14,0,13.84139311983844,2.392545356504834,91
13,15,0,12.27389814393571,1.75848968581211,96
13,16,0,12.72817825348663,1.940881020711329,98
13,17,0,11.2279818103863,1.577739678289702,93
13,18,0,9.773970281406465,1.470504122086125,83
13,19,0,10.88704338024119,1.556268906521714,88
13,20,0,10.32725915628777,1.429598592713467,88
13,21,0,11.94072323415624,1.726829628657113,104
13,22,0,10.09992883429673,1.137903757445816,96
13,23,0,12.46373894414742,1.477122052391581,116
13,24,0,11.59928442744222,1.571180962909003,106
13,25,0,11.36435597379413,1.296981431506285,115
13,26,0,9.562869490106451,1.074672441262691,96
13,27,0,11.69000007942303,1.839323849796667,111
13,28,0,10.14986200471548,1.238276915905516,102
13,29,0,8.582346397770284,1.02878302476207,88
14,0,0,1.729049364386516,0.7708107917031448,5
14,1,0,3.801764349137992,1.858469978559518,14
14,2,0,6.328695689609074,4.060843038858938,17
14,3,0,13.47451659284434,6.057475271135294,39
14,4,0,13.69809228954384,5.689523553767351,47
14,5,0,21.27064144293436,11.81729825624609,70
14,6,0,16.64939227644678,4.878158294869495,74
14,7,0,17.91627453546278,5.627127311113868,85
14,8,0,14.41807611420669,3.250337078318306,77
14,9,0,18.01926995826993,4.229071878022934,96
14,10,0,17.77312144919841,7.94062991562253,92
14,11,0,12.70722924574543,2.277859385105143,80
14,12,0,12.53353108691699,2.809795220285833,74
14,13,0,14.91301922276957,2.622593805425378,100
14,14,0,12.90618900225815,1.946059009776502,94
14,15,0,12.33160615582402,1.883628846985565,95
14,16,0,10.19701545968866,1.474102529458736,81
14,17,0,10.31953072229136,1.536797760880686,79
14,18,0,13.34414827052913,1.956957253161766,106
14,19,0,11.06132145950316,1.569576554764641,92
14,20,0,11.50756933651144,1.49120366963628,104
14,21,0,11.91209709652885,1.529411057749049,109
14,22,0,11.14913374570432,1.302437057725122,106
14,23,0,9.535489235104251,1.077761680740259,92
14,24,0,10.32334530512684,4.126853184708584,78
14,25,0,10.95403593462677,1.41820296569451,100
14,26,0,10.40844028428095,1.121502442116363,106
14,27,0,9.176882000082045,1.034665583908736,93
14,28,0,9.289508893078764,1.094639953881314,93
14,29,0,8.26520322383892,0.9179441565690284,86
15,0,0,7.513312554488039,14.49803801223236,7
15,1,0,7.026090420579551,5.086442633049549,16
15,2,0,6.445177667095569,2.635654717205321,20
15,3,0,8.980350703001958,3.665875579716863,30
15,4,0,15.62504518946915,12.4161574729863,42
15,5,0,14.81006339541209,5.954656253631981,52
15,6,0,15.47274620947968,5.617865835322211,60
15,7,0,18.8221951384657,5.317831418926598,87
15,8,0,17.13596940672761,3.981194755051803,91
15,9,0,15.01520706168596,3.102886384126816,83
15,10,0,11.74482858296567,2.254774173659663,72
15,11,0,12.37934342436016,2.51397405154761,75
15,12,0,11.46499886437708,1.919423741972123,75
15,13,0,15.08061656266655,2.444565178747467,105
15,14,0,10.7372600042752,1.513949553190403,83
15,15,0,13.68473841223969,2.219044754817568,99
15,16,0,10.26833600098937,1.363105459089813,88
15,17,0,15.62968018400326,5.203054641062141,111
15,18,0,13.33654119267189,1.770800462737522,114
15,19,0,12.32755270315278,1.600210757365132,110
15,20,0,13.06739770789527,1.895060933974702,109
15,21,0,12.50023233936107,1.760825218185527,108
15,22,0,13.93713643567023,2.292628713403522,123
15,23,0,10.13789348419899,1.469934680211151,86
15,24,0,11.81681108050577,2.009580346328582,103
15,25,0,10.2738086793567,1.489278793079335,95
15,26,0,11.8895110001345,1.701399050567694,110
15,27,0,10.12114715479499,1.049559356182706,108
15,28,0,8.450160121423709,1.073292707218208,83
15,29,0,11.07603367227602,1.551516105166403,104
16,0,0,1.306871965302076,0.4730836306041688,5
16,1,0,9.21597322305397,15.17499787647522,13
16,2,0,5.594178833070601,4.12269355729511,15
16,3,0,11.03894990558175,9.428849306122904,33
16,4,0,10.83371286104913,5.396022332020978,32
16,5,0,18.89512251505821,7.32454409321313,67
16,6,0,15.3941466247213,5.195660711325199,64
16,7,0,19.01287699509054,9.605568024670179,76
16,8,0,15.59544143302355,4.809937617485629,73
16,9,0,14.25076797082338,2.912243540919606,78
16,10,0,17.43213484263472,3.884891535715756,96
16,11,0,14.46140015110905,2.558750000773482,94
16,12,0,13.82826684660489,2.424074989202418,91
16,13,0,14.5230918453493,2.522122481643626,94
16,14,0,11.23636952398055,1.729195367441617,85
16,15,0,13.87427554041105,2.128512011006515,104
16,16,0,12.36371049414307,1.819079040067988,97
16,17,0,11.74107472298534,1.759955487258191,91
16,18,0,10.50545635366487,1.414119383285521,90
16,19,0,11.20987894973176,1.476926801312876,98
16,20,0,13.31541877877359,1.991896153611419,111
16,21,0,10.84496693968357,1.404838768084063,96
16,22,0,11.3345017147016,1.446831138721265,101
16,23,0,12.47587778261511,3.121585701397159,104
16,24,0,11.558188635384,1.621007027277658,105
16,25,0,19.07493998666596,80.04350210774093,104
16,26,0,10.77028653884532,1.356092596895483,108
16,27,0,11.90729419441039,1.506608744200109,113
16,28,0,9.704928485670971,0.9731042794952542,105
16,29,0,9.86181041203978,1.010992590427223,109
17,0,0,2.016917915085118,2.42890196148137,3
17,1,0,1.315033799096039,0.287485017621152,8
17,2,0,8.588052821821259,3.810548893085563,24
17,3,0,8.012943249513144,4.580747709659746,24
17,4,0,11.89614852953633,5.295706575084167,38
17,5,0,14.37727360273162,5.596730486671161,53
17,6,0,19.4878022442598,6.289986473384792,81
17,7,0,17.35175394567738,6.395982907687323,78
17,8,0,25.46081838302389,60.82957932450967,88
17,9,0,13.46460655915575,2.699472382012429,75
17,10,0,13.48776731119077,2.616459596828463,79
17,11,0,15.57803858343973,2.933536077270607,96
17,12,0,14.83006654897145,2.634749362672653,96
17,13,0,12.83589683481916,2.076012042277236,90
17,14,0,12.31087741518025,2.020647515394304,85
17,15,0,10.10283272444705,1.441508402009066,80
17,16,0,11.91118708140823,1.668119182552366,93
17,17,0,11.40936805642418,1.583425546356979,96
17,18,0,10.92221188252131,1.49411717925077,90
17,19,0,11.82515140202221,1.754711016414339,97
17,20,0,10.44714566360311,1.255715290863296,95
17,21,0,12.12062255677185,1.548432057538323,109
17,22,0,10.55145630398116,1.272955101582516,100
17,23,0,12.13244752950379,1.681290943153429,108
17,24,0,10.41886169013974,1.317652624632382,96
17,25,0,11.36039858626254,1.507717868046776,103
17,26,0,11.64201156508272,1.508688594504907,111
17,27,0,10.1355832995227,1.224907242703128,101
17,28,0,10.3681693541133,1.214018094720887,106
17,29,0,11.44605222342538,1.180404821923174,120
18,0,0,1.917416304318272,0.7477076083613694,6
18,1,0,2.986997226706032,1.22641944744587,9
18,2,0,7.481373992178803,3.383827075481238,23
18,3,0,10.91029505650138,4.148047128965595,36
18,4,0,11.59058806767003,5.221731642169098,35
18,5,0,18.9130775192289,7.429670221426631,67
18,6,0,16.47994141332635,4.946067736115785,68
18,7,0,15.93838608467341,4.061024409418172,74
18,8,0,16.59743753981644,6.194107125008923,78
18,9,0,12.12414709391192,2.428746382045309,69
18,10,0,15.57478097406901,4.339043347952185,91
18,11,0,12.62376143346452,2.227412106398741,81
18,12,0,11.75005295947013,1.917775386378398,83
18,13,0,15.22021638571671,3.301980074924931,94
18,14,0,12.885170244894,2.05941943004965,92
18,15,0,12.0393058199478,1.722494545934051,92
18,16,0,11.78414343243485,1.88348757361687,86
18,17,0,12.44082070036544,1.713969129431304,101
18,18,0,10.31997763458712,1.365408129995583,88
18,19,0,11.50029166935479,1.630216317827761,98
18,20,0,12.998238464647,1.601838957079998,116
18,21,0,11.61348426491606,1.559089362764437,100
18,22,0,10.82786459154571,1.732963421937854,93
18,23,0,23.53179523974895,149.8313406782005,102
18,24,0,9.667866110323255,1.445436119118604,85
18,25,0,10.40490922828124,1.405582240604475,103
18,26,0,10.74644046548597,1.231317821952433,107
18,27,0,10.3102225071033,1.137112596181643,107
18,28,0,10.16208596812096,1.122694046464241,102
18,29,0,11.14330791608256,1.294289105122461,115
19,0,0,1.736264522914018,0.7222117242642324,6
19,1,0,6.025153944716911,2.817708997141697,15
19,2,0,8.07935218155799,6.087890715163851,20
19,3,0,12.77545146646493,5.758385635897707,38
19,4,0,19.90586693445261,17.84312667688382,48
19,5,0,16.94450914994107,8.129099472275371,53
19,6,0,17.92283435762381,6.243479069630941,70
19,7,0,15.89140560020599,4.45084620063037,71
19,8,0,17.14503690371176,4.598822688040708,79
19,9,0,13.03753078229861,3.266810552028296,67
19,10,0,16.63986210647065,3.675889803177454,92
19,11,0,11.18134995878507,2.140011096880781,72
19,12,0,17.24367318483628,4.01466633443663,104
19,13,0,13.23843219920665,2.133839524212522,92
19,14,0,12.69644308209498,2.025441445532883,92
19,15,0,11.14023952211506,2.345596804471833,79
19,16,0,11.28331435337738,1.574745783525195,89
19,17,0,10.94154224630095,1.467280051514546,91
19,18,0,13.06918710562385,2.552171153074299,101
19,19,0,12.30624907005987,1.653093484530195,104
19,20,0,9.941286458897201,1.359895353558351,85
19,21,0,11.16114511928123,1.373795368754165,100
19,22,0,9.392360978368259,1.194548050989252,87
19,23,0,10.5601935647287,1.405054027156582,94
19,24,0,12.38766547459999,1.566711830822245,118
19,25,0,12.02944681163333,1.50461894630957,116
19,26,0,10.13418598031635,1.214888643164849,100
19,27,0,10.54697438753963,1.111737497293297,112
19,28,0,9.333502974289544,0.9697451232691527,99
19,29,0,11.60160430092562,1.691680915366418,113
20,0,0,3.179301819389578,1.338444377790799,9
20,1,0,1.821298966729593,0.5315650874341611,10
20,2,0,5.641985600581211,2.916771911024631,16
20,3,0,8.715219068218369,5.95053618826866,25
20,4,0,10.46963352060108,3.928521489846771,37
20,5,0,18.41863282254754,11.94256863112786,65
20,6,0,17.19069866351383,15.33168667751812,63
20,7,0,13.5579541340561,3.731132179382232,61
20,8,0,14.46415638284301,4.314461887753752,66
20,9,0,16.82841715730651,4.338631038292585,86
20,10,0,11.49681211536156,1.894174966943447,75
20,11,0,15.71412489172454,3.001911138880533,98
20,12,0,13.85917479020944,2.501029990215752,91
20,13,0,20.56681181784358,62.15325103428255,89
20,14,0,13.47973311999013,2.324239004976299,94
20,15,0,12.69231946099844,1.948831157100881,96
20,16,0,13.09843613148311,1.874268919350065,103
20,17,0,11.44198984183305,1.635037235388511,92
20,18,0,11.97422996372648,1.589366994769085,99
20,19,0,11.4369768754863,1.700479969538033,92
20,20,0,10.31606728233722,1.233469657009671,94
20,21,0,8.714730182451477,1.020105191886907,83
20,22,0,10.97838259817553,1.782448712207787,90
20,23,0,11.01622728980149,1.374002927116579,101
20,24,0,12.41578113517274,1.609194966874234,114
20,25,0,12.87258629348971,2.522059848316947,107
20,26,0,10.17245118043085,1.241029299162363,100
20,27,0,11.30455011137287,1.359826853108058,110
20,28,0,10.98451286699147,1.176266429378945,113
20,29,0,10.50321304313846,1.142418924757692,106
21,0,0,3.571538057557155,4.02472472622405,7
21,1,0,5.583429278566042,4.648090010101199,11
21,2,0,6.957599532469321,3.40261737985904,22
21,3,0,7.663499608781399,2.210267064913544,30
21,4,0,16.72308830310277,8.197218567284972,49
21,5,0,12.50251177901333,4.810016860882575,52
21,6,0,12.81499312921828,3.894109896206164,52
21,7,0,12.09100812436716,2.747431599995279,58
21,8,0,13.7513679740438,3.263846357603057,72
21,9,0,15.072749918203,5.322391005922427,67
21,10,0,15.2536959385633,3.377110524201771,86
21,11,0,13.12682740142545,2.584625709010781,77
21,12,0,11.7246772861235,1.982728244932038,79
21,13,0,14.48080466254653,2.497202279417435,94
21,14,0,13.33391096072144,2.892788110437626,95
21,15,0,11.51554846044669,1.733740374209635,89
21,16,0,10.87313910186313,1.661026215902292,83
21,17,0,10.17945491948555,1.322345220925969,85
21,18,0,10.14215807125463,1.229131200626022,90
21,19,0,11.55069910595515,1.586177673467961,96
21,20,0,11.12728441424107,1.492084956670937,95
21,21,0,9.736413945109829,1.109651323679202,92
21,22,0,10.82413212351301,1.371154605777469,98
21,23,0,12.39492850266961,1.683525178323086,111
21,24,0,10.22795864011327,1.689477907012569,91
21,25,0,11.6563539983082,1.429932586049595,113
21,26,0,10.85716815627683,1.236478333727439,112
21,27,0,12.48478714516196,1.596315889076294,119
21,28,0,11.76949772334258,1.573068195968833,113
21,29,0,9.113911743076379,1.104203347983212,90
22,0,0,2.084038744128901,0.9325773827065496,6
22,1,0,4.173722241109618,5.322996586276123,9
22,2,0,7.823547511033364,3.633359899701994,22
22,3,0,9.230832734152296,4.527566457445298,27
22,4,0,11.2664612674746,5.548116346904204,37
22,5,0,13.33380324447238,4.375217257980678,53
22,6,0,17.41746870004668,7.033278623839736,67
22,7,0,22.58178027906648,17.4165243485138,79
22,8,0,12.73535245050614,3.839975205401905,58
22,9,0,13.32495110891647,2.526757619025795,80
22,10,0,13.71645536695556,2.45136017434315,89
22,11,0,13.99635730786409,2.680917817620601,88
22,12,0,11.96924752698612,2.165243893310408,80
22,13,0,11.75796449284142,2.152279939853709,81
22,14,0,13.86674421461904,2.119840609667283,105
22,15,0,11.94198745454673,1.641241990689861,96
22,16,0,11.84570866343243,1.672313287251588,93
22,17,0,11.10808500342097,1.536879643161192,90
22,18,0,11.88033901718209,1.502934019618412,105
22,19,0,11.22819931529293,1.559153087854069,92
22,20,0,11.12901147100017,1.522612518507739,96
22,21,0,11.59010054470618,1.527304987063028,100
22,22,0,11.78491216671263,1.523959517966984,106
22,23,0,11.76570605816589,1.351596384366027,113
22,24,0,13.11633292299373,1.545701016682358,127
22,25,0,11.99688319123774,1.460052062025629,116
22,26,0,8.95320222544127,0.9130475456092947,96
22,27,0,8.862100377210011,0.8652060084803272,97
22,28,0,12.68751179977725,1.54144506715443,125
22,29,0,10.51776751539352,1.384053715797502,97
23,0,0,0.272850702704076,0.07292937657268227,2
23,1,0,5.593367562733215,4.325131907796295,14
23,2,0,6.539545102097862,3.653890045359883,22
23,3,0,9.331080332729515,8.355025406250135,24
23,4,0,13.12566855010557,7.507626004786412,36
23,5,0,11.49741459411289,5.060846783116428,40
23,6,0,14.48417839131055,4.919898112637256,57
23,7,0,16.60589810299334,13.96321309142503,65
23,8,0,13.66143511028566,3.331175338619129,68
23,9,0,13.29655036288735,3.089065216063936,69
23,10,0,13.46228381154952,3.137027897804979,73
23,11,0,12.55862005405326,2.447510085983563,77
23,12,0,14.22404582618731,2.333854927656837,95
23,13,0,13.87235172105439,2.311007198833157,94
23,14,0,11.68111474615259,1.713820272631261,87
23,15,0,12.85450381857467,1.838223858493234,100
23,16,0,10.87344407423351,1.683627200253189,84
23,17,0,11.60743131551789,2.745210693858467,83
23,18,0,11.66729519191639,1.611207382887211,97
23,19,0,10.90881456347361,2.46956406712278,89
23,20,0,11.80942646634304,1.476220897593879,108
23,21,0,10.48341219816359,1.338894827740241,92
23,22,0,10.10550394366698,1.514789178868449,88
23,23,0,9.863745597416649,1.403865650154095,83
23,24,0,8.608549779383988,1.024806916094555,86
23,25,0,12.02133875231142,1.412198161944173,117
23,26,0,12.40011833241396,1.394746163020144,124
23,27,0,11.64767576912547,1.41636645646755,114
23,28,0,10.20249755153462,1.07005787538057,107
23,29,0,9.189063346069767,1.025400229117754,93
24,0,0,1.470867231068536,0.5481234548509246,4
24,1,0,1.986088199800689,0.841307585827919,7
24,2,0,8.688815386857224,5.602506853795672,20
24,3,0,11.58829901743293,14.22261236779199,27
24,4,0,12.86395901614945,6.17435345339757,42
24,5,0,9.641894791404852,3.160976204837949,38
24,6,0,11.86994104456631,3.738102084648638,51
24,7,0,13.71193355747764,3.158909512379783,70
24,8,0,13.11540668769869,2.90163378342962,67
24,9,0,14.22157714729699,4.288308591595806,69
24,10,0,11.48965804707988,2.360980545813714,62
24,11,0,8.486364152345029,1.402779874727389,59
24,12,0,11.97292603283071,2.171877103775259,77
24,13,0,12.10881814003499,2.074697041817082,81
24,14,0,14.68689900401716,14.02706691318339,82
24,15,0,10.72539150593748,1.562220518884117,83
24,16,0,9.84502626610433,1.369942516346332,78
24,17,0,11.31136543899841,1.648739779516458,87
24,18,0,10.49834909143609,1.451621698978681,84
24,19,0,16.36687675414176,63.26570556679464,75
24,20,0,11.88703304130654,1.780895746585184,100
24,21,0,9.070440300559952,1.085382770261845,85
24,22,0,12.66541122691273,1.872718531118269,113
24,23,0,11.67287004558697,1.512056155416298,106
24,24,0,11.1004849920422,1.32021415164342,109
24,25,0,9.844971362241644,1.367314010520458,89
24,26,0,11.45597983987634,1.403114475316811,107
24,27,0,12.10966111961995,1.615217158689665,113
24,28,0,10.64193292600688,1.206711033678284,108
24,29,0,10.4944404617494,1.118437021781731,111
25,0,0,2.303565654857174,3.304554604633938,4
25,1,0,1.243202345714861,0.4166490126115851,4
25,2,0,5.581140787488155,2.970107524381486,16
25,3,0,8.119261475311982,3.244301602668866,25
25,4,0,9.519964415400745,3.198606761872975,32
25,5,0,11.67504647717287,3.867921775043664,43
25,6,0,8.618396848656417,2.144729738095344,40
25,7,0,12.95332837297076,4.369971117996749,57
25,8,0,14.17811256635291,8.939319077139892,54
25,9,0,11.88712019761608,2.491920141577409,64
25,10,0,10.9174643403031,2.474985693378772,61
25,11,0,9.276040467262101,1.574216776763584,62
25,12,0,11.16189085155035,2.262108240625955,66
25,13,0,10.87230426258473,1.64245041029308,79
25,14,0,9.746816883883268,1.693978469559421,68
25,15,0,11.77845987724213,1.674083251713319,91
25,16,0,8.834687098025734,1.443762102566703,67
25,17,0,8.909802351529239,1.268402871056973,72
25,18,0,10.98557438713912,1.745405580188025,85
25,19,0,8.614442997040493,1.131070351279452,74
25,20,0,12.57139859407162,1.721312096256358,107
25,21,0,8.025816379443564,1.190084378286595,70
25,22,0,9.089658619852123,1.214757526571543,80
25,23,0,10.79191891833839,1.404140207415334,97
25,24,0,10.13849270395425,1.325755590503712,92
25,25,0,10.02109119255278,1.115328499395137,98
25,26,0,10.03448390584303,1.252259695771558,99
25,27,0,9.864318464995522,1.192822040155495,95
25,28,0,11.08646694755468,1.245149429476474,114
25,29,0,10.21793279100991,1.112613789496383,108
26,0,0,2.424117520475763,0.7965107952213413,9
26,1,0,3.852411604227909,2.11608872786583,10
26,2,0,3.671083660475023,1.514281817360381,11
26,3,0,4.662948992038884,1.902963633215547,19
26,4,0,7.403817754298983,2.164207696539175,32
26,5,0,11.07660898336715,5.747151831453959,34
26,6,0,13.1594302274011,4.207242819005669,51
26,7,0,9.569308056307296,2.314193469830307,50
26,8,0,9.301509598641253,2.070814227665116,50
26,9,0,10.23962871421347,3.163492265384746,52
26,10,0,11.47299424508612,2.067851505646674,71
26,11,0,10.03541281833311,1.663566378614486,68
26,12,0,7.792060805720151,1.272261311728233,54
26,13,0,7.929356366210955,1.252938334052221,57
26,14,0,9.122357406736649,1.421915718531631,67
26,15,0,8.32671692078145,1.602520192466397,56
26,16,0,11.25109342027568,1.777794342303009,81
26,17,0,7.813696876103308,1.009000830470199,69
26,18,0,9.69409087149273,1.441052929756797,75
26,19,0,10.40353492725362,1.57695970633007,85
26,20,0,9.078493255455891,1.175388380353182,82
26,21,0,11.03578915846248,1.48887581137393,98
26,22,0,8.375479975887814,1.168700984640527,74
26,23,0,9.760520789324962,1.134828634462359,94
26,24,0,9.588490333335336,1.050029086819507,94
26,25,0,10.29778201047981,1.377762803813628,92
26,26,0,9.132915801756985,1.424248953593287,83
26,27,0,13.00364309966457,1.809393046752572,117
26,28,0,9.666715260283537,1.056986465079021,101
26,29,0,9.29009694810645,1.078196756349967,97
27,0,0,1.22121690024664,0.5582661147971937,4
27,1,0,6.379277456418156,6.171427232731414,14
27,2,0,5.474496521143645,2.011291471712163,20
27,3,0,9.220487472499409,3.95035232010051,29
27,4,0,8.577646648330958,4.507469774613026,29
27,5,0,9.811380566183853,4.926309128402695,32
27,6,0,12.37967044739237,3.487527536328979,56
27,7,0,14.62326228674699,5.307557634201205,60
27,8,0,8.535423874549535,2.001841016848987,42
27,9,0,10.03311918378992,2.114701609063069,54
27,10,0,7.829640970316898,1.439620609306003,46
27,11,0,10.08179263437619,1.760330274896602,68
27,12,0,10.35729006120093,1.711494884369226,69
27,13,0,9.964214281295403,1.668713725595656,67
27,14,0,8.525197992298949,1.504373995519796,59
27,15,0,6.756211583534991,0.9451586569480023,52
27,16,0,6.723772639942255,0.8463742880099578,58
27,17,0,8.925736211278874,1.285234795238744,72
27,18,0,8.068162952475213,1.132573611611771,66
27,19,0,12.89320278148025,2.071242928760494,100
27,20,0,8.637214976583596,1.08576396736626,80
27,21,0,8.677713099929699,1.36274771341606,71
27,22,0,16.01687836578759,59.95405927492742,79
27,23,0,7.362947012258418,0.884202152092774,72
27,24,0,8.148780352310839,1.060207503982029,76
27,25,0,9.486177375065251,1.058156682337645,95
27,26,0,7.777529702541962,0.8652067833078356,80
27,27,0,9.994034190227042,1.328797400418843,97
27,28,0,10.44817107816882,1.27419164688799,103
27,29,0,8.462316152845101,0.9897844161861502,84
28,0,0,1.553813020895809,0.6468768396165898,4
28,1,0,7.255249356566332,10.61183574515363,16
28,2,0,4.605772375498869,1.804438822759075,17
28,3,0,5.028642316521673,1.862138223537299,19
28,4,0,9.672609826123637,5.06272333712553,29
28,5,0,11.48859034655463,4.145564438808182,40
28,6,0,11.85213941973203,4.733626173212206,44
28,7,0,10.87306070858776,3.013812332972064,51
28,8,0,10.07220582716347,2.230785133480865,52
28,9,0,8.188321349969343,1.662827553272921,45
28,10,0,10.70033829021678,7.368827282746677,51
28,11,0,6.528788711206531,1.106774320580691,42
28,12,0,7.718567104756366,1.305510629370032,52
28,13,0,6.723137764998185,1.009642797514974,49
28,14,0,8.019722832118447,1.251303644722778,59
28,15,0,9.076391324574118,1.394468072109777,67
28,16,0,8.009256922391803,1.25655221021638,58
28,17,0,6.895278488997108,0.8360073893491315,62
28,18,0,6.249645545403721,0.8653590188725397,51
28,19,0,6.10477035335879,0.9281769106203516,49
28,20,0,6.581057405631721,0.8250946014957203,60
28,21,0,8.283813847269249,1.239442705011216,70
28,22,0,7.721781680882509,1.077874071021256,68
28,23,0,8.864867435649591,0.9919969993905822,87
28,24,0,8.024991446854264,1.130086909244511,69
28,25,0,7.3443779393856,0.7731310140490253,77
28,26,0,9.890489137295022,1.321214043846514,94
28,27,0,8.349379866656154,0.9083817757775636,86
28,28,0,8.057853538576918,0.9628600112005126,80
28,29,0,9.341076650623222,1.467055790782784,89
29,0,0,1.250221886392566,0.4537563163845988,5
29,1,0,2.596814073225355,0.8619044687475499,9
29,2,0,3.20658834061993,1.577200527035426,8
29,3,0,4.359893786243549,1.404009791093422,15
29,4,0,4.600085551570368,1.401636892240242,17
29,5,0,7.641437033848879,2.552858343816897,29
29,6,0,7.196637024804688,3.040160128309414,27
29,7,0,5.787236359031863,1.242796852049358,31
29,8,0,6.772941715744881,1.349595858135427,39
29,9,0,5.831003096614514,1.163463486528616,33
29,10,0,8.047623430265416,1.471307920874931,48
29,11,0,7.776672121381189,1.476684892359089,47
29,12,0,7.239768095306075,1.171146391609176,48
29,13,0,6.029977875264228,0.9745708402656039,41
29,14,0,6.566747632573732,0.9533401314499944,50
29,15,0,6.340024755499907,1.075317873470554,47
29,16,0,6.361652300806576,0.9749912016998711,47
29,17,0,6.868485004767761,1.009184678425459,52
29,18,0,7.102399413081907,1.072770001050329,56
29,19,0,7.032907824637086,0.9112780017237475,60
29,20,0,4.722894683570321,0.6518023252484896,42
29,21,0,6.31113766204369,0.83466185875076,57
29,22,0,6.232242992466056,0.6966098832557213,61
29,23,0,7.658470105128757,0.9402203889409569,72
29,24,0,5.978940992874072,0.6935291748573389,59
29,25,0,7.783266943392539,1.032729468875242,72
29,26,0,6.311114151390385,0.7734815743174717,61
29,27,0,6.980349493041134,0.8368581330646307,66
29,28,0,5.651032075295299,0.6102004395081143,59
29,29,0,5.947403724995882,0.6550475776026408,60
