# mesh name: boxMesh_1
# primitive scorer name: doseScorer
# iX, iY, iZ, total(value) [MeV], total(val^2), entry
0,0,0,4.009693056759065,0.6335712835615359,28
0,1,0,3.739308919104367,0.6139739776566987,27
0,2,0,4.29774217100142,0.6682533831841934,32
0,3,0,5.918617604309066,0.8499732168528038,45
0,4,0,3.825725575710758,0.6634185417297327,27
0,5,0,7.525477529838996,1.156753242731386,56
0,6,0,6.473042046634862,0.8964273017510462,52
0,7,0,7.072232780130232,1.139368734095417,52
0,8,0,5.338440421287387,0.6764295527232644,45
0,9,0,5.865081485740996,0.7942725986101917,48
0,10,0,5.291018784412682,0.6349934011856756,47
0,11,0,6.145990612554599,0.7488673055091392,54
0,12,0,6.367279812222268,0.7702749461324783,59
0,13,0,6.822058491238336,0.8188373356496507,65
0,14,0,7.876506166881359,1.102596359750246,68
0,15,0,7.35307809566674,0.8774857241332922,69
0,16,0,6.725198233975838,0.9375721300357115,59
0,17,0,5.683830998818967,0.687937147828793,52
0,18,0,6.136638883508627,0.7697190632083121,56
0,19,0,4.704239261471128,0.4543510114294118,52
0,20,0,7.316769520163303,1.114470043643618,63
0,21,0,4.559059043477827,0.5138696747996129,46
0,22,0,6.283070507229736,0.697984920618843,64
0,23,0,6.173806692602923,0.7398264629486928,61
0,24,0,6.241384436496491,0.7615979214669697,62
0,25,0,6.324025000128691,0.7530410577919006,66
0,26,0,7.070246825597031,0.8613666408350354,67
0,27,0,5.773927834055459,0.6042507422190273,62
0,28,0,7.894360307922187,0.9917090205312309,81
0,29,0,7.077039111475791,0.6964272244484775,80
1,0,0,4.998496545186407,0.8028683555948405,36
1,1,0,4.926075054927961,0.755967099200037,38
1,2,0,5.741408404561908,0.878754684163273,42
1,3,0,6.438628518131393,1.033555775977735,44
1,4,0,8.04900741333091,1.160245772055031,62
1,5,0,6.441580830243084,1.2073290400095,46
1,6,0,7.406869736583036,1.202563264486783,52
1,7,0,7.040102937115876,1.07750848563038,52
1,8,0,6.693207581611306,0.8721724544848722,57
1,9,0,8.185557343793638,1.054516518834128,73
1,10,0,8.018843414117363,1.21864390905127,63
1,11,0,6.856454584984089,0.92240768271524,57
1,12,0,7.297982847539033,1.039381075837298,61
1,13,0,7.97775666084907,1.08281004635748,69
1,14,0,8.740296208457298,1.254365362990046,77
1,15,0,5.867239429671669,0.8585117796890946,49
1,16,0,6.661844302799098,0.7584920224951277,65
1,17,0,6.97504425994134,1.019651573337594,64
1,18,0,7.61643150113949,0.9266868196731139,69
1,19,0,7.63666071317,1.000645321578566,71
1,20,0,8.994057296108409,1.936217142308101,76
1,21,0,8.125255253518212,0.9055138655872043,80
1,22,0,7.269364087254869,0.906721873179179,70
1,23,0,6.964531401699198,0.6768326945868661,76
1,24,0,6.493775741797916,0.6703920444201933,68
1,25,0,7.954616398888939,0.8235898445399,84
1,26,0,7.368920150374643,0.720968710051618,81
1,27,0,7.988196479457661,0.8816331633801668,84
1,28,0,10.98527449544355,1.371802301287352,109
1,29,0,8.211569365054107,0.8557861955059496,90
2,0,0,4.036104559064928,0.5680423532826263,30
2,1,0,7.306444880364684,1.295313260081635,49
2,2,0,5.669658716057212,0.9069154566907051,41
2,3,0,5.592208010698258,0.7342006248858827,44
2,4,0,7.147058480467318,1.190747358964207,49
2,5,0,8.535334833802249,1.312584149850555,64
2,6,0,8.742055429477176,1.324369859131401,65
2,7,0,8.38964484187389,1.18996748620569,69
2,8,0,7.720367851477298,1.068135896956708,65
2,9,0,7.651412693708676,1.155071401408323,60
2,10,0,9.630525313958362,1.313578215006185,81
2,11,0,9.762249591064226,1.313997611210304,82
2,12,0,8.347030147289123,1.209340756364119,68
2,13,0,9.17087096218094,1.094398116554336,86
2,14,0,8.007615424078905,1.040410090950308,74
2,15,0,9.306142101820864,1.238553545005359,84
2,16,0,8.069021518936502,0.9759153920306751,76
2,17,0,9.785309204215437,1.235372888864359,88
2,18,0,8.570050703034495,1.036555029462417,82
2,19,0,8.874706411291301,1.100483045514196,82
2,20,0,9.943289553308556,1.280454753611465,92
2,21,0,9.917565150246881,1.140583904735622,101
2,22,0,8.515409714049278,0.8957494175560879,86
2,23,0,10.55081857713719,1.307056801476219,101
2,24,0,9.018677629343589,0.9283067794000729,98
2,25,0,10.86013784666542,1.29792756147041,106
2,26,0,9.897078276987694,1.203415674911309,97
2,27,0,11.07378751876854,1.190525978060228,116
2,28,0,10.25705805607759,1.068807029482648,109
2,29,0,7.890929625523704,0.8640440299652991,83
3,0,0,5.478516401920801,0.8888676577554706,39
3,1,0,3.834088090719857,0.5422232374445463,29
3,2,0,5.792336221370924,0.8024980167813232,43
3,3,0,6.734597769872541,0.8843491880065216,54
3,4,0,6.107402315109828,0.9001601153969175,49
3,5,0,7.892386028992313,1.157944221427611,62
3,6,0,9.031302333246035,1.402858323289325,66
3,7,0,8.59632060185789,1.173364902847913,70
3,8,0,9.198175613631777,1.156111267920464,79
3,9,0,11.18313974913826,1.59386915173248,91
3,10,0,10.90804520364756,1.367528964275853,96
3,11,0,7.265400955628111,0.9144976462155775,63
3,12,0,8.219375100567365,1.022061767423293,72
3,13,0,8.381907406890244,1.083924567297003,73
3,14,0,9.085227928927797,1.273174160529028,79
3,15,0,10.17294237150933,1.207173452276436,96
3,16,0,10.34173825931733,1.147723014773367,99
3,17,0,7.327261809618278,0.891727194822267,69
3,18,0,9.373086347899617,1.171272150557762,88
3,19,0,12.14675478615896,1.649544378597334,105
3,20,0,8.556497147007471,0.9131129305196637,89
3,21,0,10.49495107434367,1.309232935712168,98
3,22,0,9.343998789980612,1.133220708793967,90
3,23,0,7.861247170532352,0.7982589150290752,83
3,24,0,10.01089977271873,1.388024271065826,94
3,25,0,9.489572682821304,1.203707970855201,92
3,26,0,9.804623550563676,1.090457035288633,101
3,27,0,10.09181241206972,1.218494378298971,102
3,28,0,11.30171028697173,1.270556969519281,117
3,29,0,9.159347186669098,1.025470647062729,94
4,0,0,5.500701596250281,0.7846464191844479,43
4,1,0,7.975624124207071,1.296479256213993,54
4,2,0,5.553800824097494,0.703995363001639,46
4,3,0,8.078375456091905,1.218190568882426,59
4,4,0,8.830097954062554,1.232548809208011,68
4,5,0,12.67559900210195,2.052058571067828,90
4,6,0,8.343145310268852,1.156306669475172,68
4,7,0,8.604525827274916,1.181235388409555,67
4,8,0,9.161031521749115,1.161024627574014,80
4,9,0,11.41924616663487,1.723577613130236,89
4,10,0,9.397890795827912,1.302115119752867,76
4,11,0,7.886524594376164,0.9370101606293171,73
4,12,0,8.642026455109569,1.093436711888842,76
4,13,0,9.083282575223807,1.085852638500852,82
4,14,0,10.73375717447727,1.380070556704261,94
4,15,0,10.08927305625788,1.245505748489343,91
4,16,0,9.055445196876166,0.9840905102571738,90
4,17,0,11.63402197138028,1.377773864219807,110
4,18,0,9.707161242347889,1.10406742444232,94
4,19,0,8.96596961135757,0.9998199638809883,88
4,20,0,12.83564073413284,1.614718703663709,119
4,21,0,10.774590391787,1.179639754414512,108
4,22,0,12.00581950904328,1.396018828206179,120
4,23,0,11.19795850950657,1.258006210390778,110
4,24,0,11.10916774195426,1.215191716921854,115
4,25,0,9.505845221364343,1.076884602264143,99
4,26,0,10.42456918441652,1.134113805259551,109
4,27,0,10.87619877079097,1.035265211574556,124
4,28,0,10.02302793089708,1.226187707419225,100
4,29,0,9.12455438700677,1.062375843692044,94
5,0,0,6.022149229047691,0.9486853372759526,42
5,1,0,6.911113227469186,1.006768704829727,51
5,2,0,7.409190888887276,1.091277512876699,56
5,3,0,9.213822536902351,1.382032007940563,70
5,4,0,9.722549357552369,1.459944010575888,76
5,5,0,9.236333261659414,1.496172205624937,66
5,6,0,9.432619652833013,1.562470608133864,66
5,7,0,9.420051774607099,1.284078233700599,76
5,8,0,11.36608326745643,1.722426343763277,88
5,9,0,9.954101839781565,1.338739297179616,85
5,10,0,8.930593316593088,1.248036073070348,76
5,11,0,11.17299621582342,1.615527688980509,88
5,12,0,10.71074357389752,1.395617570490092,93
5,13,0,10.01364691706442,1.100657756925063,95
5,14,0,9.057587241420931,1.139300457325211,83
5,15,0,11.37917404200932,1.598030106279013,96
5,16,0,9.511333131688541,1.021745988387519,96
5,17,0,9.571420390786884,1.296234202623517,84
5,18,0,11.98300299281727,1.468682956936775,112
5,19,0,10.04310908035195,1.199043313568034,95
5,20,0,9.640254446865823,1.044461321696904,97
5,21,0,11.67971503906055,1.52426011170585,110
5,22,0,9.769161064629056,1.030812166726071,100
5,23,0,11.04138056736446,1.27450270823426,110
5,24,0,8.502592241281359,0.8604839479098664,91
5,25,0,9.950706716110091,1.184383904072225,95
5,26,0,9.779429506766737,1.081958662944248,98
5,27,0,10.94305704516974,1.207904681239072,115
5,28,0,9.493684990576574,1.050614122517053,98
5,29,0,8.389872594383828,0.8022884580394546,96
6,0,0,4.40005792577872,0.7377416636527627,31
6,1,0,7.909338281719967,1.24861138161519,55
6,2,0,5.377529799395675,0.90124577144658,38
6,3,0,8.623193040197858,1.458606987897507,62
6,4,0,11.27152239651468,1.590918955078959,86
6,5,0,11.10519692241163,1.680153234366364,82
6,6,0,11.64447145778708,1.773641933566775,87
6,7,0,11.87998660786097,1.691052847754074,93
6,8,0,10.22297554105866,1.354600933813631,85
6,9,0,11.78293482962891,1.510396414962777,103
6,10,0,10.32355354178251,1.312132615405547,89
6,11,0,13.21203283204129,3.162008551966281,98
6,12,0,12.24893895374444,1.480476325140138,112
6,13,0,9.69769465783353,1.275615699883171,86
6,14,0,11.82405998824364,1.630646579185385,102
6,15,0,10.8295627175406,1.430209138111263,94
6,16,0,11.26470831093341,1.517295718513673,102
6,17,0,10.40998217246131,1.298859571742079,95
6,18,0,11.26333910220277,1.325040102267831,109
6,19,0,13.12673652366193,1.641211594440575,123
6,20,0,10.35278173760091,1.146482165325464,102
6,21,0,9.94904683772624,1.064382176063459,102
6,22,0,8.276727582684426,0.958138479183424,83
6,23,0,11.26820489190006,1.318546454197302,113
6,24,0,17.37222555212122,59.50696458236308,99
6,25,0,11.14341788984567,1.258734749896251,116
6,26,0,9.302454433002357,1.05063584537047,97
6,27,0,12.17446185288064,1.323733841969835,130
6,28,0,17.02779595020237,17.13237425602609,132
6,29,0,9.21902160263099,1.186270848295254,93
7,0,0,6.388108349351461,0.9621863552950753,45
7,1,0,5.756926585963623,0.981167531250381,39
7,2,0,8.787824227242483,1.23322923767192,66
7,3,0,10.41316186898466,1.641878552463139,79
7,4,0,8.632774805591641,1.28681401055623,66
7,5,0,9.827746726156683,1.476162503539162,75
7,6,0,10.0556983565312,1.459727616826559,79
7,7,0,8.933967892369596,1.13780337254677,76
7,8,0,10.14860045068782,1.63963214847809,73
7,9,0,9.004702431125599,1.211701625220929,78
7,10,0,12.47114480586516,1.970643599684208,97
7,11,0,10.29342143185364,1.301491054993087,90
7,12,0,9.175743139215994,1.156119274848715,80
7,13,0,11.83533646391339,1.654965074109798,103
7,14,0,9.294308193274052,1.242540780892387,83
7,15,0,11.92868155503484,1.570213510051007,107
7,16,0,10.48955900908655,1.358764452596254,92
7,17,0,10.79726983348805,1.345285196067604,97
7,18,0,9.933397003436861,1.126374899377447,96
7,19,0,8.738632686935357,1.002106887461936,86
7,20,0,10.62182469942195,1.202074835497589,102
7,21,0,12.77906614366642,1.460269191933575,125
7,22,0,9.115564894718407,1.005041908188685,92
7,23,0,8.913850367195007,0.9835326823262565,93
7,24,0,10.44157224499525,1.10247337782161,109
7,25,0,11.21145853214066,1.339699650026753,110
7,26,0,11.78329286218729,1.604536555844243,109
7,27,0,9.927001134765106,1.118645583073462,103
7,28,0,9.835708083426367,1.210180389806257,100
7,29,0,8.894879138565516,0.9862339837811898,92
8,0,0,5.375600018239738,0.8546100421156068,41
8,1,0,7.980543644033372,1.298673215133345,55
8,2,0,7.463045191844026,1.223397160063812,53
8,3,0,9.668498268854883,1.584036141683179,67
8,4,0,10.1174738031084,1.452318438545406,77
8,5,0,10.4170497609348,1.640106159174826,79
8,6,0,9.18128761644321,1.29939007221156,71
8,7,0,11.55611727021547,1.603015508374794,94
8,8,0,12.17612903691061,1.732479829881189,99
8,9,0,11.73759489699514,1.545813304558395,96
8,10,0,10.89394022242699,1.32932538349954,95
8,11,0,11.83887542028067,1.680303513033313,101
8,12,0,11.72970211991263,1.761082883043469,96
8,13,0,12.22299329851094,1.646736861766559,104
8,14,0,11.67956426338519,1.495839980950236,104
8,15,0,10.52243431980929,1.420815250797949,94
8,16,0,7.933793583389978,1.090305778636358,70
8,17,0,11.02394102587042,1.210977722160397,108
8,18,0,10.08732564857772,1.321235514997643,94
8,19,0,11.69128605265999,1.355958594402567,114
8,20,0,10.04453407950365,1.045788160262273,105
8,21,0,11.85613327012032,1.358235965235107,115
8,22,0,8.697919874186361,1.076803636640091,82
8,23,0,11.67312553394995,1.73173298703825,109
8,24,0,8.467565542757603,1.028111052186753,86
8,25,0,10.87946442267234,1.345964368644944,110
8,26,0,11.10717089756403,1.259226384026362,113
8,27,0,10.39613542440012,1.167027355806958,103
8,28,0,10.28453288456106,1.12620560689921,108
8,29,0,10.78231161545174,1.608653361447077,96
9,0,0,6.116698596025383,0.9520420658022053,43
9,1,0,6.376930754806899,0.9902320714750427,47
9,2,0,7.675182871423616,1.120093563876351,59
9,3,0,10.81617001522565,1.536547742783511,82
9,4,0,10.30648856564808,1.445721715794045,81
9,5,0,11.46636500292599,1.645476143577104,91
9,6,0,11.16307075229095,1.356393487135427,96
9,7,0,12.86665873983461,1.784514903219681,102
9,8,0,10.68250434322425,1.512598571027578,87
9,9,0,12.97682864146699,1.987715071655529,101
9,10,0,11.24591655117705,1.647839423796017,90
9,11,0,11.96118698632297,1.622175963318373,103
9,12,0,10.95917696590653,1.406984530142785,96
9,13,0,11.20605406791856,1.533727847760449,95
9,14,0,11.50100978816599,1.361436061222752,107
9,15,0,11.85159846368966,1.57563938182396,104
9,16,0,12.05204194017598,1.470024364344861,110
9,17,0,9.068115778859649,0.9812598431332532,91
9,18,0,11.95287279574596,1.777193703533099,103
9,19,0,9.835089247384598,1.071354685723031,97
9,20,0,9.559604571483,1.109927321216504,95
9,21,0,10.76382884701263,1.253435491896062,102
9,22,0,12.34737161921002,1.452129776555429,122
9,23,0,9.511251391497861,1.101867941856721,93
9,24,0,9.51757859590796,1.133066232596158,94
9,25,0,11.88325613480781,1.395813629262726,114
9,26,0,10.68967231651658,1.126028164867945,114
9,27,0,9.660204647742267,1.096481935495006,101
9,28,0,9.855277379851787,1.084500310797114,103
9,29,0,9.872023785437884,1.001788703911958,107
10,0,0,5.323926048025775,0.8187991623362274,37
10,1,0,7.987431492024414,1.286345593674577,57
10,2,0,7.652311628005547,1.058358614191956,62
10,3,0,9.037638160624148,1.462169190517382,64
10,4,0,11.07821126458654,1.551985203489147,87
10,5,0,11.31151483353671,1.665266239805252,87
10,6,0,11.07806130460355,1.878620620531247,81
10,7,0,10.80603796515121,1.507159000095075,88
10,8,0,11.8348031952174,1.574256168758326,99
10,9,0,12.46430721999788,1.778773848511562,98
10,10,0,10.11240370136158,1.272888430150502,88
10,11,0,10.77256583960752,1.518814867770694,88
10,12,0,12.89849800367882,1.790757709822978,113
10,13,0,12.45437935235502,1.596480468155302,112
10,14,0,11.2297717979049,1.529838884099008,100
10,15,0,10.20071015995005,1.354531930505955,91
10,16,0,12.53929999280579,1.588161105407072,111
10,17,0,11.92085970040505,1.343204424804917,115
10,18,0,8.850247258943453,1.089987132845973,82
10,19,0,11.91272625932353,1.425043788447292,115
10,20,0,11.11152427574067,1.259351376164076,109
10,21,0,12.71590412204895,1.477689658968264,123
10,22,0,12.49927473454728,1.693682355971968,119
10,23,0,11.53499463641383,1.316298659463433,117
10,24,0,13.35766199069852,1.718542623050182,129
10,25,0,10.90863450258868,1.155392172561302,114
10,26,0,9.954302119784856,1.048473525188383,103
10,27,0,10.37131328063124,0.9628567357299291,121
10,28,0,11.14451530840925,1.233891741448218,115
10,29,0,9.435668174744627,1.043611127672062,102
11,0,0,7.178292096817365,1.248362776995338,49
11,1,0,8.494936804880998,1.294203136116828,61
11,2,0,9.849713461413113,1.503793174424664,70
11,3,0,7.429622556630286,1.08376685879097,57
11,4,0,9.367802346297392,1.412661517714787,71
11,5,0,12.93535906861714,1.770869837024147,102
11,6,0,10.12053913226619,1.596123417730785,76
11,7,0,11.30116406575024,1.558645684212072,89
11,8,0,11.24318655562112,1.664691049007695,88
11,9,0,10.8615486250343,1.618533614550044,88
11,10,0,12.92577406348583,1.82032754778493,105
11,11,0,12.90668691879953,1.735177140611735,111
11,12,0,10.34550355920594,1.25835659811678,92
11,13,0,10.97077535411257,1.415985018820129,98
11,14,0,10.23597657797799,1.339090881310687,92
11,15,0,11.34061419042903,1.340745040073759,109
11,16,0,9.714006994502171,1.128169800729938,94
11,17,0,11.44251269131865,1.381382674324961,107
11,18,0,11.36006029592177,1.255424279344898,112
11,19,0,9.67889449844211,0.9908192017434831,103
11,20,0,10.44163462890696,1.179688262425709,103
11,21,0,9.495348398335237,1.005063923511931,97
11,22,0,10.77348895230631,1.231282830342247,109
11,23,0,10.64387823935482,1.275884679114869,103
11,24,0,9.57055635412206,1.032568299316519,103
11,25,0,10.64546786084154,1.098348172467331,114
11,26,0,10.93471667525793,1.221654322971048,116
11,27,0,10.63441012137098,1.064448816922419,116
11,28,0,10.80289760787083,1.145034521659286,116
11,29,0,10.14915544777502,1.059649990146709,110
12,0,0,7.788105876279415,1.175211549097974,55
12,1,0,7.107861733351147,1.10446732676165,51
12,2,0,8.855189420154709,1.419272521145422,62
12,3,0,8.493064279124185,1.15567397492001,67
12,4,0,8.884437328758112,1.285193304831109,69
12,5,0,9.638923281515973,1.395746090961926,73
12,6,0,11.82661302005823,1.666456065645165,96
12,7,0,10.42487849507689,1.525505178301579,81
12,8,0,10.51898629609267,1.389214397976355,86
12,9,0,13.37279692930054,1.742154760931721,114
12,10,0,11.69308177329248,1.527186786679288,99
12,11,0,9.958797329861477,1.254795084359678,89
12,12,0,10.50277500418036,1.34865983425827,97
12,13,0,10.75925177044028,1.410061395184998,94
12,14,0,11.46358941099535,1.490067289902716,101
12,15,0,12.46505983033398,1.566609312327128,110
12,16,0,11.60693902348745,1.411050946067771,107
12,17,0,10.05049154748092,1.092095317892631,100
12,18,0,10.5830559461723,1.245098757222343,102
12,19,0,10.10549030453696,1.359764179912882,90
12,20,0,8.283563790258794,1.118745182573721,75
12,21,0,10.14977350845237,1.080861014809439,106
12,22,0,11.26737595893167,1.561546575337639,107
12,23,0,10.28456107035026,1.082009921593101,108
12,24,0,10.97545248726605,1.191032289129414,115
12,25,0,9.567188874381431,1.050538779729018,100
12,26,0,11.34905153959131,1.413691955102657,111
12,27,0,10.0808713361542,1.107723246580888,104
12,28,0,10.61026550507583,1.327893597571252,105
12,29,0,10.01738488145659,1.101249748672455,107
13,0,0,7.645485762105206,1.285485211411401,54
13,1,0,7.38039175729675,1.171697826079542,52
13,2,0,9.384969177909719,1.421154192043714,67
13,3,0,10.57907822623027,1.603526822838668,76
13,4,0,8.285708879387457,1.111001434435601,69
13,5,0,10.79545930831991,1.81731522656842,75
13,6,0,8.77108429217718,1.329043332371783,66
13,7,0,10.21764753902795,1.33290778302387,84
13,8,0,11.1454019529448,1.542233601050325,93
13,9,0,11.60663611307875,1.588017270116478,95
13,10,0,9.461628275504593,1.230978841395355,82
13,11,0,13.44358280389993,1.852967602741632,114
13,12,0,12.96907339879433,1.789616792069374,109
13,13,0,11.38735803949715,1.519651802330477,99
13,14,0,10.00405731971876,1.103281256300419,97
13,15,0,13.24710810011574,1.904903688944846,111
13,16,0,12.42269146565796,1.572853183809078,112
13,17,0,9.115673960004365,1.132830594612258,84
13,18,0,9.49521453258785,1.104991085416389,93
13,19,0,13.39032683523967,2.719797813672528,119
13,20,0,10.45495609179175,1.194255510497827,104
13,21,0,11.44557952894863,1.293384028067798,113
13,22,0,10.89691678267905,1.335199344665029,107
13,23,0,11.4036491309069,1.26494138330966,113
13,24,0,10.79058340313142,1.216207159190373,110
13,25,0,10.79787619352217,1.268390042397533,111
13,26,0,9.48406173219578,0.9986513296064154,98
13,27,0,9.335783686367192,1.048089065868353,94
13,28,0,10.99259957072434,1.259520171757995,113
13,29,0,9.235905206760624,1.011886334126093,97
14,0,0,6.393044206804649,0.9983266827312871,46
14,1,0,6.402359148768033,0.9913572532152654,48
14,2,0,8.859517020378009,1.264956043597556,67
14,3,0,6.9766463694737,1.052053077201693,52
14,4,0,9.995107208778926,1.638536042150075,71
14,5,0,11.50158155665495,2.141401237524111,84
14,6,0,12.78158100857912,1.889208918928121,99
14,7,0,11.87709865979581,1.68963563430679,95
14,8,0,10.50088468648077,1.393232650138422,88
14,9,0,11.18020479041238,1.601957171665901,88
14,10,0,10.05603083534979,1.410278800259101,83
14,11,0,11.2999217612362,1.4760979980282,98
14,12,0,9.266642970515866,1.108812655783111,86
14,13,0,12.292483905116,1.719547598311241,104
14,14,0,10.92960643043684,1.440937686137459,98
14,15,0,11.73256381541706,1.479092709730812,108
14,16,0,11.54216085837555,1.476122435593266,106
14,17,0,10.1900221657298,1.431596792193472,87
14,18,0,10.49190799503269,1.839730451352161,94
14,19,0,9.424554739911317,1.041450154480414,95
14,20,0,9.296800028812914,1.041511448499998,93
14,21,0,20.23349276051688,107.1697788316452,89
14,22,0,11.56982384177504,1.3577478700028,113
14,23,0,9.804402367583997,1.009809581365465,106
14,24,0,10.75617191253166,1.156210085175328,112
14,25,0,12.7404138947069,2.55051308879844,119
14,26,0,10.98265742504418,1.393892879498821,107
14,27,0,9.007792274132406,0.990757751254851,93
14,28,0,9.546444746257523,1.259323844489296,95
14,29,0,10.28721731975142,1.055402775205201,110
15,0,0,7.283402291259184,1.265683492588829,48
15,1,0,8.128262472010485,1.245280750753579,57
15,2,0,9.237216902054447,1.402159028672748,67
15,3,0,10.90605327285086,1.80172442340695,80
15,4,0,10.05507871624114,1.508086018563387,74
15,5,0,10.25098515496063,1.44914017617725,77
15,6,0,14.03195060248256,2.161347152419728,108
15,7,0,10.63872722293311,1.527982733659529,85
15,8,0,11.44852115880255,1.522843052634908,95
15,9,0,11.39919736944127,1.395198024482258,98
15,10,0,11.0331180948115,1.352494726365212,100
15,11,0,10.58991777316345,1.23759747248289,96
15,12,0,9.961089611778402,1.556742092485737,83
15,13,0,10.40993863418365,1.299289596961959,94
15,14,0,11.94942146135033,1.452790968393389,113
15,15,0,12.48682842566201,1.638908661252545,108
15,16,0,9.998741112014118,1.305013455631663,88
15,17,0,12.07196959737931,1.532024148916324,112
15,18,0,11.60535895902825,1.356586833187518,112
15,19,0,12.16379696526439,1.368786490296643,119
15,20,0,10.8191610613889,1.341587128081819,104
15,21,0,11.72081529862026,1.288872950806237,118
15,22,0,10.80919613817534,1.240725012677525,107
15,23,0,12.24499991259831,1.40797503234099,121
15,24,0,10.04713550890471,1.152248877380698,101
15,25,0,10.63798909757486,1.157544225931785,109
15,26,0,12.02677045663713,1.438113432069753,117
15,27,0,9.117279870946918,0.9722367206685879,96
15,28,0,11.13074118345169,1.204808841388248,117
15,29,0,9.278758569771352,0.9933703769896165,97
16,0,0,5.353459866941139,0.8111646660910378,39
16,1,0,6.841173775293607,1.025195192411697,51
16,2,0,7.234227093062255,1.083329335735848,53
16,3,0,10.47705890488032,1.590999406607194,75
16,4,0,11.06251289378836,1.602969157538069,81
16,5,0,9.786453401334649,1.404484959226919,75
16,6,0,11.31967352351899,1.577913737184846,89
16,7,0,9.768990034219353,1.429725755447024,79
16,8,0,17.11408634426034,29.34507793296016,98
16,9,0,12.70301490442629,5.005065564580736,88
16,10,0,11.74592699647051,1.60013905550936,98
16,11,0,13.00172566112547,1.700186680378756,111
16,12,0,10.60456994658146,1.505605454115824,89
16,13,0,11.99923358400719,1.505758598972872,111
16,14,0,12.83672854902736,1.669120455431697,111
16,15,0,9.236873509284537,1.03413317492008,88
16,16,0,11.4587048648081,1.429625377641669,105
16,17,0,13.98594546057764,5.156473172167699,109
16,18,0,10.5060932950339,1.465296305773501,94
16,19,0,9.615507634532973,1.122614942694268,93
16,20,0,9.515481005357481,1.179302002931992,92
16,21,0,10.61106309583652,1.240407130810648,105
16,22,0,9.569194423178777,1.053002824531052,96
16,23,0,10.92462097481901,1.28360799501424,109
16,24,0,12.49649664255474,1.381748946631945,128
16,25,0,10.49966051174927,1.19584019920988,109
16,26,0,11.560803942245,1.335839111965217,117
16,27,0,10.30593394791812,1.201123786996339,103
16,28,0,8.716754013189689,0.8355854959568558,99
16,29,0,10.48360072701572,1.179907157995581,109
17,0,0,5.728004801331285,0.9091612057638637,42
17,1,0,7.950508226249932,1.232836814773801,57
17,2,0,7.397436617291776,0.9965512445868135,59
17,3,0,9.011051334536235,1.352064183729837,67
17,4,0,9.681394653595643,1.427880691312659,70
17,5,0,9.5623942950428,1.373215219950377,75
17,6,0,12.06758481102531,1.799160655744881,91
17,7,0,10.09090870347457,1.566159231103176,75
17,8,0,12.6073925152244,1.77830673326658,102
17,9,0,10.5229459530906,1.465211611005161,87
17,10,0,9.75246132752611,1.21815408845071,86
17,11,0,13.95344974492223,1.931072576923714,114
17,12,0,11.36493733905108,1.320808401758756,105
17,13,0,12.18977751370582,1.570355783345295,108
17,14,0,12.667623789537,1.512245487424,113
17,15,0,11.71470944362221,1.472878896852857,109
17,16,0,10.11951385519351,1.166334681305916,95
17,17,0,9.936227970236043,1.190904940912864,93
17,18,0,12.16935099009071,1.58729967825956,108
17,19,0,10.95190817471277,1.425874267583317,101
17,20,0,11.43027641831237,1.435778161684491,106
17,21,0,11.69680115839837,1.228891867692643,120
17,22,0,9.805122792613938,1.143297803295219,97
17,23,0,11.71191705432433,1.524317436905076,110
17,24,0,9.717790328935102,1.025922549193874,100
17,25,0,12.38659506109635,1.894070064852324,118
17,26,0,11.1656574763962,1.432123443807591,106
17,27,0,11.42783199632816,1.207169264934574,121
17,28,0,11.56141448477184,1.355920053456228,116
17,29,0,9.278485747263792,1.050526277134975,98
18,0,0,5.152299723984358,0.7084770085355754,40
18,1,0,7.742120252828466,1.359240567646793,52
18,2,0,6.914050958994955,1.020721651177933,50
18,3,0,9.890537673393633,1.530588275431919,72
18,4,0,9.5114121773543,1.401272691720323,73
18,5,0,8.723188348364728,1.163360145762525,70
18,6,0,13.04147497401256,1.869586415009142,103
18,7,0,10.30574588291463,1.441093060427022,85
18,8,0,12.98589405718503,2.031584040342511,99
18,9,0,11.21075204900593,1.765671998990153,89
18,10,0,13.3883839866543,2.062740022229885,103
18,11,0,9.373938932010917,1.374708518210236,78
18,12,0,9.474753964926762,1.260398101627948,84
18,13,0,11.71195379605382,1.464787747342106,105
18,14,0,11.4693665049747,1.375599756524178,107
18,15,0,9.165349325442861,1.237355234646195,82
18,16,0,8.766413310558361,0.9795176844036357,86
18,17,0,10.55705471065769,1.249760076178024,102
18,18,0,11.78003845106997,1.409677001029187,114
18,19,0,12.5863228685625,1.736051697296473,109
18,20,0,10.59465556299421,1.331810851321201,97
18,21,0,11.47287030701585,1.416496018990302,108
18,22,0,9.59249002173113,1.208830826613024,90
18,23,0,11.70016503538047,1.3938437973254,115
18,24,0,18.44180040018109,52.1348802691482,111
18,25,0,11.62769409760223,3.052430531295521,106
18,26,0,17.95824581940244,26.6020043135802,128
18,27,0,8.964799589793547,1.059571435277319,96
18,28,0,10.12109689768181,0.9666396325105707,112
18,29,0,9.890057391110993,1.161213686380956,106
19,0,0,5.585727329191769,0.8385731814864453,42
19,1,0,8.031254337714103,1.267134573079727,57
19,2,0,7.652428437313436,1.212144805595492,55
19,3,0,6.998558708994939,1.062358873627024,53
19,4,0,11.25387813164593,2.032750161679132,77
19,5,0,10.74072817176102,1.714203233534046,78
19,6,0,9.824000010106971,1.473938425501045,76
19,7,0,13.45012502876129,1.958639640660335,106
19,8,0,11.0987457944227,1.566806233315547,91
19,9,0,10.67625525731643,1.483475766096791,86
19,10,0,10.82568365120721,1.383969423286665,91
19,11,0,11.9354374091639,1.566079277960273,101
19,12,0,10.84368265309775,1.414746635095789,94
19,13,0,11.07269968375233,1.516925700236579,95
19,14,0,9.808822876146769,1.219502127864308,90
19,15,0,10.64647963710553,1.277466426685735,99
19,16,0,11.98843322199812,1.479235645768038,112
19,17,0,10.19282148965388,1.280930178402416,99
19,18,0,12.80144019089843,1.762709847741271,112
19,19,0,9.959047024258103,1.133717641655162,97
19,20,0,11.10879717025909,1.465932595950073,103
19,21,0,10.22671330996821,1.164339782071077,103
19,22,0,12.44675784565581,1.47246556456983,127
19,23,0,9.904230235887312,1.231412247130518,98
19,24,0,18.27688663204901,63.68613874308824,102
19,25,0,10.01216097314053,1.06192669500239,105
19,26,0,10.61181081697278,1.260692179569773,104
19,27,0,11.57928004386651,1.51147263950386,117
19,28,0,10.66289931821329,1.207190093354328,110
19,29,0,8.744987564397885,0.9835780099731801,91
20,0,0,6.301644425588453,0.9510090022834831,48
20,1,0,8.498463120617687,1.79227641591912,58
20,2,0,8.431211906437506,1.413178167868749,60
20,3,0,10.5850691519762,1.553815300945212,80
20,4,0,9.695156279562431,1.414366957649253,74
20,5,0,11.74234868501955,1.941098884334659,82
20,6,0,10.43573900721666,1.49460925611855,83
20,7,0,11.65134949337758,1.498328409811524,99
20,8,0,22.47240678254765,134.386567021683,93
20,9,0,10.43144734256123,1.454414861589706,84
20,10,0,12.22906565726141,1.561489580928058,106
20,11,0,11.73694961619975,1.895480436319612,97
20,12,0,11.73747446942913,1.552436301063234,100
20,13,0,10.14184023601403,1.304128049658295,91
20,14,0,11.65132698633216,1.587067113499149,101
20,15,0,13.40599867846436,1.705356966427631,119
20,16,0,12.30207792429875,1.502876458385642,113
20,17,0,11.85643192463308,1.272694470821919,118
20,18,0,11.03812533819214,1.182207744169168,113
20,19,0,11.23493940736317,1.323984437296101,110
20,20,0,11.8763825564499,1.429204749916532,111
20,21,0,10.97664519225237,1.245965175758889,108
20,22,0,10.74533487914585,1.211043332424345,109
20,23,0,11.99754963815316,1.328183612510427,124
20,24,0,12.48579488092274,1.361697284024107,129
20,25,0,10.82106722061314,1.380160196560203,107
20,26,0,8.909625876699105,0.8890736430734564,96
20,27,0,10.90816846915668,1.40372847430602,104
20,28,0,10.91137695159147,1.089420650555704,121
20,29,0,10.36336866073747,1.205402605192497,106
21,0,0,6.106242781329982,1.015026991045295,42
21,1,0,7.869159669958486,1.236604254985901,56
21,2,0,7.737741813006808,1.220801552636465,57
21,3,0,9.481323141908817,1.337064315677557,73
21,4,0,9.791851780917733,1.481192760051771,73
21,5,0,13.62612881450496,2.103656833743516,105
21,6,0,12.50460209300635,1.758185502958145,99
21,7,0,10.24655566717328,1.522097881909894,81
21,8,0,10.88244183736096,1.488157985951913,91
21,9,0,10.52828350592825,1.521787504638061,85
21,10,0,13.19769734649834,1.85328533079775,109
21,11,0,10.87515668154509,1.266456451630492,101
21,12,0,11.43272578180562,1.450582739725601,99
21,13,0,11.42415058706011,1.670564834873004,97
21,14,0,9.93713045054367,1.384533039182717,90
21,15,0,25.13076099631965,113.8582764552845,134
21,16,0,9.999654951152543,1.314298907110727,89
21,17,0,12.03499011105828,1.518385905039532,111
21,18,0,10.14991303939969,1.314293712765415,93
21,19,0,11.74791870412268,1.453274095758357,110
21,20,0,12.5660069709191,1.853727618203487,119
21,21,0,8.891770121946449,0.929124944792116,92
21,22,0,10.76659136552591,1.209298749460121,106
21,23,0,12.0950965270854,1.460396838045111,119
21,24,0,11.09917688174439,1.265300592874835,116
21,25,0,9.998035651234018,1.090908308810231,107
21,26,0,10.89473541107058,1.09947375495192,118
21,27,0,11.38120700904044,1.232390630498604,118
21,28,0,10.92342827134793,1.269624430147581,113
21,29,0,7.527278884957785,0.7331988671333437,83
22,0,0,5.913702134553655,0.8496497341426941,46
22,1,0,5.462274166778993,0.7918864953701934,40
22,2,0,8.073440040553621,1.365715057964698,54
22,3,0,9.212395176201351,1.315032641220293,72
22,4,0,9.602360416394479,1.445909092503466,72
22,5,0,8.600814172077614,1.254458773618328,67
22,6,0,11.11099295461498,1.556141825473539,88
22,7,0,10.258819068691,1.310935881987844,87
22,8,0,12.34722370127001,1.928753631457781,96
22,9,0,11.45772374890445,1.510718122177892,94
22,10,0,9.859741528760292,1.429932994913905,80
22,11,0,12.38553839860002,1.84904184565868,98
22,12,0,11.71343014644617,1.632741170019788,99
22,13,0,12.57205702960175,1.537008109015395,115
22,14,0,11.4288763978314,1.657552947680198,98
22,15,0,11.29068422561694,1.331624208859678,106
22,16,0,10.55699757089505,1.738082145093437,97
22,17,0,11.17224942919565,1.388490441888212,107
22,18,0,12.20751122028655,1.466884123544783,114
22,19,0,10.27166735993948,1.224562196912849,99
22,20,0,11.51226155496073,1.412477237767652,111
22,21,0,11.14952445566536,1.226411853672202,113
22,22,0,8.050732755200636,0.9718643797568979,80
22,23,0,9.242472441335698,1.098388195060132,91
22,24,0,8.675176941809823,0.9791577229223509,87
22,25,0,9.367712362355665,1.155030092996819,94
22,26,0,10.20111812956498,1.087095787023074,105
22,27,0,10.81009286602652,1.154966972581327,115
22,28,0,11.445738250728,1.286879484042079,117
22,29,0,9.957495093690687,1.153400651135789,102
23,0,0,5.212560829314887,0.8100639969891479,37
23,1,0,9.57050524417309,1.525880566528097,68
23,2,0,7.414810966238044,1.109775582305798,55
23,3,0,9.209382605451635,1.379937652182299,69
23,4,0,9.843872335803646,1.415016580799555,76
23,5,0,10.55958648695045,1.412744254938859,85
23,6,0,11.50778087345701,1.994756444150897,77
23,7,0,9.758316409484001,1.365465990158816,79
23,8,0,9.118734609903658,1.136292723956596,79
23,9,0,10.98997348839855,1.713533979681399,84
23,10,0,10.56756720376337,1.545343587855351,87
23,11,0,11.19585808811765,1.584264194590685,93
23,12,0,11.00966450474658,1.413316929866118,97
23,13,0,11.78560179124158,1.531322358826476,105
23,14,0,10.52163433191592,1.31501356556457,95
23,15,0,10.61645193333424,1.18357255550567,100
23,16,0,9.971052025648989,1.24417202847844,97
23,17,0,10.77633004704046,1.406707325744504,96
23,18,0,11.62381942651186,1.488590965697961,107
23,19,0,13.05801357411309,1.68035318790955,118
23,20,0,9.188145544405298,1.050210821293606,90
23,21,0,10.76365857430554,1.397101244385122,102
23,22,0,11.32908030288236,1.410038043523709,108
23,23,0,11.35688503313758,1.36302027679461,112
23,24,0,10.18131380391272,1.357191141991259,100
23,25,0,11.11943741348993,1.251519458276531,113
23,26,0,11.20348447177016,1.328195193512084,110
23,27,0,11.05148842856825,1.11855005019711,118
23,28,0,10.55002855797829,1.19453290762314,107
23,29,0,9.612378158103018,1.034161834296107,100
24,0,0,4.48066251915151,0.6933122295922843,32
24,1,0,5.671524983787394,0.8850386241439743,43
24,2,0,8.691887545514151,1.222385415164003,67
24,3,0,7.999721900072235,1.147244719050359,62
24,4,0,9.325792946709562,1.303288770709716,72
24,5,0,10.77554843437139,1.433568590724268,88
24,6,0,11.31002321495805,1.564198460314907,90
24,7,0,10.40638615095206,1.409549111124881,86
24,8,0,9.820454114544448,1.441236707754535,79
24,9,0,12.3620009442144,1.72184996732301,103
24,10,0,11.88602615508969,1.600592060013089,101
24,11,0,10.40640914500828,1.443437307070208,85
24,12,0,11.17613734260639,1.467688834689485,96
24,13,0,11.1186254092279,1.528483555368049,95
24,14,0,10.38505801424406,1.391060245143228,93
24,15,0,9.641122930783132,1.243619094899483,85
24,16,0,11.62011171623483,1.556219591138511,103
24,17,0,9.495623047031616,1.091072154383501,92
24,18,0,8.622004337643542,0.9990880572862048,81
24,19,0,9.917944791089703,1.190749589364863,95
24,20,0,10.10446392992028,1.285043495290501,99
24,21,0,11.52005974361381,1.616674938347796,103
24,22,0,10.71900286523265,1.22214233758951,108
24,23,0,11.7785148749563,1.522704996148943,115
24,24,0,9.812919861395589,0.9930705270975132,109
24,25,0,12.25432942651819,1.602361471538766,121
24,26,0,9.926508367997837,0.970036034577874,111
24,27,0,10.20298559974964,1.08559581884551,110
24,28,0,10.15181788811181,1.036532168192444,113
24,29,0,8.673040326913906,0.890650651455314,96
25,0,0,5.043421172321303,0.8808392843564202,34
25,1,0,5.719320742729626,0.8560444917347205,43
25,2,0,7.380071005984809,1.250230978150573,50
25,3,0,6.811247455467746,0.8948552183772958,54
25,4,0,8.948792903114402,1.256647254891226,69
25,5,0,8.278274945971081,1.244197373248896,64
25,6,0,10.06537343868731,1.455395835066882,78
25,7,0,9.206685362954477,1.424878590389501,70
25,8,0,15.54901007257721,30.00982139941601,85
25,9,0,9.515009288799279,1.286530914915088,78
25,10,0,12.15485600246589,1.624223366673368,102
25,11,0,9.543600671328132,1.320633537729863,81
25,12,0,11.45457639312084,1.435208230742372,101
25,13,0,14.62096757708002,15.27741176887682,92
25,14,0,10.2700808468311,1.291150452090709,91
25,15,0,9.387751627603379,1.187967132938304,82
25,16,0,10.05965389804053,1.457719014798562,86
25,17,0,9.718598894865384,1.312810501994576,85
25,18,0,10.44517831596226,1.239368810963657,98
25,19,0,11.862183849395,1.607244768375171,106
25,20,0,9.542231947805055,1.028392978127384,96
25,21,0,31.13903011991979,372.9785497988601,113
25,22,0,9.820891742806694,1.039453855318157,101
25,23,0,11.12874512975164,1.272263666855151,109
25,24,0,13.02737331285299,1.554374334042799,125
25,25,0,10.00910696667108,1.07511759685161,101
25,26,0,11.29664740567149,1.41555152457605,110
25,27,0,12.51373854563394,1.447431983403544,129
25,28,0,10.62538554530454,1.174788933910346,110
25,29,0,9.651527225768451,1.079407989309062,99
26,0,0,4.740816967958022,0.8276310178024604,31
26,1,0,6.487750001034256,0.9873332839497121,47
26,2,0,6.22711597300835,0.9480462165539202,45
26,3,0,7.537298889910242,1.125208578440518,59
26,4,0,5.883224589428114,0.8402880499243432,47
26,5,0,9.670366042779488,1.341888253217127,74
26,6,0,10.45947194555232,1.622833159898725,79
26,7,0,10.3570836569133,1.357658331604156,85
26,8,0,31.98580871403292,420.8198832040438,90
26,9,0,10.11966096079606,1.293496316755689,85
26,10,0,9.152266401360988,1.129508780317249,80
26,11,0,16.75613937903911,66.97558424274864,78
26,12,0,9.081984415269199,3.062239079823655,64
26,13,0,23.0475789289803,190.0421993832117,81
26,14,0,9.744165594930154,1.176396760046791,89
26,15,0,7.766928321682682,0.8912456627332616,73
26,16,0,10.49513088627603,1.599521117792975,93
26,17,0,8.299669510986666,1.060442381112649,78
26,18,0,7.417803402271489,0.8082721367044807,76
26,19,0,10.27678841063127,5.769087002020284,73
26,20,0,8.808122087173187,0.9618259937489599,89
26,21,0,9.909016324012111,1.306478494702401,95
26,22,0,9.625827829504745,1.020990768188066,100
26,23,0,9.412319847756901,1.164946166869047,91
26,24,0,11.46549264764529,1.343881681453012,116
26,25,0,9.756790605182472,0.9994383054728798,102
26,26,0,9.915606751346788,1.171154094951741,98
26,27,0,7.280265714229823,0.7405311850823475,79
26,28,0,9.943467061480177,1.117263845556577,102
26,29,0,8.963964538226277,1.137840040786652,93
27,0,0,4.66722160789685,0.7611589916348824,32
27,1,0,4.851233321898905,0.8957614436223174,30
27,2,0,5.594186640863825,0.8346988178325154,41
27,3,0,4.282832394710709,0.588128819901153,35
27,4,0,7.638267347669316,1.154030509925797,59
27,5,0,7.739008227930892,1.157129493534832,57
27,6,0,11.12159487848857,1.667192059963368,84
27,7,0,8.013518023268055,1.096352912318905,64
27,8,0,7.391716148842154,1.143086973620353,57
27,9,0,7.48376230267111,0.9838226540836431,62
27,10,0,7.994414842918841,1.035318429099124,68
27,11,0,7.438044233222879,1.058255356868429,61
27,12,0,8.010331261287556,1.009149379276624,70
27,13,0,10.46165909238706,1.375940226155573,93
27,14,0,8.673208331553651,1.172161191806292,76
27,15,0,8.367740511723827,1.169218068289532,73
27,16,0,8.976861911659256,1.187174403172742,81
27,17,0,7.700413073787753,0.9656545239243922,71
27,18,0,8.750583554805504,1.201516119958424,77
27,19,0,10.0434407738524,1.36747802770174,92
27,20,0,7.839524805452603,0.9275193972171398,75
27,21,0,9.015257943760158,1.047717369357076,91
27,22,0,8.441665639962375,0.9979400623424155,84
27,23,0,8.451982554489719,0.9614524891269252,83
27,24,0,10.30232288474718,1.288090784325332,98
27,25,0,10.58056894110993,1.181285409502047,108
27,26,0,9.713932868113865,1.902484771667159,93
27,27,0,9.727109686300045,1.150263664590228,100
27,28,0,10.95223812889917,1.14790427680399,115
27,29,0,8.4127330063216,0.978755149138717,87
28,0,0,2.749104408304184,0.3905729976005845,20
28,1,0,5.074414165893296,0.7042306580431437,39
28,2,0,3.437032458801277,0.4470967203844575,28
28,3,0,5.4977152331413,0.7898812500165305,41
28,4,0,7.604512061306158,9.667733182699646,37
28,5,0,5.983018865807964,0.8925082384371748,45
28,6,0,7.537684064474684,1.043931649703453,61
28,7,0,7.517961323660767,1.233097164063614,54
28,8,0,6.038403992135088,0.7246508237815287,52
28,9,0,6.934868996241991,0.9556521983805972,58
28,10,0,6.603779452467665,0.818440279155185,57
28,11,0,10.08559232145758,1.479336604947101,81
28,12,0,6.836144966092833,0.9800089875340953,57
28,13,0,7.788285963027365,0.9312695618261242,71
28,14,0,7.725898481712028,1.093775315195479,68
28,15,0,6.700890914062115,0.7317945703434463,66
28,16,0,6.820696183779511,0.8522899497657946,63
28,17,0,6.154502827666432,0.6621074776129838,62
28,18,0,8.707242939715265,1.132672264085788,82
28,19,0,8.347547841844788,0.9945572019729506,80
28,20,0,9.131614245380364,1.18965026207284,84
28,21,0,10.0085875365138,1.149393244941915,97
28,22,0,6.510920825329433,0.6094090315577955,73
28,23,0,7.032996545150592,0.7718131999221242,71
28,24,0,7.995871329076516,0.9645826469562845,79
28,25,0,10.00062048636221,1.19261655604569,99
28,26,0,8.400796244215718,0.9464747387143382,85
28,27,0,8.787089050098933,1.04878055022828,89
28,28,0,6.933536622523455,0.8100002617455485,71
28,29,0,9.096837851863276,1.086039977483942,94
29,0,0,3.604208874633547,0.5603619328449339,27
29,1,0,4.198325328685945,0.6239382877044378,32
29,2,0,4.695062914985532,0.6850936490219603,36
29,3,0,3.72567214921708,0.6268152285469547,26
29,4,0,6.644027809751126,1.134828919594308,44
29,5,0,5.136122010037766,0.7468829235485687,38
29,6,0,5.713228819127095,0.7539172004708032,46
29,7,0,6.082838149933388,0.8982898262899203,49
29,8,0,6.05003733212966,0.8443788673271466,49
29,9,0,5.521048201056578,0.9033767044210358,41
29,10,0,6.152202163802992,0.8500443036106848,49
29,11,0,6.036472487378109,0.7147107766694577,56
29,12,0,5.587887200457937,0.7410778741638275,48
29,13,0,8.055782198577562,1.064526085940478,72
29,14,0,7.551617390662839,1.062960577754548,66
29,15,0,6.313280913620243,0.8750933663989017,54
29,16,0,4.640403632947719,0.6653707882239414,42
29,17,0,5.665955718140898,0.6335666679553825,55
29,18,0,6.995557954253322,0.8283719039710747,68
29,19,0,4.964123607475059,0.5268706472449977,52
29,20,0,7.757944973407373,1.13242648271971,66
29,21,0,6.021265496117804,0.6542666998327648,62
29,22,0,4.51389068362684,0.4480138952079842,49
29,23,0,4.414294139792384,0.5318552598304803,43
29,24,0,5.993907469098656,0.6847415684841152,62
29,25,0,7.583590484600813,1.225630728374913,69
29,26,0,6.373187614474351,0.7358867846269257,63
29,27,0,6.755517102746507,0.7174928172807463,72
29,28,0,7.679851791692653,0.7667917830418997,83
29,29,0,8.114804029539572,1.022671150697685,78
