# mesh name: boxMesh_1
# primitive scorer name: doseScorer
# iX, iY, iZ, total(value) [MeV], total(val^2), entry
0,0,0,6.275666050827698,0.6313417500910969,69
0,1,0,4.161802533524141,0.3937765745558928,48
0,2,0,5.957235020053357,0.5831626438936116,67
0,3,0,5.922712242460491,0.5916138361580408,67
0,4,0,5.01057370597335,0.5780700768119007,52
0,5,0,7.168347913942026,0.7919635307207605,77
0,6,0,6.663666487644231,0.6382135029866407,75
0,7,0,7.198265992514735,0.88447862860644,75
0,8,0,6.851149390243275,0.7302396454104205,74
0,9,0,5.484434063618875,0.5704428114453529,61
0,10,0,4.84896125589537,0.4337525853789942,56
0,11,0,6.80889902058196,0.7566354289196842,74
0,12,0,6.019760307644686,0.5698621346930516,72
0,13,0,8.008806481040073,1.386870855778014,85
0,14,0,6.114341608065339,0.6774120314640978,63
0,15,0,6.060249438806295,0.5490684817123579,74
0,16,0,6.089311043899573,0.7826921319864679,69
0,17,0,6.85781966020943,0.6911551868919683,80
0,18,0,7.686618606231304,0.9855735603765288,76
0,19,0,6.262367609128799,0.5704839683896307,74
0,20,0,7.452972414433816,0.7912107763817893,81
0,21,0,7.434604876266143,0.9861319868079935,74
0,22,0,7.150119585114448,0.7329973442598211,79
0,23,0,7.924078599901499,0.7976867041795591,92
0,24,0,8.155170778898785,0.8402604725683498,91
0,25,0,6.584621095699315,0.8153716351320057,66
0,26,0,7.276770311190027,0.756027716020119,83
0,27,0,6.076209803487202,0.7039316676816376,65
0,28,0,7.101233976376372,0.6871871937889653,83
0,29,0,5.953482606955157,0.6309733589776431,66
1,0,0,5.989887600208973,0.6008882548490196,68
1,1,0,7.899683529339163,0.7791965391300461,89
1,2,0,8.573575488492084,1.004705361243666,89
1,3,0,6.690829517404406,0.6140386662104226,78
1,4,0,8.736147314398496,0.9517219186456035,97
1,5,0,9.895528420778975,1.015676507275839,109
1,6,0,9.870767599443743,1.226520289137485,103
1,7,0,8.329172261727026,0.7893490804285775,96
1,8,0,9.332316185461641,0.9658717722639655,103
1,9,0,6.708607022679137,0.6742055205249945,74
1,10,0,8.752660188973474,0.999688055658172,96
1,11,0,7.839007114777499,0.8794617727094654,84
1,12,0,9.404934909442863,0.9475070015024911,106
1,13,0,7.498580892306388,0.6762046779714298,88
1,14,0,9.346073747738782,1.045755020044582,102
1,15,0,9.74488550171947,1.131279026950909,102
1,16,0,10.46972505556843,1.292635544165358,106
1,17,0,8.907881128837229,0.9868212558515226,94
1,18,0,10.13515603869984,1.07311451373269,112
1,19,0,10.0206465673125,1.049456709880748,108
1,20,0,8.398575891263382,0.92551819914649,92
1,21,0,9.604683926268148,0.9637364762454508,105
1,22,0,25.78994008160456,156.4419455086858,110
1,23,0,10.02584615387559,0.9311521702418256,119
1,24,0,10.65115824649649,1.37892356040926,108
1,25,0,11.28736522079499,1.295127257098278,120
1,26,0,16.21946641979187,44.62229162560395,108
1,27,0,10.98763329083818,1.183110193473481,122
1,28,0,10.89293054379212,1.188165653885128,118
1,29,0,8.084140620798317,0.8560666865251884,92
2,0,0,6.356562118656959,0.6626435421318393,69
2,1,0,9.565900288881693,1.1280035308831,97
2,2,0,9.39898144235088,1.118696312038998,95
2,3,0,8.52686696050263,0.9871229721932915,91
2,4,0,9.831326900224074,0.9388552764464299,115
2,5,0,8.244387732079238,0.8321610205700197,91
2,6,0,11.43237513673837,1.343452076897789,119
2,7,0,8.488865787466468,0.8870086005989647,92
2,8,0,9.079693122999505,0.8510333053820013,105
2,9,0,9.859940226649559,1.072267038756247,110
2,10,0,9.685005591911525,0.9800726655395434,107
2,11,0,31.85731756106132,488.4464099420101,111
2,12,0,8.809984177715327,0.8010042684395222,103
2,13,0,11.57642403308314,1.147858951393698,130
2,14,0,10.38708311071174,1.220051339026149,112
2,15,0,9.446745070895345,1.0247074564023,101
2,16,0,11.74469994506547,1.241326218330021,125
2,17,0,10.70984414371167,1.326010128134968,107
2,18,0,10.97422590131759,1.202672687503447,119
2,19,0,9.807906510053694,0.9372897317013826,113
2,20,0,10.15165241062449,1.009373007174407,115
2,21,0,9.380470972451564,0.9870130533810584,105
2,22,0,10.13050246745157,1.055724822775123,112
2,23,0,9.845873678757444,1.076964883570116,105
2,24,0,9.877719702812843,0.9996647981223603,109
2,25,0,10.8003253805905,1.195378185630084,116
2,26,0,11.34351945223803,1.162568812969593,126
2,27,0,8.932807977137038,0.9474076388151927,99
2,28,0,9.997851690819948,1.093135479333106,106
2,29,0,8.130794427244785,0.8700670574890095,90
3,0,0,8.208970528727622,1.021432407013137,85
3,1,0,9.460434559230443,1.084792067293086,100
3,2,0,12.17584078636684,1.503863957404847,126
3,3,0,10.51299059437734,1.330177806239034,106
3,4,0,11.50613376203137,1.538033582262043,119
3,5,0,9.998890822202094,1.054792661456417,111
3,6,0,9.857280506734313,1.049147333302329,110
3,7,0,11.87926986465862,1.384428639543708,120
3,8,0,11.74870814611807,1.266118349038491,126
3,9,0,8.821328896869748,0.9813425989011847,96
3,10,0,9.17807789726454,0.9706537258735126,103
3,11,0,12.31445121242619,16.58900579285706,90
3,12,0,14.61338815594819,17.68248973251861,116
3,13,0,11.69877330658275,1.352997568921485,124
3,14,0,10.22211440279977,1.158680732417303,112
3,15,0,11.20174299011731,1.186047657043776,121
3,16,0,16.01154192046593,35.87664091851715,107
3,17,0,10.96656390520201,1.211488891561274,121
3,18,0,10.00894258995804,1.153684906689286,108
3,19,0,10.08497724091771,1.057675927698615,108
3,20,0,9.874674626439148,1.079153360432915,108
3,21,0,12.77121915455419,1.601178150800607,127
3,22,0,11.57740045206992,1.31537302946929,121
3,23,0,9.207381727224224,1.114694664532161,95
3,24,0,11.22092631004377,1.126220094080846,124
3,25,0,10.76482825725753,1.333092891820997,111
3,26,0,10.21212865106964,0.970277259154493,119
3,27,0,12.76362673640535,1.513143090441825,132
3,28,0,8.531932467977038,0.8504433036929735,97
3,29,0,7.870715110129075,0.8639942577954682,88
4,0,0,7.263798056887921,0.733860333412622,81
4,1,0,8.214017516216062,0.8029437698853022,94
4,2,0,11.02803840403282,1.342404118513019,110
4,3,0,9.668867496077457,0.9039973490948158,112
4,4,0,10.20919799015249,1.210039247509838,110
4,5,0,9.013111642420082,0.9495865662444943,99
4,6,0,9.291007748767681,0.8851067300155222,104
4,7,0,9.913356047581683,1.12580511104861,103
4,8,0,10.31844930154311,1.248022373161247,107
4,9,0,8.321099297817639,0.7874165849568894,96
4,10,0,8.725648975112616,0.9086456503274013,97
4,11,0,11.00181080726685,1.126482003475338,125
4,12,0,10.15594685458788,2.941664418805649,99
4,13,0,9.021624668093018,0.9133542276674573,99
4,14,0,10.24826995548419,1.221341328013241,107
4,15,0,10.79363079728619,1.155866075570047,118
4,16,0,9.041597850474401,0.8518854378659354,105
4,17,0,8.915801492361879,0.9181283893644683,97
4,18,0,9.503174357722093,1.002267013872346,104
4,19,0,11.52505759607817,1.210184643566977,129
4,20,0,9.141949608268687,1.048226553629964,98
4,21,0,11.07990018340969,1.198476968835744,120
4,22,0,9.726090553730492,0.9438581541363091,112
4,23,0,9.123588685593454,1.039517303215995,104
4,24,0,12.48110897179937,1.388864417210169,135
4,25,0,8.579519424297171,1.035598819156204,92
4,26,0,9.755970155788511,1.110341216098907,108
4,27,0,10.38207538430604,1.081795607849172,116
4,28,0,9.21093328015847,0.9721179688980252,103
4,29,0,6.696895882033427,0.7018058108346285,74
5,0,0,6.359656147791457,0.7470956856177371,67
5,1,0,9.026675678432216,1.083698523208927,92
5,2,0,10.39697851249234,1.319961520328568,103
5,3,0,9.648919434229109,0.9740398451459655,107
5,4,0,10.23225673829699,1.053816608489468,113
5,5,0,10.26802898469779,1.071989787925493,113
5,6,0,9.638053523358298,0.9442897637723446,108
5,7,0,9.592019686151097,0.938418036042912,108
5,8,0,9.475775424983603,1.039182660287259,101
5,9,0,9.574665308072868,1.51884212980972,101
5,10,0,10.81779806060045,1.115445599625828,119
5,11,0,10.36735203311699,1.07737814290361,116
5,12,0,11.06771543189273,1.491151880187113,109
5,13,0,12.77208408350174,15.66529836664349,101
5,14,0,10.6860870865319,1.033910900403068,123
5,15,0,8.974316799831303,0.8875001552740049,100
5,16,0,10.62115632016233,1.082686394019728,121
5,17,0,8.810995228720016,1.106473759713878,91
5,18,0,9.102072055760646,0.910670922836485,103
5,19,0,9.431437811730438,0.9371608945914143,106
5,20,0,9.058729785533513,0.9831264826961066,99
5,21,0,9.343343639826676,1.022517581856428,103
5,22,0,11.20039533741926,1.23543781211493,121
5,23,0,10.75407737828831,1.265341299004366,115
5,24,0,10.16689532842691,1.151722598718868,108
5,25,0,9.828203815386606,0.8824521081056451,120
5,26,0,10.38849454931873,1.374399721917967,106
5,27,0,12.13765899016398,1.559371764855218,125
5,28,0,11.55500553379911,1.304027149519108,121
5,29,0,8.760644075501249,1.072828719726876,89
6,0,0,6.459141393565204,0.6765329104566998,71
6,1,0,8.820109435524859,1.004720724032929,92
6,2,0,9.259449450342723,2.280909612741243,82
6,3,0,10.07333161559592,1.011356808763181,114
6,4,0,10.62189104332286,0.9920485108954092,122
6,5,0,10.59099400087968,1.104102833072501,117
6,6,0,12.53800579611809,1.334800241104233,138
6,7,0,9.818985464601493,0.9739814931626577,110
6,8,0,10.4199630121286,1.006678871083409,121
6,9,0,10.68612309757895,1.221504202294026,115
6,10,0,9.473386628574623,0.893805334249884,107
6,11,0,9.743365391423344,1.038121969257431,110
6,12,0,8.947920412330763,1.00215788947256,97
6,13,0,8.956755401722546,0.9126287923841878,102
6,14,0,10.38340341546706,1.064894471065443,116
6,15,0,10.17501924042826,1.211097418453557,110
6,16,0,10.87207841852289,1.156928301293425,118
6,17,0,10.98325057995016,1.184871657722125,120
6,18,0,9.190386944338833,0.9406398727224903,102
6,19,0,10.5733556992722,1.125720239126201,117
6,20,0,10.92854150697313,1.063790767095298,124
6,21,0,9.565845685736475,0.8816776553887975,111
6,22,0,9.692051102496119,1.152090829909348,105
6,23,0,9.851855368046916,1.06911965103128,107
6,24,0,9.454934035056828,1.033671244392772,102
6,25,0,8.748225377540695,0.9117062270288845,95
6,26,0,11.06440636115173,1.239969945097385,118
6,27,0,10.37056953121417,1.154397174501097,113
6,28,0,9.982032053845241,1.098939815447694,110
6,29,0,9.350257775537035,1.049470375119226,102
7,0,0,6.346022161531994,0.642235279374521,70
7,1,0,9.73489214203229,1.120734473214799,102
7,2,0,7.783552302943945,0.7525235193529406,87
7,3,0,9.343595589660147,0.9168166755887381,104
7,4,0,12.24833463096021,1.292801902625291,132
7,5,0,9.984875556707943,1.060374705059112,113
7,6,0,10.19569720997738,1.019676849581643,116
7,7,0,10.97237680394205,1.259355434379725,118
7,8,0,10.08975634352489,1.091600662562612,113
7,9,0,9.05813556316058,0.9320407270805052,101
7,10,0,9.573246235927238,0.9101406995901644,111
7,11,0,10.64050041921854,1.107203316165625,114
7,12,0,8.313021723643681,0.7370373151403442,102
7,13,0,10.77487647833698,1.177282148494307,118
7,14,0,11.79578231182421,1.2583182219718,129
7,15,0,9.185723074769363,0.8807399225193603,103
7,16,0,9.799121025435623,1.024305426224091,108
7,17,0,8.920964297676038,0.8253568789683889,103
7,18,0,10.37768328531796,1.068138332925613,114
7,19,0,9.01285683711801,0.9807958183962928,98
7,20,0,9.543391908929642,1.212006320726162,99
7,21,0,9.978813327382177,1.154407571036481,104
7,22,0,10.06597993816915,0.9572105194174422,118
7,23,0,9.507387630108521,0.9079369500414942,110
7,24,0,8.90493807820256,0.8231836161095121,103
7,25,0,9.933018987015505,0.9259704439887421,117
7,26,0,11.16833292533117,1.168754801594173,124
7,27,0,10.69928417061533,1.340569447743054,108
7,28,0,8.004395553318426,0.8170123260690781,89
7,29,0,9.271710067319074,0.9066692415676872,104
8,0,0,6.119971981197717,0.6313508789336471,67
8,1,0,8.627610751542756,0.9723903502754433,91
8,2,0,10.12572012609079,1.181335091336093,105
8,3,0,10.1297079562661,1.129011907113477,108
8,4,0,11.16990080836202,1.318600600005337,117
8,5,0,11.74553750857717,1.309362612837158,124
8,6,0,10.83998756208996,1.113463578312107,119
8,7,0,10.82926019728349,1.112101903000744,120
8,8,0,11.17082906528541,1.122530622039474,123
8,9,0,9.953538202633458,1.018512698171595,112
8,10,0,10.85191887604896,1.136123151193241,119
8,11,0,8.805929105272073,0.9219861545779592,99
8,12,0,10.4545216606978,1.237770328758095,109
8,13,0,10.10461916725941,1.098734748065476,109
8,14,0,11.72472266131751,1.081808100786162,136
8,15,0,7.83370473915522,0.8647404905168409,86
8,16,0,10.42088598344199,1.138551962973552,114
8,17,0,12.09231848467855,1.460270802939989,125
8,18,0,9.694967066126166,0.9387720571648964,109
8,19,0,9.394334078854891,0.9762172550418471,102
8,20,0,11.19101106022596,1.084786449948852,126
8,21,0,10.22441688698925,1.087605471467743,111
8,22,0,8.916475676947027,0.959624978752479,97
8,23,0,9.893099580183728,0.9672226897393112,113
8,24,0,9.699015955340929,1.015726686521874,106
8,25,0,10.67216920643657,1.103372481295782,119
8,26,0,12.94921292158778,1.288451144994184,147
8,27,0,8.945638506506553,1.16439696148737,92
8,28,0,9.844584665134743,0.8625391553596303,118
8,29,0,7.78892912956403,0.7438084011984758,91
9,0,0,7.083595464591781,0.8398767919688641,73
9,1,0,8.663614652339009,0.86222039593198,99
9,2,0,9.725095233068648,1.009546147647593,105
9,3,0,9.824992308880107,1.063199732577327,106
9,4,0,10.16438684557752,1.227045151969049,107
9,5,0,10.6010153583574,1.204716026238789,115
9,6,0,10.4321130286696,1.035904968719196,116
9,7,0,9.543545322429887,0.9518588600386089,108
9,8,0,10.38238454744568,1.127799056184185,110
9,9,0,9.243039138555044,0.9548880730420886,100
9,10,0,10.84326210593077,1.228376341026056,117
9,11,0,10.48351602707802,1.231707742086535,107
9,12,0,8.273147540747983,0.7443789262551943,97
9,13,0,7.873489059584238,0.7416135103185237,90
9,14,0,11.86714761856684,1.326307411068398,129
9,15,0,10.56543496228077,1.17072714834494,112
9,16,0,9.105288051947511,1.028207422865693,97
9,17,0,11.52862900127418,1.241071799546274,127
9,18,0,9.693933132369205,0.8923258322065027,112
9,19,0,9.846521561228414,0.9485545639894538,113
9,20,0,9.321004069175997,1.00602393454516,102
9,21,0,11.82579814133364,1.207070569965385,133
9,22,0,8.093975150066793,0.8436046414458934,88
9,23,0,9.554478008640809,0.9222338941521073,111
9,24,0,10.00167698537595,1.062842427396117,108
9,25,0,9.587052862569617,1.006791709393316,104
9,26,0,9.582034436831925,0.9775210879298848,111
9,27,0,11.09392383946491,1.120794962775337,124
9,28,0,11.38256404774977,1.298749433257271,119
9,29,0,6.327699443900516,0.5812172539575278,75
10,0,0,6.734340200206756,0.7868121302147508,67
10,1,0,9.418355423030652,1.025470184463758,100
10,2,0,12.15813732781117,9.709874524199623,97
10,3,0,10.26428083661809,1.132746618991141,110
10,4,0,9.829124373805753,0.9221823439650439,113
10,5,0,8.897400568336316,0.8522160162868597,102
10,6,0,11.46475050611103,2.24406734007911,120
10,7,0,9.484207889257341,0.9916408986021521,105
10,8,0,9.699990824296727,1.050281207237278,107
10,9,0,8.878515757358295,0.8508156326836745,101
10,10,0,12.72788623070377,1.344238589660962,137
10,11,0,11.6156131670246,1.258403228687134,126
10,12,0,11.17198141678348,1.217519099731389,119
10,13,0,10.55136840912799,1.191219001907943,115
10,14,0,11.16553707407935,1.235227090907497,127
10,15,0,11.10218957340289,1.158123823112858,123
10,16,0,9.741887767160952,1.043567372965113,109
10,17,0,11.40042665309772,1.143984323746632,131
10,18,0,8.47393966048522,0.851145784573108,94
10,19,0,9.341901801814494,1.001735908522207,104
10,20,0,11.53644739288708,1.145809171615999,130
10,21,0,10.05529134415009,0.9710145349855004,114
10,22,0,10.25298567451277,1.774373889143414,110
10,23,0,8.911820844628965,0.8762643515076495,102
10,24,0,11.08947496908445,1.153542593774235,124
10,25,0,8.80758186675409,1.028102014073271,93
10,26,0,9.877097179408764,1.018235692405582,115
10,27,0,11.15809773839898,1.215334197178001,119
10,28,0,8.983496673184385,0.9605882322478314,102
10,29,0,7.786430296533187,0.8457138627558571,84
11,0,0,6.899940918541833,0.6938278997725936,79
11,1,0,6.55794729777091,0.6575175840449846,73
11,2,0,12.13115828481449,1.557444004550919,122
11,3,0,10.74269596318697,1.056333416125389,125
11,4,0,10.61715389582291,1.11949469707996,115
11,5,0,10.34934809789764,1.122260782769012,115
11,6,0,16.44869916208071,26.78067658479882,126
11,7,0,10.64059296720542,1.081132977571249,120
11,8,0,8.282666892037714,0.8462349857955004,90
11,9,0,10.54874454333407,1.046828588481534,119
11,10,0,9.538619028674415,1.021023702809247,105
11,11,0,9.453122459766277,0.949098167918307,106
11,12,0,9.447281392678422,1.046024584113376,101
11,13,0,11.22240044175021,1.21238299274723,124
11,14,0,10.17195372956523,1.050496255921563,113
11,15,0,9.83067606155139,0.9419714734163915,114
11,16,0,11.94775276739083,1.355809264257046,122
11,17,0,8.595788009681574,0.8587804104387936,97
11,18,0,8.78020736100008,0.8740612900292272,99
11,19,0,8.288253644049369,0.8236326157903545,93
11,20,0,9.389485149025472,0.8835361959691093,112
11,21,0,9.691013220246987,0.9615181051061823,109
11,22,0,11.58015651468671,1.357560821339281,118
11,23,0,9.092276056936687,1.014212335430914,97
11,24,0,11.25264213302376,1.230692421069152,125
11,25,0,10.00537336949882,1.086646407112926,111
11,26,0,9.96230483433802,0.9775556802053388,114
11,27,0,10.83500746510605,1.146976972706819,117
11,28,0,10.39405526553607,1.335019597720609,109
11,29,0,10.07737797101773,1.005220204421939,113
12,0,0,6.428852608882449,0.7538773917914388,68
12,1,0,8.918282264052772,1.145062225317793,88
12,2,0,9.073185074201486,0.8717927924270059,106
12,3,0,11.36837014446621,1.315646119937127,121
12,4,0,8.813155436762681,0.823768523185755,101
12,5,0,10.09125998294345,1.061306257589635,108
12,6,0,8.282164344167576,0.8181810810088445,92
12,7,0,8.73798326702823,0.8462540653090276,98
12,8,0,9.161189849841927,0.8934305040965249,104
12,9,0,12.12541442391962,2.012949089796223,126
12,10,0,8.630027400056729,0.8398504830670226,101
12,11,0,7.93993363837807,0.8085553933668782,90
12,12,0,10.33543812489532,1.020777040880237,118
12,13,0,11.34928814538463,1.240053177348866,124
12,14,0,8.163502738922132,0.8169683104880987,92
12,15,0,9.536705517893552,0.9798326592283393,109
12,16,0,7.883363654785024,0.7387602920249746,91
12,17,0,9.21932192766902,0.9165065086494706,107
12,18,0,10.60091352823093,1.113759932361219,116
12,19,0,9.983345963697776,0.9359790435429135,118
12,20,0,10.43971377158502,1.15245048267992,116
12,21,0,9.813973848016595,1.125383179788994,106
12,22,0,10.32206221879279,1.101079546233532,114
12,23,0,10.91505538517616,1.315889745843928,116
12,24,0,14.91343307285798,48.92114178208386,90
12,25,0,12.25286782946002,2.022387639495056,122
12,26,0,12.33974082193325,1.39598220075128,132
12,27,0,9.64566155388383,1.290496281871418,93
12,28,0,8.202059841366184,0.9384290338262465,89
12,29,0,8.489630459049716,0.8955158837700394,91
13,0,0,5.757041029741026,0.5603108586343797,65
13,1,0,7.866360623916997,0.8094020640276652,87
13,2,0,9.711242236837546,1.129757998205387,100
13,3,0,10.20509476371597,0.9678977514403431,116
13,4,0,9.898955478474438,1.063810683453677,104
13,5,0,11.01732179002305,1.209627501287442,117
13,6,0,10.86101257520254,1.167347137371768,118
13,7,0,9.856409215223652,1.063062720665378,109
13,8,0,10.93434999536672,1.464139830320947,111
13,9,0,9.898328754917678,1.066699954094537,110
13,10,0,10.63253379056781,1.081729526970143,117
13,11,0,10.69154712358278,1.350336689600713,108
13,12,0,9.666133044640127,1.024749030279162,107
13,13,0,9.655565844092733,1.032524762169243,110
13,14,0,10.29996688120622,1.075302252991528,112
13,15,0,8.736848471256613,0.8821164080479011,98
13,16,0,9.110409199806522,0.9660363062692199,99
13,17,0,10.64136857088227,1.161417996523584,117
13,18,0,12.39481142594867,1.410147746836382,131
13,19,0,9.173370180290032,0.9604733864563827,102
13,20,0,9.819857008328798,1.035904077615383,106
13,21,0,12.18072524190413,1.569180654492756,126
13,22,0,11.31573985882261,1.183695793912073,124
13,23,0,10.23154787593463,1.127374639094402,111
13,24,0,10.20020546121102,1.106190001755765,117
13,25,0,9.664207573453467,0.8809617013716916,115
13,26,0,9.673453787546409,1.620506012781422,102
13,27,0,11.08957808016411,2.799943926986076,105
13,28,0,9.635759573667055,1.505828424563218,103
13,29,0,10.70250640936717,1.367138261772396,107
14,0,0,7.863827458610522,0.8044369113684342,90
14,1,0,8.169960848864292,0.8641453962542482,88
14,2,0,9.891605744362131,1.051064472610931,105
14,3,0,10.99966069096626,1.265050983751164,116
14,4,0,9.742945237650554,1.165405433878107,100
14,5,0,11.471616706847,1.354367096844774,118
14,6,0,11.18035120480215,1.398604870578151,116
14,7,0,10.92684611979897,1.245197762839461,120
14,8,0,7.623771625016643,0.733508774136342,87
14,9,0,9.216923074634137,1.131474903545624,93
14,10,0,10.51927209650873,1.13228046461872,115
14,11,0,11.51068790348453,1.148448572778686,128
14,12,0,10.10062828356647,0.9527000138977924,116
14,13,0,11.35162878853814,1.295177558452841,120
14,14,0,11.79675069519148,1.344445394035547,125
14,15,0,7.611944836680904,0.7471623909983363,88
14,16,0,9.486065968995712,0.8947307111579677,112
14,17,0,9.877804964297074,0.8710048164566198,119
14,18,0,8.406192115570139,0.8434557451144407,93
14,19,0,10.63857563235812,1.103818226142775,120
14,20,0,10.08496213751381,1.05958281136145,110
14,21,0,10.67703228891722,1.153597152098157,119
14,22,0,10.60509045558936,1.143702185687946,115
14,23,0,8.351204523112763,0.7808886778620681,96
14,24,0,11.45562649207577,1.081588699192492,134
14,25,0,9.351473243698415,0.9710335457505652,104
14,26,0,9.641200788945527,0.9792429590688703,110
14,27,0,8.344251761812933,0.7827272396832581,97
14,28,0,9.595721958353669,1.016790770675417,103
14,29,0,8.478668180876443,1.051284866934081,86
15,0,0,5.629162801914172,0.5297937245723283,66
15,1,0,9.846747560791902,1.01674008046115,107
15,2,0,9.337591437930062,0.9518778336164763,105
15,3,0,10.34969853025315,1.023596882418141,117
15,4,0,11.36571059623441,1.809977326126565,114
15,5,0,12.10001376087222,1.248562370019711,131
15,6,0,12.34934228048151,1.434452228692987,128
15,7,0,11.80044598059632,1.258525768109135,128
15,8,0,9.648448820849715,1.106254435561405,101
15,9,0,8.122348158478763,0.7780680688559033,94
15,10,0,10.82842613174896,1.166607328822571,116
15,11,0,9.730771052083369,1.096060664507772,104
15,12,0,10.82394305359325,1.16402745182038,117
15,13,0,9.754655097867062,1.181929098432581,105
15,14,0,10.13596974682411,0.9576584538691425,118
15,15,0,8.779570875649998,0.8515046359021424,100
15,16,0,8.133570395776939,0.7629326431308955,96
15,17,0,10.94131753863374,1.235728431719461,119
15,18,0,10.23104612669136,1.027049512983742,115
15,19,0,9.461701174252024,1.048454505036421,102
15,20,0,10.24749123990797,1.049549363744386,113
15,21,0,10.42426884877676,1.190574916308802,111
15,22,0,9.697148584026772,1.0967550107233,106
15,23,0,9.196678413137629,0.9604127828934409,103
15,24,0,12.05855860286244,1.395852389805234,129
15,25,0,10.24262636809065,0.9665165961334736,123
15,26,0,10.47345379641373,1.133350221709656,116
15,27,0,12.0208569461536,1.308546761645052,132
15,28,0,10.56420286704628,1.273240416389598,106
15,29,0,7.365243381070828,0.6305121135129914,89
16,0,0,6.417469900219197,3.074585256977034,53
16,1,0,6.701692856093014,0.7093266134645355,72
16,2,0,8.213505983355521,0.8757826472677473,90
16,3,0,9.640659550933384,1.037083964501768,109
16,4,0,9.833297192506613,0.9697010626331202,109
16,5,0,10.02538732637187,1.19996921533172,105
16,6,0,10.70914471133934,1.016172527513681,123
16,7,0,8.775228837199579,0.9473164038652142,94
16,8,0,9.241130429097581,1.029160023949622,101
16,9,0,9.59611684663251,1.055516717358303,107
16,10,0,8.760090824020603,1.52854398958645,94
16,11,0,11.35743642203125,1.238190387324102,122
16,12,0,10.90742116643403,1.169712175999088,118
16,13,0,10.2148506323067,1.080756057126541,112
16,14,0,10.53324592240584,1.013382006609367,121
16,15,0,9.333487427648965,1.059778021213366,103
16,16,0,10.47547802881748,1.273552643150567,115
16,17,0,10.83055171894134,1.917178592786388,106
16,18,0,10.52938988080803,1.121343566111915,115
16,19,0,11.65490407125254,1.290246991140661,123
16,20,0,10.21430390822555,1.051008025861385,111
16,21,0,10.51598808662068,1.039220056793645,118
16,22,0,11.0411463592929,1.302277020518384,116
16,23,0,12.12763664346668,1.260365124988446,136
16,24,0,10.96034409453535,1.288001910731458,115
16,25,0,10.78233600936069,1.094183373906547,117
16,26,0,9.105730981627129,1.16937347789172,93
16,27,0,10.33072098526813,1.134588490564187,109
16,28,0,9.897530225137345,1.15126270776809,103
16,29,0,7.683601502749415,0.9385748015912908,82
17,0,0,6.594086747099808,0.7114192743739329,69
17,1,0,7.501471738685114,0.8258627311448791,84
17,2,0,9.034258711850773,1.01720934910689,97
17,3,0,10.24715861846932,1.0372884965477,110
17,4,0,9.475993552071646,0.9294111692581215,106
17,5,0,8.827961194768458,0.831565068726185,103
17,6,0,9.26554481357938,0.9523456345771069,102
17,7,0,10.07877166974975,2.363159171743111,91
17,8,0,10.67110607930781,1.125802537215759,117
17,9,0,8.668884880921341,0.9765798882261992,92
17,10,0,9.758534151009547,1.032438230292251,107
17,11,0,10.53625463596506,1.072066189266577,117
17,12,0,10.95264559565101,1.284389694318808,113
17,13,0,9.062880321314458,1.010470684643893,102
17,14,0,11.43656601381712,1.485199008564418,114
17,15,0,8.504411451780207,0.9247289403856085,93
17,16,0,11.30179232186512,1.275259920371732,124
17,17,0,10.40400739597968,0.9739849807496617,121
17,18,0,8.14049301789168,0.7769564426344802,93
17,19,0,9.892675918869086,1.104422881992608,110
17,20,0,10.30547087102415,1.079286678119289,116
17,21,0,10.20087458406929,0.9287262646167715,120
17,22,0,8.049372151216538,0.7761051099220773,91
17,23,0,10.40218881054239,1.049797796923549,116
17,24,0,10.50241175084467,1.217836807325434,111
17,25,0,10.00079877663808,1.011088249077897,109
17,26,0,11.0184951158891,1.381899075220409,114
17,27,0,9.972673081775669,1.016886557677998,111
17,28,0,10.95071314529376,1.116372875209191,122
17,29,0,7.161220322043362,0.7055677563578386,80
18,0,0,6.873250261159171,0.6799755323386248,76
18,1,0,9.433340054666784,1.147377545931477,95
18,2,0,9.657813385165205,1.031549789684364,105
18,3,0,10.22538517560389,1.07279227793068,110
18,4,0,11.18175495973525,1.325819412871144,116
18,5,0,8.919610540459459,1.005477251994109,96
18,6,0,12.03494322911585,1.554718016581882,121
18,7,0,11.04624914244686,1.166148319807133,120
18,8,0,11.58648870660542,1.291195901390828,123
18,9,0,8.800303243999977,0.9010566236151153,98
18,10,0,11.4309750189351,1.245000539181698,121
18,11,0,11.30499689359976,1.413678198781392,118
18,12,0,10.89265690335193,1.19151848497465,116
18,13,0,10.07641754920539,1.11670249550749,110
18,14,0,11.24276631136026,1.459896873770024,113
18,15,0,11.33741941252961,1.336821216266788,120
18,16,0,10.7456956245233,1.108738746604204,120
18,17,0,9.88799023274081,1.099645872753914,107
18,18,0,10.13327027117059,1.169183337105,109
18,19,0,11.27974550089058,1.1427477113871,128
18,20,0,9.728708496197772,1.230253030526874,103
18,21,0,9.354158397100234,0.9284515805261039,108
18,22,0,8.750538157124964,0.7654671756943391,108
18,23,0,10.44463275540112,1.249850491245989,113
18,24,0,9.271173729876695,1.017444069383399,99
18,25,0,11.634062182904,1.646998328941594,115
18,26,0,11.53902888679405,1.516141585043023,126
18,27,0,11.19197687738695,1.136849091551522,128
18,28,0,10.30299668243641,1.055215588174176,116
18,29,0,7.889411500866615,0.7661086637887481,88
19,0,0,6.451704048705535,0.6107333303870804,74
19,1,0,9.016700051428021,1.003463967333659,93
19,2,0,9.098838610803867,0.9567945231942181,103
19,3,0,11.45594021851759,1.343255676397986,120
19,4,0,12.52630042409162,1.825760210869032,131
19,5,0,9.928331473242411,1.102946066884867,109
19,6,0,9.04161036569919,0.9931010691099743,100
19,7,0,8.657390717076019,0.9184207933174587,97
19,8,0,8.953147935600759,0.8109817583256242,105
19,9,0,10.63593037410447,1.081533512038485,117
19,10,0,11.17803951095427,1.259403109411344,122
19,11,0,9.498455109062416,1.082566708365598,101
19,12,0,12.49765603505221,1.54290143489559,128
19,13,0,9.54953645139879,1.015742691380405,105
19,14,0,8.961259847178663,0.8409681944689386,107
19,15,0,9.252445459208593,0.9441252991834377,100
19,16,0,11.50358951909663,1.219603156037596,128
19,17,0,9.957278201904979,1.001412177556972,113
19,18,0,10.59717580667943,1.090322720450321,120
19,19,0,10.24028188394859,0.9640426958791037,119
19,20,0,9.01701514335447,0.8979029113578855,104
19,21,0,9.879816657508419,1.073472382146601,111
19,22,0,9.119794854554046,0.9319158060567925,99
19,23,0,9.847959279945147,1.014176558166394,108
19,24,0,10.83586530052692,1.180838942661836,120
19,25,0,10.20715672828982,1.156023912707408,106
19,26,0,9.995876895636606,1.034169101378107,112
19,27,0,10.07141312596993,1.102911446879451,108
19,28,0,12.54119950820876,8.075129308729428,107
19,29,0,9.241987833354546,0.9635613945433218,104
20,0,0,5.555302617059685,0.5415641778681476,62
20,1,0,7.982040783209706,0.8696942114437248,88
20,2,0,9.660169144292867,1.031355737676724,104
20,3,0,6.221245593621711,0.598246472014107,71
20,4,0,13.27415760084605,13.98500393277,105
20,5,0,11.15552268493632,10.27359198775746,85
20,6,0,11.60067647738971,1.440755728487327,120
20,7,0,10.41831706326846,1.120225737642945,114
20,8,0,11.52712887365335,1.208447897442808,125
20,9,0,10.68954515962406,1.084487418751649,122
20,10,0,9.764173702652734,1.05742154998825,102
20,11,0,10.36854073436898,1.111204997278648,115
20,12,0,7.840800171665755,0.7148003726156911,91
20,13,0,9.80254214280556,0.9539204687808904,113
20,14,0,8.702108064070387,0.8914204682315423,97
20,15,0,10.45707089707264,1.123577816111877,115
20,16,0,10.01425007197864,1.104066090319267,108
20,17,0,9.680633829072047,1.030992996738108,109
20,18,0,11.21163978005932,1.21937541794588,126
20,19,0,9.469205920142747,0.9329838121612144,108
20,20,0,10.63857188400297,1.248617981749524,113
20,21,0,10.27519403230647,1.074503797845628,111
20,22,0,11.28585532262938,1.226174235987056,125
20,23,0,8.891132843294226,0.9122441252171417,99
20,24,0,11.41317856283279,1.299906747837938,119
20,25,0,9.775288657698125,0.9638666187260474,113
20,26,0,10.52455320502158,1.132478490686216,114
20,27,0,10.20074439630524,1.14059258457998,107
20,28,0,9.288387444797479,1.065835916449591,102
20,29,0,7.683285064642769,0.7544193810625894,87
21,0,0,5.982606926606944,0.7046209427883423,65
21,1,0,8.434788928746636,0.9529720982767877,89
21,2,0,11.73508368010762,1.389989014611636,122
21,3,0,9.442774704044,1.062973820720799,105
21,4,0,10.64527233987888,1.245409441335742,112
21,5,0,10.73672205365291,1.269300813165207,114
21,6,0,9.215311948254859,0.9303240134670897,103
21,7,0,10.1895934427266,1.021113405971773,112
21,8,0,8.662409104209178,1.101101429237524,94
21,9,0,10.54305484765049,1.151960808799405,111
21,10,0,10.37252250691193,1.184229838180839,111
21,11,0,9.224371124783824,0.9778606373031374,101
21,12,0,11.23935284490285,1.244168457230686,121
21,13,0,9.834868308074443,1.051035728608423,109
21,14,0,11.14751013667962,1.262149905972473,118
21,15,0,10.98404516422915,1.37007581404225,110
21,16,0,10.53091773981414,0.9550478185127637,125
21,17,0,28.00515509433433,298.5736477348113,120
21,18,0,12.05514556255214,1.368732392848053,126
21,19,0,10.44062777507695,0.9762726294131046,121
21,20,0,11.52930271128629,1.221099307632068,127
21,21,0,10.2300631249456,0.9905548296752852,119
21,22,0,9.466668919173829,1.020286336077695,102
21,23,0,11.32724584404746,1.318369274066501,122
21,24,0,12.30862396911229,1.30807784530489,137
21,25,0,8.908814217350848,0.9499544098217108,100
21,26,0,10.13296867207087,1.113602177540652,108
21,27,0,10.54609428303588,1.223333063419568,115
21,28,0,9.093006178791626,0.9831925793212883,98
21,29,0,6.97412679632447,0.6811138134764344,78
22,0,0,6.375058794063649,0.6740329135676854,70
22,1,0,7.861494591168852,0.792287385367182,87
22,2,0,9.55668746307405,0.9505828192979113,111
22,3,0,9.142523971348027,0.9089330836535848,106
22,4,0,8.690659898425748,0.8911616724224618,98
22,5,0,8.61425496077797,0.9658716595819071,93
22,6,0,8.75960504839513,0.9420321635004275,94
22,7,0,9.683754122087317,0.9193409630929086,110
22,8,0,9.558951099221948,0.9620667580162053,107
22,9,0,11.21225686776043,1.172310846168366,123
22,10,0,10.07556107025703,1.086887267183124,111
22,11,0,9.654808757718799,1.125888963508198,101
22,12,0,9.854747711779051,1.06649924193342,111
22,13,0,10.55571849904273,1.084955020124977,117
22,14,0,7.262061046512754,0.7566644423061927,81
22,15,0,9.475687805738174,1.001936471339348,104
22,16,0,9.857774361883942,1.009742059356627,113
22,17,0,8.416921709233355,0.8362652587965718,95
22,18,0,9.159559898461698,0.9908158511624682,97
22,19,0,10.53802765129127,1.178539560835314,112
22,20,0,9.804591951137354,1.004360898687846,112
22,21,0,9.185816817315034,0.9651233007542634,102
22,22,0,8.680824622558793,0.8424610609442709,101
22,23,0,10.77508910199101,1.189223390976599,116
22,24,0,10.20583255187926,1.189551384284915,106
22,25,0,10.58140637237569,1.018597787250581,126
22,26,0,9.52332062545905,0.909631510269067,111
22,27,0,10.02033809784076,1.006720220884461,112
22,28,0,8.70294597288953,0.8212595972083485,99
22,29,0,8.111598547676602,0.7412646983818901,95
23,0,0,6.358558091948598,0.6635647750221273,70
23,1,0,8.474926469740884,0.8308061755167718,96
23,2,0,10.74235521339284,1.208203699725936,111
23,3,0,8.700957279230751,0.8533139709700575,97
23,4,0,11.04289524156192,1.106584304181211,126
23,5,0,8.091015695371281,0.7878850777631016,93
23,6,0,10.5005235129785,1.310474034713065,106
23,7,0,10.08470397703966,1.124340286826097,106
23,8,0,8.826327349420064,0.8299887561337675,102
23,9,0,9.823514365592695,1.082524298196294,105
23,10,0,8.869541291054185,0.9955381092793091,96
23,11,0,8.913499789188315,0.91353571255558,97
23,12,0,8.483099288487571,0.927513805592219,91
23,13,0,10.57422304972167,1.162326585746736,117
23,14,0,9.029149071240539,0.868343218818969,103
23,15,0,9.476559578538582,1.075091136745084,99
23,16,0,8.524805341954316,0.8604669713569078,97
23,17,0,10.20569334212799,1.176721253021053,110
23,18,0,12.10639471507093,1.282845747779293,133
23,19,0,9.856590878046772,0.977718684917679,112
23,20,0,11.45787661467535,1.310027585810785,122
23,21,0,11.21220981853067,1.242176611138807,125
23,22,0,11.79789510624616,1.298555478219271,128
23,23,0,10.60996002130055,1.205042419564247,112
23,24,0,9.439258965979436,0.9717121966880019,109
23,25,0,10.5955009640608,1.208710557950049,113
23,26,0,11.92793671460646,1.356460731375574,127
23,27,0,9.442378437781203,0.9809231057654617,106
23,28,0,10.82464691738999,1.10575817984589,121
23,29,0,9.27684381597078,1.046205635298194,98
24,0,0,7.47613959270327,0.8685158086356642,79
24,1,0,9.322507761079814,1.051724876121931,100
24,2,0,11.81712684620244,1.621231731426112,114
24,3,0,8.95108882216763,0.855208680238172,104
24,4,0,11.2028500495681,1.140416028215142,124
24,5,0,11.53038715635343,1.33525883262922,125
24,6,0,11.33115435796094,1.260220777882341,119
24,7,0,8.553622256173181,0.9128692539843705,91
24,8,0,9.595153831307035,1.071235389681998,100
24,9,0,9.972630438559154,1.037701343134353,111
24,10,0,11.91190900599499,1.52690229552025,118
24,11,0,10.22740356736981,1.000454317324686,114
24,12,0,10.3696208981575,1.069580194211887,118
24,13,0,18.0557842346185,66.08368520090946,114
24,14,0,10.47015036200406,1.099298566571423,119
24,15,0,11.5314348133669,1.493161093029806,116
24,16,0,11.22904675520286,1.341603610473104,114
24,17,0,10.11397879843535,1.294228744857298,104
24,18,0,7.936134823869501,0.7660899169383008,92
24,19,0,9.716264620873742,1.015246596662044,109
24,20,0,10.17860418974671,1.134560605171926,113
24,21,0,10.65411943185971,1.09240458567214,120
24,22,0,10.65727900395865,1.141482215626938,113
24,23,0,9.893978067942493,1.127543691642449,109
24,24,0,12.55818951550426,1.559292246710683,127
24,25,0,9.508949321458187,0.99585795544197,104
24,26,0,10.80383447242592,1.227156880372848,115
24,27,0,10.99007217268347,1.184234737281427,118
24,28,0,9.180549050886848,1.25626283475423,95
24,29,0,8.801971172542286,0.886159912484406,98
25,0,0,7.16440423743171,0.6952542514581901,81
25,1,0,9.129400575951625,0.9137275565889422,105
25,2,0,9.818461003914553,1.017215975012765,112
25,3,0,9.320937137682561,0.9349995921051426,102
25,4,0,9.612781001990054,1.05466191368727,103
25,5,0,9.479044919275282,0.973106237254917,105
25,6,0,9.165863248634354,0.9989433746306768,98
25,7,0,10.09471776160709,1.204665355305471,104
25,8,0,11.83177513977287,1.326997565431254,125
25,9,0,11.22427268675794,1.277382105471748,121
25,10,0,10.59438041084531,1.141438142402361,115
25,11,0,11.07433366395781,1.289160510957697,120
25,12,0,12.95837217268065,1.561321740125801,131
25,13,0,10.10248562236073,1.056049172406476,113
25,14,0,9.59299935884078,0.9900895947839358,112
25,15,0,10.75564313099019,1.26204219791766,116
25,16,0,11.37070661811453,1.263540599393177,122
25,17,0,15.16535956285379,26.86057108381704,111
25,18,0,10.77773124863051,1.180424132361474,117
25,19,0,9.322326558803907,1.045530365900135,98
25,20,0,8.878932311207484,0.9975152363015597,98
25,21,0,9.12885658327019,0.956011990144489,100
25,22,0,9.851929709758812,1.096797434733309,108
25,23,0,10.1280834400783,1.055117280204273,115
25,24,0,12.80247241070395,1.356959865721374,141
25,25,0,10.32718790117202,1.199332010730992,111
25,26,0,11.03794523059296,1.178228461103738,121
25,27,0,11.15567366003414,1.326552852413286,114
25,28,0,12.38994470139032,1.496849868683847,128
25,29,0,7.026909960823132,0.7497650532532709,81
26,0,0,5.156753090739855,0.4868095070033405,60
26,1,0,8.340958238623173,0.8888741770689245,89
26,2,0,9.232194935382566,0.9838597938240008,99
26,3,0,11.01821740950239,1.190016107129399,119
26,4,0,9.671139030040715,0.9631279315702806,110
26,5,0,10.78004665805185,1.122324709278112,122
26,6,0,9.005876298428699,0.9207581356735466,101
26,7,0,10.44659971459755,1.121117720100966,114
26,8,0,10.02721040985962,1.010463723924363,111
26,9,0,12.72839859839596,1.42711108348229,134
26,10,0,9.896436452492392,1.15725737699198,103
26,11,0,9.85000967983809,0.9821769792352422,110
26,12,0,11.40107930524714,1.27519229915919,125
26,13,0,11.2808275948426,1.230598369401299,128
26,14,0,10.44422640529838,1.187165556413989,115
26,15,0,10.09302564217304,1.066138349209924,113
26,16,0,10.66664211747612,1.076367741150722,116
26,17,0,9.675143201329035,1.115303293717948,104
26,18,0,9.901205116308796,1.002130137339153,111
26,19,0,10.07105384724463,0.9618088118172954,116
26,20,0,10.13427403066301,0.9799950166158362,118
26,21,0,12.82792451998348,2.642996394109711,129
26,22,0,11.13388667733904,1.363795146351606,117
26,23,0,10.69977025052237,1.165116769283262,117
26,24,0,15.64019323396218,30.94166592264685,118
26,25,0,10.58625764057517,1.090566001532941,120
26,26,0,8.621952494410788,0.9198884493147845,94
26,27,0,9.336061191986804,0.8604556723278607,111
26,28,0,9.593032227318734,0.903880836742898,112
26,29,0,9.444995479909656,0.9687116903739682,103
27,0,0,7.098785422504778,0.7147788093174698,78
27,1,0,7.653323905498934,0.7652134162393442,85
27,2,0,11.19290874856415,1.245758201240262,115
27,3,0,8.307330729998974,0.8542329426064152,92
27,4,0,11.80805319574002,1.669929559796552,118
27,5,0,9.55818285304138,0.9348000297102188,106
27,6,0,7.762264397230762,0.7783649311158845,86
27,7,0,10.94886833089626,1.297148047129473,111
27,8,0,9.405993969211298,0.9379173243895365,106
27,9,0,9.806050345530437,1.055178077015432,107
27,10,0,10.68570540722009,1.119110136004356,117
27,11,0,8.828863019660432,1.001990920355395,97
27,12,0,10.17773423350979,1.117573762997861,111
27,13,0,10.82026070257227,1.10115801060587,121
27,14,0,9.539605515471397,1.026179718188182,102
27,15,0,8.102544908848939,0.8173327267393782,91
27,16,0,8.731252202671415,0.7600519640218271,106
27,17,0,10.01412698662809,1.183635631931821,106
27,18,0,10.6397723045887,1.318141478474866,117
27,19,0,11.13887141531928,1.302173143806635,117
27,20,0,10.61344836696286,1.053393317429272,122
27,21,0,9.5240588645432,0.9537333895752571,107
27,22,0,9.695580845020945,1.131288208303091,103
27,23,0,10.57314529291518,1.093200493497058,117
27,24,0,10.78878579585826,1.2522004569228,116
27,25,0,10.82378597319502,1.218980206925222,116
27,26,0,11.21806881620522,1.28682726458635,123
27,27,0,9.289673264141767,1.121303762972129,102
27,28,0,8.619543705053161,0.9617980617968795,95
27,29,0,5.88073834635289,0.6696903285360498,63
28,0,0,5.636203754545352,0.5043197039291011,67
28,1,0,6.740823099871131,0.673876916854264,75
28,2,0,7.704143484478173,0.8477030599283784,85
28,3,0,9.016082990304858,1.002182953668874,97
28,4,0,6.37293647852229,0.5665757587139744,77
28,5,0,9.179156335953122,1.021260251008613,97
28,6,0,7.921568022750613,0.7825247520884232,89
28,7,0,9.899015169570715,1.240865682821843,98
28,8,0,11.94110235395901,1.251742711790261,130
28,9,0,11.55509152635424,1.403705588861143,119
28,10,0,11.00813534074171,1.292799818405689,117
28,11,0,8.518080798055642,1.025311230512723,89
28,12,0,9.37367306372434,0.8826223238502523,105
28,13,0,8.286012401868799,0.7576833725066694,97
28,14,0,8.646857851000137,1.127952986257394,90
28,15,0,9.565706209497369,0.9343920764253446,109
28,16,0,9.101121431389343,0.8295915893190997,107
28,17,0,8.645946350919306,1.084066745270311,86
28,18,0,8.654480542102855,0.8357729436646125,99
28,19,0,8.415317184915764,0.9147436702028193,92
28,20,0,8.34271308194451,0.8255800795408428,94
28,21,0,9.984187831969662,1.089292892903237,111
28,22,0,9.327413831108782,1.041421213394959,100
28,23,0,11.15817584450257,1.066706762571084,128
28,24,0,10.8824823385568,1.203172456377685,116
28,25,0,9.967508938042613,1.012006031677971,112
28,26,0,8.68669064788323,0.8749594826170561,99
28,27,0,11.06978709958915,1.33748358591378,117
28,28,0,9.144410855951639,0.8736635419925576,106
28,29,0,7.144916426940203,0.7193561674228701,84
29,0,0,3.90870982986638,0.4285337086028244,43
29,1,0,5.00140653346609,0.5041909041914584,55
29,2,0,5.677188733820017,0.6126410810576697,62
29,3,0,6.314964866482231,0.6818060298314875,68
29,4,0,5.392358366086003,0.4703362251133674,64
29,5,0,5.735869891760901,0.5990509911638198,62
29,6,0,5.526931008270039,0.4864720544210012,66
29,7,0,5.030296144220269,0.4753870876615075,58
29,8,0,7.399820082925044,0.8051930066623175,77
29,9,0,6.673901171421164,0.7576906509559387,72
29,10,0,9.416141331409705,9.653068971021503,75
29,11,0,6.132775397792417,0.6733012157916594,67
29,12,0,8.418711505965129,1.027314734007392,88
29,13,0,8.193724649172401,0.9110080609416877,87
29,14,0,6.279771000425225,0.57807969630481,74
29,15,0,6.608641547796954,0.706790615082843,74
29,16,0,6.269942345853417,0.5807661217969307,73
29,17,0,5.672326203180762,0.6062459444650251,61
29,18,0,8.923905173050461,0.9980992810838917,95
29,19,0,6.449020360436617,0.7657836720369053,67
29,20,0,7.270604678139888,0.7783077323362919,80
29,21,0,5.944279835076547,0.6728686060485664,62
29,22,0,7.656552696832254,0.8170021654198071,88
29,23,0,25.89733022174275,353.8053490583318,80
29,24,0,7.609864679598728,0.8891113516789944,80
29,25,0,7.657246557359085,0.7530529370196319,87
29,26,0,7.246632984622592,0.7069538977941271,82
29,27,0,8.112604892659791,1.054080434220325,78
29,28,0,8.191001579635266,0.8969793894762015,88
29,29,0,6.415760552266802,0.7516839986419919,68
