# mesh name: boxMesh_1
# primitive scorer name: doseScorer
# iX, iY, iZ, total(value) [MeV], total(val^2), entry
0,0,0,3.702345291704082,0.932473112022623,16
0,1,0,4.480183867584993,1.070871684457959,21
0,2,0,5.076212858806993,0.9917315501992263,29
0,3,0,4.044268047118787,0.7135732272006799,25
0,4,0,8.678179916118975,1.54452718383864,54
0,5,0,7.167058214943395,1.260845546833284,46
0,6,0,3.77753475105353,0.5966320237331986,28
0,7,0,6.143688978268942,0.9432777378092096,45
0,8,0,5.805707827908552,1.0284031189501,41
0,9,0,7.655866080731659,1.158779045827743,57
0,10,0,6.457311502651985,0.9110884910702316,52
0,11,0,4.194448591707895,0.4879848269616294,38
0,12,0,4.227921601837486,0.483813597006914,39
0,13,0,5.614085374283418,0.7373503918637591,47
0,14,0,4.423290715922027,0.5465618982611825,39
0,15,0,5.023272762746378,0.5814741678859325,47
0,16,0,6.666374454125766,0.9181371236084498,59
0,17,0,7.609585410914766,0.9589502830201782,69
0,18,0,4.335463241698762,0.4120766596375254,48
0,19,0,6.36314295313664,0.7939023649542334,62
0,20,0,8.354083803176085,1.178022608914033,72
0,21,0,5.009338555618743,0.5257994851704759,53
0,22,0,6.241533801557192,0.7411395239151544,61
0,23,0,6.602797852264623,0.6930710951528102,72
0,24,0,5.693796612533006,0.6582282081948592,60
0,25,0,5.787758770889013,0.5592856572943348,67
0,26,0,5.632902121007382,0.5485647601249019,65
0,27,0,6.030180075144907,0.58066997272634,68
0,28,0,4.480315643119789,0.5310122438244623,47
0,29,0,5.533453866253254,0.5890239068857092,60
1,0,0,4.763484545712572,1.110956479407207,24
1,1,0,4.582081793184496,0.9753296832459094,23
1,2,0,5.594585866433764,1.196666218418367,30
1,3,0,5.238712897170364,1.071043130588035,30
1,4,0,7.034626968472793,1.459686845293905,38
1,5,0,6.297165630583729,1.122073350936842,40
1,6,0,7.055614797928099,1.126830166470661,49
1,7,0,6.315983166022078,0.9563898514881291,44
1,8,0,7.863780299074428,1.234504099499532,56
1,9,0,5.944853415352298,0.8757286444815564,46
1,10,0,6.767511575584646,1.027145365488227,53
1,11,0,7.219090182708179,0.9074539570125008,61
1,12,0,6.461934090450575,0.9234779203173685,53
1,13,0,5.684772917803802,0.776407909795686,51
1,14,0,8.619313019587381,1.122077034487746,76
1,15,0,5.730498098515507,0.7248195353683934,53
1,16,0,6.068639108601377,0.7072671244870024,57
1,17,0,7.250080451340273,0.9466248952161667,65
1,18,0,6.985208002758329,0.9124991749721049,65
1,19,0,9.656167969743795,1.227421820709075,91
1,20,0,6.356099264855898,0.7972200283966677,61
1,21,0,6.476228541750509,0.6368332964493555,71
1,22,0,6.519450090762033,0.776793427108827,65
1,23,0,8.632674161387898,0.9441058321047534,90
1,24,0,7.367923438954094,0.7947249218824344,79
1,25,0,7.417813962915915,0.760114148965637,81
1,26,0,6.514694367791177,0.8214365277508117,67
1,27,0,10.36821463043602,1.229691101860806,106
1,28,0,7.874160876241923,0.8747393080046854,86
1,29,0,9.056903505198211,1.25505796409121,92
2,0,0,5.152402913733276,1.305612341510148,24
2,1,0,6.883902660288625,1.514712268074059,34
2,2,0,7.415736828810381,1.500861309970258,40
2,3,0,6.758502246367958,1.380013851051117,38
2,4,0,6.978391408687196,1.143006060798837,46
2,5,0,6.517356075195981,1.044219623170687,45
2,6,0,8.237158971113827,1.332771028805789,60
2,7,0,6.887720910061271,1.165738723858823,50
2,8,0,8.880765963027446,1.376965148730667,63
2,9,0,6.927949616275816,0.9812630648519165,53
2,10,0,6.895264000186618,0.9521253018790897,53
2,11,0,6.783437547713628,0.9047575502841155,57
2,12,0,9.110863174643425,1.542429458466749,68
2,13,0,7.789200017079939,1.01923961048939,66
2,14,0,7.421136125311814,0.9886431463738747,65
2,15,0,8.391291288083805,1.334319139877657,65
2,16,0,6.260306468864817,0.8240739578689651,58
2,17,0,7.353072322532309,0.8338936709101923,71
2,18,0,7.152927533162377,0.8653141107296533,69
2,19,0,7.922973347781352,0.9729931489795978,75
2,20,0,7.251552771013627,0.7866497831388867,74
2,21,0,7.510208811984882,0.8181852404370791,77
2,22,0,8.113505269327971,1.108028686464024,77
2,23,0,8.358361244167822,0.8225026209144976,91
2,24,0,8.237905625361428,0.9742728839783176,86
2,25,0,9.07030615342787,0.9631267303474217,99
2,26,0,9.348035544988248,8.36056094761066,77
2,27,0,8.878020060582017,0.8679158540003127,99
2,28,0,8.629865964090065,1.038903922690189,88
2,29,0,9.615390023951287,0.9878444784726773,110
3,0,0,5.890306700070845,1.397191850052827,26
3,1,0,7.93280230435278,1.932840179039371,36
3,2,0,9.257576980164043,1.890452610977245,50
3,3,0,8.490825321673588,1.726222632067828,48
3,4,0,7.866701568050218,1.351755670465811,50
3,5,0,7.930660186972397,1.270545128102778,53
3,6,0,6.098763740999848,1.052759947519118,39
3,7,0,7.781796566310018,1.279178052689952,52
3,8,0,9.821455127899279,1.437464058533038,73
3,9,0,7.486851513609698,1.124380224598984,56
3,10,0,10.17199933349727,1.549208990972269,76
3,11,0,8.975041090912185,1.167395216048416,73
3,12,0,8.120421375625954,1.066944300830503,68
3,13,0,9.81487407091767,1.620146675643683,73
3,14,0,7.949286621743402,1.143002981423553,65
3,15,0,7.13228167838646,0.9439800502937026,62
3,16,0,7.96782945205438,0.8933473480026701,77
3,17,0,9.771461744618396,1.30690142444206,88
3,18,0,7.429969710997647,1.031172571720143,67
3,19,0,9.2096262598306,1.065116418936653,90
3,20,0,8.65540095907933,0.9447531967742593,86
3,21,0,8.846661430846074,1.04163708893612,88
3,22,0,10.51803987399226,1.472044195528085,98
3,23,0,9.685484674093191,1.274382868700034,94
3,24,0,6.669536903608682,0.6257327049513508,76
3,25,0,8.549898907397427,0.8793214882544598,94
3,26,0,11.09963182468038,1.117424575589663,126
3,27,0,8.283391489591013,0.8292897271919348,93
3,28,0,8.469614556136177,0.7924353948557805,101
3,29,0,8.69855570938104,0.9231496656426398,96
4,0,0,6.475148535657832,1.516506041802935,29
4,1,0,8.302110119946262,1.675155890474084,44
4,2,0,6.117992943011078,1.092009640227327,38
4,3,0,10.5340158924303,2.13522401022125,59
4,4,0,8.853870225153882,1.922109206302457,52
4,5,0,7.655661104719919,1.385384245736747,46
4,6,0,7.717232822479996,1.298314621823071,52
4,7,0,9.393059193128202,1.600983726259149,62
4,8,0,8.59985963374503,1.373535747929697,62
4,9,0,8.964781374244202,1.402702169930023,64
4,10,0,7.483302811394491,1.00801245605268,61
4,11,0,8.144883197030415,1.06772238530251,71
4,12,0,10.09186355132102,1.339363469127485,86
4,13,0,9.364248328043209,1.372517276120809,73
4,14,0,9.581818452301857,1.198655701868077,87
4,15,0,7.687393389268133,1.134062717219513,62
4,16,0,8.908192811854709,1.429304232594597,76
4,17,0,9.120859712397271,1.182955426795567,80
4,18,0,11.41302605363902,4.611718486851294,90
4,19,0,9.034634701504554,1.133659159732298,86
4,20,0,10.65708043621971,1.251926873294825,108
4,21,0,10.1304387163758,1.244527367814307,97
4,22,0,9.74530887810957,1.038559647645682,101
4,23,0,10.39503409449163,1.206662495879836,104
4,24,0,8.032821717315354,0.8863629407442177,85
4,25,0,9.213537864836638,0.9798206945199954,101
4,26,0,9.741827149670288,0.9861569936307619,110
4,27,0,9.345384729142513,0.9487352835750772,107
4,28,0,10.41434775175694,1.217974839109502,106
4,29,0,9.060977180866443,0.9440628649248103,103
5,0,0,7.735784402783458,1.877054401877988,34
5,1,0,7.754227153497231,1.625130524555971,40
5,2,0,8.385019003635604,1.780936117957827,44
5,3,0,8.142798968473818,1.623740903602361,46
5,4,0,12.38772084024069,2.29215065734529,76
5,5,0,9.494140217296412,1.493025095624638,63
5,6,0,10.25483121428822,1.798089346348656,68
5,7,0,8.563815681338003,1.294758129536806,61
5,8,0,10.24625457615015,1.608813817496361,74
5,9,0,9.446091147185559,1.427355619540359,70
5,10,0,9.100481422550629,1.372519796005843,73
5,11,0,8.523790774369292,1.106468049347887,71
5,12,0,8.946331156057193,1.363553644976828,71
5,13,0,7.234507456651965,0.9471453050768351,65
5,14,0,9.927791493138665,1.565564942461096,83
5,15,0,9.910531680640677,1.270948143739292,90
5,16,0,8.569078783407081,1.100999146287114,76
5,17,0,7.316833542445555,0.880160135224903,69
5,18,0,9.04186123658155,0.9654805122171091,93
5,19,0,11.90107291290269,2.80956190125565,104
5,20,0,10.96478832173239,1.418541957978438,106
5,21,0,8.970726985127207,1.097684650767306,85
5,22,0,9.965212258027542,1.065674649344378,108
5,23,0,11.94397034733058,1.301181137402095,128
5,24,0,7.767206659878114,0.7092646759364858,89
5,25,0,11.94069262843288,1.309383921480026,124
5,26,0,9.531057287025442,0.9884395162257984,105
5,27,0,9.705104187923689,1.065220620067286,104
5,28,0,8.501273940060704,0.9249099125387337,93
5,29,0,8.013984125731699,0.8761101508375163,88
6,0,0,3.869751811712987,0.9331372309424386,18
6,1,0,8.000415063209688,1.670838859582479,42
6,2,0,10.81864512110591,2.100444801590016,60
6,3,0,11.80908389813098,2.439364960040033,64
6,4,0,9.460903733561111,6.108555517208829,45
6,5,0,11.71168692651776,2.062008003509045,74
6,6,0,9.356495924926232,1.795448473444975,56
6,7,0,9.641948284601495,1.609803694030685,68
6,8,0,11.93409089669975,1.943872505637114,82
6,9,0,12.9592763983943,2.018737736128524,96
6,10,0,11.86570743584307,1.778111777609181,90
6,11,0,12.28973052464455,2.089491965558977,91
6,12,0,10.02455139129543,1.227657073919812,88
6,13,0,8.943238235400587,1.13229183212811,80
6,14,0,9.554718304969727,1.373308456889724,78
6,15,0,9.535649413089928,1.301810383315291,83
6,16,0,10.48632486536094,1.27915944494245,96
6,17,0,10.56081802086813,1.224358915011931,101
6,18,0,8.655815350113116,0.9865867961056348,86
6,19,0,10.89876235309125,1.420494703211269,100
6,20,0,11.1562224446677,1.253100466080657,113
6,21,0,9.479907707979747,1.068925529213434,97
6,22,0,10.27161311899419,1.15806771664519,103
6,23,0,10.74769256968442,1.186295195775055,111
6,24,0,10.77457581580871,1.309586553383271,104
6,25,0,10.38761638756239,1.313178067164981,103
6,26,0,10.63485435410687,1.43506024340921,103
6,27,0,9.24979336759613,0.8510663952404878,106
6,28,0,10.69532574385778,1.325141138545574,110
6,29,0,7.871498188066665,0.7415793167064506,92
7,0,0,7.095093420200355,1.814421624679064,30
7,1,0,7.108971724630949,1.537179492776857,37
7,2,0,6.855593607979928,1.260695098953952,42
7,3,0,6.924080249369399,1.23262899433856,41
7,4,0,12.06502472348325,2.390628169475285,72
7,5,0,13.16467156948281,4.573384616558505,74
7,6,0,9.138063465766303,1.462049387510992,63
7,7,0,12.562447116578,2.1241864880054,82
7,8,0,9.360248244095009,1.367942567859182,71
7,9,0,8.727906828785093,1.237993162104797,68
7,10,0,10.08622147874024,1.408336224706833,81
7,11,0,9.742001916425655,1.369303593675985,77
7,12,0,10.40279680945196,1.552299123230688,81
7,13,0,10.57782142644853,1.320235450212684,91
7,14,0,11.16690740482097,1.600650368046404,90
7,15,0,9.186353582032428,1.192168603305461,81
7,16,0,9.259594157124244,1.179794205732756,82
7,17,0,11.63251878038866,1.393791168445216,111
7,18,0,9.37038135663521,1.215819368854635,86
7,19,0,8.16593511584826,0.9474921872602756,78
7,20,0,8.809718248782481,1.051322037785158,85
7,21,0,9.191275692677598,1.005850452086829,95
7,22,0,9.808213075438625,1.067362258889232,100
7,23,0,10.05599420547636,1.221967892392927,105
7,24,0,9.67846173739524,1.058778754232857,104
7,25,0,9.482877807300204,1.077530012606806,101
7,26,0,9.926731017815371,1.057999123491877,108
7,27,0,9.482145850124652,1.043253706507847,102
7,28,0,9.099530719579326,0.9521144224265949,103
7,29,0,9.866135787546202,1.116145307548097,111
8,0,0,25.6141077334046,345.3237726232664,33
8,1,0,9.674218536647471,2.055848945667948,51
8,2,0,9.548188491567455,2.004661618568168,52
8,3,0,10.41303120981811,1.758221970261196,65
8,4,0,10.38464346352228,1.868680803866658,65
8,5,0,8.761310405967032,1.430850004602263,57
8,6,0,8.80614181733295,1.423370570078621,61
8,7,0,9.146045437349134,1.356409355323392,66
8,8,0,11.68753518972707,1.680142105785922,89
8,9,0,11.86453686227598,1.758619307857219,89
8,10,0,11.43660021307968,1.717973661057447,87
8,11,0,9.250779570601752,1.268760783223874,78
8,12,0,9.493241612024176,1.360917936373378,85
8,13,0,9.402912876911859,1.197676828188637,83
8,14,0,11.4178438022897,1.31092081845083,105
8,15,0,10.06994129372168,1.382579595426469,85
8,16,0,10.64743777803488,1.327819043831398,95
8,17,0,12.94684954961102,1.710962405366824,114
8,18,0,12.17868362234903,1.554709633502785,111
8,19,0,9.118285741262389,0.977994169065838,92
8,20,0,9.422800581947044,1.126027708890298,91
8,21,0,9.128622430776826,0.9461817549682544,98
8,22,0,10.45910937824602,1.165055381797827,106
8,23,0,8.271928604503877,0.8654768860956754,89
8,24,0,9.415620010970551,1.284723970873929,91
8,25,0,12.26239067775236,1.451093981528396,128
8,26,0,9.84973274538115,1.15814269491309,102
8,27,0,8.083266602254435,0.7203637343258084,98
8,28,0,8.15546587871043,0.7615199085230407,94
8,29,0,9.793952014208079,1.070046360928112,109
9,0,0,7.815211083416181,1.734642056516373,40
9,1,0,7.623976278982944,1.684027978625785,39
9,2,0,10.3986949061399,1.947946828981501,60
9,3,0,9.682932627092345,1.82021656423908,58
9,4,0,11.97231471165814,2.012576493690629,77
9,5,0,11.54480684985681,1.997524509567761,74
9,6,0,8.484082775885987,1.337709019244064,59
9,7,0,12.74667169658918,2.205578554348401,85
9,8,0,11.20713699338044,1.718109335953599,84
9,9,0,11.72876463560306,1.812240172248237,85
9,10,0,14.18612869685619,2.191214033158797,104
9,11,0,12.10338626990623,1.635225223043183,99
9,12,0,10.70850476351309,1.501837181642788,86
9,13,0,15.03676206468361,2.139991421110085,120
9,14,0,10.34105701088256,1.307062855117716,94
9,15,0,10.06666744801568,1.212573774513562,91
9,16,0,10.7173066323233,1.364789894446311,96
9,17,0,9.379883900655832,1.178639375851207,85
9,18,0,9.197710741022551,0.9570480631256389,94
9,19,0,11.02203256591549,1.349523570868143,104
9,20,0,11.38006627604692,2.516344901860092,109
9,21,0,10.12536244727701,1.128816170123621,100
9,22,0,9.189313232171507,0.949374655237501,96
9,23,0,8.966463629688125,1.035669204389179,93
9,24,0,9.213282517766709,0.9269482557613193,103
9,25,0,10.84327305093608,1.132342165801814,118
9,26,0,11.4993455317182,1.321023644499561,122
9,27,0,9.176075294386946,0.9879524813604742,104
9,28,0,10.5294670830276,1.199731466373118,113
9,29,0,8.213970711391367,0.8667402893958744,87
10,0,0,6.427995407308066,1.619077606504425,27
10,1,0,7.447585134624926,1.582422683299704,41
10,2,0,10.80193400454684,2.240369335330037,60
10,3,0,11.77244807481582,2.098213969816472,71
10,4,0,11.11406002981898,2.003915595978381,68
10,5,0,11.05997411386543,1.839725003935111,71
10,6,0,8.57849963198645,1.440118230423376,61
10,7,0,8.863541967854408,1.341376431581129,65
10,8,0,13.66551391179914,2.266705912378615,93
10,9,0,11.61762235850946,1.841846347140319,84
10,10,0,11.01515669275916,1.658744333887096,84
10,11,0,12.20910597091667,1.738028861304286,97
10,12,0,11.36270370435461,1.512732836204745,97
10,13,0,10.69760229005166,1.508268493147205,89
10,14,0,8.691471576199671,1.195859184504874,72
10,15,0,10.21195701152287,1.336909050842746,88
10,16,0,9.622940185734537,1.171784231558003,88
10,17,0,9.807401629977775,1.391943281480746,84
10,18,0,9.159654849564483,1.217646231094427,83
10,19,0,10.05826047418939,1.036240669537133,104
10,20,0,11.16622005084892,1.379411631094606,107
10,21,0,10.24258597487983,1.29816837958133,97
10,22,0,9.71667445795892,1.060450268357286,100
10,23,0,10.0895720073331,1.03127462132347,108
10,24,0,10.0452111248164,1.034279808844005,110
10,25,0,9.521174917908104,1.126495754083601,100
10,26,0,10.4696314003782,1.008383698671319,119
10,27,0,8.650726737008155,0.8711081092152536,96
10,28,0,9.604871166166351,1.038351094382551,104
10,29,0,8.583964345968385,0.9272799517372921,94
11,0,0,11.18540979190645,2.596753172946122,51
11,1,0,7.468241703940751,1.578272908460382,38
11,2,0,10.78403004936298,2.314781024172144,56
11,3,0,11.5186578036037,2.135169909715627,67
11,4,0,14.15321420189624,2.677122260162073,80
11,5,0,12.15862531743195,2.248888420241324,76
11,6,0,12.75222734794047,2.137407449445958,83
11,7,0,9.671870104757392,1.473423283148583,69
11,8,0,13.70143871558422,2.314668225318067,95
11,9,0,11.65263183850895,1.705789010374234,89
11,10,0,9.171312006978898,1.220687238022915,76
11,11,0,10.67812585614494,1.664363293739971,82
11,12,0,11.65299109595195,1.469703945022683,103
11,13,0,10.39412386422548,1.560062411657218,84
11,14,0,9.087161486527796,1.259499921704304,77
11,15,0,9.692587562921242,1.181672835447709,88
11,16,0,11.25898561387763,1.530535678481867,101
11,17,0,11.45373728640867,1.351275823257809,111
11,18,0,10.68235599304749,1.389853641344801,100
11,19,0,9.855013506944324,1.07561611091686,98
11,20,0,9.56987382178043,0.9773184610627631,101
11,21,0,10.40688941683593,1.22945753757951,103
11,22,0,15.8939248552737,24.39901728170033,112
11,23,0,9.656471429205238,1.373681164851638,96
11,24,0,10.05550463171176,0.9945242723577226,111
11,25,0,10.85376965578181,1.129048627228753,118
11,26,0,10.09686145917022,1.095949447870213,111
11,27,0,9.2450916399413,1.054464376482054,100
11,28,0,9.80046434164456,1.250527147654685,103
11,29,0,10.12032230253318,1.18734852843604,106
12,0,0,7.384468212331343,1.666921042727569,36
12,1,0,8.396857700452449,1.736221893070864,44
12,2,0,12.54146668188589,2.498827172494667,69
12,3,0,7.248247307832355,1.298399208544096,43
12,4,0,12.25780966929687,2.328550545211464,69
12,5,0,11.43142519983318,1.828695827537401,78
12,6,0,11.87063985886964,2.003250816580337,79
12,7,0,10.73572846581642,1.730701439338717,76
12,8,0,12.71346981044941,2.068627906634819,90
12,9,0,12.45688699676104,2.108328982414411,86
12,10,0,11.21506826060079,1.545090602510192,91
12,11,0,10.27987527741447,1.538802269085974,81
12,12,0,10.6179894288247,1.331972724594606,95
12,13,0,8.683701418488447,1.111963030858054,75
12,14,0,10.75102309761995,1.621123281776785,88
12,15,0,10.00097361104495,1.418956684372447,84
12,16,0,8.784725624690566,0.9735717359198274,88
12,17,0,9.774469659868805,1.086646357058507,100
12,18,0,11.19576919205082,1.315717535486547,107
12,19,0,10.62272991387852,1.309959047121983,100
12,20,0,8.013833874316269,0.9708577096757504,77
12,21,0,8.765075862762007,1.063125450390712,85
12,22,0,9.955201067221306,1.128886335704321,100
12,23,0,9.958568488219298,1.086360902378486,104
12,24,0,11.11907393308893,1.207865166599227,118
12,25,0,8.942467465006485,1.006377192565067,92
12,26,0,8.777894288537881,0.900943541389758,96
12,27,0,9.230828194109396,0.912324084964495,103
12,28,0,9.395734017247774,0.9279440790765293,107
12,29,0,10.18960045748858,1.07505007889211,115
13,0,0,5.055594353839991,1.173289291145596,24
13,1,0,8.039627024937372,1.726420869155243,41
13,2,0,9.572478569499015,1.801581543492026,55
13,3,0,10.59716994125685,2.101362320320794,61
13,4,0,12.33471556142059,2.182000075879113,76
13,5,0,9.823636080631122,1.856774137392776,58
13,6,0,11.94449117883796,1.866616891392013,84
13,7,0,9.913153564855049,1.689731165281765,65
13,8,0,10.61534358171901,1.626806432081241,77
13,9,0,11.82893934484933,1.67610775687523,91
13,10,0,10.60628699850244,1.387630798149229,88
13,11,0,11.9027241394345,1.601440046608092,99
13,12,0,10.51495944285072,1.357171588767629,89
13,13,0,10.87777162146674,1.641516813797434,91
13,14,0,11.33671184648745,1.527736387630602,98
13,15,0,10.49261975569747,1.508399873370217,89
13,16,0,9.2490707048898,1.229367989947759,81
13,17,0,8.557801858940444,1.054778730335345,80
13,18,0,8.793434802412323,1.096214566738226,84
13,19,0,12.01751645045821,1.490760044069938,115
13,20,0,8.795163032219474,0.9860107945804358,92
13,21,0,15.34692647017382,17.07541525368155,106
13,22,0,10.05118548929972,1.033065898789689,106
13,23,0,9.766520720039781,1.140871446188743,102
13,24,0,9.346401998325325,1.084470796583089,98
13,25,0,10.78521430993321,1.335446718152376,111
13,26,0,9.398273605513854,1.104250870603156,98
13,27,0,10.40430528439022,1.182747299670783,109
13,28,0,8.220139447370839,0.8555195618583828,90
13,29,0,10.02419415450115,1.161312502083613,104
14,0,0,6.131736796333156,1.499362308934064,30
14,1,0,7.501944730910713,1.421160586478973,43
14,2,0,12.31052499893094,2.357686626245363,71
14,3,0,9.759482611587636,1.936468692326539,53
14,4,0,39.20570950076803,880.0882818272664,59
14,5,0,8.682765943615454,1.475876263902327,57
14,6,0,10.48609933020988,1.653863863526689,72
14,7,0,11.17940623977316,1.650436385770492,82
14,8,0,11.67165892273161,1.958569623695805,81
14,9,0,12.55440676121178,1.797895430037609,96
14,10,0,10.55905674471047,1.470502469470343,85
14,11,0,12.46624337057155,1.819872380626073,95
14,12,0,11.21680030452859,1.469390591220302,95
14,13,0,10.35460584855177,1.43666491513222,87
14,14,0,8.996776473318354,1.101171820008371,82
14,15,0,10.36974623441078,1.291703603188961,94
14,16,0,11.65539776298314,1.53272077900439,102
14,17,0,10.09174757375252,1.324043143493704,94
14,18,0,9.883365523297945,1.394431388424284,88
14,19,0,11.93364619657734,1.357178873550027,116
14,20,0,11.24084805866862,1.277380296171077,112
14,21,0,10.58046442729186,1.208533654502306,106
14,22,0,9.926064172307925,1.019309785153468,104
14,23,0,9.202433806124541,1.00862021525545,98
14,24,0,7.986476179361897,0.8173944950613516,89
14,25,0,7.786546360254992,0.86479555139335,82
14,26,0,9.422661158319604,1.00110941950765,103
14,27,0,7.653628949035519,0.7618141352502,85
14,28,0,9.152416681675952,1.059398664972558,99
14,29,0,9.174470051271312,0.9552131199717525,103
15,0,0,7.287490641757199,1.782435069459436,34
15,1,0,7.170104211731863,1.69539193507334,35
15,2,0,9.113756642519574,1.799260412944954,51
15,3,0,9.830187347947129,1.789086049567374,59
15,4,0,14.84680899535064,11.83681228150337,73
15,5,0,10.60317422202855,1.722849426439272,70
15,6,0,10.28512415048989,1.669222380336836,72
15,7,0,14.11588786547504,2.295658714110897,96
15,8,0,10.42772875983018,1.587282192944161,78
15,9,0,11.00381017198695,1.779414321665211,80
15,10,0,10.78712677209116,1.707093538401143,79
15,11,0,10.38731099106084,1.432817897057483,82
15,12,0,10.59691909253936,1.404391258730113,89
15,13,0,10.57312393962936,1.571134633412239,83
15,14,0,9.979570116133781,1.263818511371446,88
15,15,0,8.338732901794458,0.9299073894312559,79
15,16,0,10.2402663853961,1.362728633784191,91
15,17,0,9.206717925258154,1.12914310449786,85
15,18,0,9.971903384508561,1.29585903609543,90
15,19,0,10.71752626805753,1.478663687913027,97
15,20,0,9.555824480970045,1.094892733215554,97
15,21,0,8.460868646979389,0.929311245357903,88
15,22,0,10.54076584632068,1.165486730098597,109
15,23,0,12.35999159050166,1.476358695411932,125
15,24,0,9.258634558837999,1.022468708349417,99
15,25,0,8.057101839617207,0.829808672653543,88
15,26,0,9.271613763503566,0.8894457787569408,106
15,27,0,9.941169643683955,0.9373457429111002,114
15,28,0,10.11935091565166,1.172794907333247,109
15,29,0,9.152436079150732,0.9727155202529886,104
16,0,0,6.751284459363641,1.671025146785704,31
16,1,0,11.04593030103825,2.240773879220618,57
16,2,0,9.415584403371655,1.842751184335368,53
16,3,0,12.71713878967629,2.484848313606207,73
16,4,0,8.015565919491054,1.303115933511147,53
16,5,0,10.28635383570453,1.966127109978547,63
16,6,0,12.68819878460026,2.180185536977032,83
16,7,0,10.9035864089213,1.692680370857996,75
16,8,0,10.29026426775756,1.55452684266719,75
16,9,0,11.11982547860667,1.846771579010425,79
16,10,0,11.37955188463832,1.490169384661153,96
16,11,0,12.1129794608742,1.827682362915536,96
16,12,0,10.55592165503308,2.570466830810187,80
16,13,0,9.821427257046565,1.332872611198224,84
16,14,0,11.78594457945312,1.634809942490713,101
16,15,0,9.720185374132697,1.338318453750787,85
16,16,0,10.51437844866506,1.311081939475043,95
16,17,0,8.793002436555287,1.143339220415945,82
16,18,0,11.30040454530466,1.250064609997036,112
16,19,0,9.210511379060872,1.21083263207664,87
16,20,0,9.655718859009427,1.144936626041528,98
16,21,0,9.16749242117973,1.257767807859592,89
16,22,0,11.07348004797076,1.393727563254987,111
16,23,0,11.41250823209434,1.169306917403744,124
16,24,0,9.713725192617106,1.013094242249247,104
16,25,0,8.482589781095903,1.015275652816466,89
16,26,0,10.16310337273138,1.056447724826062,111
16,27,0,8.963523335956431,0.8384738304727328,103
16,28,0,11.91814101987858,1.561463755172598,122
16,29,0,10.72799790253468,1.317352802769359,110
17,0,0,8.272649654946315,1.863684746319921,42
17,1,0,8.720515184371992,1.914074828367879,44
17,2,0,7.755896441584863,1.626721788945256,39
17,3,0,9.663862457771954,1.814824913470243,59
17,4,0,11.55228271970836,2.163744316669424,69
17,5,0,11.25143407520811,1.981339779302264,70
17,6,0,12.02957158555944,1.872153089539745,85
17,7,0,10.74924946998244,1.599675090309342,79
17,8,0,11.4421543469862,1.749352070982628,86
17,9,0,8.974274988619422,1.232718072119457,71
17,10,0,8.999576383538411,1.364549926986557,70
17,11,0,9.2186684696758,1.222508756939524,79
17,12,0,13.49288878532801,2.077509912978535,104
17,13,0,10.06376495308847,1.447532325766169,84
17,14,0,11.13589089530575,1.601650736898438,90
17,15,0,9.823981239252124,1.217772313495292,88
17,16,0,11.68391876734916,1.462427137270849,108
17,17,0,12.01441293467543,1.592902894725312,104
17,18,0,9.067845302133048,0.9956844769767282,90
17,19,0,10.91117628020931,1.392625586969523,102
17,20,0,10.65953306112723,1.380229262987995,101
17,21,0,11.34730087160148,1.42104699340106,108
17,22,0,12.00379543137494,1.469116897544575,118
17,23,0,9.426662364480295,1.042479204334744,100
17,24,0,7.748930915535706,1.115708580141625,77
17,25,0,10.1866990033754,1.179538532337821,103
17,26,0,8.914121439984381,0.7820162281728565,106
17,27,0,9.245171647895109,0.8549891051227267,109
17,28,0,9.186539771442183,0.9032546794486714,103
17,29,0,11.19103393912627,1.284905221386282,120
18,0,0,9.40552458678558,2.439580475400379,39
18,1,0,10.0718785839429,2.16688595659111,50
18,2,0,9.58567891475143,2.030107546965799,50
18,3,0,9.862663962393436,1.819507308561998,59
18,4,0,11.0546873984472,1.885160514156382,70
18,5,0,11.37622560033654,1.792308691775036,78
18,6,0,9.217327150261305,1.539583264614915,62
18,7,0,10.23919534670575,1.66850930137349,70
18,8,0,7.856379551413598,1.03451668794004,63
18,9,0,9.369861432451071,1.295003000221904,73
18,10,0,10.55187805119017,1.489965183371802,81
18,11,0,11.0940003989179,1.596224670194078,88
18,12,0,10.4631038507336,1.306643052022371,90
18,13,0,9.431754580449194,1.161887752839016,82
18,14,0,11.00526406547095,1.498281013969074,93
18,15,0,10.58935371152324,1.299012901074085,96
18,16,0,10.16503376831649,1.203040604575645,94
18,17,0,11.04413613142217,1.336679554186115,107
18,18,0,9.330638592478513,1.066768079039663,92
18,19,0,10.75833539124284,1.165513562964818,109
18,20,0,10.20174453170823,1.324640886889377,96
18,21,0,10.18584925507538,1.09361806645269,107
18,22,0,11.76241221263715,1.614442181395197,110
18,23,0,10.70438173737489,1.183451044014675,112
18,24,0,11.06591608196856,1.270470324747353,117
18,25,0,9.942272026381826,1.301666885873855,100
18,26,0,9.022900110216709,0.9695447565282285,96
18,27,0,9.544200856024718,1.019164388822803,105
18,28,0,8.75256243467642,0.8087786625663386,103
18,29,0,9.120271164418297,1.049989332316971,98
19,0,0,7.546156620389786,1.645482803931135,37
19,1,0,8.247211098714567,1.740815335814621,41
19,2,0,8.715899688297435,1.923439014340207,42
19,3,0,10.41267228044692,1.97082895734909,59
19,4,0,12.00382202123218,2.148132881082114,75
19,5,0,10.78695624695502,1.769022849534028,70
19,6,0,10.93001416277738,1.805553688200644,71
19,7,0,11.08656458542687,1.627833339064675,82
19,8,0,10.93585230058133,1.684848728261214,83
19,9,0,10.78864826262526,1.640616800540275,80
19,10,0,9.531128624502179,1.379442609950436,79
19,11,0,9.545832559043449,1.349609371776127,78
19,12,0,13.18167556574035,1.79816864293069,110
19,13,0,9.369093367695173,1.242006241153967,79
19,14,0,9.901087032115212,1.517551159742954,83
19,15,0,9.375045300699917,1.169014983873926,86
19,16,0,10.47586938747845,1.249026261564681,98
19,17,0,12.53107681791132,1.830158730510606,108
19,18,0,11.66296439084087,1.484739777940264,106
19,19,0,9.293623765565266,1.148860828529674,91
19,20,0,10.1675545131252,1.202240937343031,102
19,21,0,10.23470914107378,1.282512659097035,99
19,22,0,11.92833013073899,1.338091321392557,121
19,23,0,10.0400900401776,1.268961519259762,98
19,24,0,9.708217943099793,1.038616964218533,107
19,25,0,10.50720122267788,1.214923670499008,107
19,26,0,9.411473510832844,1.041226451713472,100
19,27,0,9.836013668236072,1.089474146407854,107
19,28,0,10.93923659845739,1.042658250673141,126
19,29,0,10.58468693689186,1.182686730569913,113
20,0,0,7.212599534557201,1.685357439413337,33
20,1,0,8.806484958487145,1.828752328676433,46
20,2,0,9.266244415125486,1.811885691772749,51
20,3,0,10.38094732455832,1.859488274832114,63
20,4,0,9.550605299069273,1.69690162544939,59
20,5,0,8.737614800410554,1.553701743580236,56
20,6,0,10.0547991821419,1.703877346255014,65
20,7,0,9.861603352398836,1.706500383790414,68
20,8,0,9.307233883998114,1.392363230791698,67
20,9,0,12.17559583423269,1.617555717006055,97
20,10,0,10.64784030832344,1.562146120207032,84
20,11,0,10.55863218409601,1.455468951236867,90
20,12,0,9.630252314569711,1.279098793783623,81
20,13,0,8.764352881355839,1.147889040121569,75
20,14,0,10.71634391798469,1.2955951025369,97
20,15,0,9.891996211213819,1.20260609319663,88
20,16,0,9.679625538019783,1.115640252618928,93
20,17,0,9.89611870010315,1.149729022212519,93
20,18,0,10.38237101430778,1.198374481018766,100
20,19,0,8.933082418817019,1.609845553336555,77
20,20,0,9.984252904624778,1.233414131348257,100
20,21,0,9.851454880790767,1.03574411979006,103
20,22,0,11.00712709838525,1.236524095805127,113
20,23,0,9.887869186036216,1.257397986464074,96
20,24,0,10.39310549948112,1.263357547446392,108
20,25,0,9.897476986951476,1.142964563713588,104
20,26,0,7.933656971076021,0.8119382574435353,88
20,27,0,9.276049970987479,0.9768124915073125,100
20,28,0,8.901880947313526,0.8983330244333686,101
20,29,0,11.42612646521343,1.537969723545812,111
21,0,0,6.339034996394106,1.580564688551763,29
21,1,0,11.315310752849,2.618610572694933,52
21,2,0,8.148627556178376,1.529372427563663,49
21,3,0,9.792792000880087,1.82983103009648,57
21,4,0,9.075994713598455,1.679099705593054,57
21,5,0,12.4671039934936,2.200630907189979,81
21,6,0,10.82041662202167,1.738693198405108,74
21,7,0,9.247602484899625,1.544969123566297,61
21,8,0,11.90901470590657,1.883432050434641,85
21,9,0,10.67152095214911,1.472670883114661,84
21,10,0,11.32654072007757,1.671297973426539,85
21,11,0,10.09566949448601,1.460355825747595,79
21,12,0,7.764781269822413,1.008119452595299,67
21,13,0,9.15477978325605,1.163562618744983,80
21,14,0,9.882559160170411,1.347762114123691,83
21,15,0,10.33652665199163,1.492387371934172,86
21,16,0,9.93627362528186,1.221529161514436,92
21,17,0,12.21701242267483,1.635023444469454,106
21,18,0,10.85007821813184,1.369732478192109,101
21,19,0,9.647115128708446,1.068958135993912,98
21,20,0,10.59625889571861,1.098912023108211,110
21,21,0,11.19041697526702,1.216818810633141,113
21,22,0,11.04534816442323,6.237153644215712,94
21,23,0,21.32860171447147,110.2764451899719,105
21,24,0,7.827006174525368,0.7624463348491517,86
21,25,0,8.30666103144609,0.9398838092616328,88
21,26,0,10.79474866279047,1.212770694403329,114
21,27,0,9.650830963818384,1.154131234100861,103
21,28,0,11.48575979230984,1.537479091189265,118
21,29,0,7.425639058153441,0.7935054842062181,82
22,0,0,7.538530316883174,1.828596463542993,35
22,1,0,8.764930069524031,1.847806799740882,47
22,2,0,8.967823084684087,1.680141434630676,54
22,3,0,9.086339648830849,1.855943306161438,54
22,4,0,9.871132149681205,1.795010402035662,61
22,5,0,10.49347658465414,1.833465562132361,66
22,6,0,9.632392201796369,1.608398253377428,66
22,7,0,10.99345029243115,1.640030780107129,78
22,8,0,10.66201909911692,1.746629601035598,74
22,9,0,13.84811720845649,2.111075292791864,104
22,10,0,10.1667991936392,1.610162699444654,77
22,11,0,10.49553488643858,1.533821028773455,84
22,12,0,9.747303042894655,1.234313838801794,83
22,13,0,11.20188227163771,1.720320143127227,88
22,14,0,9.001733424469784,1.059888554706524,83
22,15,0,8.117642240003248,0.9394378340412429,75
22,16,0,11.5972986201566,1.428930872448503,108
22,17,0,10.41518424257499,1.238700385505089,97
22,18,0,10.02381124873496,1.201609489477036,94
22,19,0,10.05736081532982,1.101210072949927,101
22,20,0,8.186335434157865,0.8734025534299749,86
22,21,0,10.04929708601171,1.296377608126592,95
22,22,0,7.869490709453379,0.8257830638216492,82
22,23,0,11.03253874903424,1.312182224260803,113
22,24,0,10.63722119910973,1.250445411420239,107
22,25,0,8.830254205389998,0.951450564827681,96
22,26,0,10.90531074588958,1.155451030965661,117
22,27,0,9.761464937339767,1.208317835996146,103
22,28,0,12.16636424264291,1.284412468775089,135
22,29,0,8.910506490188146,1.231118066506152,86
23,0,0,9.389267300752678,2.256061874200819,42
23,1,0,8.44835474448727,1.783651518419449,45
23,2,0,9.435898395790945,2.070074531548338,51
23,3,0,11.68524009167014,9.956835289990961,48
23,4,0,8.253584131120986,1.518580990585361,52
23,5,0,12.66302203457869,2.160169786847255,80
23,6,0,9.873704598348581,1.512961608328981,71
23,7,0,9.541382940388267,1.492527682322925,68
23,8,0,10.180017668673,1.609518763267861,75
23,9,0,10.1588470279504,1.601720092566539,72
23,10,0,10.06407457888766,1.513572586493775,76
23,11,0,11.64894748778673,1.683893801161164,94
23,12,0,10.55769510582715,1.418192032823394,90
23,13,0,11.14136544055437,1.503463831190028,94
23,14,0,8.304500201136726,1.054663059276991,71
23,15,0,9.412866131342543,1.141927817724311,86
23,16,0,9.233070490156516,1.126885971136079,85
23,17,0,10.29359681571904,1.262433534306237,94
23,18,0,11.03911557560549,1.300788274137986,103
23,19,0,10.51662768765228,1.455364524754682,94
23,20,0,11.42110820863061,1.418311458757472,111
23,21,0,11.8696188660302,1.330189913073236,119
23,22,0,12.18456065271994,7.574498279646389,107
23,23,0,13.16779228933002,1.968288453454627,121
23,24,0,9.082483019866537,1.110032151406819,87
23,25,0,9.319378740954642,0.8965560777209102,104
23,26,0,10.24044997820869,1.139081281049975,109
23,27,0,7.4080356412781,0.6963483717390186,86
23,28,0,8.796255368357352,0.9122155397718928,99
23,29,0,6.952194805549961,0.7391592791483987,80
24,0,0,6.467191690238642,1.440770154103112,31
24,1,0,6.971737348031602,1.496352084046862,34
24,2,0,8.284726446477269,1.700401402804244,45
24,3,0,7.914245364780281,1.402930643441457,49
24,4,0,11.42538840317356,2.136032327457308,66
24,5,0,8.309020528933075,1.405761905318356,56
24,6,0,12.51469522556611,1.960593440916262,85
24,7,0,8.589421232091981,1.367019426604077,61
24,8,0,11.61526458130102,1.785744489365921,85
24,9,0,9.122889389758367,1.340683959840204,70
24,10,0,9.408035660794598,1.25304550999437,76
24,11,0,8.704068289060292,1.207304171522643,68
24,12,0,10.10173762800157,1.32337772237807,85
24,13,0,11.31808175201486,1.617631905547651,91
24,14,0,10.43062610949342,1.806440850177212,82
24,15,0,8.946230242539185,1.282853040541144,74
24,16,0,8.658061801958295,1.129588687548362,79
24,17,0,9.53884026622864,1.274866717348636,84
24,18,0,9.520115753313906,1.014508530779195,97
24,19,0,9.352386986066925,1.103922198657804,92
24,20,0,7.850941169429904,0.8476849051296809,81
24,21,0,9.939232422096683,1.300264219006732,90
24,22,0,12.78108980130682,14.35142220314226,92
24,23,0,9.56434183125042,1.159486877361718,94
24,24,0,8.820587158250971,0.9771641115055804,94
24,25,0,10.40171166907005,1.111084052757433,112
24,26,0,9.86414428909969,1.041125301112719,108
24,27,0,10.57548928031919,1.203667576344056,115
24,28,0,11.31647423498145,1.165439445525963,127
24,29,0,9.510361387706137,0.8314574212515949,117
25,0,0,7.823610345076894,2.039897845178295,33
25,1,0,5.537652178662838,1.130502001592982,30
25,2,0,8.47692156303799,1.658444376217686,47
25,3,0,8.165745496174219,1.586727355533037,45
25,4,0,8.051557518800381,1.473060314080429,50
25,5,0,10.47848595765649,1.844216981846023,66
25,6,0,8.508884708841938,1.392225913257196,57
25,7,0,9.212566679419833,1.521010045227746,63
25,8,0,10.43043604016772,1.767724794521606,72
25,9,0,9.601109860742495,2.643740226792763,60
25,10,0,9.991092291620514,1.443543671472454,76
25,11,0,8.846165570086798,1.189297774199162,74
25,12,0,8.840686617752867,1.125062528103119,80
25,13,0,9.660717643748582,1.412132503100362,79
25,14,0,9.221845612758962,1.235181820386997,78
25,15,0,8.49778613279196,0.9359644578136526,81
25,16,0,8.770023087586589,1.063088534715088,84
25,17,0,9.49492629079746,1.23990847115054,86
25,18,0,8.825662874326133,0.9816407776280984,89
25,19,0,9.642374587754695,1.09200502005713,99
25,20,0,9.296877108378364,1.117343569431586,91
25,21,0,19.19470565647005,88.16251738321557,96
25,22,0,8.678944577727018,0.9255042548434439,89
25,23,0,7.655995601693142,0.7680589592847775,84
25,24,0,8.228399992135618,0.8358588752439449,90
25,25,0,9.931735183559598,1.174138520206189,104
25,26,0,9.248130607509562,0.9755679454894295,101
25,27,0,8.013457606233407,0.7878801121370989,93
25,28,0,8.45654422379552,0.8790905314507732,94
25,29,0,10.69248061175319,1.312056188121242,111
26,0,0,5.277573964768798,1.211230937287018,26
26,1,0,7.009169869316694,1.54990845249318,34
26,2,0,7.628946608485282,1.462828694907216,42
26,3,0,6.765050309792335,1.403101727955705,36
26,4,0,8.131649568854911,1.417519772947552,50
26,5,0,9.494902676262743,1.464919572686942,66
26,6,0,6.857784571854642,1.036281063129352,51
26,7,0,7.977527649664571,1.362202017111619,53
26,8,0,9.270807071653364,1.431424878661562,68
26,9,0,8.002758692447918,1.175902348735809,61
26,10,0,8.5309305798297,1.146671128711562,68
26,11,0,8.962511503215733,1.171120145253357,74
26,12,0,8.939910394369686,1.154216222099521,79
26,13,0,8.937499136904895,1.175388582124972,77
26,14,0,9.828414796958102,1.333556733903327,83
26,15,0,7.936810966408074,0.9032415552617692,75
26,16,0,7.898217594397558,1.159541865635254,68
26,17,0,7.426016865729341,0.8279034296945419,72
26,18,0,8.952344481490856,1.21836838730098,80
26,19,0,9.492542244069778,1.24183151419612,88
26,20,0,9.152438536401924,1.112753987594587,86
26,21,0,8.930335655564205,0.9386072410215992,92
26,22,0,9.076775685498047,1.109371438412345,89
26,23,0,7.847737252767633,0.897820021694394,83
26,24,0,9.691860923902777,1.18813477536946,100
26,25,0,9.476381577428162,1.266468257792835,91
26,26,0,7.843751122253916,0.8647568209523885,83
26,27,0,8.000705485946499,0.7447688936730827,92
26,28,0,8.61544672569868,0.8609691639282843,98
26,29,0,8.052714519265301,0.8740267420753224,88
27,0,0,5.872477579624786,1.596974585557972,24
27,1,0,6.937358531219765,1.565869385424567,35
27,2,0,6.159350059231749,1.298242151980102,32
27,3,0,6.799622962469718,1.240424313603281,41
27,4,0,6.248976735131293,1.076708605004859,38
27,5,0,8.093406208116591,1.305738380434634,55
27,6,0,7.752800558279398,1.275782335844841,54
27,7,0,8.963767242280372,1.437451811744066,62
27,8,0,6.058412966083598,0.8479732628783173,50
27,9,0,10.16347439313117,1.467563875171483,76
27,10,0,9.123636562851205,1.286846840995377,72
27,11,0,9.966981036543309,1.3948850626746,80
27,12,0,7.47249930279422,0.9736333699865767,64
27,13,0,7.424256610446794,0.9345996557195393,66
27,14,0,7.928794204003464,1.205531751055204,65
27,15,0,8.740200610971195,1.208771854656981,72
27,16,0,6.975171646749362,0.8079452206460226,66
27,17,0,6.450296768775751,0.8247846853193614,58
27,18,0,8.181293546010085,1.035387913432749,74
27,19,0,8.858508479686062,0.9369068226482263,94
27,20,0,8.958924141869737,0.998740831234831,91
27,21,0,7.618585683024054,0.8607014751753802,76
27,22,0,8.538146305283663,0.9986326744440766,86
27,23,0,9.454116461834577,1.838875748163997,90
27,24,0,8.2212278202998,0.843444124017796,89
27,25,0,8.899540518199574,0.9672652525228664,95
27,26,0,8.914712457680915,0.9519263916670739,98
27,27,0,7.357189528380404,0.7322018761258392,84
27,28,0,9.502909582553238,1.044744694719357,106
27,29,0,8.235680600719407,0.8159256859253389,94
28,0,0,5.725486853512422,1.404697615069309,25
28,1,0,5.051302178248696,0.991735182371735,27
28,2,0,6.372471492970019,1.393973382517637,32
28,3,0,7.018490859691608,1.290340034755496,43
28,4,0,7.560204169309324,1.373320323192525,45
28,5,0,6.205193289041819,1.071000362183375,41
28,6,0,6.547560259146872,1.233012348585566,40
28,7,0,5.203602320314904,0.8102544190607888,39
28,8,0,9.166033802027858,1.460134939857375,64
28,9,0,8.27671577472406,1.357729251777109,62
28,10,0,7.778554347844099,1.122312881935531,60
28,11,0,7.724050398806011,1.101837001181362,62
28,12,0,8.383433790846198,1.249953327069405,66
28,13,0,5.709130481264725,0.722351223193673,51
28,14,0,5.103136687737225,0.5750336937859393,51
28,15,0,8.527287661701964,1.10359614934055,74
28,16,0,8.205479700497527,1.105199623858214,72
28,17,0,5.342248602005196,0.625654316154192,53
28,18,0,6.446828188067839,0.8011347436556735,60
28,19,0,5.374927525071137,0.604106686172267,53
28,20,0,7.888752223299143,0.8124122063899452,83
28,21,0,6.214222495732503,0.7384890114460537,60
28,22,0,7.578183811667635,0.803345726430666,80
28,23,0,8.583640544425228,1.028647439952293,88
28,24,0,8.847289149324892,1.13782885209282,86
28,25,0,6.093385817308514,0.5960827508219728,71
28,26,0,7.606608129924784,0.8717346108470911,81
28,27,0,6.368229407917957,0.6163222801777345,74
28,28,0,7.133353456710082,0.7544100331712993,82
28,29,0,7.650095437131387,0.815579855598773,87
29,0,0,5.281445125860126,1.896141205220169,22
29,1,0,4.290414297370479,1.037902330784031,20
29,2,0,3.365498194447824,0.6776495765133135,17
29,3,0,5.275423780090533,1.004755138169036,34
29,4,0,6.579568035487295,1.218490599198966,40
29,5,0,3.936957267626105,0.6389966784886824,26
29,6,0,5.761628860012395,1.049952249617083,37
29,7,0,4.287732009914652,0.5974047805955778,33
29,8,0,5.487942445147972,0.8122212384618528,41
29,9,0,7.001005266725103,0.9476088898339157,56
29,10,0,6.955425416886574,0.9493105818464103,54
29,11,0,6.612665403012262,1.050406082877748,49
29,12,0,4.714033000681162,0.5493088280191039,44
29,13,0,5.623984623119582,0.7721481132568039,47
29,14,0,6.283562421852797,0.8343738438267542,56
29,15,0,6.417944700870764,0.7880921373178483,58
29,16,0,4.871654853120292,0.5629199663676441,47
29,17,0,5.137882220300638,0.6005904726855823,51
29,18,0,5.015851097577621,0.7444237221791651,46
29,19,0,6.51547572447768,0.8928780945869474,59
29,20,0,6.346593304813196,0.8002920295107462,59
29,21,0,4.475288676010372,0.4794158095496042,47
29,22,0,7.095489310739589,0.7734217861121527,75
29,23,0,5.558497484480914,0.5920167842344081,58
29,24,0,6.39949988150861,0.7140616227580106,66
29,25,0,5.896045912548341,0.6147039404676371,62
29,26,0,6.509406456441138,0.6982276576319872,70
29,27,0,6.018574161997274,0.5945166016093506,67
29,28,0,5.390769695028459,0.5514766958746046,61
29,29,0,5.498717317757523,0.5357291835523963,65
