# mesh name: boxMesh_1
# primitive scorer name: doseScorer
# iX, iY, iZ, total(value) [MeV], total(val^2), entry
0,0,0,3.073696657423593,0.3849674953906386,26
0,1,0,3.332067116453368,0.3974022856943936,30
0,2,0,4.456516598239345,0.7124098428238539,34
0,3,0,5.868136553443327,1.021182216631462,46
0,4,0,5.042179289299717,0.6580869401697464,44
0,5,0,4.890375354393695,0.6083225664117107,44
0,6,0,6.505063057265303,0.8943373445072079,55
0,7,0,7.177142156718626,0.9625913352558567,63
0,8,0,6.795111431976273,0.8588482387253161,65
0,9,0,5.299707248721289,0.735434777787655,48
0,10,0,5.280302205750412,0.6162041738046371,50
0,11,0,6.15289192192454,0.779323505405054,59
0,12,0,6.609020220163552,0.8975380306561723,60
0,13,0,5.719700812329132,0.769806711979878,52
0,14,0,4.639215894602088,0.5494200812251913,44
0,15,0,6.018137706543106,0.7528587160037581,60
0,16,0,6.398372638430148,0.7802501899703326,65
0,17,0,3.658182041219147,0.3734859506340171,39
0,18,0,5.59224145163118,0.6686077176730288,55
0,19,0,5.987600401262031,0.6005787424780585,64
0,20,0,6.09242349396829,0.6462909634496687,66
0,21,0,5.818878270319255,0.5851480268554896,64
0,22,0,6.056126009053287,0.6695212822961304,63
0,23,0,4.942896717809025,0.4518715679483126,59
0,24,0,5.922397457228994,0.7138162890235458,62
0,25,0,6.306154012522513,0.6877113534259504,68
0,26,0,5.284028178666487,0.6573350555941652,56
0,27,0,6.881376333728169,0.7991923114679683,72
0,28,0,7.789243978476917,0.8100444289313921,87
0,29,0,5.948957426370388,0.5453889790258857,71
1,0,0,4.465883476023714,0.6579730941460968,35
1,1,0,3.510503523436432,0.4541767219777462,30
1,2,0,5.956047005281595,0.7348328344205932,53
1,3,0,4.538495728339336,0.5653488217366235,39
1,4,0,5.653251974080349,0.695896205010898,51
1,5,0,5.777807790555167,0.6800885204685411,53
1,6,0,6.188394879845826,0.8111435105107527,56
1,7,0,6.481226547797373,0.8764056276808403,56
1,8,0,7.181659478462424,0.9632388370021989,63
1,9,0,6.611391999903709,0.9123083520040318,57
1,10,0,5.981870008733277,0.6881684690967327,57
1,11,0,5.504385634189859,0.6947760003780067,53
1,12,0,5.389932133160375,0.6317079162784386,53
1,13,0,7.54033978452914,0.98864837476836,69
1,14,0,6.578618683858726,0.8579336075827576,63
1,15,0,7.827245697591185,1.046551681709587,72
1,16,0,6.017942007270171,0.706717376585157,59
1,17,0,5.901576519449929,0.6361184171310691,63
1,18,0,6.356456973568859,0.6618938976489699,68
1,19,0,6.550763606590793,0.6645835477431473,73
1,20,0,8.783429067512024,1.013280269154091,90
1,21,0,6.238480374639913,0.6292429348423982,67
1,22,0,8.448652664016953,1.009401587258828,88
1,23,0,6.710750617031005,0.7244532923036119,73
1,24,0,7.723237557225127,0.8416487102369432,82
1,25,0,10.96700826615858,11.82455683679129,87
1,26,0,8.483614563696174,0.8205585322253351,97
1,27,0,6.878161227012301,0.6895664022976483,78
1,28,0,9.193115016037311,0.8718397473843733,107
1,29,0,7.901233050007893,0.8208278272366771,90
2,0,0,4.952849504165131,0.6089224644070106,42
2,1,0,4.018067339197368,0.5811147745546983,33
2,2,0,6.482402639069328,0.8181917448455419,56
2,3,0,5.208017283272782,0.5977250398615298,47
2,4,0,7.771902338325938,1.049377439119957,67
2,5,0,6.055842010188353,0.6930545299020492,56
2,6,0,7.757621534273454,1.098025900264953,66
2,7,0,9.049616897458947,1.275787168548966,79
2,8,0,8.56957971570591,1.930058782952581,67
2,9,0,6.823216235579949,0.7315850927196337,70
2,10,0,7.375197966848289,0.9631442438668711,69
2,11,0,8.07730192690167,0.9847175621908483,78
2,12,0,6.850561436154725,0.7383798897571154,72
2,13,0,8.025538828695524,0.8812720178313017,81
2,14,0,8.813898619342071,1.051520382684713,86
2,15,0,8.833168315257653,0.9924978405977259,91
2,16,0,8.060149292510975,0.9659810553720041,81
2,17,0,7.689335359578383,0.8449993049273168,81
2,18,0,6.840345372983959,0.7973093376074549,70
2,19,0,9.166810172616005,0.9212567575467083,100
2,20,0,7.945781131576926,0.7726583563482992,87
2,21,0,8.999634345946934,0.933027272552833,97
2,22,0,8.957578881810658,0.9920503419073609,95
2,23,0,7.598350253456466,0.6996673967196607,88
2,24,0,7.408298885257341,0.9128542907429061,77
2,25,0,8.963526459935647,0.8371303499908679,105
2,26,0,10.80305154300052,1.427100425896969,114
2,27,0,8.58773918634124,0.8434647582406267,99
2,28,0,7.635733653570309,0.7179575304404008,88
2,29,0,8.5706474743576,0.9381105488986288,94
3,0,0,4.935998852241954,0.6947628234850384,42
3,1,0,5.95245376173194,0.9815544900382526,46
3,2,0,4.870879142931306,0.5721308759093741,43
3,3,0,7.643191832601258,1.042046774101804,62
3,4,0,7.194964948251152,1.069275586191841,59
3,5,0,8.959423392370454,1.199391713367001,77
3,6,0,8.973383476712796,1.111004671778875,81
3,7,0,7.950315857982447,0.9207951429626366,76
3,8,0,8.885928538163954,1.038602565196459,83
3,9,0,10.61601041603151,1.241478173317053,101
3,10,0,11.86864602233234,2.759522265289748,97
3,11,0,7.532385830005113,0.954415743312557,69
3,12,0,8.101625786166844,0.9185388745222559,79
3,13,0,8.777123131131559,1.082007941212361,83
3,14,0,9.995619320090134,1.22419555553411,97
3,15,0,8.253943086904757,1.138124844304062,74
3,16,0,7.63097221408843,0.8374720355070875,79
3,17,0,10.38394067566074,1.283505540318992,102
3,18,0,11.62097966713554,9.461068258001603,94
3,19,0,8.459526600367528,1.035439871892072,89
3,20,0,9.416718590127047,1.109743378905533,95
3,21,0,8.849593171502635,0.9541428461541526,97
3,22,0,9.534269820577219,0.9002119293466374,109
3,23,0,16.88089285657699,54.72013853200951,103
3,24,0,9.735657231389627,0.9725744927781064,113
3,25,0,9.279599313844246,0.969045894779579,101
3,26,0,9.445471460134151,0.9075869249898623,110
3,27,0,7.9112082288512,0.6952692289588664,95
3,28,0,9.769552304136417,1.004806880157336,113
3,29,0,8.26200487659837,0.8139022539280235,94
4,0,0,6.347277538548376,1.072467622693611,47
4,1,0,5.56685348907006,0.9416807062296901,43
4,2,0,7.099229658626271,0.9797926194400699,58
4,3,0,7.067426672742519,0.9495419828049418,59
4,4,0,8.840408168494713,1.24747500580208,74
4,5,0,10.36136805515265,1.443701481176728,90
4,6,0,9.002115629048198,1.111176228989575,83
4,7,0,10.01520911718086,1.374441059875244,89
4,8,0,8.499540850767422,1.289316856768672,72
4,9,0,8.973470359332481,1.047564557542732,86
4,10,0,8.71112529559306,1.163852957564501,82
4,11,0,9.596145266510804,1.298190501853628,86
4,12,0,8.657776541161207,1.055192939070665,83
4,13,0,8.900891473180536,0.9834009628422812,90
4,14,0,10.75137997255573,1.248727244232414,107
4,15,0,8.101525055029022,0.9508951827391401,78
4,16,0,10.960409264706,1.380351544618469,105
4,17,0,9.653037930006342,1.169163542186313,95
4,18,0,10.69046596981307,1.392328140041632,100
4,19,0,10.37727047818623,1.134794879686967,112
4,20,0,9.818747428479696,1.053726658169988,103
4,21,0,9.380542490254721,0.9985788447925211,104
4,22,0,10.50348752972746,1.257647346715304,106
4,23,0,11.08064417855919,1.264765041209787,113
4,24,0,9.215368968475333,1.048673493510655,98
4,25,0,8.499636001636009,0.8094931103715775,96
4,26,0,10.32225927707372,1.092195165301981,117
4,27,0,10.61752031572945,1.115131377047498,118
4,28,0,9.187450781154739,1.123690590582264,94
4,29,0,8.925936479932853,0.9476539569530426,101
5,0,0,5.571713218797782,0.8430358546708806,43
5,1,0,6.635401907380632,0.8770590557518502,55
5,2,0,7.692992703399367,1.082113111705724,68
5,3,0,8.299657436989992,1.007390436760612,73
5,4,0,10.73014137005011,1.652016256699924,89
5,5,0,9.818826767172556,1.397520180297553,82
5,6,0,9.081992724881975,1.110420384329659,83
5,7,0,6.842605100094358,0.729751265181522,68
5,8,0,8.71650353436692,0.9927666463778,83
5,9,0,10.52743701207743,1.24696823520036,99
5,10,0,10.04508856718286,1.171136528298576,95
5,11,0,10.88336662070364,1.327502943085038,104
5,12,0,9.342789585435685,1.063352470883562,93
5,13,0,10.10207060054039,1.123580353934877,101
5,14,0,8.579257043375142,0.9717770107192341,88
5,15,0,9.886351652663333,1.075231362546694,100
5,16,0,10.20391415524882,1.154633099761205,102
5,17,0,10.09353407635748,1.221582632810354,96
5,18,0,9.639019610471685,0.999792152802867,103
5,19,0,8.643463583988767,0.9685685080039691,91
5,20,0,8.634471492926247,0.8773813626464591,95
5,21,0,6.680729944241926,0.6793345498953763,75
5,22,0,9.443306121177701,0.982804844526154,102
5,23,0,8.981020202145618,0.9574494288866819,101
5,24,0,8.36615865580097,0.9395100511381181,92
5,25,0,9.605521104621795,1.042718267550501,105
5,26,0,9.438652965226776,0.9140921438421465,109
5,27,0,8.959653372080352,1.076830750112405,97
5,28,0,8.86078807628718,0.9655257566569025,97
5,29,0,8.736950092749375,0.9511289294323361,98
6,0,0,4.838783589886679,0.6535252482460175,40
6,1,0,4.952874727285342,0.5651229378030198,45
6,2,0,7.047931014936308,0.8405494799161972,63
6,3,0,8.27279297413625,1.001555823328953,75
6,4,0,10.0281082209601,1.24716373096549,90
6,5,0,7.516362534749554,0.8812966774525357,69
6,6,0,8.221251344638283,1.054000189841366,75
6,7,0,10.23611524087985,1.264790529816614,92
6,8,0,9.72568332571919,1.645017162828613,83
6,9,0,9.492289385745043,1.353664828014031,82
6,10,0,8.448636461715337,0.8976656635622834,86
6,11,0,9.703897792631663,1.257221590484045,92
6,12,0,9.195029912590345,1.037325575944941,91
6,13,0,10.54400629398794,1.265137167644125,100
6,14,0,8.262831211871934,1.040606585789536,79
6,15,0,9.317123317220748,1.039323049123644,95
6,16,0,8.640897720447345,0.8610964237844766,95
6,17,0,8.520032310008835,0.9800236630052738,89
6,18,0,10.30815720934146,1.096619908917994,109
6,19,0,8.367973551024688,0.8932926946193227,89
6,20,0,10.9091668783869,1.238101740517279,112
6,21,0,9.764665307272969,1.043342999114503,104
6,22,0,10.00691942461148,1.22264481168931,101
6,23,0,9.935327199094047,1.010074370485023,110
6,24,0,9.343199861951426,0.9315391409802563,106
6,25,0,9.742536483153719,0.8823186415196301,116
6,26,0,10.59049079514968,1.178795935141737,112
6,27,0,10.06314579643167,1.025341147011362,118
6,28,0,9.733592033477134,1.014879067771311,109
6,29,0,9.303190550857941,0.9669774813581604,105
7,0,0,4.880919255141515,0.619356197263669,41
7,1,0,6.024915327547476,0.89447472229773,47
7,2,0,9.271848652498374,1.256823267287928,77
7,3,0,8.985914034927241,1.182180056155614,75
7,4,0,10.34330753927295,1.510901383771201,83
7,5,0,9.031636670885348,1.186926423849821,79
7,6,0,9.784318801589391,1.229019226987452,91
7,7,0,10.25910224218363,1.179779856420521,95
7,8,0,10.71102549379685,1.340444976578768,97
7,9,0,9.053010712362219,1.018039636769705,86
7,10,0,11.44418796242879,1.411743780970578,103
7,11,0,8.846061893231354,1.023612695622087,85
7,12,0,9.486488093491927,1.14143732028921,91
7,13,0,10.02904629344994,1.126811003681318,99
7,14,0,8.591952178065725,0.9928944373622625,86
7,15,0,9.398547575656341,1.061374581214765,93
7,16,0,11.65368232990842,1.383514406063145,118
7,17,0,10.21083217674517,1.059293851791271,109
7,18,0,13.62999695121154,33.29686898916776,86
7,19,0,10.06917081487451,1.264878739596003,100
7,20,0,9.463306420035302,1.068829248674324,101
7,21,0,8.172871008018396,0.824218221347043,92
7,22,0,8.959098362245705,0.8974190603816886,97
7,23,0,10.17031043377727,1.223946927325866,106
7,24,0,10.03472753134526,0.9180537929315977,116
7,25,0,8.484299268037789,0.9275086340610363,94
7,26,0,9.659484267705874,1.0560544335871,108
7,27,0,11.93378318717238,1.480888936340805,120
7,28,0,10.30509644166434,1.076896717373778,114
7,29,0,9.707763152784812,0.8657094433268245,117
8,0,0,6.553380548408166,1.022070508111629,50
8,1,0,7.438644327953676,1.019513124576272,62
8,2,0,9.360640115621166,1.334086858486327,77
8,3,0,7.113913453867556,0.898850591820613,64
8,4,0,9.965280404837763,1.37912183059941,85
8,5,0,11.31479511342443,1.662334413605957,92
8,6,0,10.33001017683096,1.348126600550891,88
8,7,0,9.1444813646099,1.066750851926967,86
8,8,0,9.629533627997674,1.205069665890922,89
8,9,0,9.991353356912144,1.212808969574364,97
8,10,0,9.292362700039627,1.279338900960649,85
8,11,0,9.002571994861471,1.024807623314972,90
8,12,0,10.05454848905622,1.295412955470843,92
8,13,0,10.6531294850379,1.245540316558872,104
8,14,0,9.087742619729134,1.187711580556088,88
8,15,0,10.22293845996609,1.392016837915818,95
8,16,0,11.01259507587904,1.402835217936644,109
8,17,0,10.80015186485318,1.365983785914771,107
8,18,0,10.20995513585509,1.114287386980937,106
8,19,0,11.94451478265591,1.453293957672516,122
8,20,0,10.05097626903784,1.112054440522226,107
8,21,0,8.670067019997379,0.8892448354330443,94
8,22,0,8.957596816495679,0.8558297203358584,103
8,23,0,10.69836951386965,1.211578425183899,117
8,24,0,10.50219283698587,1.131992103179362,115
8,25,0,9.943762656307971,0.9843504177861686,112
8,26,0,8.949741558035903,0.9829300919888333,101
8,27,0,10.31741958107141,1.098781614464654,116
8,28,0,9.712574429355747,0.9947492122713322,112
8,29,0,9.211809235701864,1.001489966815513,103
9,0,0,5.296882393884345,0.7217840897591169,43
9,1,0,6.480369974185454,0.786093911420163,61
9,2,0,7.085085386494998,1.221441970690592,55
9,3,0,8.249391255090151,1.10301837291112,71
9,4,0,10.46538562370497,1.401078905304381,91
9,5,0,10.92915640305499,1.698635928750768,92
9,6,0,8.913681359701046,1.110337505925778,81
9,7,0,10.52585601564745,1.245231382936887,97
9,8,0,9.071260159652077,1.200720446071775,80
9,9,0,11.8486825018902,1.47741016060052,112
9,10,0,10.61700521104935,1.315435241337474,100
9,11,0,11.23899297743257,1.54052397851713,100
9,12,0,10.56145320189,1.173926212851102,108
9,13,0,10.30654789997825,1.147403389203609,107
9,14,0,10.62523993138336,1.180929602960939,108
9,15,0,11.57760354994943,1.541952832700206,111
9,16,0,8.42829848359305,0.8302022720284185,94
9,17,0,10.35541066471077,1.239451109708777,106
9,18,0,10.59921940856352,1.130228931728568,110
9,19,0,10.07767323517952,1.116465369597087,107
9,20,0,11.27072528661869,1.164659557984396,121
9,21,0,10.05010727460928,0.9888667159375678,111
9,22,0,10.17485341911429,1.242151090048716,102
9,23,0,10.02400805628308,1.066634929923135,108
9,24,0,8.566869237290213,0.8759589121405049,97
9,25,0,9.994564723172898,1.103907376879379,108
9,26,0,10.30492956400128,1.134923377221841,109
9,27,0,9.759771217265577,1.157551534746787,106
9,28,0,10.00653592677768,1.031160061260513,111
9,29,0,7.080995499999956,0.7511072339847603,79
10,0,0,4.808214700773925,0.6391015039317575,40
10,1,0,7.190373670438405,0.9770241950375792,59
10,2,0,8.760878549500074,1.256569556258407,72
10,3,0,8.86829336193548,1.166766984531017,76
10,4,0,10.20182098520256,1.291476512447209,89
10,5,0,8.957797423595629,1.17201146690107,81
10,6,0,10.04202574447212,1.121895547389424,95
10,7,0,10.79671735516328,1.340906682786349,100
10,8,0,8.836293411209686,1.081459839016816,86
10,9,0,10.45118017869758,1.360611728196673,96
10,10,0,9.002375620396281,1.063005585563188,86
10,11,0,10.23465752132296,1.275524376303306,96
10,12,0,10.32540735049348,1.316697010125887,95
10,13,0,10.0712121430055,1.076197043217843,103
10,14,0,8.326719822936592,1.015447572203577,85
10,15,0,10.87395221805925,1.329641913743833,106
10,16,0,8.819932413156925,1.00277274076984,91
10,17,0,10.74463999516096,1.26925820815144,108
10,18,0,10.03772321066132,1.150158756828686,104
10,19,0,9.866234492172699,1.010568786495031,106
10,20,0,9.947045729933198,1.049051364285886,108
10,21,0,10.03301599464696,0.9944742783337759,113
10,22,0,10.29357483229643,0.9997069999405321,115
10,23,0,9.912585059296015,1.206072592335662,104
10,24,0,7.946385634527195,0.7795513649555559,90
10,25,0,11.02603400075186,1.219272857572073,122
10,26,0,8.713337225716909,0.8279053469023446,101
10,27,0,9.741502612244368,0.953149381807694,109
10,28,0,10.1390001589307,1.063744625313757,114
10,29,0,9.290455476598646,0.9362679949222417,108
11,0,0,5.650187628921018,0.6608295583649265,51
11,1,0,7.042307064705034,0.8819315682969047,63
11,2,0,8.427738872402692,1.259081333851787,72
11,3,0,9.00446362475896,1.171445598119954,79
11,4,0,7.548767332495058,0.8399521295392784,71
11,5,0,9.657468729254321,1.346973839297055,81
11,6,0,10.80321926149105,1.498146759300211,91
11,7,0,10.20627999053123,1.411947241959221,87
11,8,0,10.76017891082403,1.321822341874699,103
11,9,0,9.785807413907673,1.045786830257284,98
11,10,0,9.216414869726091,1.161149843006283,83
11,11,0,9.603068975504208,1.140109644301125,93
11,12,0,12.57477403489887,2.005112740569312,110
11,13,0,12.12402855458397,1.501255534391346,113
11,14,0,9.757951885809133,1.130449818268341,98
11,15,0,8.818578072517504,1.01159487401045,90
11,16,0,12.6520836324534,1.509044242442207,125
11,17,0,6.284146805780493,0.6309401986009252,69
11,18,0,11.92586711519279,10.13066660134337,91
11,19,0,9.655988473145966,1.094079058800661,99
11,20,0,9.250248503931163,0.9972184162755563,100
11,21,0,8.66157493300606,0.881318404330407,95
11,22,0,11.48342579856049,1.224632641138862,125
11,23,0,8.984073616236108,0.8848616408040032,100
11,24,0,9.204375729820059,1.085647869339039,96
11,25,0,9.903242569049977,1.17715280535207,103
11,26,0,9.31927109113836,0.9653129122140194,103
11,27,0,9.112147293830024,1.043832307992896,97
11,28,0,11.0044303356543,1.142032254963981,126
11,29,0,10.21716673351873,1.207160845152681,108
12,0,0,4.190050490113062,0.5144316703510476,37
12,1,0,6.392039127318305,0.7915804410575322,55
12,2,0,8.719922223510689,1.216218671226536,72
12,3,0,9.86577541619566,1.238731506937824,87
12,4,0,10.13574070679162,1.34676660953189,85
12,5,0,8.504742272387103,1.104572928794063,76
12,6,0,9.865638475282749,1.145433344106209,94
12,7,0,9.370501068755628,1.12448614403585,86
12,8,0,10.54921892284579,1.393078139185337,96
12,9,0,10.39002969186269,1.445199350739932,89
12,10,0,11.47902517669829,1.833459139392776,95
12,11,0,11.47710840104918,1.598382746484898,101
12,12,0,9.049955845680246,1.357166586228727,82
12,13,0,9.312745132829042,1.069629138645847,92
12,14,0,11.89885981510528,1.706252909496458,106
12,15,0,9.705676712908316,1.182076586265003,96
12,16,0,10.49740329090498,1.226283153952677,105
12,17,0,10.65572934956061,1.249056710600238,105
12,18,0,9.417521250813557,1.137397478795349,97
12,19,0,9.521527931868619,0.9576805890557825,104
12,20,0,10.75026082529318,1.095244810158246,115
12,21,0,9.157894606873548,0.9508355319201296,98
12,22,0,9.861191004406578,1.189547543293108,100
12,23,0,11.7154514089364,1.241738609885338,131
12,24,0,10.07612333844774,1.280343684091478,106
12,25,0,10.25496598055965,1.061763542237828,113
12,26,0,9.331109588380773,0.8241583093891177,114
12,27,0,8.989860874254573,0.8390771093569419,104
12,28,0,7.744268071683903,0.8215320036011642,86
12,29,0,8.095574148985678,0.7927238227943495,96
13,0,0,6.245515670740795,0.8180658166616115,53
13,1,0,5.810648420049509,0.7154440527427804,52
13,2,0,7.668421030139615,1.027737731703723,64
13,3,0,9.215336831743722,1.237669247007256,81
13,4,0,8.798912482877396,1.098402228124637,79
13,5,0,9.181257756161846,1.39066390582404,73
13,6,0,11.6869997670975,1.593149379607789,100
13,7,0,10.21948693966375,1.62967714270948,81
13,8,0,9.262655940499657,1.103888084274309,87
13,9,0,10.02402048727331,1.329953468235769,92
13,10,0,10.47803863739468,1.279401681996479,98
13,11,0,11.54817380238369,1.389646658503358,108
13,12,0,26.74174833104404,289.9995169730785,96
13,13,0,11.3289921356167,1.4471079114077,108
13,14,0,8.574173728634785,0.9904786235109824,87
13,15,0,9.62666039280162,1.17236139575928,94
13,16,0,11.4992033627143,1.307292223809897,117
13,17,0,8.953067121304807,0.9263719033378446,96
13,18,0,9.155970138880006,1.158470282343864,91
13,19,0,9.127937424679734,0.9655030152388571,97
13,20,0,8.620968436969957,0.898097559542161,92
13,21,0,8.655288306554612,0.8409571660222925,97
13,22,0,8.872819018428693,0.9663817978668148,95
13,23,0,9.092318979008958,1.071152699728191,96
13,24,0,9.877909477603264,1.194568665212347,106
13,25,0,10.60649756472358,1.09776813873118,116
13,26,0,9.023452222374345,0.9230821652898306,104
13,27,0,11.17331370315983,1.256761666413283,118
13,28,0,9.571146377776321,1.100492205457739,102
13,29,0,9.236703335958238,1.070650504480827,102
14,0,0,4.74314280631901,0.621831340516408,42
14,1,0,6.814055466960385,0.8238351904868596,61
14,2,0,7.777468751263291,1.130469234317575,63
14,3,0,7.029772941447328,0.8552257177607956,67
14,4,0,9.321252340152666,1.253880780277995,80
14,5,0,10.44293799866708,1.287349071592208,91
14,6,0,10.42190121707706,1.350143886945288,91
14,7,0,11.13776901229347,1.589751436339755,93
14,8,0,9.842917744376214,1.211946790687405,90
14,9,0,10.48484663405245,1.323722677464565,96
14,10,0,10.32671580586849,1.376494090659387,95
14,11,0,8.444928215650258,0.9548759365857465,84
14,12,0,9.495057467129818,1.090399802712888,93
14,13,0,11.86414133979168,1.298720918377927,119
14,14,0,11.22090106397811,1.325217591093404,108
14,15,0,9.793506951406851,1.159772577710741,99
14,16,0,16.57458344717229,32.75961142037732,112
14,17,0,9.968549434208738,1.040149843662749,103
14,18,0,11.03621999261813,1.286538894420659,110
14,19,0,9.72212221626363,1.034861927935833,102
14,20,0,9.398147543631509,1.105448342983493,95
14,21,0,10.55215519669133,1.202894378626027,108
14,22,0,9.452525114313937,1.049666217864591,99
14,23,0,9.429110279374624,1.11091664478099,96
14,24,0,9.823600369634459,1.143853670556535,105
14,25,0,9.130548008162069,0.8068665242077062,110
14,26,0,10.9007091359518,1.097960221164437,124
14,27,0,10.14059922938087,1.030452989493371,114
14,28,0,9.570217350283553,0.9588530115478131,109
14,29,0,11.43854267594554,1.19145538776428,127
15,0,0,6.484717989518963,0.8934745127137462,55
15,1,0,7.120986094580912,0.8595482177183628,65
15,2,0,8.39276077329221,1.096509850680777,73
15,3,0,8.238109968723981,1.163599234956834,69
15,4,0,8.754864742507952,1.044208889179814,79
15,5,0,9.954160583125619,1.347389425501604,84
15,6,0,9.806711050428511,1.202469310818891,92
15,7,0,10.99397510976964,1.242396141942517,104
15,8,0,10.23954398730878,1.315956164744757,94
15,9,0,9.381925540231849,1.115161392559431,89
15,10,0,10.47369439052688,1.211588094001098,102
15,11,0,9.834623596047013,1.203859843568356,99
15,12,0,9.214058647304261,1.065501147795327,87
15,13,0,10.83733732369954,1.34565703651561,103
15,14,0,9.969935694089981,1.341276642267581,93
15,15,0,12.06734667451384,1.388350661599738,122
15,16,0,8.817758825587253,1.014589904761209,88
15,17,0,10.07769245582182,1.025622744752343,110
15,18,0,9.787601168403768,1.063056592855264,103
15,19,0,11.11042127820495,1.173319377580317,116
15,20,0,9.868106248255037,0.9950450352143292,107
15,21,0,8.680090471609462,0.7858975544803309,102
15,22,0,8.734135086168704,0.8531941652791449,98
15,23,0,10.20485273049954,1.06803191325342,114
15,24,0,10.46745712771,1.508384373084073,102
15,25,0,9.502763767550238,0.9031802853956893,107
15,26,0,8.259222547515851,0.8078461433655524,96
15,27,0,9.456800711108333,0.9220519642909839,110
15,28,0,8.327704583581671,0.8489765635399975,98
15,29,0,7.755698717660297,0.775326551364477,90
16,0,0,5.893161976641194,0.8213484696397214,48
16,1,0,7.380640079996827,1.04481229781656,62
16,2,0,7.962707773549235,1.030598771727099,70
16,3,0,9.254900427331155,1.417737341061964,74
16,4,0,8.632086197652132,1.145321586858923,75
16,5,0,8.324008000630091,0.9306286162190849,79
16,6,0,11.31663233329517,1.529008321312565,99
16,7,0,11.01953090610862,1.495451353118779,95
16,8,0,9.802930781353917,1.259654898851538,87
16,9,0,11.14111332101516,1.441343049058547,99
16,10,0,8.763459543294804,1.159324048950354,80
16,11,0,9.824822887148198,1.107196749908702,98
16,12,0,12.44564406702673,1.817265132911725,114
16,13,0,9.830859149364292,1.300277297725076,91
16,14,0,9.92075705513235,1.11015999136134,100
16,15,0,9.539284035550157,1.184556419374713,95
16,16,0,9.097356892155144,0.9628692011770082,96
16,17,0,9.004501814782566,0.9139633086708857,95
16,18,0,10.0043413838567,2.805560556750021,90
16,19,0,10.59365208431349,1.12227289130809,112
16,20,0,10.45264741241904,1.365866029500277,104
16,21,0,10.30106428728621,1.043658696419734,116
16,22,0,10.57957737389134,1.118744518874554,114
16,23,0,10.04444831708099,1.088661488257602,110
16,24,0,6.839998600098367,0.6088634390442307,81
16,25,0,8.927626301660482,0.9318374367866809,100
16,26,0,10.72293912957209,1.180168256429548,119
16,27,0,10.15171389954903,1.112457319793151,111
16,28,0,7.905026650883748,0.8146144760854643,91
16,29,0,9.039355166806512,0.9520939091518208,101
17,0,0,5.87034989706977,0.7550645767587888,50
17,1,0,7.267062912716529,0.9398583086224811,65
17,2,0,7.328172934247925,0.9752329521447918,64
17,3,0,9.238934747688951,1.199217917050484,79
17,4,0,9.219919897809078,1.186397677799452,81
17,5,0,8.373856320261982,1.171168943155399,70
17,6,0,11.71339538982989,1.453951501299112,104
17,7,0,10.43231622685307,1.302248595570933,98
17,8,0,9.783109076334624,1.289225939651506,91
17,9,0,9.199517703542789,1.159945071836779,86
17,10,0,7.978970780433207,1.062190363224892,76
17,11,0,11.29168835564373,1.460447961026174,100
17,12,0,9.887583549382279,1.159261821091607,94
17,13,0,12.1891634481671,1.579968430169522,116
17,14,0,10.72276225489444,1.302605581184266,104
17,15,0,9.90988889723023,1.219393891879987,95
17,16,0,11.27819578856826,1.13769243616099,121
17,17,0,10.72479208171399,1.207517762941294,111
17,18,0,10.35927125704871,1.236471811855643,105
17,19,0,9.677563231979059,1.019791002784569,105
17,20,0,10.46471667311376,1.131742757821451,111
17,21,0,10.43543357295668,1.103475903890909,114
17,22,0,11.45286951014832,1.251156791329189,125
17,23,0,9.756088372785026,0.955575727282758,109
17,24,0,10.07584790847321,1.052651223712641,110
17,25,0,11.85162677998427,1.211205475816026,131
17,26,0,11.28154807342672,1.132419802725733,126
17,27,0,9.624596380422751,0.8127753934360341,119
17,28,0,7.075943856154249,0.6405060356666775,88
17,29,0,9.784189097868957,1.025729462937326,112
18,0,0,5.332757429209078,0.7307490116428408,44
18,1,0,5.374974673687953,0.6058929770491699,49
18,2,0,7.127285946887159,0.9209179728004043,61
18,3,0,7.325440953935292,0.9478463686427719,63
18,4,0,10.14915699027045,1.288312249211778,88
18,5,0,9.170586006155636,1.273663227536614,78
18,6,0,9.2620216344078,1.192739314672917,81
18,7,0,9.340476140746407,1.380233313726619,79
18,8,0,10.85887451686667,1.524119663786472,94
18,9,0,9.007992729494401,1.062914672707288,86
18,10,0,11.23902385511066,1.32422666416283,104
18,11,0,10.14204332844112,1.209581990660987,99
18,12,0,11.22689751548231,1.380144973599187,106
18,13,0,11.01814405973035,1.192413536622121,111
18,14,0,10.23098209515622,1.171989955043127,103
18,15,0,10.20208855884618,1.345007393144865,96
18,16,0,10.10113232292111,1.07616225940427,107
18,17,0,9.089246345775763,1.056126530156988,96
18,18,0,9.774242245862814,1.134800470880503,99
18,19,0,9.828449861482587,1.093267234376879,105
18,20,0,8.80452609016305,1.12780588549597,91
18,21,0,10.05569068925294,0.9632334935456927,114
18,22,0,9.251683552280788,1.083539401202456,97
18,23,0,10.66614847426388,1.151195898466313,116
18,24,0,11.2080657767158,1.286954068980113,116
18,25,0,11.85823352936286,1.465195765765332,123
18,26,0,11.65892856349249,1.206916898178148,130
18,27,0,9.634744094040339,0.8992035150085613,113
18,28,0,9.573742458048965,0.908533622399092,112
18,29,0,10.89088285991054,1.253143855377014,117
19,0,0,5.759625212286085,0.7308006814810221,48
19,1,0,5.921346302144114,0.8423828433292366,48
19,2,0,7.805938616427257,1.130309940478312,65
19,3,0,8.673493865022087,1.223478135681923,73
19,4,0,6.759508395670365,0.9278697691527634,57
19,5,0,9.819385359373317,1.163445277343842,90
19,6,0,9.012779460317853,1.03012234196822,84
19,7,0,12.52892323298556,1.671605802050408,113
19,8,0,10.32863028494157,1.246070209351384,97
19,9,0,8.780118339142975,1.081506932178193,79
19,10,0,10.94158508250212,1.360048232374027,103
19,11,0,10.50240660497008,1.144031112027841,104
19,12,0,10.94089279282319,1.47111391718565,101
19,13,0,10.15193603629759,1.197730780332855,98
19,14,0,10.35407004395338,1.038737583474055,108
19,15,0,9.00813947615223,0.9889753386607147,91
19,16,0,11.12020449718673,1.35713953051247,107
19,17,0,10.05155128351595,1.132864292688937,102
19,18,0,9.982224382942176,1.272261609157432,98
19,19,0,10.88053429531529,1.292599010395273,110
19,20,0,9.748833015889323,1.065558214426364,103
19,21,0,10.37293516474006,1.130814960882673,108
19,22,0,10.41855470888251,1.196650555444187,108
19,23,0,11.6290743988992,1.199881991052011,132
19,24,0,9.265051340158266,0.9573551162457862,99
19,25,0,9.520730789348988,1.074866687462195,101
19,26,0,9.283221462576597,0.9248583867843799,108
19,27,0,7.797860155569902,0.6997860275331301,93
19,28,0,9.397204216726452,1.006574996332688,108
19,29,0,6.955441185365363,0.677332592800627,79
20,0,0,6.548274450634386,0.9944350761245782,50
20,1,0,6.178153135185288,0.834851746427328,51
20,2,0,6.85468521016201,0.9683226175125096,57
20,3,0,7.325659911987686,0.8846969710441659,66
20,4,0,7.349039944398468,1.037373943997069,61
20,5,0,10.18584091303345,1.228582957857687,91
20,6,0,13.88076668934033,19.82464238567961,84
20,7,0,8.66551589283924,1.024561614179119,82
20,8,0,10.05958102340714,1.149142078523162,96
20,9,0,11.58562771678968,1.270840418828832,116
20,10,0,10.02141090597542,1.353204869625188,88
20,11,0,10.46410481015218,1.145454553760382,102
20,12,0,13.40078882114291,8.055025708982098,106
20,13,0,9.500157835933793,1.208424322614857,91
20,14,0,9.795309941113638,1.139718783983049,94
20,15,0,10.08788004476654,1.11253799431084,101
20,16,0,8.972817921408243,0.9231159323326192,95
20,17,0,9.560125237727942,0.9619618193829906,104
20,18,0,9.650651127241622,1.092357910739266,99
20,19,0,8.629720713103543,0.8976676210869821,93
20,20,0,9.488930337939257,0.945129479713092,103
20,21,0,9.180561716859899,0.9120042275182209,101
20,22,0,10.59873056032609,1.063517761223273,115
20,23,0,8.830096721819123,1.021043631145265,96
20,24,0,10.49867799819393,1.202422382485175,109
20,25,0,9.719094773472372,1.211885397193939,99
20,26,0,11.12156372250314,1.269172235034121,119
20,27,0,10.75800215378321,1.106910602837625,120
20,28,0,9.968249034884741,1.069752164376036,114
20,29,0,9.327745053664323,0.8896936072325711,109
21,0,0,6.24719199650574,0.9123429734420968,50
21,1,0,5.25305722675109,0.7159302730973319,42
21,2,0,5.688399513068572,0.7834365699177002,50
21,3,0,7.914644452349719,0.9616825360563845,70
21,4,0,10.4894664140152,1.285861876259453,94
21,5,0,9.419910476177375,1.123725701977428,85
21,6,0,10.68861893410113,1.443293331200794,92
21,7,0,10.3052875005583,1.327452166335199,93
21,8,0,11.50771710100848,1.424079329884434,103
21,9,0,10.32141107721738,1.234368173060152,97
21,10,0,10.46513832573814,1.239288502768523,102
21,11,0,9.70738824456113,1.171120489748734,93
21,12,0,11.00299801440453,1.288288263222142,108
21,13,0,9.934798577914693,1.172950444173446,95
21,14,0,10.60373523909082,1.266511096041482,101
21,15,0,10.97227030766085,1.374255134840024,107
21,16,0,11.29502436893649,1.411117129468874,108
21,17,0,9.33716650005756,1.268912441632676,88
21,18,0,9.03095173264326,1.045820374710684,94
21,19,0,10.29870190525039,1.309190951776777,103
21,20,0,12.5807616806349,1.421606422752323,135
21,21,0,10.30875174963494,1.163317665142551,108
21,22,0,12.21374975307244,1.450552598736717,124
21,23,0,9.024691453744863,1.030519009939044,95
21,24,0,9.024303446601618,1.058042196186278,98
21,25,0,8.67799832128388,0.8861067390346968,97
21,26,0,10.84321523531835,1.357792481390526,111
21,27,0,9.440903559555432,0.910704726911623,110
21,28,0,8.769626080834772,1.030164041736457,96
21,29,0,7.495070639508567,0.6983812469287983,88
22,0,0,5.747597540801666,0.9357563429382237,43
22,1,0,5.59795420120466,0.7541349768368819,46
22,2,0,6.994576001995219,0.9436067940460311,60
22,3,0,8.634155285409523,1.260781623916134,68
22,4,0,11.48811484435871,1.522894342188496,99
22,5,0,7.834646739301986,1.081060750251367,68
22,6,0,11.14071328351351,1.437375814268415,98
22,7,0,7.975722576218533,1.007017932598555,72
22,8,0,12.22151096544219,1.583928783419475,110
22,9,0,10.72389892615635,1.217098822512051,101
22,10,0,9.585349145501974,1.201339630816829,88
22,11,0,10.4063666415734,1.332640957344527,96
22,12,0,8.464722936520463,1.081865997932044,79
22,13,0,9.31612763096058,1.047240160887532,92
22,14,0,9.562623741181749,1.081115669903893,96
22,15,0,10.41206052322462,1.184038532609218,104
22,16,0,9.320888368098263,1.154419063801462,89
22,17,0,8.690497567711869,0.9739906223159963,91
22,18,0,10.85267976338286,1.41411437781621,104
22,19,0,9.302321717993554,1.048404242301296,97
22,20,0,9.863065100603665,1.100977174261239,101
22,21,0,9.448027838351734,0.954839861780085,107
22,22,0,10.09012912428907,1.235726298071405,100
22,23,0,9.782986173530304,1.041500463301249,103
22,24,0,10.71194180196288,1.174044402917177,117
22,25,0,9.631186577328405,1.062431972464239,103
22,26,0,9.325844249641486,1.043780699184705,101
22,27,0,10.30076065788955,1.185096302870927,111
22,28,0,10.13590333502502,1.046378619497208,111
22,29,0,8.016359814802273,0.8809574448486654,86
23,0,0,5.481823399944432,0.7910567218279481,42
23,1,0,7.11331418676458,0.9547300093050118,62
23,2,0,5.473322104907772,0.7033899156330461,49
23,3,0,9.795872589426384,1.455464477132717,78
23,4,0,9.64405732254674,1.184039588336693,87
23,5,0,9.34965198513112,1.282457812509155,79
23,6,0,10.27407439288467,1.25955034476629,93
23,7,0,8.23130225598929,0.9839933369594019,74
23,8,0,9.545011089746334,1.369230240628117,83
23,9,0,9.155001513048948,0.9919854785074967,91
23,10,0,10.43347336063402,1.425821470242503,92
23,11,0,11.50014407068788,1.687662656769489,102
23,12,0,9.210023116679332,1.072265894509136,91
23,13,0,26.21108817077658,237.5801505504703,107
23,14,0,7.692207642693306,0.881693353582055,76
23,15,0,9.904294188193971,1.236478596696135,100
23,16,0,9.601390346440731,1.112723855041282,96
23,17,0,9.160420323317902,0.9499557762948444,96
23,18,0,9.786068742021014,1.040196014333207,102
23,19,0,10.84989810471052,1.307528527325401,111
23,20,0,10.08961733037094,1.090806819469647,109
23,21,0,9.609683219719013,1.140427555070221,100
23,22,0,9.875244509724974,0.9838765330153545,112
23,23,0,12.8822688941474,1.478443233416708,133
23,24,0,9.110374812574545,1.077948615477234,93
23,25,0,8.46235361470525,0.8445068734140876,97
23,26,0,11.13993381666263,1.339768403315785,114
23,27,0,11.01179059996936,1.253387607023258,121
23,28,0,10.92017416469483,1.039195833693893,128
23,29,0,8.407444928214217,0.9836021438986292,91
24,0,0,4.358652977138468,0.6550904830254818,35
24,1,0,7.283504800628707,1.106824647604594,61
24,2,0,4.941184655266247,0.5646774756638889,45
24,3,0,7.964752945895607,1.103448480330765,66
24,4,0,10.6181651543749,1.476975070760052,90
24,5,0,7.425816040726207,0.9153858461158647,70
24,6,0,8.75042310421443,1.314352049020213,72
24,7,0,10.88928259755665,1.620758815322911,91
24,8,0,7.881838565210815,0.9453222780208552,78
24,9,0,9.408809173965807,1.071527039783419,89
24,10,0,9.427392444025267,1.2999317954627,84
24,11,0,9.108757383261603,1.077102663635251,88
24,12,0,9.893419398923649,1.282331046697194,92
24,13,0,8.388729355388445,0.9748779640028233,81
24,14,0,8.936322676679604,1.126772308757194,86
24,15,0,9.600831264265619,1.096898269902504,97
24,16,0,8.767238641694069,1.027687615565622,87
24,17,0,10.24720028120614,1.208057054024909,101
24,18,0,8.828555043653731,1.121549518617216,86
24,19,0,8.945022304535343,1.005084269319843,93
24,20,0,11.08479408998368,1.320673469220058,115
24,21,0,8.644217201975394,1.002181598651293,91
24,22,0,9.940618961057401,1.007939534489241,111
24,23,0,9.369713716476904,0.9881565931161111,101
24,24,0,11.6388855492865,1.313521333948228,125
24,25,0,9.436239295792062,0.9610894105075865,106
24,26,0,7.843990711431316,0.9353430799005517,82
24,27,0,11.00630546990643,1.162825877008539,121
24,28,0,10.65197049824518,1.125571231236777,122
24,29,0,9.768440093375467,0.9821162689207535,110
25,0,0,5.555401702143413,0.8084876078367818,44
25,1,0,6.566080554909411,0.9201354808883913,54
25,2,0,5.974878418206823,0.8046812126709122,51
25,3,0,8.014259724771302,1.212759129468077,64
25,4,0,9.246666547422212,1.232903387313935,79
25,5,0,8.694360187881676,1.183850734985012,73
25,6,0,8.015729460529212,0.9179493092690838,77
25,7,0,8.315597523934354,1.034723836292346,74
25,8,0,8.751021610080306,0.9625029699518892,84
25,9,0,8.383723723223049,0.9206589787879836,86
25,10,0,7.139254963680128,0.8591362648960165,68
25,11,0,8.620166128145966,0.994017869951289,83
25,12,0,9.926622123778795,1.153971570946428,98
25,13,0,8.312458007427427,1.015932216638374,83
25,14,0,8.810632532692727,1.06964718446914,84
25,15,0,9.27301232565455,1.059555443316844,95
25,16,0,9.263442108363959,0.9956110954907275,94
25,17,0,9.735209866518767,1.250445929925272,93
25,18,0,8.39532665668793,0.7937571550606125,95
25,19,0,7.749863138790296,0.8304010453257328,81
25,20,0,8.885888311183935,0.9059319262161954,98
25,21,0,9.406992903113474,0.9815091567622072,102
25,22,0,11.28099620353361,1.287338805082968,121
25,23,0,10.56962446312125,1.083101751159325,114
25,24,0,10.35702046796391,1.071230369829313,113
25,25,0,9.789030776836855,1.219161310769297,100
25,26,0,9.920495842415196,1.054426305969333,113
25,27,0,8.833763443528177,0.8519548816398551,101
25,28,0,8.719518866272796,1.017567663051437,94
25,29,0,9.823590927590605,1.020778142552373,110
26,0,0,4.396814540602373,0.6136174318008614,37
26,1,0,5.345313450580312,0.7287140756219785,43
26,2,0,4.65166421068478,0.5942439943594015,40
26,3,0,7.53743217926224,1.037701796163101,64
26,4,0,6.683021060688224,0.8537453900993446,60
26,5,0,10.49845792893399,1.63371413097702,84
26,6,0,9.386515138031131,1.102557555781668,87
26,7,0,7.206193494960936,0.9460989563982298,64
26,8,0,9.848790635142695,1.294794045727091,86
26,9,0,7.711456614543013,0.80114880654146,78
26,10,0,8.71070843523005,1.256203638036386,77
26,11,0,22.42001819054236,151.0206048797724,99
26,12,0,8.946021581349852,1.047834796287476,87
26,13,0,7.607172873217365,0.7758852259433847,79
26,14,0,9.244946192910872,1.065480630249471,91
26,15,0,9.703192025625821,1.208295133640567,92
26,16,0,10.46225324536826,1.518719562113709,97
26,17,0,8.638705268899596,1.116213347887901,83
26,18,0,7.104550371467383,0.6798158362957234,81
26,19,0,10.74099014449456,1.15579397080633,114
26,20,0,8.949442850474405,0.8347889310567062,103
26,21,0,9.026490535336805,0.8781468818362633,101
26,22,0,7.658570381431303,0.8149726268740595,81
26,23,0,8.508138002362982,0.8765754171866897,92
26,24,0,8.27216235858331,0.8361555236027297,93
26,25,0,9.274333407177032,0.90930326177735,106
26,26,0,8.066967019840265,0.8775355808444402,88
26,27,0,9.696582562050304,1.161188398408448,102
26,28,0,9.53197297340493,0.9812570209560523,110
26,29,0,7.997402527202405,0.9032149168183495,87
27,0,0,4.759918631544076,0.7204928936223984,36
27,1,0,4.320503488380266,0.7104076928857718,34
27,2,0,7.607324724741931,1.058277171230208,62
27,3,0,6.301710481535157,0.8338543650661334,52
27,4,0,8.007622044578033,0.9187636014880348,75
27,5,0,5.652049934223124,0.6727390725440523,52
27,6,0,9.082820390864413,1.094780287399326,81
27,7,0,6.456643710862879,0.8408741846109939,61
27,8,0,7.521788229340578,0.8026387962722882,74
27,9,0,8.386303143933816,1.095528096098179,75
27,10,0,8.692718008863963,1.070215035377585,82
27,11,0,7.648703412413498,0.9678017523414791,71
27,12,0,7.519680866168339,0.8499049320784652,74
27,13,0,9.271449901069666,1.037359619530413,91
27,14,0,6.046859642122243,0.8275764601225835,56
27,15,0,7.919703534425908,0.8978398016318242,81
27,16,0,9.038759674136738,1.064025373879308,91
27,17,0,9.727747729036116,1.353715563100582,93
27,18,0,8.105382658897867,0.9146259105113282,82
27,19,0,6.890990066208938,0.7739850352981367,72
27,20,0,7.288683810552004,0.7916904383858551,77
27,21,0,10.57967359403667,1.178481138251123,109
27,22,0,8.31359455227313,0.8259932924059574,94
27,23,0,8.877002176432827,0.8879504695979495,100
27,24,0,9.298502392377127,0.9236721701716794,107
27,25,0,8.194276120350713,0.7863368771898983,94
27,26,0,8.057267404205934,0.8486837652433903,90
27,27,0,8.186527083016541,0.7719721964885392,97
27,28,0,9.165849701590181,0.8568358462894006,106
27,29,0,8.884131300248544,0.9315880293070437,101
28,0,0,3.13531005605939,0.4036500390296857,27
28,1,0,3.389639648254902,0.5582802771995953,24
28,2,0,4.570865524436156,0.5882903111328078,38
28,3,0,6.148167672967082,0.7654433491591384,55
28,4,0,7.335185427829481,1.147657197911789,59
28,5,0,7.467513831562198,0.956221409697674,67
28,6,0,7.438917193765192,0.9370110921437147,66
28,7,0,5.488133537579605,0.647279189516742,51
28,8,0,6.530062025535056,0.7276396947865191,64
28,9,0,7.096869785938146,0.9680436260065262,64
28,10,0,5.882035821087925,0.6968856595704753,59
28,11,0,6.339277438028687,0.6837638689733631,65
28,12,0,6.29748519977055,0.6454245798047018,65
28,13,0,6.475820208589359,0.6905721024691145,66
28,14,0,7.172681850023518,0.8565137372907009,69
28,15,0,7.374943822154216,0.8845993656620045,72
28,16,0,7.133942185817371,0.9041050628167843,68
28,17,0,7.299610123156294,0.8491424158903419,72
28,18,0,8.253745349901134,0.9373085783824121,84
28,19,0,5.592105229832515,0.5645307563013587,59
28,20,0,7.529139554061401,0.8148605562447189,83
28,21,0,7.126265707968926,0.8391578059807667,72
28,22,0,7.220736418816075,0.7767885317533104,76
28,23,0,5.908458871343486,0.5999372498727039,66
28,24,0,8.64694875650321,0.9553548422229843,93
28,25,0,8.384204931908478,1.127612287995092,84
28,26,0,6.781896760897081,0.6593458335676157,79
28,27,0,7.137650530293672,0.7266900274765568,81
28,28,0,8.629074991577454,0.8827828860852674,98
28,29,0,6.44523622971762,0.573867578534848,78
29,0,0,3.683700073955382,0.7024732716012193,27
29,1,0,3.772189927965359,0.449427089408589,33
29,2,0,3.907626751190204,0.4718528335183395,36
29,3,0,5.07500900110926,0.7531912821541524,41
29,4,0,4.157530015157861,0.5927392090938444,35
29,5,0,9.059120078500932,3.308453127889511,67
29,6,0,3.219540309013701,0.3885794822737047,29
29,7,0,3.95703593666063,0.4456241022770506,38
29,8,0,5.355926167517172,0.6858568515227818,47
29,9,0,5.945054549048415,0.8172623307684457,53
29,10,0,5.643684577718425,0.7288084467446569,54
29,11,0,5.43723980054506,0.6315575620641557,55
29,12,0,5.466278534421676,0.6291451613904736,52
29,13,0,6.119083788142193,0.7455765662704671,57
29,14,0,3.925945953462453,0.4324944640662376,40
29,15,0,6.020968921889133,0.6772663641376183,61
29,16,0,6.569459412507204,0.7583032295725609,65
29,17,0,6.405854813298601,0.7094208983034729,68
29,18,0,6.26663902245276,0.7666579099779253,62
29,19,0,5.715758833155129,0.6761940837436002,59
29,20,0,4.850737490145743,0.500947965453941,53
29,21,0,4.835595402389753,0.4350805991839765,56
29,22,0,4.435396372737216,0.4693459815690133,50
29,23,0,4.571294060727968,0.4593716707656064,52
29,24,0,5.157034432547676,0.4653490913806013,60
29,25,0,5.534308958322991,0.4975560755406843,65
29,26,0,5.940446841869155,0.6455302493803952,66
29,27,0,5.986323849357724,0.650331083650086,66
29,28,0,7.421795163577634,0.8319998409128606,80
29,29,0,5.849064020380165,0.5828320353338423,66
