# mesh name: boxMesh_1
# primitive scorer name: doseScorer
# iX, iY, iZ, total(value) [MeV], total(val^2), entry
0,0,0,4.11441071847211,0.389377986219754,51
0,1,0,6.912870273074444,0.6752190834340127,82
0,2,0,7.783534767716522,0.7559024141058261,92
0,3,0,6.908093119566454,0.7169317894628251,81
0,4,0,6.827234858378505,0.7526550216233193,77
0,5,0,6.126624274409654,0.6576458104551652,69
0,6,0,7.444129357562513,0.7550927041063766,84
0,7,0,7.366854807789732,0.697865617618167,91
0,8,0,8.049416645457512,0.8635107757027071,92
0,9,0,7.93627586336696,0.7424444117957133,95
0,10,0,6.285020819359939,0.4895660075098983,85
0,11,0,7.398469699939937,0.7259696396592287,89
0,12,0,7.351192231746645,0.7901339537907242,89
0,13,0,6.654886548961279,0.6872274862651102,77
0,14,0,6.58788336204835,0.618538607150967,79
0,15,0,5.039270022292949,0.4642709959225559,60
0,16,0,7.531531931568245,0.7046887193386007,92
0,17,0,6.316929568465216,0.6628049817647794,72
0,18,0,7.401628488586292,0.7720583456576472,84
0,19,0,6.214386720878853,0.5685306805387991,78
0,20,0,6.589493936019426,0.6258039913396037,76
0,21,0,7.935851333557345,0.8141604051210224,92
0,22,0,7.942206513596359,0.7327846714555899,96
0,23,0,8.867352072184234,0.8611495760063207,105
0,24,0,7.024762797053718,0.6125157831065725,88
0,25,0,7.646359744781895,0.6536196999363698,97
0,26,0,8.711308846682446,0.9688879632018728,96
0,27,0,8.293014183576986,0.8879274064847196,96
0,28,0,7.58526386844312,0.8591226714880413,85
0,29,0,8.278212836122654,0.8355090456684513,97
1,0,0,7.212835590474167,0.6255042656820644,90
1,1,0,9.174263281364402,1.064101840909115,101
1,2,0,9.585576431331452,1.024824764018071,111
1,3,0,10.27959304144556,1.106099147486258,117
1,4,0,9.265366495823022,0.8802654629740957,111
1,5,0,10.73433115140379,1.058000756246845,127
1,6,0,8.619430756434717,0.85420125484862,102
1,7,0,9.016629186820149,0.9234354710179813,107
1,8,0,8.428322018293176,0.8254440083107297,100
1,9,0,9.429781202264911,0.9917929781520878,107
1,10,0,9.183331299694775,0.9780276956702891,106
1,11,0,8.93057771524678,0.8301866910179034,111
1,12,0,9.423356743042314,0.8565647714431812,112
1,13,0,8.301211760230705,1.069436004016601,87
1,14,0,10.86000366898885,1.185212983315622,123
1,15,0,10.55569834017115,0.9849755326872427,130
1,16,0,7.984180025772996,0.7472440785888764,96
1,17,0,9.853008810303418,0.9747347907852754,117
1,18,0,10.32438701192524,1.048875090535262,121
1,19,0,9.401669094329558,0.8986453899973029,112
1,20,0,8.851384871789156,0.7957829347939379,111
1,21,0,10.12531719892116,1.058926404041386,119
1,22,0,8.174250406773133,0.7980220826114948,99
1,23,0,10.71602105202879,1.040471529350919,126
1,24,0,9.339144073538879,0.7813338347459569,120
1,25,0,10.25949717756223,1.017760483597495,120
1,26,0,10.78593954489433,1.228309786437841,122
1,27,0,9.061077517066941,0.9080908147725527,106
1,28,0,9.27552512552858,0.9537645006079069,109
1,29,0,7.416910705474868,0.6750974382291446,89
2,0,0,6.34794571486407,0.5284566123931571,81
2,1,0,8.236639893974461,0.8595099451696749,96
2,2,0,9.552181341646909,0.9710095575061609,111
2,3,0,9.227764086026783,1.000471542088334,104
2,4,0,10.66402738356987,1.143649248645201,125
2,5,0,8.698161703293634,0.9934894168383921,100
2,6,0,9.038566002669837,0.8891878561914085,107
2,7,0,8.589556051621758,0.9348257562193052,97
2,8,0,10.17549087959684,1.033312041673675,120
2,9,0,7.906496569710166,0.7890844921685282,93
2,10,0,9.725501185003367,1.05767704087414,110
2,11,0,7.302738749045048,0.7687415486930328,84
2,12,0,11.13002931723321,1.212937159262875,125
2,13,0,8.816521828556871,0.8140776429578261,110
2,14,0,9.683803626016205,1.077005033823801,110
2,15,0,10.73887710168473,1.162529380465456,124
2,16,0,8.816731078269106,0.8252202903325101,109
2,17,0,8.594033620450215,0.7481377530753893,109
2,18,0,9.328188712208849,0.911770831763539,110
2,19,0,9.367586334399551,0.9662211866438993,110
2,20,0,10.00357409376543,1.041874951281403,113
2,21,0,9.446040702656859,0.8821028287516299,115
2,22,0,9.854377596506936,1.103021465352706,110
2,23,0,10.26162011416388,0.9877522313085465,123
2,24,0,10.66572213010442,1.088479339676938,127
2,25,0,9.047253362583037,0.9562181810796002,105
2,26,0,9.053154592669388,0.8454243047596226,109
2,27,0,9.928407279128503,1.254095531570476,99
2,28,0,8.86405473619028,0.8614372012851129,107
2,29,0,7.524334488957489,0.5977294487915811,100
3,0,0,8.617841606100226,0.9038551861597774,97
3,1,0,10.65596090448961,1.132983035297392,123
3,2,0,10.72027298744013,1.138490772432038,125
3,3,0,8.733084721825556,0.9124161992736208,99
3,4,0,9.161132885642086,0.9660797676319587,107
3,5,0,9.724008433481758,0.9378779149466867,116
3,6,0,10.97913371149005,1.128371396118052,130
3,7,0,9.244126269255306,0.9287428538442741,109
3,8,0,10.29190523692553,1.26871381802238,108
3,9,0,7.821501089054149,0.8282054698109259,90
3,10,0,8.216242697773023,0.8682568970946998,97
3,11,0,7.745099739698476,0.7561654512025054,94
3,12,0,8.303549630473121,0.859959140329699,96
3,13,0,8.392408031025095,0.9766829409139184,92
3,14,0,8.159177387989088,0.6756063224580605,104
3,15,0,9.419804581624133,0.8753282360484065,112
3,16,0,11.21456504705981,1.478191598932252,116
3,17,0,10.91977030943131,1.087553010163858,131
3,18,0,9.402055988396034,0.9882503591844984,106
3,19,0,10.37497160126721,1.145417579152111,116
3,20,0,9.469438951680322,0.8539314576677802,118
3,21,0,9.75984812382006,0.9444925823329996,118
3,22,0,8.890330496248307,0.7519670013904109,112
3,23,0,9.80105315498523,0.9860820427801952,116
3,24,0,11.44030060626949,1.035482583839747,140
3,25,0,7.810445263598369,0.6719378298708548,99
3,26,0,9.656336946246988,0.9377263051605489,113
3,27,0,9.724283091550914,0.88559328827016,120
3,28,0,7.324058680176481,0.6883150871977629,87
3,29,0,7.990512140274642,0.8767234195650121,92
4,0,0,7.260386263906587,0.6610229394017748,89
4,1,0,9.321109977507074,1.070255958225996,105
4,2,0,9.755729070299781,0.9128971720385421,120
4,3,0,8.973717156491942,0.9822904116180937,102
4,4,0,9.381097779852585,0.902408259674045,114
4,5,0,8.853902110899313,0.8628522483153314,109
4,6,0,10.12119747518173,1.126446887582195,115
4,7,0,9.884553078717762,0.909873784206655,120
4,8,0,9.454671286232266,1.057678444236755,105
4,9,0,8.154671417637944,0.6857304739888345,105
4,10,0,10.30847082139019,1.038644923919357,122
4,11,0,8.428363748121775,0.812437845891766,99
4,12,0,10.85435427155482,1.781505284185703,119
4,13,0,9.056922145117113,0.8887758486214611,105
4,14,0,10.50938312095755,1.03195099554383,122
4,15,0,8.875064093591604,0.7410399178654281,113
4,16,0,8.375139883763168,0.8617599680414308,101
4,17,0,8.914902666933882,0.8003258715246055,113
4,18,0,10.95789229683314,1.132074002525784,128
4,19,0,8.084646556743788,0.7420522784533204,100
4,20,0,8.916136659318376,0.7928929509554653,109
4,21,0,8.755815723230693,0.8139890275001889,103
4,22,0,8.124717019050847,0.7339959293806839,98
4,23,0,9.072418972107107,0.8489362281813952,110
4,24,0,9.269187112830352,0.8863030525480816,112
4,25,0,9.138793494979986,0.9256462016375884,108
4,26,0,9.717798220602628,1.041098231584766,114
4,27,0,10.98384213919118,1.137591072237754,124
4,28,0,8.416371214461472,0.8571233755694633,98
4,29,0,8.410181608136581,0.8724911945984513,97
5,0,0,8.291741354939926,0.8117352659176992,97
5,1,0,9.119216121430185,0.9743379538714794,105
5,2,0,9.595175075846058,0.994872457647792,115
5,3,0,10.96828018537346,1.430306194098098,114
5,4,0,10.56215174305867,1.005260833263846,128
5,5,0,9.843806898757233,1.020702049444826,118
5,6,0,8.394700892010942,0.7446022081419241,104
5,7,0,11.12075250862686,1.422506387534772,118
5,8,0,9.295587073158863,0.8384284367165641,113
5,9,0,9.281325507182361,0.9942861896871167,111
5,10,0,9.188353422484397,0.8620337433103769,109
5,11,0,8.881895189631448,0.849616682723272,107
5,12,0,10.65760347836703,1.10545970051511,125
5,13,0,10.54128687120799,1.116693283455979,122
5,14,0,11.25373947768822,1.274733734851704,125
5,15,0,8.228082453543754,0.8255031563241099,101
5,16,0,11.39230686406801,1.219525277189357,126
5,17,0,7.263177921960784,0.6050796954331137,93
5,18,0,8.005493377609838,0.861344955959535,95
5,19,0,9.34760453277417,0.9483088832900929,110
5,20,0,8.346785103255385,0.8111079777037649,100
5,21,0,11.00158485343038,1.256215772147283,121
5,22,0,8.293731769913068,0.7451958053747607,101
5,23,0,10.20740556819714,0.9859521503431978,125
5,24,0,8.423194462997696,0.9365787551621845,98
5,25,0,9.738617538677204,0.955076291780801,120
5,26,0,9.926326422419351,1.174480571228953,113
5,27,0,9.799251933991931,1.05387294985007,112
5,28,0,10.63428432801826,1.029153986690657,127
5,29,0,5.91643376575174,0.5662014820106624,73
6,0,0,7.586665146741272,0.8197534561509376,86
6,1,0,8.749572805546002,0.8617858941969742,107
6,2,0,10.53291662469319,1.091118189475642,124
6,3,0,9.945525220412305,0.9220580541316498,120
6,4,0,10.70008264016606,1.147941610208801,126
6,5,0,8.174129416742453,0.799865932781937,97
6,6,0,9.611461942673726,0.9150005665804308,118
6,7,0,10.06591047425765,1.023900975792509,117
6,8,0,8.13089258188981,0.862867623568497,92
6,9,0,10.15248272691489,0.9873872920863938,121
6,10,0,8.864406768098682,0.9375767655631542,106
6,11,0,8.692811012165137,0.8551014499395079,107
6,12,0,9.161335777236818,0.911556328758568,112
6,13,0,9.251637159568389,0.9060256863266221,109
6,14,0,8.982695828362633,1.076960629809065,101
6,15,0,10.60019168074583,1.059275782474398,127
6,16,0,9.190898516453579,0.8485824089538792,112
6,17,0,8.143170858567206,0.8868801830763712,95
6,18,0,10.56923534445754,1.19219581897117,119
6,19,0,10.30329515668463,1.027028460571578,123
6,20,0,9.838334828913258,0.9449776643685093,119
6,21,0,8.005674078930562,0.8060329766211934,98
6,22,0,11.12989986591741,1.169795696105183,131
6,23,0,7.704828582672449,0.6123559098790683,103
6,24,0,9.13586020199857,1.020993205964404,103
6,25,0,9.26984863755259,0.967134015274715,106
6,26,0,8.744694875492634,0.8338526203113288,107
6,27,0,14.04901448659359,13.55747239517359,127
6,28,0,7.242376213734301,0.6385370865207765,93
6,29,0,9.221942968602182,0.8610843730364237,113
7,0,0,6.781886147262701,0.6668236141156465,80
7,1,0,8.570575215174824,0.8576222838303136,101
7,2,0,10.31762548518853,0.9262792871471006,128
7,3,0,10.33660829574968,1.343231808056086,115
7,4,0,9.162147976327713,1.049172417478554,107
7,5,0,9.702915995849599,0.9430379377212227,117
7,6,0,8.820282876595552,0.9291821523710643,102
7,7,0,10.67544485475042,0.9569204728952344,132
7,8,0,10.38632691078151,1.063590944782517,119
7,9,0,10.98769545160367,1.118194911830575,128
7,10,0,9.281673104469895,0.9491269760844733,109
7,11,0,7.781918237842269,0.6742579115168958,98
7,12,0,9.277723966305713,0.97748192156084,107
7,13,0,12.09585602044872,1.375027228604073,133
7,14,0,10.26886796940795,1.044223117520151,117
7,15,0,8.696223999605886,0.9697931176000434,102
7,16,0,9.594804039530114,1.02827598103873,111
7,17,0,8.513443186528294,0.8075387106254268,104
7,18,0,7.963804371441021,0.8056283981887123,94
7,19,0,9.865744453857031,0.9172043011265196,120
7,20,0,7.079758026975163,0.655072023152831,89
7,21,0,9.856845805846529,0.9521775560444132,120
7,22,0,8.851105633916477,0.8855749834202142,104
7,23,0,8.850856979150066,0.8623145054170575,106
7,24,0,9.480977551269383,0.8795983808417732,118
7,25,0,9.077133550895782,0.8276762218787009,114
7,26,0,9.971756233126563,0.9918934985814315,120
7,27,0,9.776400110163179,1.002677008650312,114
7,28,0,7.605621127881228,0.6058938653342232,103
7,29,0,9.358100761800976,0.9643464526601175,110
8,0,0,6.320267554915175,0.6421632488222767,74
8,1,0,9.027222761700347,0.9502566861191389,106
8,2,0,9.837909326256719,0.9418445463958012,116
8,3,0,8.984689942666892,0.8928729389645427,110
8,4,0,8.397417305160966,0.7707023492404119,103
8,5,0,9.729163181150101,1.016830734354849,113
8,6,0,9.761265009497272,0.8601619416006615,124
8,7,0,8.872193388629894,0.939537442933314,108
8,8,0,8.941744498726258,0.8912912010068912,105
8,9,0,10.65375155210463,1.14590107426026,120
8,10,0,8.771350532625457,0.8335427172501781,106
8,11,0,10.42864895472931,1.180655887328918,121
8,12,0,8.95766987235327,0.8529216587916455,109
8,13,0,12.27056079981942,4.387604374504797,124
8,14,0,8.762787953079506,0.8825344361226692,103
8,15,0,10.48574031279846,1.172075143782484,122
8,16,0,9.239583750508293,0.9718784891444157,107
8,17,0,9.289249361778431,1.008652149216729,106
8,18,0,9.687338377349883,0.8883912406895811,122
8,19,0,9.46448214752885,0.9687947545977595,112
8,20,0,12.36774055985296,1.236255944620308,142
8,21,0,9.56771365018861,1.015297786840928,109
8,22,0,8.838917041385963,0.8511969964079418,106
8,23,0,8.944558963865063,1.064171461150887,102
8,24,0,8.990777698241033,0.8194675754595575,112
8,25,0,8.460767773278782,0.7951379964947937,104
8,26,0,11.07553656331958,1.218119511281977,124
8,27,0,9.32698781971083,0.97238382719451,109
8,28,0,8.860057666278117,0.8481312706925138,108
8,29,0,7.472433612701,0.7214365531689443,91
9,0,0,7.399007544488647,0.7968493383368301,83
9,1,0,10.07291702230641,1.233628442652957,110
9,2,0,9.209416098553604,0.9955404240071082,106
9,3,0,10.14602264099362,1.010925722060592,121
9,4,0,10.66006466146188,1.242475396561496,116
9,5,0,8.786225810967961,0.8094073341669117,107
9,6,0,8.842715346378595,0.8646745321175653,107
9,7,0,8.868834665740835,0.7748047820113454,112
9,8,0,9.620817153718543,1.003720231096618,111
9,9,0,8.911157539120811,0.8468138641590706,105
9,10,0,8.991885602090539,0.8380292793996971,109
9,11,0,7.332655478040688,0.7044501760876434,90
9,12,0,8.720144253745902,0.8120631040911037,106
9,13,0,10.09318843468976,0.9529734663928836,119
9,14,0,9.130230978734973,0.9786359536013625,106
9,15,0,10.16741052451156,1.091352872372455,117
9,16,0,10.64351394714236,1.088521770197656,123
9,17,0,9.354785314920528,0.8558101418268719,117
9,18,0,8.772415576492005,0.8355389891765271,105
9,19,0,9.734305753706744,0.9043804860026338,119
9,20,0,9.984768062088374,1.064865251273752,114
9,21,0,11.96680197502482,1.214043319162387,137
9,22,0,8.977428584261988,0.8907027583666747,107
9,23,0,7.877115919827856,0.7235761615272488,98
9,24,0,8.284279805599114,0.8304004633116567,97
9,25,0,10.80005660443902,1.063578215211236,131
9,26,0,10.94669240113422,1.055666816651523,130
9,27,0,8.439957260751312,0.8666229327344003,98
9,28,0,10.79809013472102,1.129972417441431,129
9,29,0,6.867561841023015,0.6152109980459971,86
10,0,0,7.485257476975324,0.7492808598984491,84
10,1,0,8.956648081458702,0.820220594421201,108
10,2,0,10.10127925115405,1.129902609820714,112
10,3,0,9.493877619464861,0.8857064408148904,116
10,4,0,9.919341058596316,0.918490903741647,121
10,5,0,9.881618810958329,1.005398320546458,116
10,6,0,8.754220381477158,0.8407570656456236,104
10,7,0,10.24145432770098,0.9893169614259691,121
10,8,0,8.774507562730948,0.8738995482414174,105
10,9,0,7.676368227458598,0.7152149442329617,94
10,10,0,8.520563564142632,0.8470905577021126,100
10,11,0,10.27983778581447,1.051540940903226,123
10,12,0,8.630804203250415,0.8465572584021067,102
10,13,0,8.350741977230623,0.8040854236645637,97
10,14,0,10.32083108180678,0.9757154209882185,126
10,15,0,9.749660009698523,0.8955980638956857,121
10,16,0,9.721329172919685,0.9604792442882152,115
10,17,0,10.20856522729319,1.072211999631922,119
10,18,0,8.105290152900723,0.9095227689655496,90
10,19,0,8.29678688642591,0.7338454613020898,104
10,20,0,10.04609144280213,1.00834472640038,119
10,21,0,10.00276712072935,1.079385859433429,119
10,22,0,10.44236916907959,1.038403432206119,124
10,23,0,9.705047688701713,0.9502588681383389,118
10,24,0,8.790220678553288,0.8711434616220045,105
10,25,0,10.98085734479083,1.132558851751249,124
10,26,0,9.933375097394816,0.9953108367831121,117
10,27,0,9.749935218104619,1.119966234462384,107
10,28,0,8.304626497348579,0.7833022141260074,100
10,29,0,6.885883718246051,0.6098316167257866,88
11,0,0,5.716885314421235,0.5273152815974935,72
11,1,0,10.38626163291649,1.216804975081493,118
11,2,0,10.17470874688343,1.116029056262029,113
11,3,0,10.68429700034327,1.277525080441874,120
11,4,0,11.07643084644749,1.054630308515958,133
11,5,0,10.63076387676351,1.006033364350347,127
11,6,0,8.975498606679835,0.7601993807895667,114
11,7,0,9.15964900633273,0.8664195462527317,110
11,8,0,8.276839778500131,0.8110626696019154,98
11,9,0,8.975768452618148,0.955293948683329,103
11,10,0,11.13394354373774,1.118497987051764,132
11,11,0,8.648903727636485,0.8446481443944034,102
11,12,0,10.69257962328737,1.330498905121501,116
11,13,0,10.34628736071451,1.135654837585266,116
11,14,0,9.712128637121328,0.9150268404855615,118
11,15,0,8.869173996618574,0.8323225435788077,108
11,16,0,9.168849769766485,0.8130247057111479,115
11,17,0,8.898103478209057,0.8929843238954313,105
11,18,0,8.622481392353686,0.8415492649489639,104
11,19,0,9.049613352835298,0.8786754715242483,110
11,20,0,7.468369502016484,0.8120328846795793,85
11,21,0,9.899973629132505,1.080367501033305,109
11,22,0,8.580314229774313,0.939394381188283,99
11,23,0,10.41213419297242,1.235068062922011,114
11,24,0,9.430565644936893,0.9028639020283498,114
11,25,0,8.546996729047478,1.022857472349317,92
11,26,0,8.038251324638971,0.7009489170385029,98
11,27,0,8.827209088463286,0.8156534616629383,110
11,28,0,10.88322962530454,1.06704155312537,128
11,29,0,9.209763337077934,0.9469158243785578,105
12,0,0,7.544805983564427,0.8355733912903658,82
12,1,0,7.956805150461072,0.9791262732254592,84
12,2,0,9.419327168346332,0.8274524513638033,119
12,3,0,8.190243053161295,0.8319338015898364,96
12,4,0,11.20546831016099,1.137085985160532,130
12,5,0,9.782683847368764,0.9319799283145337,114
12,6,0,8.740784334610614,0.7725155832821169,109
12,7,0,9.676347295023946,1.080573498347816,107
12,8,0,8.96861475999596,0.9137807743684484,105
12,9,0,10.56014722101656,1.156693563095162,121
12,10,0,9.007321134510224,0.7848381777091323,114
12,11,0,9.28564693707272,0.9162177977804757,109
12,12,0,7.416550592944259,0.6954680142999597,92
12,13,0,9.037984791106515,0.843784711073985,112
12,14,0,8.698699767253457,0.7446877061637361,109
12,15,0,10.35329820106497,1.103506656962059,119
12,16,0,9.096819504397152,0.9639121830667386,106
12,17,0,9.24038935256708,0.8931102865921484,111
12,18,0,9.247112501180691,0.8834310572681489,114
12,19,0,9.572810735109659,1.010534505440399,113
12,20,0,9.788198742732002,0.9572646504221528,117
12,21,0,9.33123802302296,0.7843004367396142,121
12,22,0,8.425486475592677,0.818464330251407,105
12,23,0,9.602386054238535,0.960661405090694,116
12,24,0,8.081159470527448,0.6859769169758626,100
12,25,0,9.326649438603775,0.830040839838281,115
12,26,0,10.4819068585032,1.097256037966996,124
12,27,0,8.750342095394256,0.8417778774242021,106
12,28,0,9.34383900932103,0.9324321482670417,110
12,29,0,8.469075124956881,0.9039364634426005,98
13,0,0,5.826289416498901,0.5854301781514022,68
13,1,0,7.761827743432915,0.6601618074720965,100
13,2,0,8.892606984260134,0.762933669060625,113
13,3,0,11.484661438069,1.227843872834317,127
13,4,0,10.08030873285221,1.014715743282854,117
13,5,0,9.687499339872401,1.140468203284984,111
13,6,0,8.401559908287883,0.782563054223681,99
13,7,0,9.772144203745139,0.9362963429165403,114
13,8,0,8.845289935989749,0.8767900268459958,105
13,9,0,10.31211310326457,0.9806462758968806,124
13,10,0,9.345141404281307,0.8888632701828033,113
13,11,0,9.02312802083641,0.8179012405736072,113
13,12,0,10.75658098119897,1.118915896295422,125
13,13,0,9.035249251050603,0.938184311115515,106
13,14,0,8.571519149314801,0.8636700274466643,103
13,15,0,10.62370320673723,1.117635510179991,118
13,16,0,8.59334334596282,0.977278126062359,100
13,17,0,11.84773555942517,1.270820132330845,132
13,18,0,8.775401342325353,0.7588252492410955,112
13,19,0,9.776469223247053,1.064438303011132,109
13,20,0,11.23139649126365,1.264893611086104,130
13,21,0,9.25666822117088,0.8838633407369137,114
13,22,0,7.924749492862969,0.7480462982057546,95
13,23,0,9.794144596008113,0.9191380816470172,117
13,24,0,11.4414127027029,1.264998320036364,127
13,25,0,11.74617478305455,1.111536339101657,141
13,26,0,7.602081885790157,0.6822729453522712,94
13,27,0,8.670524244189489,0.8272333074619425,108
13,28,0,9.599648424714182,0.9087780097793337,113
13,29,0,8.57839460210138,0.9639585462807104,102
14,0,0,6.348139133940042,0.6008926232155907,77
14,1,0,9.001327794448878,0.8313974190193525,109
14,2,0,9.711155173112266,0.9100156435546283,118
14,3,0,7.064367286711467,0.6248721989342895,88
14,4,0,11.68574183704759,1.245037262836999,136
14,5,0,9.664781614373133,0.8965383550368352,123
14,6,0,8.951968057327665,0.8959537015413838,107
14,7,0,10.74624018362321,1.214146239111503,117
14,8,0,7.684890557875121,0.7702629341987616,91
14,9,0,9.248404440005784,0.8931279128984436,111
14,10,0,10.2038620874088,1.063800454154687,122
14,11,0,8.200026345895115,0.7120682872919075,102
14,12,0,9.741702034769954,0.987837892954686,117
14,13,0,9.159602913027967,0.8488961541206334,112
14,14,0,9.481489055040042,0.942238693567232,114
14,15,0,11.36789227980325,1.329965966868633,122
14,16,0,9.348173595375462,0.9762906970317575,106
14,17,0,9.775902490038474,1.11171245880591,110
14,18,0,7.841118875249208,0.7908300238478069,95
14,19,0,9.224153954619435,0.8700257739992063,112
14,20,0,8.024851557134665,0.7820710886280235,98
14,21,0,10.11204766521979,1.099061686888845,115
14,22,0,8.427833107137703,0.7659548537737805,108
14,23,0,9.20008450167207,0.8770307968750253,115
14,24,0,9.992099616048614,1.161116470784348,110
14,25,0,8.012054909929006,0.8203746554481207,93
14,26,0,8.232670534734607,0.830229854571233,98
14,27,0,9.732856743146019,0.8593118315268098,121
14,28,0,8.723047340982022,0.7384755240453552,110
14,29,0,9.39472675908463,1.069337691064766,106
15,0,0,6.513821155259691,0.6221221064653267,78
15,1,0,8.530810236723093,0.833570485518169,103
15,2,0,9.392788436784572,0.8603905813167553,112
15,3,0,8.813792687730672,0.8101931397668591,103
15,4,0,8.608594213284825,0.7974546985720273,107
15,5,0,9.255979059178918,0.8797666887553011,112
15,6,0,9.636275962639679,0.8735975645788725,121
15,7,0,10.3298721705845,1.114720546893338,120
15,8,0,8.869206931424703,1.079079281876822,94
15,9,0,8.604421442783874,0.9778066384600747,100
15,10,0,11.52140186427798,7.161896294249979,113
15,11,0,8.601487448006562,0.8450231996635666,101
15,12,0,9.029739902012762,0.8146001984163863,110
15,13,0,9.55948559173145,0.8872790622234662,114
15,14,0,9.468669866246586,1.004660065570661,110
15,15,0,7.67088228395105,0.7412243418657277,92
15,16,0,10.23259661252536,0.9347319853394062,127
15,17,0,9.183054498722873,0.8968932901976668,112
15,18,0,9.251175951745635,0.8728362753987495,116
15,19,0,9.729422852083852,0.9728027110824451,111
15,20,0,8.552492984659638,0.7128944677910488,109
15,21,0,9.706180581614628,1.035682645515677,110
15,22,0,9.021823518194575,0.8632550925132372,107
15,23,0,10.24333519874474,1.170254086601057,116
15,24,0,11.31265849529585,1.16485368238525,134
15,25,0,9.143156354951635,0.9820411169351362,111
15,26,0,9.227982027009787,0.8912259642661601,111
15,27,0,10.32892778444731,0.9451795463552857,125
15,28,0,8.457190853492396,0.9653232343030823,97
15,29,0,7.471251503115909,0.7139986965487051,89
16,0,0,6.521280368800435,0.6573918736771657,78
16,1,0,9.037428605870337,0.792770529759362,112
16,2,0,8.285562534782105,0.79000018958077,101
16,3,0,9.595890566641071,0.8852404061402179,117
16,4,0,9.065536434822953,0.8639324967441283,105
16,5,0,9.882680514829534,0.8546791148889943,124
16,6,0,9.744673893364514,0.9610216354347207,116
16,7,0,8.660888620891743,0.8897136462585551,101
16,8,0,10.40951932303223,0.9442821820793073,128
16,9,0,8.595037980913132,0.7920902862055256,105
16,10,0,9.234504974139959,0.7820703656999601,117
16,11,0,10.39333089665057,1.085756764151929,121
16,12,0,10.65430621751175,1.09130082303898,123
16,13,0,8.990429713529062,1.013116045328118,105
16,14,0,9.991205304286662,0.959403335125092,121
16,15,0,8.850026456881363,0.9476402770683415,103
16,16,0,12.08348100915245,1.506828865789129,132
16,17,0,8.221703681363433,0.7615083094742402,101
16,18,0,7.751009345783947,0.7521875559872562,91
16,19,0,8.704740859231258,0.9792068329159974,99
16,20,0,10.79677358683236,1.570223947326129,111
16,21,0,10.18769645423395,1.036885343304997,119
16,22,0,8.987215704972623,0.8635942486699861,109
16,23,0,9.441148211236044,1.007723965354409,109
16,24,0,10.85779186530057,0.9942899896504319,130
16,25,0,8.179177728218503,0.8115182986046383,96
16,26,0,10.13925335961703,1.120472730913483,116
16,27,0,9.551847289111274,0.8616527728024531,122
16,28,0,9.268584115529963,1.081680075818163,100
16,29,0,9.085614037202731,1.05516781641821,102
17,0,0,5.454658597036182,0.4821960469167081,66
17,1,0,8.41922417777252,0.8119829189829413,101
17,2,0,9.953693980270241,0.9831893687439986,117
17,3,0,9.042462615135152,1.00744401509634,100
17,4,0,10.01821830016694,0.9205944082524181,120
17,5,0,8.735087605708117,0.877012486359578,104
17,6,0,9.031841286854656,0.8917224032829973,110
17,7,0,9.423303567616852,0.8574148518663269,118
17,8,0,9.513798440918292,1.059145764221134,106
17,9,0,8.290130794057406,0.8660250945383268,96
17,10,0,9.676600986318752,1.024801613547686,112
17,11,0,9.359673510043709,0.9983301323123837,111
17,12,0,8.853916653820841,0.8761433613973985,102
17,13,0,8.66160096521546,0.7358447368058789,112
17,14,0,9.998505523399229,0.9852631509354934,121
17,15,0,10.08791177131779,1.130421340066323,112
17,16,0,9.498629342350759,0.8140999816138538,120
17,17,0,9.483922467254128,0.9474463848435033,109
17,18,0,8.535879334511112,0.7833770466380072,104
17,19,0,11.4498637578427,1.291865187154113,128
17,20,0,10.08394922555901,1.003282234597486,116
17,21,0,8.318605705116861,0.8757647291696633,98
17,22,0,7.833133086201948,0.6819825804291525,98
17,23,0,9.258190039795357,0.8632387425111078,113
17,24,0,10.47749590600409,1.028406878341863,123
17,25,0,8.918801871788482,0.8466445438292601,107
17,26,0,9.164655766431185,0.911703928125791,112
17,27,0,8.300532281344779,0.7679969282855006,100
17,28,0,11.42633676100206,1.105367464649248,134
17,29,0,8.717900056510953,0.9575965118946808,100
18,0,0,6.316800205888697,0.6408021357731659,72
18,1,0,7.455129930549973,0.687799236698301,91
18,2,0,10.05243797175944,1.075361827254914,119
18,3,0,11.96012615654369,1.265929955059635,137
18,4,0,8.667873008604587,0.8067910686412272,108
18,5,0,7.580059356607071,0.6385483996273726,98
18,6,0,10.70402727127487,1.094020063664536,124
18,7,0,8.550854254348533,0.9163966421588984,100
18,8,0,8.949719818972818,0.8491721773479304,106
18,9,0,8.626491174435806,0.8092341908957936,107
18,10,0,7.670522508053748,0.6733273371987681,96
18,11,0,10.90786114278982,1.047038650802687,131
18,12,0,9.014959346925181,0.8193364321869814,109
18,13,0,10.45452963499116,1.333932482189026,118
18,14,0,9.721118702378496,0.8935981449699734,116
18,15,0,8.328231283246671,0.7612366888138734,105
18,16,0,8.180106627112202,0.8501563849159227,97
18,17,0,8.130023178465626,0.9609124985015196,95
18,18,0,9.875025333766345,0.9752294700664453,120
18,19,0,9.368691091618604,0.9920172056986818,109
18,20,0,9.81020750058067,1.014966644280765,115
18,21,0,9.727396079554323,0.9139287857871006,118
18,22,0,10.02287577847829,0.8898068180552974,124
18,23,0,10.3593859566698,1.157245000317524,116
18,24,0,10.43141470813148,1.018867697889422,123
18,25,0,9.748244100362992,1.066262070851412,109
18,26,0,10.29361811524497,1.157392702386301,114
18,27,0,10.60962826117882,1.127928116276297,127
18,28,0,9.626098146389451,1.041314771756759,113
18,29,0,8.24135302245756,0.8078772381770657,97
19,0,0,6.017066899700312,0.603548803756394,71
19,1,0,10.9910039866927,5.169665532081712,108
19,2,0,8.138041506537284,0.9266506788478537,92
19,3,0,9.065803641250191,0.8525940224767499,114
19,4,0,8.71622488900196,0.9321114609562531,100
19,5,0,8.387813074562173,0.8741019422503901,98
19,6,0,9.805508076952011,0.9446838359005721,116
19,7,0,9.473732230021112,0.8008141460180909,122
19,8,0,8.040872818515149,0.8673145874079694,91
19,9,0,10.95680807844787,1.310448430491469,123
19,10,0,9.617772521978706,1.087725629063503,104
19,11,0,9.631544821011945,0.9594611556370285,111
19,12,0,9.596892892153264,0.899221212771259,115
19,13,0,10.40344048982849,1.009231427990666,125
19,14,0,8.08404640611435,0.7382809419851438,97
19,15,0,9.177814434778712,0.8236000863397523,112
19,16,0,10.43264314308384,1.055130935491261,121
19,17,0,8.643913480286871,0.746784329756802,109
19,18,0,10.24635797369024,0.9736101813463349,123
19,19,0,10.52662101041982,1.185699461975341,125
19,20,0,9.564221031701244,0.8937169773938847,117
19,21,0,8.435420194628351,0.9620461939626306,93
19,22,0,8.452806068625497,0.7674483872540407,102
19,23,0,10.91473224525701,1.232310451117172,124
19,24,0,8.601401582860351,0.873376049112742,102
19,25,0,8.570693417364632,0.7866693222896104,104
19,26,0,9.304303220700431,0.8799638831179983,114
19,27,0,8.226201031444262,0.7521544817274499,103
19,28,0,7.26992702412084,0.626434627010751,92
19,29,0,8.025776632865444,0.7014969224223772,101
20,0,0,6.305975544525121,0.6864559370956289,74
20,1,0,11.18839728178371,7.01582154053451,107
20,2,0,10.3908765619281,1.173200019288507,116
20,3,0,8.705179615312719,0.7446276675983351,110
20,4,0,9.211117481009644,0.9766962501817608,104
20,5,0,9.214373274146521,0.8210381509470334,116
20,6,0,9.663801645106394,0.9486145514522051,113
20,7,0,8.473704104205741,0.8113265892524242,103
20,8,0,9.233291004197616,0.8917899468452813,113
20,9,0,8.765637700395281,0.9091502544654413,106
20,10,0,10.99407221888733,1.153911888232413,124
20,11,0,7.847458116125813,0.7362108104827632,97
20,12,0,9.936069881736042,1.039101328331808,114
20,13,0,8.508103204746995,0.7995808598730365,102
20,14,0,11.02032751186479,1.143625720246555,129
20,15,0,10.20943682459322,1.016240550214226,118
20,16,0,8.74261148394161,0.8527258276202379,106
20,17,0,8.901709056051702,0.8603595752145051,108
20,18,0,8.929010493406276,0.7747180489414883,111
20,19,0,7.607750046144493,0.6700349699810233,96
20,20,0,10.28651418847076,0.986265621089203,121
20,21,0,10.05295272756835,1.003078383888319,121
20,22,0,7.332195746964372,0.6616817355146418,92
20,23,0,7.796203967115494,0.6851749951682914,96
20,24,0,9.140517745878181,0.856994118314933,113
20,25,0,9.37618351453486,0.8608286386958364,114
20,26,0,8.94949051949172,0.8031260055507022,110
20,27,0,8.739588659889904,0.7565613950181219,112
20,28,0,10.22412734027845,1.100922338653578,121
20,29,0,8.569165835926258,0.8445004452142864,104
21,0,0,7.11598223356181,0.8043493115553751,79
21,1,0,9.829930307875433,1.006226876163994,113
21,2,0,9.536764219741803,1.080062961718129,107
21,3,0,10.8775789332914,1.280463576460159,118
21,4,0,10.16776820827329,1.135737632506367,115
21,5,0,8.997008066812521,0.9508140393089579,104
21,6,0,8.50889949741927,0.7844683150348224,107
21,7,0,10.75762226346565,1.19657857577888,123
21,8,0,9.464498663268268,0.912381194734889,112
21,9,0,10.37537679272033,1.22967407486131,114
21,10,0,8.873558586920812,0.7993426615239582,108
21,11,0,7.920663403783664,0.7750833700596674,93
21,12,0,22.81741955704927,131.840790804174,138
21,13,0,8.981196895612918,0.9820004859613527,104
21,14,0,8.09259041110033,0.7959311607047541,97
21,15,0,10.7994407751379,1.089674955973093,128
21,16,0,10.34637329909395,0.9529289436197228,126
21,17,0,9.918330480246734,0.9854442448284213,116
21,18,0,9.461258632610697,0.8396597892364198,119
21,19,0,8.953481790126531,0.9877318861450261,102
21,20,0,10.35667008940984,1.062548628961292,122
21,21,0,11.08265047253891,1.099412317655057,133
21,22,0,9.359019968177011,0.8277159507487354,116
21,23,0,10.47452336356386,1.024228466705834,129
21,24,0,10.08756686980389,0.9820410313204178,119
21,25,0,10.25847946259392,1.089344420734497,119
21,26,0,8.522518607129129,0.9291678128628388,97
21,27,0,10.04540552542948,1.127865933710863,115
21,28,0,8.946223816676873,0.8571405837927339,108
21,29,0,6.80969923941168,0.8365740816111982,74
22,0,0,5.575791754656056,0.456391591184389,72
22,1,0,8.471839188719098,0.957685214557655,92
22,2,0,10.97487691175557,1.22687210687284,125
22,3,0,8.87098770220241,0.7570678033467435,112
22,4,0,9.210579441322677,0.8518589254161847,113
22,5,0,10.48251878019148,1.242383609869868,114
22,6,0,8.248872873326601,0.7298554147461143,101
22,7,0,8.021698634663586,0.6899131927516094,102
22,8,0,9.492140995028388,0.8990728394384933,114
22,9,0,9.909318709257562,1.098319011112723,114
22,10,0,9.94716860033561,1.110553418245261,110
22,11,0,8.275415436383506,0.8229486803546836,100
22,12,0,10.54272139905943,1.063959552653085,125
22,13,0,7.938061760132292,0.7080721059307378,98
22,14,0,8.721701770283893,0.894300208946144,103
22,15,0,8.427924336062626,0.7961386433306993,104
22,16,0,8.734034066347792,0.8927479361045426,101
22,17,0,9.1784750562997,0.8097772641513257,113
22,18,0,8.057680881507391,0.7733457240337174,98
22,19,0,8.365261386879878,0.8032102697528691,99
22,20,0,11.18105327347839,1.149233125163913,132
22,21,0,8.88277135088085,0.9030766727776606,103
22,22,0,10.05698180898883,1.051209215202614,115
22,23,0,7.802247284645123,0.7047047800571347,99
22,24,0,10.01192665129574,1.017218350411847,119
22,25,0,10.72271182777464,1.043747434548899,126
22,26,0,10.94554498917991,1.182515269841243,127
22,27,0,11.38858673685048,1.239420368781894,130
22,28,0,9.497001030925727,1.110299282468676,102
22,29,0,8.496564014347511,0.9864215815116375,98
23,0,0,5.604402776495307,0.5054482751872023,72
23,1,0,8.296616853096298,0.8032197680399862,101
23,2,0,10.28220312964409,1.08998883560063,119
23,3,0,8.742346896892657,0.7864964644664872,106
23,4,0,9.690782416700861,0.966789403578153,115
23,5,0,7.601671412072294,0.6633769969698496,96
23,6,0,7.669168547511192,0.7581253886252871,90
23,7,0,8.762614071288915,0.7573780479405764,110
23,8,0,7.493937835823292,0.6582298017847167,94
23,9,0,11.99527917821639,11.50396483007573,106
23,10,0,12.64848117258319,4.257226511587473,119
23,11,0,8.912483252468133,0.7928774057156761,110
23,12,0,8.536291283827504,0.9360341697832225,97
23,13,0,9.214869804808377,0.8939944970457202,109
23,14,0,10.10804867350508,1.173604410025497,111
23,15,0,9.188299051429233,0.9625362879744114,109
23,16,0,9.165649022052618,1.083599678677946,100
23,17,0,9.617834872059372,1.028984896454483,113
23,18,0,9.773245552852028,0.9768934122773135,116
23,19,0,10.15835750977183,0.9797319037190043,120
23,20,0,9.711972296259129,0.9032795937840232,120
23,21,0,10.42481400255565,1.004037993050185,128
23,22,0,10.11986114169241,0.9214841387055936,124
23,23,0,8.203009224042889,0.728626283951094,103
23,24,0,8.067751100463949,0.808792509579951,95
23,25,0,10.38424526351843,1.279394492861459,116
23,26,0,7.842959059221929,0.6725440757570065,97
23,27,0,7.339123810054318,0.5806716604701297,97
23,28,0,10.88991414053266,1.112056632652941,124
23,29,0,7.97641548164207,0.7102001442176507,97
24,0,0,7.029325512268186,0.8019755829641664,82
24,1,0,9.233697917631897,0.9190552220328212,109
24,2,0,9.649952151760345,0.9873820713630787,114
24,3,0,10.84841893332612,1.163325706705188,122
24,4,0,8.255130374692685,0.8245945843764242,98
24,5,0,8.540049907719006,0.985372350709255,94
24,6,0,9.911180349721743,1.065551356183636,112
24,7,0,9.374992954655243,0.9032205359361072,114
24,8,0,9.341526053205488,0.8955367237653331,111
24,9,0,10.33177272502755,1.147581636176431,118
24,10,0,9.590324004246915,1.136924148869609,109
24,11,0,8.796564169046743,0.8673849139629275,105
24,12,0,8.874480472809763,0.9421875594519279,104
24,13,0,8.099556274717289,0.6837266161871692,103
24,14,0,9.071181466948477,1.091816236369885,104
24,15,0,10.78240405232675,1.017842533086688,127
24,16,0,9.037738008077845,0.9390506323402374,102
24,17,0,9.429159895321177,1.022501395338609,108
24,18,0,8.979522383065136,0.8109055364301856,112
24,19,0,8.592142525497358,0.8413804971075222,102
24,20,0,8.630151784919912,0.973112687706459,101
24,21,0,9.111281910054871,0.7589508277405466,116
24,22,0,9.309088921080845,0.8828145626368129,113
24,23,0,11.24625360357469,1.137480971796679,133
24,24,0,8.717304492232977,1.031914249284544,99
24,25,0,10.08944125023747,0.9855374862551,120
24,26,0,10.20873873163401,1.037188718488192,123
24,27,0,8.923631960818234,0.7941224282567247,112
24,28,0,9.996275005297141,0.9029378083897667,122
24,29,0,8.426221952494636,0.9095766877390584,95
25,0,0,7.567897928361838,0.808475207381376,89
25,1,0,10.97280530751279,1.067207065730414,127
25,2,0,9.425461204310226,0.8268298888314912,117
25,3,0,8.802231320713048,0.8646297717976924,105
25,4,0,10.3711604536126,0.9262252738575081,127
25,5,0,9.963592430060768,0.8710208625558067,126
25,6,0,9.959967536942434,0.8789459278890422,124
25,7,0,9.225231251977119,1.199501652230453,103
25,8,0,10.45356421923699,1.083720626783684,119
25,9,0,9.073319062955957,0.8988576406683841,109
25,10,0,9.554489954840681,0.9946681428161673,113
25,11,0,10.51442386697996,1.027572035433073,128
25,12,0,10.10684658646118,0.9511000098249095,121
25,13,0,8.221476363106163,0.670269715528465,106
25,14,0,10.7175905039366,1.083124961518255,131
25,15,0,9.405185397350678,0.8759488353291026,116
25,16,0,9.589849475447332,0.9075179914136962,114
25,17,0,11.90754417016998,1.184753832051585,141
25,18,0,7.761667415353205,0.8250565116713602,92
25,19,0,9.04056156616117,0.8185509161121124,115
25,20,0,8.313081346695865,0.8326774274991844,103
25,21,0,7.751938784021683,0.635993446512901,101
25,22,0,8.154875186787846,0.8055006025529297,99
25,23,0,8.880957074104602,0.9154636073501852,106
25,24,0,10.50991263264274,1.048609446818479,126
25,25,0,10.87852855303201,1.47196410239113,118
25,26,0,9.091124822253231,0.9608305208904174,104
25,27,0,9.817788445659687,1.103106523123985,109
25,28,0,10.05181464285829,0.9480812559483845,122
25,29,0,7.394618163978776,0.7861730355733961,85
26,0,0,7.646134478098943,2.628660078749891,76
26,1,0,12.36866718065706,1.132921694325313,151
26,2,0,10.04924432702488,1.334487152290138,106
26,3,0,11.143419410283,1.697287611122427,121
26,4,0,9.743875158160211,1.86337931098061,102
26,5,0,9.077791164010183,0.8715824844373964,107
26,6,0,10.17269403772331,1.040620084596282,119
26,7,0,10.16874903907683,0.9278795461840121,123
26,8,0,8.727182310047626,0.8653745057658359,102
26,9,0,9.922230151882006,0.9192471470696338,120
26,10,0,8.918087423372095,0.8381612770767433,108
26,11,0,9.913021831495765,1.032801143016525,113
26,12,0,9.055004829421412,0.8760563705717523,111
26,13,0,9.79689635501974,1.154889254627919,109
26,14,0,9.321678544584596,0.9604905467792165,109
26,15,0,9.546121389434564,1.056809039622222,109
26,16,0,10.78323181229383,1.219958006026125,121
26,17,0,9.771869766887875,0.9872138782549638,115
26,18,0,9.125345837641909,0.83124267060282,112
26,19,0,9.899941254975547,0.8558752124963501,126
26,20,0,9.433356873598694,0.9044809991342297,116
26,21,0,11.28945342201272,1.061967213949816,136
26,22,0,10.79116134245366,1.101761947162661,127
26,23,0,11.34567063275665,1.075933384336604,135
26,24,0,11.12389807346973,1.279029074264835,123
26,25,0,10.05870394386188,1.100571764085821,111
26,26,0,9.969988388928439,1.091768761597446,116
26,27,0,8.735655317894791,1.042036888250153,94
26,28,0,9.168399024868137,1.042131277926506,101
26,29,0,8.368706583719739,0.7743892679608739,102
27,0,0,8.275502153221108,3.432135011192501,78
27,1,0,8.647681627708973,0.8492425083709899,101
27,2,0,8.698328659928173,0.7750241531649844,107
27,3,0,7.81092331404243,0.6960407675956402,96
27,4,0,10.73827941037791,1.112037520532123,122
27,5,0,9.068883213022273,0.8969330909640353,107
27,6,0,8.239162618007816,0.8444848499955186,97
27,7,0,9.025694075515096,0.8354654863418735,110
27,8,0,8.436827072915971,0.8560432707007367,98
27,9,0,11.28545399165152,1.024205599870925,139
27,10,0,11.3436615321626,2.814733729428336,118
27,11,0,8.428419360246945,0.9032404219555842,99
27,12,0,10.20823685208566,1.224643712920533,115
27,13,0,10.10789927931126,0.9227438675259184,126
27,14,0,9.31840168484276,0.9858583540967838,107
27,15,0,8.724400400689339,1.019749045981367,101
27,16,0,10.81741714294949,2.887026569256756,115
27,17,0,9.787784541576602,0.9263548367171981,120
27,18,0,7.902513510245496,0.934082248245118,88
27,19,0,10.94530089658149,1.11298289455786,128
27,20,0,8.149774226516222,0.6985744885502911,103
27,21,0,8.91836183882409,0.8528501951438757,107
27,22,0,8.657948949291475,0.8979082776636023,99
27,23,0,9.627304194437061,0.9504179483768928,116
27,24,0,9.68694072454436,0.8822550852765928,117
27,25,0,10.93683238990041,1.193958495663231,125
27,26,0,9.865535555191514,1.009260619473025,119
27,27,0,11.14344419721163,1.200127615667624,130
27,28,0,9.12761503034065,0.8799975767714947,106
27,29,0,8.599721183766311,1.100877290130015,99
28,0,0,6.758210215824821,0.6904325751740895,79
28,1,0,9.205458459469163,0.921989869703293,109
28,2,0,8.569932226331028,0.830323052643985,100
28,3,0,8.707080851507889,0.8941025426535816,101
28,4,0,8.520435972213427,0.967893552595903,96
28,5,0,10.5492803972797,1.183392363351269,119
28,6,0,10.33058536066005,1.039984733586236,124
28,7,0,9.829736398976493,1.218922602824846,109
28,8,0,8.118280943690175,0.7780111392799813,96
28,9,0,8.95504113331137,0.9123776121391077,104
28,10,0,12.65869607142684,1.438652970753632,138
28,11,0,9.244866782807774,1.055307167934889,105
28,12,0,11.09711554860202,1.094897455278562,132
28,13,0,9.794132710692214,0.9673748192204499,116
28,14,0,9.397990632825934,0.9784302253661018,106
28,15,0,9.757638284974602,1.040108328617636,115
28,16,0,9.584026071166706,0.8970982991280877,123
28,17,0,8.695813483552667,0.7999120347594825,104
28,18,0,9.849205412460513,0.8708057604183179,126
28,19,0,8.563766908878556,0.8886806007559144,100
28,20,0,8.860046777950167,0.8925772417064397,105
28,21,0,9.261781491404475,0.9151731298776492,111
28,22,0,10.45383345827753,0.976953082656639,126
28,23,0,10.94724292654476,1.09647982854968,131
28,24,0,8.573347483749133,0.8754528425789787,103
28,25,0,9.392785075767195,0.857044087960084,117
28,26,0,8.284527654228658,0.8376340981531236,98
28,27,0,8.275139404227163,0.694617832564054,106
28,28,0,8.475639388570874,0.7670837225133151,103
28,29,0,7.741989866333844,0.7378079865534445,92
29,0,0,6.102758527436391,0.7270658484326695,64
29,1,0,6.327701079073912,0.5771942459467283,77
29,2,0,6.671725333086396,0.7331660918130936,76
29,3,0,6.038971518141934,0.6755127410565136,70
29,4,0,7.386011873107718,0.7765907888896889,86
29,5,0,6.53194735820614,0.6048575199652704,80
29,6,0,6.353345799668297,0.5519362354737214,79
29,7,0,7.557383180113845,0.7928572204898404,86
29,8,0,6.624256823279774,0.7143337107974533,75
29,9,0,7.143995140271367,0.6821946768747873,84
29,10,0,7.331712599492839,0.7540961834823615,85
29,11,0,7.932886246306158,0.6989051527569602,99
29,12,0,6.328560636867118,0.6054212882222331,75
29,13,0,7.122618586453171,0.6969013352701768,83
29,14,0,8.010259026176879,0.7656795259088519,95
29,15,0,6.200073608877783,0.5285045908720697,79
29,16,0,7.684805798350885,0.8482719953227885,87
29,17,0,6.972704953138535,0.6285754738048527,86
29,18,0,6.872067060467098,0.6297196461702175,85
29,19,0,7.066818311618315,0.6864564545140488,89
29,20,0,7.664903955390975,0.7591854457457369,91
29,21,0,6.337098208767532,0.602231963108552,77
29,22,0,8.64703777658119,0.8964701554566166,99
29,23,0,7.486463560565715,0.6481074836358405,94
29,24,0,7.826624226531036,0.9020527149310449,88
29,25,0,7.084752493413209,0.6877088963307415,85
29,26,0,9.163109224905295,0.9467964048241545,110
29,27,0,9.159711740001201,0.935346061866586,110
29,28,0,6.986736669638907,0.6927381627453664,84
29,29,0,6.466419930811282,0.6413536351048018,79
