# mesh name: boxMesh_1
# primitive scorer name: doseScorer
# iX, iY, iZ, total(value) [MeV], total(val^2), entry
0,0,0,2.850780153600828,0.3027491062722802,29
0,1,0,3.757637593426054,0.5049815819316026,36
0,2,0,4.13619354178672,0.5582485628480848,37
0,3,0,3.936857479238443,0.556479849527017,35
0,4,0,5.209003997352232,0.612650247273327,52
0,5,0,5.204721714821695,0.6380954324891795,50
0,6,0,3.937439650209296,0.4041000299962161,44
0,7,0,5.309328217534532,0.5027578583768775,59
0,8,0,5.805869228312454,0.5980992729882766,63
0,9,0,5.6696315346761,0.8174102656996471,52
0,10,0,4.374619803391033,0.5056549672420375,45
0,11,0,4.633161464391399,0.4986799172483914,51
0,12,0,5.031814887377445,0.522181219298664,54
0,13,0,5.702437152626251,0.5916302572725132,62
0,14,0,4.854827570439028,0.5343045489222195,54
0,15,0,5.240791893093665,0.5597450852196341,60
0,16,0,4.11291260023712,0.3567552910298072,50
0,17,0,5.044270673921522,0.5353650612411235,60
0,18,0,5.70924156261001,0.54990950924628,68
0,19,0,6.072137546432066,0.6004651452635204,69
0,20,0,5.934203611952687,0.5833035687048005,68
0,21,0,5.273389472598915,0.5325262931510306,63
0,22,0,5.067487254290725,0.5539197281253537,58
0,23,0,5.955439976745909,0.5852503739330237,72
0,24,0,16.07408336030274,121.1291758959225,67
0,25,0,6.922817556990661,1.440295889728437,73
0,26,0,6.279939717611033,0.6961057122556323,70
0,27,0,5.566181119131157,0.5014232401536975,69
0,28,0,6.678918346019106,0.6585464382509525,79
0,29,0,6.05791269283558,0.6742703332611626,68
1,0,0,4.4167455344809,0.5848549441220762,41
1,1,0,5.74295843680065,0.695531756751205,56
1,2,0,4.330947059619602,0.4548170439020669,44
1,3,0,4.965194831137092,0.6058344330874028,51
1,4,0,4.087643596583428,0.4687320909198771,41
1,5,0,6.742931746433547,0.7389398905200276,71
1,6,0,7.838134420174037,0.8777181170734768,78
1,7,0,6.05059407151939,0.7282251655146801,58
1,8,0,6.685734931858737,0.8346449797814041,66
1,9,0,6.078595508966101,0.6402122830094741,66
1,10,0,6.513903850577353,0.7123214944706393,68
1,11,0,6.035130971956651,0.7051349611931175,62
1,12,0,6.87537412439969,0.8214445158642828,72
1,13,0,5.830549515705723,0.5406575016372638,68
1,14,0,5.296933136407972,0.498568391383815,61
1,15,0,7.692105129695006,1.0655322587106,76
1,16,0,6.586341760790947,0.7137494994849936,73
1,17,0,5.313099596583449,0.5704995381734825,60
1,18,0,7.330129328466771,0.7515718098630423,84
1,19,0,7.633667241720298,0.8839693769085419,81
1,20,0,6.878141738859866,0.633347258441363,82
1,21,0,4.917574855645646,0.4412198339716534,60
1,22,0,7.026790279239368,0.7595590306942974,80
1,23,0,7.052756895327205,0.6416743402242844,89
1,24,0,8.247812344707921,0.8728311042710266,94
1,25,0,8.877934409265688,0.9637169016526244,106
1,26,0,6.162523627543978,0.5484211065713162,77
1,27,0,7.697739477375586,0.7648040240412995,92
1,28,0,7.827213386024982,0.7473097941459244,95
1,29,0,8.418549015735014,0.8751378759370595,99
2,0,0,3.426275199430683,0.3878517133655333,35
2,1,0,4.534883814399787,0.5573460682123866,42
2,2,0,6.277408730005252,0.722772852326958,63
2,3,0,4.339726342286658,0.4637408635485815,44
2,4,0,7.196532956455532,0.8676970832107408,69
2,5,0,5.938037939364532,0.5962329410663079,64
2,6,0,8.747662133870687,0.9125513436054615,91
2,7,0,7.560833980430195,0.86776606801859,79
2,8,0,6.973810715898041,0.8247075595381652,75
2,9,0,6.438727865188386,0.7776979848451882,66
2,10,0,6.500654749348086,0.6343164469309224,75
2,11,0,7.267368664127282,0.7461746784012085,80
2,12,0,6.505217906513424,0.8653873579635348,61
2,13,0,8.017001651180319,0.8696411830868629,89
2,14,0,6.132626901781331,0.6039877218701432,68
2,15,0,7.773239151365003,0.8520874247307482,84
2,16,0,9.032482702039015,1.024622937699041,98
2,17,0,7.378596006330048,0.8044444001430915,81
2,18,0,6.789786042127144,0.693966528902036,77
2,19,0,7.274320710095955,0.7777340631547679,83
2,20,0,7.314571906340698,0.6860743318895185,87
2,21,0,8.065900958643748,0.8242692521447639,93
2,22,0,8.312071236522254,0.9582955805131658,98
2,23,0,8.622625665961522,0.9471873372182161,99
2,24,0,7.836120868999972,0.7261096303106859,96
2,25,0,7.527764780323246,0.6409744215989051,95
2,26,0,8.804483518606318,0.8121963852685717,105
2,27,0,7.532990267518922,0.7534145850171727,91
2,28,0,8.666537158048099,0.7038388225973496,113
2,29,0,8.145592851418698,0.8103214204107728,100
3,0,0,3.941170142420457,0.5502540836921426,37
3,1,0,6.417683062079018,0.7330545504744821,66
3,2,0,6.268565709369564,0.7044661588674606,62
3,3,0,6.768386058389823,0.8276716446490004,64
3,4,0,8.318210891534187,0.846726737199483,87
3,5,0,7.356695767873879,0.8730887869264808,72
3,6,0,7.75065802075137,0.8493349818158278,79
3,7,0,8.8891573450225,1.050195445836077,94
3,8,0,8.076883135386678,0.8327246680080248,86
3,9,0,6.896903814733152,0.7747135388466924,71
3,10,0,7.961675571143994,0.9351611334924278,81
3,11,0,20.14135651369392,187.0004481092178,74
3,12,0,11.80224743930558,21.69659728391986,84
3,13,0,9.008193270727002,1.157686265899473,91
3,14,0,8.944570545854731,0.8600539854484968,104
3,15,0,6.419851643877822,0.6398190144763694,71
3,16,0,8.030108526350224,0.8349127399983145,90
3,17,0,7.105421307462944,0.7177836634418008,80
3,18,0,8.299061032745271,2.846435049457938,80
3,19,0,9.855123458581941,1.230239518615714,101
3,20,0,8.781322434318783,1.039675445831573,95
3,21,0,8.486305627592067,0.917655182083289,95
3,22,0,14.41366890360824,21.85161585667632,116
3,23,0,8.056735615053386,0.7084092584389263,98
3,24,0,10.04350780611979,1.115480257235014,112
3,25,0,10.22394654653328,1.112605642940838,117
3,26,0,8.282261482560571,0.8916147146133954,96
3,27,0,7.715034641349708,0.6721963912946438,99
3,28,0,7.939908586982289,0.9984821539308765,86
3,29,0,8.494522250648881,0.7839465352447138,106
4,0,0,4.951332727847205,0.6187390898838671,46
4,1,0,5.589607133984789,0.7265150878142506,52
4,2,0,7.021911472864939,0.8724503020674542,67
4,3,0,7.702311501999623,0.9491013979838753,76
4,4,0,6.845995963595671,0.7716196788515658,69
4,5,0,8.158732603242656,0.9021816118496265,84
4,6,0,8.119036818174225,0.8417693644570213,86
4,7,0,6.152433788830322,0.6640175459358675,66
4,8,0,7.154512983651524,0.908189016218869,71
4,9,0,8.24052339955758,0.9194088161495535,87
4,10,0,9.378609711517985,1.124083455520058,96
4,11,0,9.634156736627911,1.238237972940361,94
4,12,0,8.71544058494654,1.043496805448753,91
4,13,0,8.427820497076512,0.8360202233779052,95
4,14,0,9.666122378251302,1.151040088379988,106
4,15,0,8.87574391402358,0.8956380636955658,101
4,16,0,10.24082454439993,1.194195340819433,106
4,17,0,8.011612164123829,0.8462351094983112,89
4,18,0,9.121223505835895,0.9150355006029737,102
4,19,0,9.087958174954506,0.9259722502564663,105
4,20,0,9.225630280079496,0.8847542383793797,111
4,21,0,9.349801380127225,0.8746817046266646,112
4,22,0,8.99045106168602,0.8759114908515263,108
4,23,0,8.944758878347621,0.9494579318480781,102
4,24,0,15.48865400933434,60.75987534587829,92
4,25,0,10.33369433513131,1.197612833880009,114
4,26,0,9.080008978471927,0.8849786117459784,111
4,27,0,10.02556392136668,1.168389624807589,117
4,28,0,9.018423633921383,0.8826879377553488,110
4,29,0,8.084717163250886,0.8329309751138039,96
5,0,0,4.942075024314089,0.5448225712364489,49
5,1,0,5.933756408352765,0.6710827905228784,61
5,2,0,7.023317233951576,0.7676014402820431,71
5,3,0,9.170344003102839,1.082747317961793,90
5,4,0,8.141432719262799,1.004194997295129,79
5,5,0,7.650948673026168,0.9026961934301942,79
5,6,0,8.199063942580201,0.9541878427258335,81
5,7,0,8.943106102967757,0.9774471240178059,93
5,8,0,7.603198768183322,0.7133382961782445,87
5,9,0,8.449809979083941,1.00966823748516,87
5,10,0,8.382802116516514,0.9767445473540211,88
5,11,0,10.23121760774505,1.471048549805561,110
5,12,0,8.590457140467745,0.8213760514074224,100
5,13,0,7.462471784971999,0.7263948936001754,84
5,14,0,8.166324124694631,0.8386711927705138,93
5,15,0,9.151239281040789,1.060916713809864,95
5,16,0,9.557710807508798,0.9170414894289894,111
5,17,0,8.546834754649279,0.7921268964858572,101
5,18,0,8.625840970488298,0.9047557101618713,96
5,19,0,8.956183155834157,1.081882988268936,95
5,20,0,16.78197003355176,70.6616057308171,97
5,21,0,10.06544146829862,0.9790619779727905,115
5,22,0,7.424239086768235,0.6540295131072821,92
5,23,0,8.564466109213896,0.8023344395220823,101
5,24,0,15.85768734508678,52.08341106329907,103
5,25,0,9.300155335842508,0.9088181993429725,110
5,26,0,8.461519258620557,0.8294423417206082,103
5,27,0,9.436851401228727,1.071997250543505,106
5,28,0,9.296160527577657,0.8139648917801177,115
5,29,0,9.329031317956353,0.876628785848406,116
6,0,0,4.054686843747401,0.476174070278237,38
6,1,0,5.800904650402945,0.7627895623880941,52
6,2,0,7.719654556685267,0.8387302027448676,80
6,3,0,6.613451056752193,0.7805964116234317,64
6,4,0,10.85986170179532,1.330355537125991,106
6,5,0,11.31042428114483,1.504612542906501,106
6,6,0,10.60787375703266,1.284825566567673,104
6,7,0,10.92980187462622,1.523708226792127,103
6,8,0,8.316597200235391,0.8862202174789796,90
6,9,0,8.94615678440174,1.114689763970989,93
6,10,0,8.683847226179495,0.9233456672388506,93
6,11,0,7.894214007799296,0.8450948436311722,85
6,12,0,9.026147108088821,0.896596658776274,104
6,13,0,8.203996620309887,0.9825146753517102,85
6,14,0,8.918913830487329,0.9684020175391618,95
6,15,0,10.28041370214512,1.054861282451554,112
6,16,0,8.793374558645482,0.9040023280911907,98
6,17,0,8.894646988576691,0.9232947974865853,97
6,18,0,9.046454539320836,0.9149125432680218,101
6,19,0,9.283355188603684,0.8778719987753738,111
6,20,0,8.784895513199844,0.8061695820990553,105
6,21,0,7.648691998962669,0.7319036792927238,90
6,22,0,9.775940191039913,0.9731748378674805,114
6,23,0,9.301621165114909,0.912909781023249,106
6,24,0,8.73230985271794,0.7812620820398019,107
6,25,0,10.3748901455487,1.072577575308971,116
6,26,0,10.39142981331327,1.089181593424269,119
6,27,0,7.760830705192254,0.7040428209718274,94
6,28,0,8.901117322035324,0.8180326298165199,110
6,29,0,9.779729414735209,1.188498112256874,107
7,0,0,5.613160127850199,0.6029438246823259,57
7,1,0,7.474882706115956,1.032935074186178,68
7,2,0,6.984742860837389,0.7570358725158632,72
7,3,0,8.244353959283268,0.9436483576102405,81
7,4,0,9.436548338640218,1.136110498609058,91
7,5,0,7.548145113672824,0.8195969133391043,77
7,6,0,8.625798442586028,0.9216088642452974,92
7,7,0,8.977753955926662,0.9770802649753809,95
7,8,0,10.39466576056585,1.221010588416433,106
7,9,0,9.468604965205666,0.9699527699511008,101
7,10,0,9.907355004785618,1.078110208808492,103
7,11,0,10.32462343903817,1.146335752875541,108
7,12,0,9.158800458246811,1.03931178905868,95
7,13,0,8.845661769652454,0.9280106237606642,96
7,14,0,10.28122994285122,1.16324894117852,111
7,15,0,10.00326711941958,1.004619602871382,112
7,16,0,9.84706894786213,1.037042195747066,113
7,17,0,9.11522106119515,0.9958698293116283,103
7,18,0,9.692278973292892,1.065474057353412,110
7,19,0,10.49319139423328,1.237634530107246,116
7,20,0,9.701786288376221,1.183187608144516,103
7,21,0,8.31163245063334,0.9076202477235764,91
7,22,0,7.180201057182959,0.5828587225721548,94
7,23,0,9.975645812164261,1.038459601422702,113
7,24,0,10.11124759328075,1.006932643270795,118
7,25,0,9.594208153338286,1.091717440149341,111
7,26,0,7.575145887133679,0.7011051883212447,93
7,27,0,10.4122562185983,1.046063299414255,122
7,28,0,9.602837094056873,1.130735116187876,108
7,29,0,9.735869146264454,0.9290798650954833,119
8,0,0,4.691858648911638,0.4838029308903868,49
8,1,0,8.18901138773896,1.012991194914694,80
8,2,0,7.820551003272511,1.120484630418134,70
8,3,0,9.733006268562219,1.125111681181445,97
8,4,0,10.37092009365786,1.3338252577253,101
8,5,0,8.572500988739094,0.9131853790867152,92
8,6,0,8.426745392986252,0.8386601271406913,90
8,7,0,9.225089157670137,1.100218380273727,92
8,8,0,9.637639692891126,1.026648952502089,100
8,9,0,8.638205656264365,1.086636057607782,89
8,10,0,8.019560190646333,0.7831372608930989,89
8,11,0,7.566837998930402,0.8519944337028273,80
8,12,0,7.779335345933665,0.8707118378355114,82
8,13,0,8.516826361095697,0.969665042173361,92
8,14,0,7.839220842570223,0.7394820893424555,90
8,15,0,8.862989265258298,0.9158403426917332,99
8,16,0,8.356722974723528,0.8986128457229243,96
8,17,0,10.07781086303654,1.015727539480446,114
8,18,0,11.12871659697833,1.062330600110417,128
8,19,0,9.070862417017031,0.9488281399393526,100
8,20,0,9.306732524666012,0.9637737726579646,107
8,21,0,7.770716729314736,0.80216575462656,90
8,22,0,10.06121349541204,0.915994949227904,121
8,23,0,8.086147271758458,0.7264196478538448,98
8,24,0,8.455134649180325,0.8260420081575557,97
8,25,0,9.340423298935297,0.8316194378022468,114
8,26,0,9.551704225809463,0.9186637141036608,114
8,27,0,9.299415341865235,1.049265071235917,108
8,28,0,8.992436341838129,0.8622904139113224,110
8,29,0,8.201486683548078,0.8423359987414262,96
9,0,0,4.936644355235647,0.5778096606565851,50
9,1,0,5.676537894418484,0.7353083937549805,56
9,2,0,5.994296338440704,0.7570271542118018,56
9,3,0,8.368500838300578,1.022982933300263,81
9,4,0,8.599048662536999,1.078249012155788,86
9,5,0,9.81428074219054,1.089836788674842,101
9,6,0,9.068213239791703,0.9773949284633455,92
9,7,0,9.661236640960878,1.075957211951871,99
9,8,0,14.42152111244675,10.96676330639831,125
9,9,0,9.452759671859377,1.101991677566954,100
9,10,0,8.512521385643225,0.8673686819399052,93
9,11,0,8.279244525604758,0.8339940436358779,92
9,12,0,8.167440851658668,0.8347547200386536,91
9,13,0,11.42677800363075,1.292130037792601,124
9,14,0,10.55339803252553,1.250028335726439,113
9,15,0,7.936126356327745,0.7867062748271966,92
9,16,0,8.581837055557338,0.9138772730026582,96
9,17,0,10.68955440777056,1.056673596700938,122
9,18,0,8.291782758701585,0.7132657831214384,103
9,19,0,8.513491568451286,1.02979932107309,93
9,20,0,10.15918119498851,1.00472103655108,117
9,21,0,9.585436073691456,0.9268295630081472,111
9,22,0,8.582401537701614,0.7919334458109287,104
9,23,0,8.458851750204744,0.9288852632657464,95
9,24,0,9.943654502326988,0.9363621515863203,120
9,25,0,10.20700642061325,0.8604740707379509,130
9,26,0,8.719949694618506,0.9474965924578499,103
9,27,0,8.491717732511848,0.7105268904375975,108
9,28,0,9.440090607408006,0.959137776822258,107
9,29,0,8.577888082358815,0.7986213630047484,104
10,0,0,5.042097647511918,0.5215009798960678,53
10,1,0,5.729082564479104,0.5788991409429352,61
10,2,0,6.210186560827742,0.6728017730251051,62
10,3,0,8.666698484315422,1.066370517934974,85
10,4,0,9.187762297752295,1.125798413095567,89
10,5,0,10.22116791222567,1.188886957106412,103
10,6,0,9.203773829092293,1.084257128285288,92
10,7,0,8.789323362876999,1.096481510574163,87
10,8,0,8.507666439551146,0.8968675381352781,93
10,9,0,9.013594108198017,0.8634105444413366,103
10,10,0,8.341590666001327,0.8619496211913629,91
10,11,0,7.544278890755077,0.7026892957651062,87
10,12,0,10.05484513369688,1.072247546164861,109
10,13,0,7.872894137017121,0.7624526531751284,88
10,14,0,10.01766273346138,1.306482071609802,97
10,15,0,7.328938786960832,0.7229029223728042,88
10,16,0,10.50878855044358,1.230893811311164,111
10,17,0,6.187293711464482,0.6597109137318122,70
10,18,0,9.679510130024651,0.9088462245023923,114
10,19,0,8.519085349449769,0.9941249204405026,92
10,20,0,9.336458732125338,0.849434383663217,113
10,21,0,9.028804983201198,0.8284456952074348,110
10,22,0,11.4794955230977,2.276863850614671,119
10,23,0,8.024501085592725,0.7210032006308282,99
10,24,0,7.992969971636994,0.8137550171602321,98
10,25,0,9.575075965655607,0.9490977431739366,114
10,26,0,9.491239807649414,0.8957019852607677,118
10,27,0,7.984713901157528,0.7318467125190026,98
10,28,0,8.831070024004648,0.9908796088231316,100
10,29,0,9.009851318087726,1.069783820781775,105
11,0,0,5.3657447669286,0.6068102580882286,55
11,1,0,6.813790755548462,0.8840979975221741,64
11,2,0,6.247812768554491,0.6466081277495517,66
11,3,0,9.262507311424788,1.052837699085546,94
11,4,0,8.53258947528092,0.9607900198948564,88
11,5,0,8.556568134682564,0.8660661912636112,90
11,6,0,9.696650875750246,1.007591332473876,103
11,7,0,9.781394523649283,1.035841868639141,101
11,8,0,7.353276176037292,0.7793267638928666,78
11,9,0,9.581981215836837,0.9287933334635405,105
11,10,0,8.997488900498523,0.925415652248499,101
11,11,0,9.083537156396908,0.8496286687337059,108
11,12,0,9.225267488191529,0.8723686964617993,105
11,13,0,8.854330996772276,0.949211232107484,97
11,14,0,8.204981931753686,0.8682568525835772,90
11,15,0,9.560809109504252,1.046355465230207,105
11,16,0,10.73383351873529,1.06145710703536,123
11,17,0,6.743774481645334,0.6235255933059705,82
11,18,0,8.895957550172628,0.8921321400556964,100
11,19,0,8.441580775819947,0.8447893206193203,98
11,20,0,8.700280332211182,0.8541449015820436,102
11,21,0,9.938852993814589,1.040202707770592,113
11,22,0,10.18508786717663,1.167636243842371,115
11,23,0,10.56058155753691,1.1261121578501,120
11,24,0,8.198729837667317,0.8544854190855591,95
11,25,0,8.447456406319954,0.9861729281864119,94
11,26,0,9.680996527403682,1.036617188361854,115
11,27,0,6.690833254582872,0.5654309942238408,88
11,28,0,10.4613894628925,1.131279056546756,123
11,29,0,8.790524954076728,0.8801270060604663,103
12,0,0,6.014327516368173,0.6612257761062018,61
12,1,0,5.354246664478779,0.6052149078996119,53
12,2,0,8.60322597175778,0.9637047190774881,88
12,3,0,7.664707415302912,0.9003692400468872,75
12,4,0,7.42424391929269,0.7496070634029369,79
12,5,0,8.069928539760252,0.9215327144189792,83
12,6,0,9.505771644125817,1.07648064528243,93
12,7,0,9.578837341003894,0.9434960161381828,106
12,8,0,9.205032191142202,0.9415753149571929,100
12,9,0,8.504428594162219,0.9475297636885596,87
12,10,0,7.983080227228837,0.8166316377279873,90
12,11,0,9.016820888553378,0.9230898059687065,103
12,12,0,10.60970831389038,1.066310711138211,117
12,13,0,8.47083086670785,1.183739081320895,83
12,14,0,9.354166474427066,0.9526670526322318,103
12,15,0,9.886773229313389,1.040854635708684,107
12,16,0,9.673405311894482,0.9784979177434464,109
12,17,0,9.141965842325273,1.005171156999824,99
12,18,0,8.265969940245208,0.7706794662193844,102
12,19,0,8.582410282664252,0.8416827937620472,100
12,20,0,9.148365082550587,0.8734058844406695,110
12,21,0,9.466828330426537,1.011882697613135,112
12,22,0,9.534587326585854,0.9730005375319863,108
12,23,0,10.92797094865973,1.185637391959338,125
12,24,0,9.874155607482722,1.288341791802764,102
12,25,0,8.422890918388253,0.8286692460400924,98
12,26,0,8.253281829653826,0.8204576097786854,96
12,27,0,9.215964856944192,1.051151011439284,106
12,28,0,9.078988513098086,0.7941794541447482,114
12,29,0,8.497395235322605,0.9131182920529893,100
13,0,0,6.43494026212657,0.7293034719485203,64
13,1,0,6.852244997986566,0.8429485337577646,64
13,2,0,7.12585106837271,0.8515757668256987,69
13,3,0,7.726347889972542,0.7881243030679809,80
13,4,0,9.054533854488476,1.177444835797188,85
13,5,0,7.53581880964612,0.7417340022536713,81
13,6,0,9.670698490098669,1.05318842835632,102
13,7,0,9.229839727839543,1.019714741841257,97
13,8,0,10.25781634831642,1.231925001518697,99
13,9,0,7.548818959750105,0.7266052120525638,85
13,10,0,7.43803256959445,0.7318922001564437,82
13,11,0,9.218371453705318,1.105497247955331,93
13,12,0,9.049223464491913,1.005465435037648,95
13,13,0,9.317142375586142,0.9649930046626166,100
13,14,0,9.693426188611527,1.300488297576921,99
13,15,0,9.767534084049613,0.9934177210445467,111
13,16,0,8.717761590802581,0.9745986109786758,94
13,17,0,8.90099270207363,0.9221778246271767,98
13,18,0,10.4744209167551,1.088284940811039,117
13,19,0,9.453208593891523,1.028711665713355,106
13,20,0,7.494867677223784,0.7478800598608378,87
13,21,0,10.84125598010134,1.348135361588414,113
13,22,0,8.363058252961334,0.7150881660323959,105
13,23,0,9.804680083232741,1.048343084207902,110
13,24,0,9.542652914876463,1.150886387159683,104
13,25,0,10.198222172098,0.9767484999640604,121
13,26,0,9.567767497848211,0.9410378384729584,115
13,27,0,10.04282008275286,1.082488229350365,119
13,28,0,8.619564427417293,0.969381493298049,98
13,29,0,8.160927490515533,0.8920629338780001,95
14,0,0,4.875108921629549,0.5589312662656678,48
14,1,0,6.590263481162763,0.8728022477270365,62
14,2,0,7.109464915452703,0.7721368038163189,72
14,3,0,8.350647615372424,0.9843250232144232,85
14,4,0,9.481282044910087,1.087044432563575,94
14,5,0,9.559809478421151,1.028454514137456,103
14,6,0,8.98156863724618,1.150003187163537,92
14,7,0,9.645821376660562,1.079259895183144,101
14,8,0,9.523923165570677,0.9520160303235541,106
14,9,0,8.539140274940968,0.9018596135545172,93
14,10,0,7.4516089975314,0.7401598633554384,83
14,11,0,8.396990635439229,0.877410164424705,94
14,12,0,8.054974898872322,0.8234530557423454,89
14,13,0,10.49679436848307,1.171332555920508,109
14,14,0,9.521163067341455,0.9447009909780372,109
14,15,0,8.12821824945344,0.9497896319518508,87
14,16,0,10.83027174017982,1.222344178088535,119
14,17,0,9.243694712864066,1.128500273144751,103
14,18,0,8.618064338426457,0.9013265860797726,98
14,19,0,9.145417866091174,0.8887749138464132,106
14,20,0,9.377550863612322,1.054367731386931,106
14,21,0,8.3959573331401,1.070937365925136,92
14,22,0,8.729375094936151,0.8686557773037444,107
14,23,0,16.65759649953315,44.2499916019222,117
14,24,0,9.734652774678626,0.9676245303875618,115
14,25,0,7.374457617523711,0.7056707765942704,92
14,26,0,9.381598862729932,0.7726275970138851,122
14,27,0,9.4345634758318,1.000127360213886,111
14,28,0,7.674378255379509,0.685514862988906,96
14,29,0,9.323789665427849,0.835344714784916,119
15,0,0,4.32638792914927,0.4747267302657301,45
15,1,0,8.297551110610469,1.034845925338611,81
15,2,0,8.031969992872735,0.8480011730592658,85
15,3,0,9.380277801344397,1.115910721192923,91
15,4,0,8.390073255032393,1.022458291002269,83
15,5,0,8.147601485758839,0.9514151834794293,81
15,6,0,9.092328293650153,0.9776087321614059,95
15,7,0,7.719126906166466,0.7708877163446159,86
15,8,0,9.063489832721729,1.280155956949619,88
15,9,0,7.799486550451248,0.8041340714945147,86
15,10,0,10.3367231008181,1.113199957960885,109
15,11,0,8.359340134783006,0.8902641535474797,90
15,12,0,10.30590141378653,1.49500197553637,101
15,13,0,8.223270332058295,0.7978355156914525,96
15,14,0,10.55399920698585,1.129433045424881,115
15,15,0,9.004409417080272,0.8683232406328057,104
15,16,0,8.947950965866072,1.014575152803133,99
15,17,0,8.001065673400049,0.8466316300598512,90
15,18,0,8.935896293807705,0.9995990823634233,100
15,19,0,8.206543176181404,0.7935183260951895,96
15,20,0,9.786559547405284,0.980953894395453,117
15,21,0,8.853525791116237,1.004567750075699,99
15,22,0,9.134384899492197,0.8513578434567808,112
15,23,0,10.23711983912361,1.057127188551707,119
15,24,0,7.231392216179116,0.6629376751137406,88
15,25,0,9.956646118336305,1.012528819591721,119
15,26,0,8.657557094480458,0.8730767785488064,103
15,27,0,10.34813188185016,0.9851453204592204,125
15,28,0,8.080755660291114,0.6546379269954449,107
15,29,0,6.579121735941048,0.5365177239987157,86
16,0,0,4.74774076397718,0.5173927335953421,49
16,1,0,5.634703492315132,0.594948198524513,58
16,2,0,7.120144979058016,0.8938868303453228,70
16,3,0,7.428897722926637,0.8817568384891459,76
16,4,0,8.887506712985594,1.023837077818845,88
16,5,0,6.803938425065113,0.7272723376410656,69
16,6,0,8.004538859972117,0.9226053303965684,84
16,7,0,8.120435372031714,0.9421192575984862,82
16,8,0,8.287696294535358,0.9680237558418163,85
16,9,0,9.487852276521798,1.127531086198998,97
16,10,0,7.630128260288028,0.7958952999800771,83
16,11,0,8.910916330722165,1.117964451186808,92
16,12,0,9.557412802897748,1.880465769064075,98
16,13,0,10.47143497520542,1.178043807895971,110
16,14,0,9.651234426152083,1.306887918487831,98
16,15,0,9.487404423776557,1.008562815490539,108
16,16,0,8.287621992783766,0.7533466381130729,99
16,17,0,8.751190648923734,1.00438687066577,95
16,18,0,8.95977387754337,0.9994553543809812,98
16,19,0,9.250846163940633,0.8509597120158435,111
16,20,0,9.126668689034515,1.113571126024876,99
16,21,0,8.166785184700284,0.7265081978331495,98
16,22,0,9.737465701015468,0.9820454094115556,114
16,23,0,10.31047386733741,0.9722268542127595,126
16,24,0,7.846810705826865,0.7852458958544973,91
16,25,0,10.00677017762581,0.9960191120822278,119
16,26,0,10.51392314327324,1.074234310229945,123
16,27,0,8.71603172075927,0.8627073693399472,103
16,28,0,7.483947741088012,0.7055450411742653,94
16,29,0,8.440971742948941,0.8555561388772175,101
17,0,0,5.168128104955152,0.5730275032345586,51
17,1,0,5.472438292798954,0.6688238953269731,53
17,2,0,7.626633108853767,0.860484979716742,74
17,3,0,8.123690814116323,0.8906887076371567,83
17,4,0,7.23767146683069,0.7987115291466403,74
17,5,0,8.236580299614102,1.055997601452505,77
17,6,0,7.043351987407184,0.7723068283986009,75
17,7,0,9.847608425527348,1.045831723819139,102
17,8,0,8.157984137169567,1.02146798854423,81
17,9,0,10.09281720600094,1.075643970259879,109
17,10,0,9.990211446410212,1.160612285048866,105
17,11,0,7.885683002444693,0.8603678970959272,83
17,12,0,9.170911148742272,0.9528270112494313,100
17,13,0,10.13668682264132,1.120202990870329,108
17,14,0,9.852654733812765,1.069398070027139,107
17,15,0,7.301620557737577,0.6533252354485032,88
17,16,0,8.015148820915817,0.7811972868371261,93
17,17,0,7.413377337747212,0.6545697137291171,90
17,18,0,9.005493905850546,0.9551264585813942,100
17,19,0,9.213204015411312,0.8497145241141296,112
17,20,0,8.101258542829569,0.8539350375123365,90
17,21,0,10.82389852884344,1.072568050200632,127
17,22,0,9.714401451085532,0.8588845915487811,120
17,23,0,9.749774560941095,1.131958500657797,108
17,24,0,9.039921391063343,0.9727509922095658,103
17,25,0,10.04654424761034,1.006828218357506,116
17,26,0,9.754080170111596,1.07785125950717,114
17,27,0,7.91029016134591,0.6281249333301203,106
17,28,0,8.710046685834641,0.9153062079761525,104
17,29,0,9.245268632386573,0.9575588494687547,105
18,0,0,4.646385379245071,0.7023797469964462,39
18,1,0,7.208099870462895,0.8606519243394463,70
18,2,0,7.773250479595685,0.9529185079480693,72
18,3,0,8.087766298057414,0.8297586724079753,87
18,4,0,7.691155011581228,0.93466974560145,74
18,5,0,8.94023560765531,0.9372158079484593,94
18,6,0,7.743770696790323,0.9081562530138741,80
18,7,0,10.54223660310437,1.308053484238329,101
18,8,0,7.841119485533642,0.8606392911327764,83
18,9,0,8.832585859318272,0.9717818930782638,91
18,10,0,10.22429759048642,0.9794388404515122,115
18,11,0,9.385207011309543,1.009275487881906,105
18,12,0,9.247994291560548,0.9649034250601471,99
18,13,0,8.597782646784886,1.005867324038162,94
18,14,0,8.960977769240017,0.8767313859072715,103
18,15,0,8.261834157151025,0.8112511053992978,94
18,16,0,9.476138772757949,1.058955174488425,101
18,17,0,10.350722546835,0.9898649864376845,119
18,18,0,8.935376078044397,0.9820287066282944,99
18,19,0,9.475051884351895,1.074971228073788,103
18,20,0,12.11116067444617,15.92579121194992,95
18,21,0,9.880916575389172,1.150519081632835,109
18,22,0,9.772129699751167,1.03862640688088,111
18,23,0,8.435841112158693,0.7931300712337271,101
18,24,0,10.12822344599735,1.147804671145586,110
18,25,0,8.648850867748941,0.9000619431307193,102
18,26,0,10.5212771403883,0.9558752564226938,132
18,27,0,10.06321499886247,1.014427681018648,121
18,28,0,8.419718556319097,0.6814780198046615,111
18,29,0,8.669462134156735,0.9149797349084727,100
19,0,0,4.297779756783545,0.4884276972467019,42
19,1,0,5.213052420662208,0.6172734910547444,53
19,2,0,5.870564743501982,0.6585764266889766,59
19,3,0,7.564723250924776,0.8309780649222928,75
19,4,0,8.03691985657089,0.8154708001668233,86
19,5,0,7.958493805157488,0.8506735120481256,84
19,6,0,9.007676007344912,1.000277005470869,94
19,7,0,8.665152631169779,0.9334706864265953,89
19,8,0,8.572832812103757,1.000653452316991,86
19,9,0,9.932754234104658,1.057693130041784,105
19,10,0,9.84921422295688,1.013277238718689,107
19,11,0,10.87443742343793,1.230787222509011,115
19,12,0,10.7116855594804,1.343202326356311,110
19,13,0,8.405115690414522,0.9256288596459074,92
19,14,0,10.59666138617068,1.202816111486093,116
19,15,0,9.913119016418015,1.027896442638443,112
19,16,0,10.36682276226244,1.152018869789473,113
19,17,0,8.535529369813501,0.9641638926872027,93
19,18,0,8.212104326436949,0.8547752044383459,95
19,19,0,9.561819709426727,1.060263324145232,107
19,20,0,8.097404290712259,0.7972663509578539,94
19,21,0,8.771669675181647,0.917266737194797,103
19,22,0,8.19446752538567,0.8736828621034963,96
19,23,0,10.42659413723188,1.298516838669374,112
19,24,0,10.24425205257706,1.150621637732578,114
19,25,0,8.310338741474025,0.8283334036539864,95
19,26,0,9.05991538072151,0.829172016492461,112
19,27,0,8.653092468260006,0.7560101092357222,110
19,28,0,8.702175424398218,0.7840981113580663,109
19,29,0,6.703793338308878,0.5713585764599896,88
20,0,0,4.955173409212733,0.5247747994703575,52
20,1,0,6.032964177423475,0.5812030578827282,66
20,2,0,7.687910331333902,1.175668146694773,66
20,3,0,7.308901374581907,0.8814983693587701,71
20,4,0,9.12598349917123,1.14706803895312,92
20,5,0,8.184652559938394,0.9310483772152245,82
20,6,0,8.641403909720706,1.024714264785366,87
20,7,0,9.658870633263328,1.118776076830953,96
20,8,0,9.961598193761567,1.373023745801313,101
20,9,0,9.07881895856082,1.07921887122541,97
20,10,0,9.809241164277026,1.003453406725813,106
20,11,0,10.93819258974326,1.173912672774856,120
20,12,0,9.693754385421217,1.110887579357488,103
20,13,0,9.729575631751562,1.136775811585556,102
20,14,0,8.25785768558176,0.8553163398149065,92
20,15,0,9.459540720560698,1.111443707506187,104
20,16,0,8.800796436798988,0.8661427657915373,102
20,17,0,9.642991382997009,0.9407666363159997,111
20,18,0,7.651107667790518,0.7183117909264218,92
20,19,0,8.462980379709309,0.8823516874748571,95
20,20,0,10.18113671818979,1.035280406560424,117
20,21,0,7.253296685956365,0.7137548702154003,84
20,22,0,8.217233915287292,0.8724741908502143,94
20,23,0,9.211824230457818,1.082080056839223,100
20,24,0,8.910040607639717,0.8852628913430491,107
20,25,0,9.187117821959236,0.8991824785439479,108
20,26,0,8.413546592115326,0.8306617622041467,103
20,27,0,9.027925052822713,0.7782540913736805,115
20,28,0,11.87961746719376,1.354123047863041,139
20,29,0,9.370932433846837,0.881595240883451,113
21,0,0,4.948737530515695,0.5545379476725208,50
21,1,0,5.60250582569307,0.7078811058046958,50
21,2,0,7.607553244581807,0.8864077984006842,73
21,3,0,8.439096444912215,0.9948453507199814,81
21,4,0,8.703782320762915,0.9394610117108948,89
21,5,0,9.681592445248711,1.125115510729857,98
21,6,0,7.333324784015836,0.7316401466449644,80
21,7,0,11.0365561145803,1.315938088124674,112
21,8,0,10.36563514462136,1.189617104337586,108
21,9,0,9.19647231261346,0.9927809888220737,94
21,10,0,10.81130025994951,1.262226502502685,118
21,11,0,10.70623363951593,1.251486929230712,111
21,12,0,8.354838913751204,0.8171558971725758,94
21,13,0,7.654800956984755,0.8120707170001139,84
21,14,0,8.760913142032857,0.7939453179647868,104
21,15,0,9.704172396140988,1.16253702345322,102
21,16,0,8.825946386012951,0.817838785925575,103
21,17,0,9.948440919587435,0.9074563676346622,119
21,18,0,12.60624275756001,9.049620054027077,110
21,19,0,6.401427576111918,0.8214928343050555,68
21,20,0,9.164931114970456,0.8804504678590958,111
21,21,0,10.24083167651017,1.198537327403221,112
21,22,0,10.78401949994283,0.9842058662418171,128
21,23,0,8.657057513894063,0.7609366680292967,108
21,24,0,8.901337610660892,0.9260819325766209,108
21,25,0,8.933738809961122,0.8817184416362724,110
21,26,0,9.142607356992221,0.9193061152360448,108
21,27,0,9.427706770333456,1.017233439970854,110
21,28,0,6.878409766748661,0.58616501181193,92
21,29,0,8.328429166185648,0.81328701381402,99
22,0,0,4.662990086613585,0.4779932991366373,48
22,1,0,4.638507662076979,0.4660541271713057,49
22,2,0,7.562451526170546,0.7883521427039824,80
22,3,0,8.024476560051749,0.9054694056827024,81
22,4,0,7.545822518161684,0.7383799758681692,82
22,5,0,7.357912844480504,0.92259790263721,74
22,6,0,9.696484666366487,1.386932701474747,93
22,7,0,10.16848160562279,1.197274089078372,100
22,8,0,9.838280504653431,1.065715629379185,104
22,9,0,9.804131716029726,1.293376353379384,93
22,10,0,9.280850540001559,1.048822475788938,96
22,11,0,10.09717250279833,1.141376223858149,108
22,12,0,10.65727646651436,6.576595414985865,94
22,13,0,12.6856680307914,10.70373651306328,103
22,14,0,12.74144936610535,8.103366991240112,114
22,15,0,10.61915953548574,1.640875505397089,115
22,16,0,10.17491161502326,1.017811381131569,115
22,17,0,9.308701864310803,1.208398529221967,94
22,18,0,10.52845789543899,1.171849695955722,114
22,19,0,10.28540139015862,1.208516462762548,108
22,20,0,9.771847248373668,0.96488076461784,115
22,21,0,8.846223243454727,0.8320530925788771,108
22,22,0,10.26010902812996,1.230522467497074,113
22,23,0,9.215243844973172,0.9983785683842333,107
22,24,0,8.801899652830356,0.8170184620592934,106
22,25,0,9.115646535327528,0.8768664431676596,108
22,26,0,7.3304029440424,0.5939890385637758,95
22,27,0,10.45384414534129,2.672824448193086,113
22,28,0,9.241607123045672,0.8339422667093118,115
22,29,0,6.97878730708118,0.6567969854247566,89
23,0,0,5.172146886544882,0.6783682602935638,46
23,1,0,4.921350645095438,0.5139083796516219,50
23,2,0,5.548416014636127,0.6123003757911091,59
23,3,0,8.213647098429515,0.8969770565401354,84
23,4,0,8.004005530806017,0.9250216907101702,83
23,5,0,6.782283217089615,0.7576803373269934,71
23,6,0,8.233376406081694,0.8817369871482421,86
23,7,0,11.09179019344814,1.799643205102832,100
23,8,0,9.276673918244146,1.002365780164254,98
23,9,0,8.037372995305239,0.8181989362866341,89
23,10,0,10.11396027376991,1.042427193707831,108
23,11,0,8.596995601735202,0.9881791569361537,87
23,12,0,8.378202661920554,0.8677665574053712,93
23,13,0,7.315667539506807,0.6864549510879336,87
23,14,0,10.68450565699782,1.248725744314074,110
23,15,0,10.10596513826281,1.086627134828893,109
23,16,0,10.45690138075866,1.0148945825434,117
23,17,0,8.119882848058454,0.7804881513025222,93
23,18,0,7.92968579968236,0.7673064150046504,94
23,19,0,10.30989458865071,1.016704012983431,119
23,20,0,8.439081336332348,0.7727978877975565,102
23,21,0,21.02590815120316,117.3305885716308,105
23,22,0,10.19499905013263,1.245694962099255,112
23,23,0,8.957097884522684,0.8184956966494257,110
23,24,0,8.276579659208233,0.6932933228623934,104
23,25,0,10.25797400807241,1.099399994457599,115
23,26,0,8.770522063792486,0.8572256901954713,106
23,27,0,9.4786689692857,1.078799063714043,104
23,28,0,10.39193782384658,1.033916129651646,120
23,29,0,7.623906202207508,0.6556438338546621,99
24,0,0,4.310559695349696,0.4564672299469812,46
24,1,0,6.196871986270429,0.7188951742033156,60
24,2,0,8.314004747490662,0.9904092264101227,81
24,3,0,27.79135852682192,405.3789741419121,76
24,4,0,8.395693118716544,0.8803153072746165,90
24,5,0,10.43223598064408,1.212947211506135,103
24,6,0,9.359693226298681,1.063373524157622,97
24,7,0,7.957482027531695,1.085442600851453,80
24,8,0,16.06706575605979,40.3101174798191,103
24,9,0,6.211817296080439,0.60564964423656,70
24,10,0,8.971548924517366,0.9541239677075782,96
24,11,0,7.419645850351587,0.7123046433790656,86
24,12,0,10.13395372408933,1.17272135656653,107
24,13,0,8.383978844167778,1.012976022902553,84
24,14,0,7.068841513924189,0.631292754340956,85
24,15,0,7.83198813628071,0.7849754399997664,88
24,16,0,8.807031467946969,0.830590037057223,104
24,17,0,9.779190204201448,0.9642688537008764,110
24,18,0,7.886912232750046,0.8323776773792947,88
24,19,0,8.105935588353729,0.8564724083110024,91
24,20,0,9.636099977854899,1.1182739177388,106
24,21,0,11.05343848376674,1.434143553590994,122
24,22,0,8.86810588740312,0.9566617864650228,102
24,23,0,9.935812158894867,1.073424503721814,114
24,24,0,9.314094917882384,0.9593608170193899,108
24,25,0,9.943548846759811,1.069779894752516,119
24,26,0,16.48849173987319,53.00169216312395,111
24,27,0,9.248044409424535,0.8806832707888279,113
24,28,0,8.919924223271011,0.7693777969994745,115
24,29,0,9.115796036591929,0.8800608530951486,112
25,0,0,5.685222354287483,0.7131678169299226,56
25,1,0,5.788429820759847,0.8743431319437922,50
25,2,0,6.8540443471129,0.9018340495168446,67
25,3,0,7.93998799802073,0.9007564503090244,81
25,4,0,8.013130475816631,0.9040768919619558,84
25,5,0,8.35624966319871,0.9787695299574627,86
25,6,0,6.151535691473351,0.6734892000575188,65
25,7,0,7.538446328688241,0.7951944970132353,82
25,8,0,8.655609812368549,0.94040515464506,94
25,9,0,8.631365019706706,0.879442249047622,93
25,10,0,9.017046493546941,1.101341689120549,94
25,11,0,8.404281293457734,0.8408210527650366,95
25,12,0,9.484032395813875,1.032450288203979,104
25,13,0,8.443098701126198,0.8457444413631831,94
25,14,0,8.426425726894092,0.9829823950812978,87
25,15,0,9.504009648364997,1.032865850229859,106
25,16,0,9.089458212053437,1.12658014298458,91
25,17,0,9.204739544820509,0.9589836464552937,102
25,18,0,9.086103592558709,0.9507024694452949,103
25,19,0,8.668955946764491,0.866218906324755,99
25,20,0,9.816814899216002,1.06195237841355,109
25,21,0,8.511349993976983,0.7787670244167428,103
25,22,0,10.88088705221634,1.073157808715894,127
25,23,0,10.26970833236298,0.9762577195986472,123
25,24,0,6.86755202242064,0.5763648971902697,89
25,25,0,9.745903076768775,1.203384319784121,107
25,26,0,9.082431135301526,0.9613758770100765,108
25,27,0,8.404132974650585,0.7697532365941607,101
25,28,0,8.481133294005298,0.8254448767661835,106
25,29,0,8.741822145300606,0.8836013004195011,103
26,0,0,4.285573261968525,0.5269879615905021,41
26,1,0,6.334198140938115,0.7219091295360321,62
26,2,0,6.197500934725042,0.6374288919392526,65
26,3,0,6.366894415494993,0.8235951685201467,60
26,4,0,7.337379875016723,0.8093722994780452,77
26,5,0,9.192229891864477,1.068557389913463,93
26,6,0,7.104763185521392,0.6887535254425178,80
26,7,0,8.621987366882511,0.9240654476391175,92
26,8,0,9.288989755923678,1.288054609589611,90
26,9,0,6.683318608584125,0.6581971215998849,75
26,10,0,9.840686735701004,1.086465538727499,102
26,11,0,7.196730085521429,0.7228675425092909,80
26,12,0,8.732105097894003,1.008543821641976,90
26,13,0,7.778663854841332,0.8785374218639287,81
26,14,0,9.141669115156084,0.9188252753824856,103
26,15,0,9.972559547612448,1.209405942919109,101
26,16,0,7.134544109855923,0.7000448904515152,82
26,17,0,9.145619419277136,1.075515063911375,97
26,18,0,8.536809096886067,1.030597646012272,92
26,19,0,6.959615209292149,0.6677115299182239,82
26,20,0,7.501200999120872,0.7970489692990577,87
26,21,0,9.794375656715363,1.069269996822632,110
26,22,0,9.766706669541721,0.942416593072717,113
26,23,0,9.717529591370367,0.9803861707531707,113
26,24,0,9.828860464175738,1.31963742077545,116
26,25,0,13.3963553078961,21.36250482451992,104
26,26,0,8.98249131836802,0.8948014434932761,109
26,27,0,8.525175312919682,0.8115901068869372,100
26,28,0,8.846131797946736,0.9170955634393145,104
26,29,0,8.893193639584968,1.09178926636449,97
27,0,0,4.650028435832904,0.5314033213940547,45
27,1,0,4.717663254028784,0.4833731525052113,49
27,2,0,6.196314617862596,0.6828223072272485,62
27,3,0,5.14115670783437,0.6021649170546032,50
27,4,0,6.487985018088661,0.7366286514887428,66
27,5,0,6.386515052178003,0.7194362286928332,63
27,6,0,7.71077717584562,1.027773626963042,74
27,7,0,7.055628217733375,0.7785243944599117,74
27,8,0,7.717757701341264,0.7769351387866028,86
27,9,0,7.677034974017488,0.7712884954658117,84
27,10,0,6.560622478124861,0.6698692969608524,72
27,11,0,7.323704649775443,0.7801579619825187,79
27,12,0,7.219034735086021,0.6885677309361836,82
27,13,0,8.08153957482714,1.079716247208389,80
27,14,0,9.279608612163676,1.105685579330336,98
27,15,0,8.396470734706446,0.8386430282515326,98
27,16,0,7.713342301114058,0.7841993294412374,87
27,17,0,7.550674133808958,0.6989736669032947,91
27,18,0,7.854012230443782,0.8555272280942254,88
27,19,0,6.955265576344475,0.6357280657383102,83
27,20,0,6.752082557864634,0.5834063403872339,83
27,21,0,7.092691150196611,0.693526759939215,84
27,22,0,6.315534062915879,0.6722682772951483,72
27,23,0,8.80273017587345,0.8134756017095341,105
27,24,0,9.656569345152292,1.046965308649711,106
27,25,0,9.184909351583379,0.8366087705309951,111
27,26,0,7.782001386744775,0.6943203935718828,97
27,27,0,8.917103964833574,0.8392194337032213,110
27,28,0,7.985243868604143,0.7503808440554014,98
27,29,0,7.859773898830889,0.7223568719603779,96
28,0,0,2.927324158305202,0.3414896721031697,28
28,1,0,4.554170929545187,0.487869732075057,47
28,2,0,4.511340867748068,0.5066491144468233,45
28,3,0,5.693121562654809,0.6061748146821208,59
28,4,0,5.492438262807364,0.6736692565121429,55
28,5,0,5.079378409072203,0.5955237843388425,52
28,6,0,6.191589232231221,0.6708666218518312,63
28,7,0,6.516481469515031,0.8807099548038079,60
28,8,0,4.790526559039727,0.5281625969383291,49
28,9,0,6.803069989591692,0.7937378313067808,67
28,10,0,6.766346460623785,0.7514478338269113,71
28,11,0,5.745480800011112,0.6397733003212254,62
28,12,0,6.497631227849109,0.6525263056647569,71
28,13,0,6.332471025498338,0.6988401840056153,67
28,14,0,5.701296568069795,0.5718862595803466,64
28,15,0,6.282040021011339,0.7398876477824728,69
28,16,0,7.577783686687029,0.8458887459007808,82
28,17,0,7.069177801734376,0.9091389860387725,71
28,18,0,6.401532367250428,0.6918005561673652,70
28,19,0,9.626913760583692,1.004146067797588,109
28,20,0,7.504965902510689,0.7216498264936354,88
28,21,0,6.065953538751701,0.5896244200155099,72
28,22,0,7.200830188810477,0.6980897078167205,84
28,23,0,5.844277562161821,0.4945609058953527,75
28,24,0,6.489998294240257,0.6301422804526577,79
28,25,0,7.638761298941113,0.7653138412548525,89
28,26,0,7.440854837699899,0.6463131978894151,95
28,27,0,7.230889723080834,0.6875664583881049,88
28,28,0,8.128710555201968,0.8073603841867535,98
28,29,0,7.154221903010918,0.6936909102431986,85
29,0,0,2.136428795467734,0.2220410433112148,23
29,1,0,3.232890590195946,0.3484448241144978,35
29,2,0,3.455329157159102,0.4558982688720005,31
29,3,0,4.187285988930199,0.4663899698659649,41
29,4,0,5.642628708198042,0.8081297040512886,49
29,5,0,5.998611886847245,0.6473147848596097,62
29,6,0,3.978778771157693,0.3711475848589442,45
29,7,0,6.363727834334287,0.7481716113716281,64
29,8,0,4.914164072165102,0.8360599904669231,41
29,9,0,4.372769060035598,0.4800607967593755,46
29,10,0,5.573010037706052,0.6819415286074431,56
29,11,0,5.069226622970455,0.468152123430087,59
29,12,0,5.517985908609589,0.5504337594093734,60
29,13,0,5.433165722579928,0.6512757496973421,56
29,14,0,4.815691667668644,0.5088950018768057,50
29,15,0,5.229273830710884,0.5094529766072884,60
29,16,0,5.447892486563831,0.5095836910474451,63
29,17,0,5.176944463243625,0.5795479641668696,59
29,18,0,5.223465384905399,0.4974689150141717,61
29,19,0,6.461344056485161,0.7407814250755829,70
29,20,0,4.779515351205601,0.4481978638284767,56
29,21,0,4.582297962373073,0.4406834343864435,55
29,22,0,4.986245308079413,0.4990857496632039,56
29,23,0,5.49615410495434,0.5000241382901298,67
29,24,0,4.656696033777202,0.4786992598262836,54
29,25,0,6.324856074111217,0.5973914096621918,78
29,26,0,5.953662794829259,0.6067930580889471,70
29,27,0,5.739681238935742,0.481732617857101,74
29,28,0,5.92475877101815,0.4505357759926404,81
29,29,0,6.629547950027645,0.6903031334418277,78
