# mesh name: boxMesh_1
# primitive scorer name: doseScorer
# iX, iY, iZ, total(value) [MeV], total(val^2), entry
0,0,0,2.566604115676832,0.3179718695332935,29
0,1,0,4.41488679806804,0.4592046107737189,51
0,2,0,3.197346570449463,0.2657385374668697,40
0,3,0,5.162498827318506,0.6189385755570097,57
0,4,0,4.690386780077864,0.5411738260945933,50
0,5,0,3.327856734808263,0.356986619807428,38
0,6,0,4.253901857885922,0.4973809307468559,44
0,7,0,5.692656192553442,0.7304010444392754,58
0,8,0,5.111255088420839,0.5050733465252923,61
0,9,0,4.827393212977166,0.5510121024947521,54
0,10,0,5.96202181323898,0.6738876214796569,66
0,11,0,5.013966398196646,0.4714393202774283,60
0,12,0,5.139270379046672,0.4746580767428803,61
0,13,0,4.661010630042712,0.4807435470962736,55
0,14,0,6.596594460643325,0.7542921040414947,77
0,15,0,4.482849370721922,0.4960867954903811,52
0,16,0,4.821482486219312,0.4392979482596139,60
0,17,0,4.590906862520615,0.3724287519178409,60
0,18,0,5.374296656483028,0.4431224847138672,69
0,19,0,4.284607832079527,0.4830858735693045,50
0,20,0,10.05659281079372,19.68305785987983,64
0,21,0,6.850607816640967,0.6680508571747531,85
0,22,0,4.341173377017367,0.3653478559376931,58
0,23,0,5.817289145694721,0.5972002381975254,73
0,24,0,6.207854055541643,0.6433654855340837,71
0,25,0,7.024563012801143,0.7007432656095066,86
0,26,0,5.34453384776729,0.5802777867645342,64
0,27,0,6.434061526818279,0.6357289477324617,80
0,28,0,6.863932230153248,0.7242194457474515,86
0,29,0,5.161690891495191,0.5045869061384416,70
1,0,0,4.807266069374753,0.5618146559124465,50
1,1,0,4.179151898294601,0.4108058958492897,47
1,2,0,4.366401867131382,0.4598377965382363,48
1,3,0,5.498268748763681,0.5698731223422764,63
1,4,0,7.603252538610168,0.7549058075177515,88
1,5,0,4.745215416260484,0.4385401248540836,55
1,6,0,4.637682018598691,0.386743747189307,60
1,7,0,5.526395816189806,0.4933809136474696,67
1,8,0,6.661462752683189,0.8220667936234964,71
1,9,0,7.138863270738679,0.7970770558195687,79
1,10,0,5.238701493000083,0.4271619714694588,68
1,11,0,6.154647273621602,0.6181156238072009,74
1,12,0,6.164157537869045,0.5959891057674361,74
1,13,0,6.011831532949919,0.5513103018341388,75
1,14,0,6.956665492214976,0.7226826237589947,80
1,15,0,7.690629678593149,0.7915035683703853,92
1,16,0,5.854310595158335,0.5472045107302204,74
1,17,0,6.745793200148477,0.6092461794792843,83
1,18,0,5.438021904899086,0.5678533345802005,68
1,19,0,6.148674245462457,0.6285934606054394,75
1,20,0,6.392884166110094,0.6706696420734811,75
1,21,0,5.431862611124597,0.4623822164052762,71
1,22,0,7.792293560300308,0.750002334798047,95
1,23,0,7.2490126825212,0.6582258258898722,93
1,24,0,8.676778285012618,0.9856928735607847,103
1,25,0,6.77016379035924,0.6024689180069508,90
1,26,0,6.843807889695578,0.6132195857725078,89
1,27,0,6.101494905710276,0.5156372813633324,80
1,28,0,7.515857150573193,0.6328297493869656,99
1,29,0,6.556232003115994,0.7252512837830168,80
2,0,0,4.328967419293566,0.4091044221287298,50
2,1,0,5.519268115749009,0.6431583079970465,60
2,2,0,6.268029919051605,0.6662871673474247,70
2,3,0,6.309278849099895,0.6525777635415904,74
2,4,0,5.939932738013321,0.6088966849889602,69
2,5,0,6.344909697920633,0.6463365151147966,72
2,6,0,5.854044267493292,0.6217939569746235,69
2,7,0,7.670086536393162,0.8712850326812572,80
2,8,0,6.041610499082234,0.5891633219553982,70
2,9,0,7.057748714913895,0.7223536985465052,79
2,10,0,6.628880760583328,0.6264774632610699,79
2,11,0,6.297824897898661,0.5877456685307688,75
2,12,0,6.112682692676274,0.6482715456486282,73
2,13,0,7.070863911703284,0.6260662410355577,88
2,14,0,6.469125196317793,0.5452398021599295,81
2,15,0,7.956184376508266,0.8191135721343649,95
2,16,0,7.178710472803534,0.7176252361451732,86
2,17,0,7.286298163380209,0.72096392118423,87
2,18,0,8.986278345145085,0.9137679959184212,109
2,19,0,7.801735344565651,0.6532585762314075,103
2,20,0,7.26902642692381,0.6755516309170201,93
2,21,0,7.443365246776129,0.679279124965163,92
2,22,0,8.081259255227963,0.8531570559758127,97
2,23,0,7.189842703016243,0.6509151234565624,90
2,24,0,8.071334788278708,0.6959780194726876,105
2,25,0,8.000216373139951,0.6825167067764871,104
2,26,0,9.738682205248557,0.8632833407699388,125
2,27,0,8.853033925664274,0.8265587925751954,111
2,28,0,9.289510596303057,0.8716293635322301,118
2,29,0,7.339978591973057,0.6625929737574425,96
3,0,0,5.039313126576217,0.7124742634103761,50
3,1,0,4.432506084018604,0.455369472666266,52
3,2,0,6.19337932545351,0.6918277276785197,63
3,3,0,6.488990160736442,0.6338549784204529,72
3,4,0,8.587105511719955,1.092578753381263,88
3,5,0,8.291265784188996,0.9065959978139132,94
3,6,0,7.080644662354601,0.6134791991246399,88
3,7,0,6.605901089766875,0.6353682474812189,77
3,8,0,8.792816358395473,0.9778967274761745,99
3,9,0,7.534736295720282,0.8013386596216282,86
3,10,0,8.686983149671121,0.9332496725225597,97
3,11,0,8.604629196171935,0.8369917850445824,103
3,12,0,6.104547412382603,0.5520485018701178,75
3,13,0,7.227264831902176,0.6095847587852357,95
3,14,0,7.87089376470231,0.8542093195029756,92
3,15,0,9.492891069753618,0.8901861409179895,115
3,16,0,7.597109870153499,0.7265532668227689,94
3,17,0,7.452787358947958,0.6976089816002397,93
3,18,0,7.872903038792084,0.7405377472443576,98
3,19,0,7.90995182515917,0.7350867981372801,96
3,20,0,8.889442161161414,0.8227646071631535,110
3,21,0,7.990289429819437,0.8915764505803667,94
3,22,0,9.309885994857842,1.133907268456916,105
3,23,0,9.611818008257075,1.032217736517383,115
3,24,0,9.129087530316307,0.9028273274461773,114
3,25,0,7.920379056464197,0.7796543693720186,100
3,26,0,9.476675314201838,1.095610364164946,110
3,27,0,8.174819460756481,0.7359228594261094,107
3,28,0,7.165750431099084,0.7157653449536547,89
3,29,0,8.387323357203895,0.8536003396338071,100
4,0,0,4.986475493379866,0.4655901102966857,58
4,1,0,4.662735190051407,0.4212147124099261,56
4,2,0,5.955609567940542,0.692049159817019,63
4,3,0,6.115931030855251,0.5696599136437757,74
4,4,0,7.103610276085036,0.6690054954003771,83
4,5,0,7.473490101391304,0.6942941723839697,88
4,6,0,7.683784904930264,0.7936229351022988,88
4,7,0,8.847071047586704,0.8812355542291764,104
4,8,0,8.155618895704913,0.9108528810282491,91
4,9,0,6.930130361612717,0.6872531080828449,80
4,10,0,6.710393148955112,0.6174423511993381,80
4,11,0,9.099980516528968,0.9056219178000379,108
4,12,0,8.508936924161736,0.938167232332092,98
4,13,0,7.027357469709751,0.6685139855344616,90
4,14,0,8.684195731774357,0.7958449708601973,105
4,15,0,8.060802401221908,0.8709904356237286,96
4,16,0,7.919023568626235,0.6613989124012928,105
4,17,0,8.221739494753344,0.7288089892452871,105
4,18,0,8.745210820763628,1.004940972265453,99
4,19,0,7.501097613170473,0.6175796559658033,101
4,20,0,9.232359670657667,0.9103113071948488,110
4,21,0,9.112357752494864,0.8210120986316626,114
4,22,0,8.341376337990004,0.7996005402632077,102
4,23,0,6.292835388721132,0.5570445103357685,83
4,24,0,8.442008544822974,0.790077888111262,104
4,25,0,7.756549854748824,0.714857087187352,98
4,26,0,9.458839686278683,0.9071086818901842,120
4,27,0,7.993391962720898,0.6865213106889624,106
4,28,0,8.469113181005303,0.7400707237607685,114
4,29,0,7.028026101693255,0.7461328253117493,86
5,0,0,3.369808085254761,0.2885212492792157,42
5,1,0,4.821348760569322,0.447724415373578,56
5,2,0,6.748909740083048,0.6741340571047485,77
5,3,0,8.403829335098159,0.894022586235674,92
5,4,0,8.075420416530516,0.9685127803860412,83
5,5,0,8.008596160423078,0.8059053355246281,91
5,6,0,8.347783493807649,0.8729290701687086,92
5,7,0,8.468324824437639,0.9275429437717666,94
5,8,0,8.705274743552129,1.0534857131938,97
5,9,0,9.53996878567561,1.05737456256993,106
5,10,0,7.786564616528324,0.8555774676770556,88
5,11,0,9.65284456855945,1.187782452740624,106
5,12,0,9.427874807765432,1.042663317735816,112
5,13,0,6.504847489091246,0.5228595976221075,85
5,14,0,10.13477007127295,1.007001500418152,123
5,15,0,7.766050754339546,0.7263273149541475,98
5,16,0,7.902665344932907,0.6818133458231809,102
5,17,0,9.10230931685216,0.8987363714179168,110
5,18,0,7.513907730944142,0.5996293099922128,103
5,19,0,8.729379489845916,0.787868405566119,111
5,20,0,7.489894451589113,0.6869887041736279,95
5,21,0,8.624811560999287,0.8534699524810172,104
5,22,0,8.09132619459756,0.7314440206325307,104
5,23,0,8.673657739669382,0.6947452615165711,119
5,24,0,7.916429775827472,0.7157912191934447,102
5,25,0,8.299362236260546,0.9890238603005381,97
5,26,0,8.964795940424265,0.8913109138023345,113
5,27,0,9.701148830899065,0.9142417943619529,129
5,28,0,9.504468416094905,0.8904548203914824,124
5,29,0,8.65770455818512,1.006547382174429,107
6,0,0,4.826507312184456,0.4540394659737118,55
6,1,0,5.320091440367181,0.4468408106582356,66
6,2,0,6.015895791900455,0.5420609469701316,72
6,3,0,7.155523392604724,0.7003585571397416,85
6,4,0,8.289456781774495,0.7745935151236167,100
6,5,0,9.025189934533245,0.936709162078167,105
6,6,0,9.00842698519663,1.012139192143784,98
6,7,0,9.609768211870735,1.114305186141343,103
6,8,0,6.729980083983635,0.6576017538270857,79
6,9,0,9.496200226057239,0.9172962832985312,118
6,10,0,7.987114652508756,0.814857563247034,92
6,11,0,8.702669765608064,0.9511981273289516,104
6,12,0,9.356028090630991,1.004473462979336,108
6,13,0,7.001148420639604,0.5900517882480532,91
6,14,0,9.806349384921784,1.098534131113165,112
6,15,0,8.840289156387096,0.7820602791487863,113
6,16,0,9.359592737437058,1.016742103647318,105
6,17,0,7.35213718715675,0.6591146449301963,92
6,18,0,8.266403232440846,0.7326822293403192,104
6,19,0,9.626822180241103,0.9248524613838959,116
6,20,0,9.398063208753122,0.9089545744448726,119
6,21,0,8.622539649727328,0.7774682885697264,112
6,22,0,9.178364899508324,0.8923918589475031,114
6,23,0,8.186429127950397,0.8384234739398881,99
6,24,0,9.606245198760412,1.015496063402415,116
6,25,0,9.307430738731206,0.8829813390675809,117
6,26,0,8.865355911108603,0.8890798312883362,111
6,27,0,6.507672789020732,0.6382498523070637,81
6,28,0,8.465026746695758,0.6919370498041382,113
6,29,0,8.648881611407242,0.7479373068677621,114
7,0,0,4.908038664581131,0.5406326783802385,54
7,1,0,5.930227227437793,0.6191797371715932,68
7,2,0,6.312727161065224,0.6501350100432746,70
7,3,0,9.417393572308962,0.8565639858692669,112
7,4,0,8.408257467196981,0.805875638825663,97
7,5,0,8.591151727737858,0.796608087674335,103
7,6,0,9.443310879943606,0.9755716149774888,108
7,7,0,10.11370607943157,1.078091324945451,114
7,8,0,10.2326126317457,1.108280526313046,114
7,9,0,7.792183420619121,0.8012516399454341,91
7,10,0,9.89131394136653,0.9731189865462994,114
7,11,0,7.931290415334103,0.8380751460444805,89
7,12,0,9.517264691587661,0.9596600725739991,114
7,13,0,8.358708858187846,0.715210765387583,106
7,14,0,8.160073297960851,0.9982802721578292,92
7,15,0,10.0193143553193,1.047872010888524,116
7,16,0,7.49831236814184,0.766157051376033,90
7,17,0,8.268822054206899,0.974473490676659,94
7,18,0,8.559119689068563,0.9782915291433015,103
7,19,0,8.092696153677483,0.7859276750616653,99
7,20,0,8.804363710018174,0.7840111700351636,111
7,21,0,9.275841627441384,1.013913015160159,110
7,22,0,9.340398602173705,0.9047520063354909,116
7,23,0,8.190777779048316,0.808908718028678,102
7,24,0,8.435276015553271,0.8267650473102757,105
7,25,0,6.487168887865273,0.527678529014045,88
7,26,0,8.15580532714346,0.7857267420386934,104
7,27,0,8.289423625545663,0.7654806889381849,107
7,28,0,8.258965327204837,0.7321783017981681,111
7,29,0,8.436749542959744,0.7584781034313212,107
8,0,0,4.406955883034704,0.4586959356717928,53
8,1,0,4.948924803850344,0.456907753740689,58
8,2,0,6.247335736017915,0.5724090796259045,74
8,3,0,10.21153905237377,1.070085279287459,116
8,4,0,9.837306289491076,1.046966701519818,109
8,5,0,7.564195697768415,0.853477401615095,85
8,6,0,7.86891358018489,0.867842377678503,89
8,7,0,6.733049287989775,0.6227534524150926,80
8,8,0,8.049045802240034,0.724223174279085,99
8,9,0,8.778363940592795,0.9182893445176943,103
8,10,0,8.263148871781851,0.8816345666429477,93
8,11,0,9.774215230306003,0.9988628393239285,110
8,12,0,9.125596276147062,0.7978032157007752,113
8,13,0,7.882326730011791,0.8043884679586527,88
8,14,0,8.906269238485987,0.8435677658110815,108
8,15,0,8.660080393805593,0.7433998175469879,112
8,16,0,8.955848253926824,0.9687455065084759,105
8,17,0,9.27980374118648,0.9882456343842277,109
8,18,0,7.926911703631849,0.7128515952127698,101
8,19,0,8.758418413580516,0.879786918091944,105
8,20,0,8.665219270443131,0.794609981382877,107
8,21,0,8.906417985513846,0.8591952008240077,110
8,22,0,8.436287913193471,0.8209980848006347,104
8,23,0,8.109236779933335,0.6543639876147372,110
8,24,0,8.784975895107239,0.77809889169934,112
8,25,0,8.551553785903245,0.8775532146910574,106
8,26,0,9.010924204565899,0.7737998369933106,117
8,27,0,10.89985979281849,1.05423124014438,137
8,28,0,7.816914232814957,0.768875766684372,101
8,29,0,6.585625099995291,0.6837920930538161,83
9,0,0,4.018480096379304,0.4120198745434589,48
9,1,0,6.338367786720942,0.667976202256013,68
9,2,0,7.728823639677486,0.8198006032156792,85
9,3,0,8.088470623325712,0.8309609228708189,92
9,4,0,7.751292952458048,0.8560862317109366,86
9,5,0,8.703739877221143,0.8977132997338918,99
9,6,0,8.314002277205184,0.9387526534775259,95
9,7,0,7.777320904576015,0.8014985850643659,88
9,8,0,8.478430892788328,1.050625618523571,90
9,9,0,7.559787317351658,0.7374291864797186,90
9,10,0,8.723815217444342,0.8049155003294414,106
9,11,0,7.898010411543726,0.8618880465618339,92
9,12,0,8.646388612550814,0.8475275196251065,102
9,13,0,8.479407334940818,0.7820898035370938,102
9,14,0,9.435042807360729,0.9675436643012223,110
9,15,0,8.985244880321515,0.989578143377664,101
9,16,0,8.508940833298603,0.7565779249929238,109
9,17,0,8.702734401350568,1.047130701571025,93
9,18,0,8.322222250897426,0.710428185614518,106
9,19,0,8.374080336880526,0.8433567465516106,98
9,20,0,8.361024501196052,0.8241912165681147,104
9,21,0,9.404887692954267,0.9381003567945864,115
9,22,0,10.03879825603234,1.018607554299264,124
9,23,0,8.201431766059649,0.7898881809466826,104
9,24,0,9.148667844097602,0.8799866342625939,112
9,25,0,8.313893465056001,0.7736412258879674,110
9,26,0,8.697688024467022,0.8177232770643048,110
9,27,0,7.313518581694039,0.6743772675387387,96
9,28,0,9.394878363723992,0.8891090737036165,118
9,29,0,6.657923742124586,0.5480344653993218,88
10,0,0,4.463840099835777,0.4919771663952197,48
10,1,0,4.469418766837157,0.4372259856818724,53
10,2,0,7.988911151263368,0.9794421345852574,82
10,3,0,9.827843496295637,1.325689574546969,98
10,4,0,9.385388667094885,0.9751935427153685,107
10,5,0,7.044474696197332,0.6398104028725967,84
10,6,0,9.172306754898802,0.9902381477992759,101
10,7,0,8.826727864877796,0.9873028028897113,98
10,8,0,8.320456875617825,0.9173338466312942,91
10,9,0,9.009717922608457,1.037958688130384,98
10,10,0,7.853887299635212,0.787725748937953,95
10,11,0,8.90238297698707,0.8279674567119493,108
10,12,0,6.395908680964386,0.6362687252655791,76
10,13,0,7.588751734961808,0.6811977574679747,92
10,14,0,10.07864609193181,1.038765994995473,118
10,15,0,8.370419817592902,0.8942827721934002,96
10,16,0,8.801157840496341,0.871646136496631,105
10,17,0,8.313643190347946,0.7820222894046558,104
10,18,0,9.636483832408759,1.057681863884885,113
10,19,0,8.001729108185765,0.7021831123659601,106
10,20,0,8.357885547885882,0.8289921546147745,103
10,21,0,9.842502905665489,1.00354829293427,121
10,22,0,9.074874105231125,0.788899959416605,120
10,23,0,8.478091953480419,0.9464361566538061,100
10,24,0,6.922447918312956,0.6353654973141774,85
10,25,0,8.938689881071767,0.8383280239839217,112
10,26,0,8.026281721613183,0.7738172465289558,101
10,27,0,9.301685743739442,0.9402248498374197,111
10,28,0,7.715481620126612,0.6645215556494922,103
10,29,0,6.94216756628432,0.5670859305022108,92
11,0,0,4.254957614648537,0.3718495962983656,52
11,1,0,5.241168430636141,0.7195405968200713,52
11,2,0,6.346554890124062,0.6810841523990599,72
11,3,0,9.234796132701346,1.220826699417593,93
11,4,0,7.777237594056079,0.8085126393108836,89
11,5,0,8.946025012835713,0.9720184942879772,101
11,6,0,8.749555833125829,1.001213390606679,94
11,7,0,9.338642862957855,0.9856650236971394,107
11,8,0,9.141854959528334,0.8610713646582916,107
11,9,0,8.454795501030887,0.7635829887639864,104
11,10,0,8.511575127578888,0.8293330818381338,101
11,11,0,8.861791139147851,1.008625127712076,98
11,12,0,9.554950549980063,1.118356329528776,105
11,13,0,7.717213684123501,0.7251060660637199,95
11,14,0,8.449133594939783,0.7880472749986558,103
11,15,0,9.492112712376208,0.9361253645517545,113
11,16,0,8.106663981974359,0.7648859667504415,100
11,17,0,8.894770779402769,0.9192730528884822,106
11,18,0,8.97842089408914,0.9890400733848792,102
11,19,0,9.590109090498693,0.9432015691935696,116
11,20,0,6.411068414958037,0.5069933908508543,88
11,21,0,7.489207038700691,0.8404733415216561,87
11,22,0,9.435173473939708,0.8612742847875802,118
11,23,0,10.33983191021601,0.9593031359026063,134
11,24,0,8.611096480689719,0.7538427435323011,111
11,25,0,8.84401926730178,0.841297834511164,110
11,26,0,7.763794628297896,0.6282916158563762,104
11,27,0,9.099893470420383,1.108971618957737,107
11,28,0,8.702981076069232,0.8612109410250778,110
11,29,0,7.719750117555454,0.7133849251555714,97
12,0,0,5.44565454369448,0.5269157786373035,62
12,1,0,8.024603528794911,0.8366869855366758,89
12,2,0,5.611193655467291,0.5522404569402088,67
12,3,0,7.293598436522801,0.7343793709916144,82
12,4,0,10.20063205179147,1.228151891025656,109
12,5,0,9.599655436068256,1.055763482942381,107
12,6,0,8.577192732623784,0.7539799082845593,103
12,7,0,9.011396950587056,0.9063927380681359,108
12,8,0,8.091208336973667,0.9145650170453371,91
12,9,0,7.872747299615349,0.9060396357124638,86
12,10,0,7.232123729891283,0.6426610266960562,91
12,11,0,7.598455367401114,0.6576253316861607,97
12,12,0,9.058530588319348,0.8864545897769182,109
12,13,0,9.991998155142944,1.12353454284522,114
12,14,0,8.2675917708813,0.8700959950572048,99
12,15,0,6.683067261103986,0.6153631261313844,83
12,16,0,9.277372095591172,0.9832902477982399,111
12,17,0,7.580031854805739,0.7500053985943793,91
12,18,0,9.369161901284537,0.889315131335591,116
12,19,0,8.897034417079231,0.7600560593714984,113
12,20,0,7.847648704474974,0.7057043918033217,102
12,21,0,8.222969293564311,0.786827597560145,104
12,22,0,8.092575029623672,0.6627396808886287,109
12,23,0,8.892969714886378,0.9281511554240585,108
12,24,0,8.616189607658127,0.714459795915129,114
12,25,0,8.123509609982033,0.6933575923173239,108
12,26,0,9.201521364438706,0.8030270606023038,122
12,27,0,8.603175471468127,0.8732061149943181,105
12,28,0,7.833656524656755,0.7981624168445739,98
12,29,0,7.168660906851104,0.7169060290681845,89
13,0,0,4.927150134388171,0.4802161871031564,57
13,1,0,5.58672775440707,0.4751209001199685,69
13,2,0,5.510733264914695,0.5093365719107197,66
13,3,0,8.428314506486968,0.7891233948882077,97
13,4,0,8.091595650964795,0.8797815788007213,90
13,5,0,8.196245039286154,0.8726914874036034,93
13,6,0,8.895488691594357,0.8869739038267087,102
13,7,0,7.087443439408712,0.6065626599857177,88
13,8,0,7.042435568123603,0.7264246578411629,80
13,9,0,8.939516471805735,0.8670532040085331,105
13,10,0,7.970946005394035,0.7846017143010713,92
13,11,0,9.217910742840802,0.9667107972798673,109
13,12,0,9.334627486379127,1.342737565027738,107
13,13,0,7.885205687572952,0.7867814547819899,91
13,14,0,7.377355002747106,0.7053283304325502,92
13,15,0,8.768291368904784,0.8139344153303242,110
13,16,0,7.593375679157857,0.6592088766060141,98
13,17,0,6.995629743750841,0.6548250106802576,88
13,18,0,8.897183028372918,0.9203826657352492,104
13,19,0,9.36925206998551,1.049126846575178,110
13,20,0,9.140090550991657,0.8505847639680121,115
13,21,0,7.306424709803584,0.6410990531506023,91
13,22,0,9.312849474013174,0.8539466789783879,118
13,23,0,8.104521117863548,0.6896357938458304,104
13,24,0,7.331852882451936,0.7581267775677192,92
13,25,0,9.048265551461016,0.8760566736184765,114
13,26,0,8.632964146711293,0.8261461504354914,110
13,27,0,9.565396252201852,0.9203435078856222,121
13,28,0,9.164780981566219,0.9817787885771437,116
13,29,0,7.066697504725883,0.671017136134813,89
14,0,0,4.293493888399667,0.3860475684141749,52
14,1,0,6.096457715804881,0.6360029526734132,68
14,2,0,6.143138431116358,0.5852991918817612,71
14,3,0,6.261711114228485,0.5804878880689753,75
14,4,0,7.611262351200059,0.7192257261432355,92
14,5,0,8.486941067209994,0.847619628365016,96
14,6,0,8.745096205648929,0.8185489148697925,103
14,7,0,7.38351638726929,0.7514059449968745,82
14,8,0,8.784471145369292,0.8372894537241712,103
14,9,0,7.702967464632565,0.8082950118093275,89
14,10,0,8.942009643836816,0.9538057760092815,102
14,11,0,8.491227986646917,0.9599547954775079,95
14,12,0,8.284190821652277,0.8189429124383717,100
14,13,0,10.74470079334696,1.130868065118118,124
14,14,0,8.424929399535854,0.9267942121532802,98
14,15,0,8.785854209116632,0.9059495119342055,102
14,16,0,9.899771429902994,0.9154693658262066,122
14,17,0,8.120684271783261,0.8321860781748969,100
14,18,0,8.033183676560267,0.7718807778735388,97
14,19,0,8.735889434002617,0.8349571190806062,107
14,20,0,8.267166700856622,0.7937787639317916,103
14,21,0,8.77338526246551,0.8585431883517501,105
14,22,0,7.571862725956978,0.7113713312450116,95
14,23,0,10.36879372680291,0.9415291723741855,131
14,24,0,8.628753160583866,0.8278872243126892,108
14,25,0,7.674496678197874,0.7818436172805883,99
14,26,0,8.160017804475062,0.6848779067683671,110
14,27,0,9.42629330994577,0.8023527152574274,124
14,28,0,7.479988876694942,0.5557262022123711,107
14,29,0,8.790634684566346,0.8101043554152547,113
15,0,0,4.098411759124935,0.4511284666107074,44
15,1,0,6.17992355645978,0.8513547658984691,61
15,2,0,7.626387215646129,0.794717843771239,86
15,3,0,7.758953518545333,0.824954231028698,88
15,4,0,8.228745518646518,0.9171119596086668,94
15,5,0,7.04632722261389,0.739526550568102,81
15,6,0,8.186427819373309,0.8641290216208456,93
15,7,0,11.48359526830646,1.138175203526316,130
15,8,0,7.683934036536067,0.7111369582089015,95
15,9,0,7.977597268642416,0.7544728397346716,96
15,10,0,7.650778571984199,0.7945775662264223,89
15,11,0,11.44185314516053,1.124958520894226,137
15,12,0,6.174488447442154,0.5558901256477946,78
15,13,0,8.612179806639359,0.8115934619567048,105
15,14,0,8.527747268515993,0.7506896948430963,110
15,15,0,8.952060924079859,0.7685714875788379,115
15,16,0,8.677226020344644,0.8956974386469566,100
15,17,0,7.829744239101934,0.7165271718192444,98
15,18,0,8.410968088896155,0.789757538388182,102
15,19,0,9.265773007253495,1.044358302652127,111
15,20,0,8.013028809793695,0.7005593183388641,104
15,21,0,9.067888099983055,0.8702430073484758,110
15,22,0,7.631027246112465,0.681566649701704,100
15,23,0,9.746601526919942,1.23053751827904,114
15,24,0,7.534298086982576,0.6548933252382241,98
15,25,0,7.781360654657931,0.6103344286132809,109
15,26,0,9.137209899863333,0.8542901983843354,117
15,27,0,8.502672888227654,0.7658735895012984,110
15,28,0,7.354561261216814,0.6588136305476768,97
15,29,0,5.487806992991336,0.4318284551765054,75
16,0,0,4.492426453307242,0.4892833327905969,50
16,1,0,6.434790287055521,0.60832416952119,75
16,2,0,7.82582211978676,0.8740995473147033,87
16,3,0,5.234936641713763,0.5801479612226617,60
16,4,0,7.565333566430372,0.7645379626199428,86
16,5,0,8.127265883986651,0.7856251590799408,94
16,6,0,6.826080990371374,0.673718923509866,79
16,7,0,8.769255045068526,0.8550198927811554,105
16,8,0,8.036249501471952,0.7686008756435446,96
16,9,0,8.115687458330996,0.7528568613232495,98
16,10,0,7.97005340664285,0.7441282269888625,99
16,11,0,8.623180936445095,0.850216632884923,103
16,12,0,8.685859013148459,0.7616063901437884,108
16,13,0,6.957503915219996,0.6718528930198379,83
16,14,0,8.171039484305,0.7746875260138704,100
16,15,0,8.958206627995473,0.8151316191256256,111
16,16,0,8.594046338663379,0.8245784540171116,109
16,17,0,9.325957275852057,0.9751576053101194,110
16,18,0,7.687302501455748,0.8216655324447943,92
16,19,0,7.760892767873259,0.7002477650098251,98
16,20,0,7.786339511475959,0.7722094757010199,96
16,21,0,8.821364655176161,0.8362321133559123,110
16,22,0,8.013885390172854,0.7972683491557646,99
16,23,0,11.0257797661252,1.012324371002556,139
16,24,0,8.308401642336561,0.8909216899289695,97
16,25,0,8.444014137107803,0.686573022511017,116
16,26,0,10.0058182798996,1.017072008270518,124
16,27,0,8.80413034230277,0.7543433921742827,116
16,28,0,7.114950857857405,0.5850644677773662,96
16,29,0,8.43075519586411,0.7876204303921535,105
17,0,0,3.582853123941745,0.4050040821629012,37
17,1,0,5.485926085074594,0.5251625564045189,63
17,2,0,7.624448563638593,0.9583327569304703,78
17,3,0,8.585814536058058,1.011992297035385,90
17,4,0,8.655669642555974,1.071922624741848,95
17,5,0,8.224709760686968,0.7602761465296178,100
17,6,0,8.07682797314334,0.7775229710724899,95
17,7,0,7.228168575145493,0.6879320674706904,84
17,8,0,7.863532988803537,0.7393433300184368,93
17,9,0,8.399108039460632,0.8622520026687037,98
17,10,0,7.988806158946717,0.8153149112455285,91
17,11,0,7.847097008393366,0.6863897539108442,96
17,12,0,8.104471538864452,0.9337032865349625,87
17,13,0,9.593580333284031,0.9845250262309705,112
17,14,0,9.05371253612949,0.912742544644553,107
17,15,0,7.671752306017471,0.6568308276168996,99
17,16,0,9.821287618279909,1.104639282000625,112
17,17,0,8.564573708085335,0.9265331809370656,102
17,18,0,8.73746573195945,0.8111253081328463,108
17,19,0,9.648466900891727,1.061268886496589,111
17,20,0,9.993722618472461,1.093007291848696,117
17,21,0,10.28494987241953,0.901504993161853,130
17,22,0,9.561794858061788,0.8584186809403298,121
17,23,0,9.752847142270097,0.8663995224121577,132
17,24,0,8.094842978703749,0.9349281027190562,96
17,25,0,8.941993805481438,0.9325232234300745,107
17,26,0,8.669756204548055,0.785264754893099,107
17,27,0,9.314190045343825,0.8617289327469951,123
17,28,0,7.597530018196086,0.7767728892786668,91
17,29,0,8.895610162684939,0.7677217298613573,115
18,0,0,4.269021616533025,0.6143721712997245,42
18,1,0,4.633732682688835,0.4883878209821813,51
18,2,0,7.210466167109606,0.7073589943953489,83
18,3,0,8.174959298889696,0.8532198666475806,90
18,4,0,7.397203245476899,0.7972603171440016,84
18,5,0,9.032317256561067,0.9343400019404907,101
18,6,0,9.604515629866723,1.805020443753495,96
18,7,0,21.62506761105016,176.3073145809962,100
18,8,0,8.672919371804754,0.9288882298194062,100
18,9,0,8.00806519030032,0.7438587420127385,101
18,10,0,9.469116100704763,0.9663211517921193,110
18,11,0,22.8598707802603,238.4640097836907,91
18,12,0,8.715051614536524,0.7995541566597695,107
18,13,0,8.683372223350091,0.9111942188408858,101
18,14,0,9.400457122793098,0.8633590787359248,118
18,15,0,7.900003328096954,0.8960317525327318,86
18,16,0,8.916469827044223,0.9192751613299464,106
18,17,0,10.10439294909798,0.9173742219236158,130
18,18,0,8.630000464272243,0.8113232476571564,110
18,19,0,7.896769878870002,0.7520084345398734,98
18,20,0,9.18051671513296,0.988942358568319,103
18,21,0,5.950543298566045,0.469687012463357,83
18,22,0,10.0281633243599,0.9828717268952599,123
18,23,0,10.19528058228264,0.9514912027954869,130
18,24,0,8.775489031383129,0.9470125432698856,103
18,25,0,7.772836232444145,0.6595216182762962,103
18,26,0,8.784869620878967,0.747459752721286,120
18,27,0,7.690444015522705,0.711762805144444,103
18,28,0,8.601837754826926,0.8266149680178639,108
18,29,0,7.807290640001677,0.9332833811387821,92
19,0,0,4.358071696171417,0.388199082298031,52
19,1,0,5.637084935731145,0.5485564336530099,63
19,2,0,6.033080431597201,0.574554171990477,70
19,3,0,9.812942503084862,1.134273976274836,104
19,4,0,6.387627676519743,0.6629402465166532,75
19,5,0,8.705186059716612,0.8332277391537003,100
19,6,0,8.44798739415393,0.9226487917034911,92
19,7,0,7.777710386439827,0.7105914922861652,97
19,8,0,8.996698533695717,0.8212108184364504,109
19,9,0,10.6620743559078,1.052399172478775,125
19,10,0,7.092537221958876,0.7244803985407878,83
19,11,0,10.47136021190827,8.701383593000449,93
19,12,0,8.387830158959551,0.7860961783825327,99
19,13,0,8.046165692031927,0.8745320319208625,92
19,14,0,10.52751451738627,1.250555158286375,113
19,15,0,8.038537675309486,0.9083876941146699,91
19,16,0,8.094169926739399,0.7406871707602228,102
19,17,0,6.905253239148664,0.6532287043797237,89
19,18,0,8.183009329613952,0.7976204594966158,100
19,19,0,6.427274414413001,0.6102121237131827,80
19,20,0,7.976507728159576,0.6683172681884627,105
19,21,0,8.164644494635009,0.849338837129944,98
19,22,0,12.50343877772974,21.314697025864,106
19,23,0,9.584680131100928,0.94056018452566,116
19,24,0,8.442899683023715,0.7579021117052331,109
19,25,0,7.554801027759865,0.5973322517386175,104
19,26,0,9.26772623332824,0.8266709257848408,116
19,27,0,8.89011758312753,0.7513943246413194,122
19,28,0,9.202081032014695,0.8903847999139393,118
19,29,0,6.325469410721371,0.4877153121033957,88
20,0,0,4.453131343025196,0.3962035830071475,55
20,1,0,4.893928578797223,0.5176679769668038,54
20,2,0,7.064074691101889,0.6548552625062496,85
20,3,0,7.30243609948174,0.7532904077246241,82
20,4,0,8.183185653667653,0.7832162293661549,94
20,5,0,7.882475044919036,0.7115512229509283,95
20,6,0,8.582157610186222,0.8813134944270367,97
20,7,0,7.477366818115638,0.8180929939077061,84
20,8,0,8.392542454098345,0.7583894388917582,103
20,9,0,9.249335620173735,1.100558697236996,104
20,10,0,8.88536523413422,0.8369942575365675,109
20,11,0,7.359329375586132,0.714430471784137,87
20,12,0,9.011808024458619,0.8489179619565405,110
20,13,0,9.544419206966529,1.011387916458951,111
20,14,0,9.471078618536588,0.9784018969815147,109
20,15,0,8.637119924827315,0.9367036347802917,102
20,16,0,7.433146389977547,0.68567603232448,94
20,17,0,8.89386367329948,0.7989814035834956,113
20,18,0,9.025424882439211,0.8149248269780273,112
20,19,0,8.941301738111427,0.7886290396759197,114
20,20,0,7.873764874157933,0.7731182720286613,99
20,21,0,8.445271243413941,0.9426655243107188,100
20,22,0,7.054250076644782,0.6984289355401935,90
20,23,0,7.834743547697526,0.7142046237276658,100
20,24,0,8.720716484338668,0.8580866521758552,109
20,25,0,7.780727086161651,1.280074882086306,92
20,26,0,8.401700685232235,0.7494754942858708,113
20,27,0,8.306773113886226,0.6968895830589871,109
20,28,0,9.73302381299693,0.7477331971201987,137
20,29,0,7.500217499416183,0.7175052427073263,98
21,0,0,4.941166529574072,0.4872203642267662,55
21,1,0,6.549473009559573,0.6324531648414629,77
21,2,0,6.902004156951607,0.7524323069012818,75
21,3,0,6.671394396233671,0.559294613775199,86
21,4,0,9.569442019406539,0.9975204205169143,110
21,5,0,7.26381360838808,0.6771537176500076,89
21,6,0,7.202421566694027,0.6829345736857584,86
21,7,0,6.63892650211293,0.6414472563136178,76
21,8,0,9.047127483687042,1.006576998488897,104
21,9,0,7.809460861932329,0.8650031650428927,87
21,10,0,8.085823456451664,0.8121228653593655,96
21,11,0,10.84608878917281,1.260483667024783,119
21,12,0,8.285637274262355,0.8296209871643697,100
21,13,0,8.668172016987823,1.061916955146773,94
21,14,0,8.376200076094444,0.7716034692448221,104
21,15,0,7.984590889015726,0.8001235712548125,96
21,16,0,9.05869300234953,0.9339381395025368,106
21,17,0,11.10301448887234,1.234218914719539,128
21,18,0,8.707461100405791,0.8897770992673819,103
21,19,0,7.478383050725228,0.6453940883005395,97
21,20,0,8.29071337357335,0.9129745931698979,97
21,21,0,8.892280667146917,0.9392206171235686,103
21,22,0,9.807753581865487,0.872533842440754,130
21,23,0,9.826134761222232,1.14371620510931,112
21,24,0,8.233423074735578,0.7300842118929678,108
21,25,0,9.089116969499459,0.8133160281807765,117
21,26,0,7.746164410703185,0.611628711076146,108
21,27,0,10.76658928400995,1.146388999452649,133
21,28,0,7.466783050173087,0.7088172072848298,98
21,29,0,7.290882302601105,0.6786803313519036,96
22,0,0,5.251878759281587,0.5805776151524933,60
22,1,0,5.627775903602016,0.6577840911842153,59
22,2,0,5.587929738388832,0.494948664370004,66
22,3,0,7.34987359889244,0.7556127901975704,84
22,4,0,7.201216631337154,0.7230330980747635,83
22,5,0,8.626734685999162,0.8464262822226531,100
22,6,0,7.898762043059773,0.8103651273225936,89
22,7,0,8.932983690500492,0.96997547360267,100
22,8,0,8.975355750986859,0.8857903717465093,104
22,9,0,7.758766804404396,0.7601810012447541,89
22,10,0,8.503446742662366,0.9007330336725379,94
22,11,0,8.813871327415214,0.7850565596499407,108
22,12,0,9.231735888742914,1.006812623525015,104
22,13,0,8.229472557427327,0.7535069494345179,101
22,14,0,10.68356873421796,1.130712528753089,126
22,15,0,8.439180782354338,0.8842002486135386,100
22,16,0,8.963114978009767,0.8733437092308436,108
22,17,0,8.178215717558039,0.7037891488492893,105
22,18,0,9.867794299849628,0.9031955180975915,123
22,19,0,7.732455035370081,0.7406660468677599,99
22,20,0,8.094910470790783,0.7684607581936168,98
22,21,0,8.165561672335492,0.7186272872734695,104
22,22,0,8.79339859057727,0.8272993300440682,107
22,23,0,8.874245692018292,0.9265977055687029,104
22,24,0,7.209145112887913,0.6458283571849315,96
22,25,0,8.703575749808307,0.8586058396255343,105
22,26,0,7.761733639926821,0.6509144068871867,106
22,27,0,9.495981573599916,0.9450563373851808,118
22,28,0,8.020716232520934,0.7534678972446741,99
22,29,0,5.529811973445948,0.4161157443699431,79
23,0,0,5.743374920577155,0.6444288992840678,61
23,1,0,5.877172059317956,0.5878441630851763,65
23,2,0,8.3682453196478,4.480847598090196,72
23,3,0,6.677080611152343,0.5783875033758591,84
23,4,0,8.146034939787448,0.8996191341210908,92
23,5,0,9.576343788225303,1.090145859481958,105
23,6,0,8.707861903734143,0.8910680722632797,100
23,7,0,9.379967469972755,0.9744978706910362,106
23,8,0,8.848171643600633,0.9445550167175423,101
23,9,0,8.327649110875559,0.840169272285652,95
23,10,0,7.264753261904217,0.6200980269614725,93
23,11,0,8.769604321534603,0.9293831073117511,102
23,12,0,8.345000772558459,0.7819420877538714,100
23,13,0,8.678204508810401,1.046397256864889,97
23,14,0,9.970629932710551,0.9468366960778672,120
23,15,0,8.358478342209217,0.8402381323286019,101
23,16,0,8.606110231865273,0.7958303886777195,108
23,17,0,7.553124081431237,0.7295967269776873,95
23,18,0,7.558705507357414,0.807308317286074,87
23,19,0,8.554459228869476,0.8989713407513201,102
23,20,0,9.388275161330551,0.8962608727362574,116
23,21,0,7.575169632160267,0.6789657633269628,97
23,22,0,8.472339563202244,0.8012921679416981,107
23,23,0,9.386604662547107,0.871996298320607,120
23,24,0,6.601229476529286,0.5129512474071342,91
23,25,0,8.877979550657358,0.9316351367282999,105
23,26,0,8.959559364031289,0.8160416851699179,116
23,27,0,9.115064608213519,0.9033130395401174,111
23,28,0,11.42492282404839,1.036454858585256,148
23,29,0,7.184532684051254,0.7073688643213576,90
24,0,0,4.499898290446742,0.4430478268339268,51
24,1,0,6.110604171543461,0.5963704399909608,69
24,2,0,7.684358166545226,0.6776969002161033,93
24,3,0,8.43098109852267,1.078383666758028,89
24,4,0,8.730866256916793,0.9289925668244599,100
24,5,0,8.290463131655995,0.8543321792679324,94
24,6,0,8.741921578424037,0.7962549356157411,106
24,7,0,10.17088620109156,1.033276152986006,117
24,8,0,9.061638260288545,0.9438141839798695,103
24,9,0,9.359147583327333,1.232344970496321,97
24,10,0,7.906036728588915,0.6912888438627081,99
24,11,0,7.597510226330979,0.7355113878177476,94
24,12,0,9.592895391969467,1.107251506190476,106
24,13,0,6.490330031507392,0.6092616344116503,78
24,14,0,8.590196864859216,0.9084972012526988,99
24,15,0,8.7275326436787,0.8909440050240485,105
24,16,0,8.902869138185002,0.8978022387396931,106
24,17,0,8.043001759685724,0.944627234714604,97
24,18,0,11.91298677384615,7.828821008643473,111
24,19,0,8.405563872342952,0.8735234534119688,100
24,20,0,9.432594406996339,0.843629664426408,121
24,21,0,9.662147487870191,0.7809416636362653,131
24,22,0,8.97574126901921,0.9495904479310878,105
24,23,0,8.601493673280727,0.8045573942712958,110
24,24,0,9.296954144677565,0.8620628045459265,116
24,25,0,8.713195418620463,0.9063363788539516,107
24,26,0,7.32822024815939,0.5841702678004703,99
24,27,0,7.438674717392854,0.5927699258170075,102
24,28,0,9.036886795355349,0.7845507386456738,120
24,29,0,8.070452777688532,0.7446671066911895,107
25,0,0,4.310260443091233,0.3900642559622772,52
25,1,0,5.390765470030081,0.5796813184039546,60
25,2,0,5.522716837980955,0.5285631008393692,68
25,3,0,6.329251242509038,0.5957614083496213,73
25,4,0,8.054075554215883,0.8542758839213632,88
25,5,0,8.82809500262629,0.8984134049497104,101
25,6,0,7.783530814133628,0.7084084892558039,96
25,7,0,12.70479199349093,18.47911860267722,95
25,8,0,7.373529729803973,0.7849315363497766,86
25,9,0,7.188116124408706,0.6667264437194194,89
25,10,0,7.977909540068024,0.7320512896625385,99
25,11,0,6.631511824544919,0.7632445958939091,74
25,12,0,7.151853341008646,0.6100681212508591,91
25,13,0,8.343727400650497,0.7790215079907289,102
25,14,0,7.293728461382887,0.7833300553971884,83
25,15,0,9.221081821298695,1.111193388144529,99
25,16,0,9.226636168776071,0.880009044674873,118
25,17,0,8.356633087626388,0.8507376744413756,98
25,18,0,6.944395024294329,0.6234895206476375,88
25,19,0,9.241012835844405,0.8338804006936591,117
25,20,0,8.92341647760416,0.9070951808028364,107
25,21,0,7.451952625308239,0.5621790315809423,103
25,22,0,9.333587316558349,0.9243046816480464,113
25,23,0,8.306127507764025,0.7345703225442587,108
25,24,0,9.509587129050884,0.8809761319217115,117
25,25,0,8.976068842854295,0.7677758021564792,118
25,26,0,8.880857617222617,0.7074251966776176,121
25,27,0,8.515195375062323,0.7735565437502109,108
25,28,0,5.172797425306688,0.4093011102072419,73
25,29,0,8.373715039145505,0.7975020096944667,108
26,0,0,4.217536959665297,0.4062143572508352,48
26,1,0,5.311597828251044,0.6960183856769911,50
26,2,0,7.343765192400484,0.8951908744093482,81
26,3,0,6.367155734926655,0.6099046067814198,76
26,4,0,8.051209199029937,0.7734944274783869,93
26,5,0,7.465319861000376,0.7151750524057553,88
26,6,0,7.455303597530709,0.7018297336743304,89
26,7,0,9.214897739023138,0.8987663460712308,107
26,8,0,9.155833743816803,0.9573093898859988,105
26,9,0,7.893049018487902,0.8103398514044599,92
26,10,0,9.133348554020181,0.9404713874311047,102
26,11,0,6.880287812155903,0.6267695882698009,84
26,12,0,15.2832285557273,39.10381185589044,104
26,13,0,7.136644090228436,0.8102876368541184,84
26,14,0,7.221090921742974,0.6282793642643283,94
26,15,0,8.753703275491118,0.7902832660202176,109
26,16,0,8.431925284735305,0.8097556489370281,109
26,17,0,7.183604965918045,0.6962738747662778,86
26,18,0,7.734574956800884,0.7301355637986811,97
26,19,0,6.406855689398325,0.4963352508283906,87
26,20,0,8.576494360055635,0.8173919183879157,109
26,21,0,7.343448044081928,0.6014896863266171,97
26,22,0,8.149768121716837,0.7263451506807148,105
26,23,0,9.632804671623832,0.961633216983163,120
26,24,0,8.210997344526817,0.7467120523878598,109
26,25,0,8.499504138916556,0.8263921750762033,107
26,26,0,10.08039161953765,1.02045493238136,123
26,27,0,8.579672144081542,0.7943134856709817,110
26,28,0,7.768436026730487,0.7360775742887219,99
26,29,0,6.147104806464367,0.4945984244636304,83
27,0,0,3.631608402726172,0.450276840140501,37
27,1,0,4.904663839690843,0.4781585933503329,56
27,2,0,5.640516190528611,0.6669327812123923,63
27,3,0,6.427371910232653,0.63266562693062,72
27,4,0,6.046090961165492,0.5249994324250752,74
27,5,0,6.379872562741413,0.6839629664003979,71
27,6,0,5.96130574620856,0.5366037140067741,72
27,7,0,5.879306684808937,0.576662022247064,70
27,8,0,7.107863071810869,0.6293840473785102,87
27,9,0,8.198318764091152,0.8907444331799718,93
27,10,0,8.096728383779579,0.7622640716391164,101
27,11,0,7.174426376345791,0.7053865068884486,88
27,12,0,8.571171190161889,0.9583754300544122,98
27,13,0,6.411460901476678,0.5841036246754897,81
27,14,0,7.889554304572991,0.7811434679172072,97
27,15,0,6.333882624242846,0.5342301254218013,82
27,16,0,7.101069879469968,0.713262016166806,85
27,17,0,6.663627822277349,0.6084662367847302,82
27,18,0,6.734911068921803,0.596593897809401,85
27,19,0,7.562869148852382,0.7725023109408329,90
27,20,0,7.447727719306348,0.7000132265670571,91
27,21,0,6.850315894479644,0.5727707884818111,92
27,22,0,7.086977335683116,0.650742360306872,88
27,23,0,8.312103379196284,0.7518046774708385,107
27,24,0,6.707639617633113,0.4986922051571346,94
27,25,0,9.998080232788769,0.9914465402129183,123
27,26,0,7.46791993705864,0.5865466042234216,105
27,27,0,8.24238115171835,0.8156074053148386,104
27,28,0,8.48235909558246,0.7254254911539737,110
27,29,0,9.091800056519835,1.008140477547516,109
28,0,0,3.35038608632428,0.4065304226484003,35
28,1,0,4.682013452369366,0.4696852325718914,54
28,2,0,4.176472471470237,0.3613200917828151,52
28,3,0,6.731345012756107,0.6754154610601149,78
28,4,0,5.480450233018201,0.5465312840795287,65
28,5,0,5.772856447203522,0.5127539170261151,73
28,6,0,5.327393370604422,0.6509300487792966,56
28,7,0,5.975635609115811,0.5763647620119746,69
28,8,0,4.393547118287415,0.3846654070916475,56
28,9,0,6.793348365009056,0.7305677066441749,75
28,10,0,5.096552909406265,0.5052472168645428,60
28,11,0,5.632152605930421,0.616485380608062,65
28,12,0,5.975514509540782,0.6112470381108854,69
28,13,0,7.10412388647697,0.7214969254970114,83
28,14,0,6.03639049034487,0.5159458236272294,77
28,15,0,6.553678718602293,0.6291932629708761,79
28,16,0,6.11430009069471,0.6254088848521842,73
28,17,0,7.024859531943097,0.6419067535217556,93
28,18,0,6.608563655650873,0.6688376269520411,83
28,19,0,7.549219277197905,0.9813796866283395,81
28,20,0,4.841314319141981,0.4014719149393147,63
28,21,0,6.410295118620846,0.6458702760042966,80
28,22,0,5.983767988271883,0.5403940442545584,77
28,23,0,6.675194060827343,0.6313972410301453,84
28,24,0,8.22678284633621,0.8645063793364615,98
28,25,0,7.627187231193572,0.8096582313099541,96
28,26,0,8.624722999558225,0.8220036614253301,109
28,27,0,9.610068318807535,1.024701681659413,114
28,28,0,5.694573323784778,0.4589607031075305,78
28,29,0,6.827088982074469,0.6120094063964899,87
29,0,0,1.847401440352248,0.2414599002452202,20
29,1,0,3.455734211732599,0.3263836666085169,40
29,2,0,4.371219668501302,0.4640249761673173,51
29,3,0,3.198767187920825,0.2929096810549599,38
29,4,0,5.075537952107507,1.910784445518044,47
29,5,0,5.464295238962085,0.4958986651556463,65
29,6,0,3.673399146437319,0.3896860533609873,41
29,7,0,3.857299564969693,0.3608952866782335,46
29,8,0,6.428338333487843,0.76763568323214,71
29,9,0,5.448685729471994,0.5530558026942834,68
29,10,0,3.858306501505774,0.4384861212964576,43
29,11,0,4.677069755659453,0.5357829916918477,53
29,12,0,5.257224726719369,0.5584191263316055,61
29,13,0,4.884144104135843,0.5406648525103367,54
29,14,0,5.423057979207949,0.5351975135115308,64
29,15,0,3.759320539055493,0.3324153678389032,46
29,16,0,4.176968051230058,0.4314997561871438,49
29,17,0,5.236837668672746,0.5250724471346835,61
29,18,0,5.111580243873225,0.4940624633683222,65
29,19,0,5.287244326434919,0.4948332964627786,65
29,20,0,6.574212144224639,0.9707198319119782,72
29,21,0,4.612226860138808,0.3750169853298895,61
29,22,0,4.754689091090984,0.4919985149873981,58
29,23,0,5.415131441978442,0.5226146863816732,66
29,24,0,5.412756362227967,0.509993542340799,67
29,25,0,5.899900059246145,0.4726559610617845,81
29,26,0,5.449176843717176,0.5169722508055563,70
29,27,0,5.650958054700436,0.5261817572262376,74
29,28,0,6.041046298530921,0.5925734608643509,74
29,29,0,4.757986009655606,0.373548864096262,66
