# mesh name: boxMesh_1
# primitive scorer name: doseScorer
# iX, iY, iZ, total(value) [MeV], total(val^2), entry
0,0,0,4.65411409195911,0.5140870591448875,51
0,1,0,3.46712374356608,0.3021514028314527,43
0,2,0,4.493274519132131,0.5004639064859834,52
0,3,0,5.100404347978947,0.5835607795160563,57
0,4,0,4.207723047897465,0.3749942853266884,52
0,5,0,4.217343979578025,0.3739440608772327,52
0,6,0,4.331174742713679,0.3722116244216004,54
0,7,0,4.420856123225095,0.3953831564808462,56
0,8,0,5.498299058047951,0.5008389307417547,66
0,9,0,5.83850252527914,0.6069328207400424,68
0,10,0,5.03797779229362,0.6794769105817665,50
0,11,0,5.564446684550444,0.6327413663869641,60
0,12,0,4.715623613063578,0.5092359884424643,59
0,13,0,4.276078423484845,0.3868893099811841,55
0,14,0,4.709640752350522,0.5086589199949073,58
0,15,0,4.963802347754448,0.4539624050630369,62
0,16,0,4.780957243206565,0.5059788740851401,62
0,17,0,6.470339836745574,0.657336489916316,79
0,18,0,4.96532547798394,0.5056444044452684,57
0,19,0,4.906936979948395,0.5661804495383166,57
0,20,0,5.246717984064823,0.4312891509109162,70
0,21,0,7.571883743996039,0.8010687080247032,89
0,22,0,5.492774948120197,0.4221437195624981,76
0,23,0,6.133677724833616,0.6447046784184218,78
0,24,0,5.401066652513819,0.479300980188429,70
0,25,0,5.469923119241468,0.5113959833655192,70
0,26,0,6.121005463046015,0.5483618302708189,79
0,27,0,6.102729184340966,0.5050181530072216,80
0,28,0,6.584253854259403,0.5701314401816672,86
0,29,0,5.661708734936218,0.6340062046539523,69
1,0,0,4.529013930838168,0.5446142798764301,49
1,1,0,4.861065835217836,0.5284257993681404,54
1,2,0,5.916993779011007,0.6015363094699775,69
1,3,0,4.938910661370628,0.4855016271667449,58
1,4,0,5.773508980851633,0.6306380052402778,65
1,5,0,5.105524151148496,0.4682527348113408,64
1,6,0,7.148860257959115,0.7057780280409626,84
1,7,0,6.824364888063378,0.6669623480762568,83
1,8,0,6.95338520846021,0.7321411691292542,80
1,9,0,6.399782501834498,0.6468036644843608,75
1,10,0,5.805522585551535,0.5498979902781956,70
1,11,0,6.978157386287824,0.7318784027918027,81
1,12,0,6.693297214138901,0.7024642475025547,77
1,13,0,7.250366621919236,0.6740464517097968,91
1,14,0,5.772759592343231,0.6481721780083193,64
1,15,0,7.797735326224154,0.8025122402835848,93
1,16,0,5.820514677069732,0.5334263730955685,73
1,17,0,5.308516489151414,0.5366437561694353,65
1,18,0,6.683722068629285,0.5530031803538586,90
1,19,0,6.215653774902425,0.5298823436612455,82
1,20,0,5.788643724806433,0.5247491134070226,74
1,21,0,7.346201892115337,0.6520644346035337,94
1,22,0,9.506858586671084,0.9155393353106164,120
1,23,0,6.357886770066835,0.604057569263128,83
1,24,0,8.248824677131301,0.6950866917778061,110
1,25,0,13.29201678384215,13.97435187210066,124
1,26,0,8.005086050520895,0.6229527014378149,112
1,27,0,7.400471090263197,0.6090901460823167,100
1,28,0,7.568381546827109,0.771384705916624,93
1,29,0,6.871689880320942,0.6980495573384622,85
2,0,0,5.32047206749763,0.618135646571657,57
2,1,0,5.158215013601997,0.6503749214955712,55
2,2,0,6.589618342363839,0.7088172725285036,76
2,3,0,6.673226414130526,0.5656073713635855,85
2,4,0,6.755031266214414,0.6508817155793674,83
2,5,0,6.344783719530493,0.6159267589103874,78
2,6,0,6.949993917022914,0.620209435246414,89
2,7,0,6.71831260985848,0.652498746743142,82
2,8,0,7.01445425302153,0.7395327970059166,81
2,9,0,7.885341775966683,0.6984710350833933,98
2,10,0,7.377341286578176,0.631699184445898,97
2,11,0,6.796228785722583,0.6280777805503016,84
2,12,0,7.233554187607806,0.6864051889087651,91
2,13,0,7.322794175625938,0.7025683621426886,91
2,14,0,7.679875970357946,0.6822001081238781,96
2,15,0,9.163216193294224,1.104216639265958,100
2,16,0,7.692811976348352,0.6996848122810523,96
2,17,0,8.266345936919304,0.7832830184221117,104
2,18,0,8.859209114387454,0.9726774354279453,101
2,19,0,8.108988039367297,0.6696064427616274,110
2,20,0,8.842382391671942,0.9718025915576743,105
2,21,0,9.011932686004416,0.8438182832014703,114
2,22,0,5.909100595261581,0.4410727274252644,83
2,23,0,7.613893493186806,0.6300599376327001,102
2,24,0,9.701480078122904,0.8998560882378027,127
2,25,0,8.664417828681366,0.7438351832133321,113
2,26,0,7.43310448963148,0.6174219204952981,99
2,27,0,8.41722098487142,0.8444628977466616,104
2,28,0,9.243383808518878,0.9183567339903465,114
2,29,0,7.843999460946935,0.7446971000935885,98
3,0,0,5.21672879030259,0.485348463312489,63
3,1,0,4.844808945770865,0.4969704496872749,57
3,2,0,7.811558231255955,0.7433089466745989,96
3,3,0,8.668287209783486,0.9086334789068844,99
3,4,0,7.519424214885137,0.7558274397864199,88
3,5,0,7.911658107827862,0.9683241996525187,84
3,6,0,6.863578971322289,0.6012464922408151,86
3,7,0,8.568502343503368,0.8712088805283191,103
3,8,0,8.187244152204721,0.9214131203953247,92
3,9,0,7.578810392541193,0.689636477384904,94
3,10,0,8.813904531389392,0.8741922242079151,108
3,11,0,7.773948127010437,0.6647478233697381,101
3,12,0,9.302680290177214,4.45043160038309,93
3,13,0,8.271696766215221,0.7958167012312279,104
3,14,0,7.678451807061609,0.6860250082869366,95
3,15,0,8.553124290600497,0.8398049448406273,109
3,16,0,24.26078042560103,263.103511986413,101
3,17,0,8.524818945022599,0.9408398798769056,100
3,18,0,8.787250502149737,0.9455666458362032,105
3,19,0,9.036625119708447,0.9396772788746727,108
3,20,0,10.03849659567286,1.198606953377895,113
3,21,0,7.541956619858714,0.6646133460703985,100
3,22,0,8.293971617369589,0.9503288014090857,100
3,23,0,7.930694478383153,0.7306622097192603,98
3,24,0,8.230708391722112,0.7160269272615418,110
3,25,0,9.485271613644651,0.9602419850089113,112
3,26,0,9.21135893553768,0.7917125592687219,123
3,27,0,8.233577980062092,0.7583708743812388,110
3,28,0,13.58896679121036,38.14291688434625,103
3,29,0,7.076813445028361,0.699085070014301,88
4,0,0,5.421606861047692,1.126877988778994,60
4,1,0,6.053166591148694,0.6254124775018972,69
4,2,0,7.157895931574437,0.7328312358185963,82
4,3,0,6.746556904630901,0.6357244321399773,82
4,4,0,7.213461449254072,0.6575156251498082,90
4,5,0,7.363719705482443,0.6093644637842989,96
4,6,0,10.92056167533427,1.309757849963427,119
4,7,0,16.17469948018112,38.188403681464,121
4,8,0,8.11768883869275,0.8851546049968942,94
4,9,0,8.226273398489978,0.894988110726446,94
4,10,0,7.32787703705991,0.6641987039502291,91
4,11,0,7.511113698978941,0.6980852955764599,94
4,12,0,7.604596802820862,0.7502365520835155,92
4,13,0,8.511118291483385,0.8973909185344823,97
4,14,0,7.58697144532149,0.8235323480701917,89
4,15,0,8.268703187089978,0.7743266054361791,100
4,16,0,7.198452216034077,0.6220905470350097,98
4,17,0,8.283280464058109,0.8160593224446335,103
4,18,0,10.58057418636364,6.467662434341879,93
4,19,0,7.574503105539304,0.7278948217432674,96
4,20,0,8.424887969437094,0.8816430400621219,102
4,21,0,9.119613863672067,0.7905917507728865,116
4,22,0,7.94622896807784,0.8012209757105625,98
4,23,0,12.46823982191438,16.63415721653976,108
4,24,0,8.671411179954998,0.7074692330578012,119
4,25,0,8.590452458039898,0.8689247263468676,104
4,26,0,7.834176929725933,0.7395272089627049,101
4,27,0,8.762878648129032,0.7179054950268614,118
4,28,0,6.551342668035926,0.4909741170774351,93
4,29,0,5.69981747725175,0.4216655914767407,81
5,0,0,6.285637179054077,3.723742015787704,52
5,1,0,6.551899088636207,0.7538775416652463,73
5,2,0,6.969711619817949,0.908660997801452,81
5,3,0,13.22403114888339,33.95005248069679,89
5,4,0,7.72236315097283,0.7636258191317838,93
5,5,0,8.925088966854625,0.8227360589203884,107
5,6,0,9.668923048805986,0.9748897837433144,116
5,7,0,7.970507162037561,0.8215529512111722,92
5,8,0,9.078195221029482,0.9518869132980973,102
5,9,0,8.767889315738017,0.9247924690409352,101
5,10,0,7.578745909140075,0.7287719581838034,93
5,11,0,8.263161068572849,0.8306604097598265,99
5,12,0,7.066950072465566,0.7411586760775866,87
5,13,0,9.588376024588394,0.9061702081589919,121
5,14,0,10.53540062401572,0.947452833083261,134
5,15,0,9.959925564456743,1.030999971365016,120
5,16,0,9.372456795712754,0.8286782017419753,118
5,17,0,7.377898869117664,0.6692925802242583,96
5,18,0,8.219027860391131,0.8017152509637553,102
5,19,0,9.190450041896311,0.7329632211931202,124
5,20,0,9.849365583412807,0.9348657580181433,120
5,21,0,8.348026271325152,0.7457878286596393,107
5,22,0,7.781089276598324,0.7576378495326143,98
5,23,0,9.644501183235466,0.871147462020574,123
5,24,0,7.26997982142018,0.6498390130890604,96
5,25,0,7.993111842498829,0.6646918190471839,107
5,26,0,8.876405901222547,0.8991159433139001,109
5,27,0,9.637809637620732,1.009632110613204,117
5,28,0,9.266797852773813,0.8569267727070379,121
5,29,0,8.188185941071515,0.7907709497285921,104
6,0,0,4.670555030137996,0.4700888476306698,55
6,1,0,8.576656977909492,5.429009147473456,72
6,2,0,7.609740568608878,0.7479289910154122,93
6,3,0,7.396167311044511,0.7867187889921862,81
6,4,0,6.423045630906103,0.5469027042773068,80
6,5,0,8.637276893016272,0.829665202218167,103
6,6,0,7.256074715193979,0.7895972035427269,86
6,7,0,9.145712919450361,0.9498623381369414,106
6,8,0,7.405483750053766,0.7800288274500857,84
6,9,0,7.198642096143636,0.6310874885781781,93
6,10,0,10.59736152383514,1.132935315253545,118
6,11,0,6.871283754732183,0.651711347586593,85
6,12,0,7.868700893810317,0.7366385991219786,98
6,13,0,9.127299467603573,0.8461139237454599,112
6,14,0,7.725933911033419,0.7227230750337499,96
6,15,0,6.54548200010091,0.6045088740076164,84
6,16,0,8.544433492206524,0.8238242971062272,104
6,17,0,8.122877844329114,0.8927017794197367,98
6,18,0,8.501776914949051,0.8138748961243277,106
6,19,0,8.745216282271384,0.8984337995022043,107
6,20,0,7.8948298563021,0.7189019692995139,102
6,21,0,8.608857661548354,0.8186771698986495,109
6,22,0,7.713008886168156,0.7384371081529707,97
6,23,0,7.572974938111067,0.589861602510605,103
6,24,0,7.459219532576594,0.7263541135591008,95
6,25,0,8.691303272850613,0.8499067364170974,108
6,26,0,8.859947321470292,0.8835037827589717,109
6,27,0,8.449082170840553,0.8586200356852948,103
6,28,0,8.512539766506652,0.7584020350295367,111
6,29,0,8.382523744368035,0.8020909696447016,108
7,0,0,5.570206838660877,0.4803605431894813,70
7,1,0,6.408457733785692,0.610928911061307,75
7,2,0,8.860163664021357,5.229318639067838,80
7,3,0,6.822972999266285,0.6483729460804343,80
7,4,0,8.11529669974275,0.7918973999793829,97
7,5,0,9.033060242730315,1.012351995012825,103
7,6,0,8.523217864402204,0.7583544775188554,108
7,7,0,8.187055322766449,0.7555678574304329,100
7,8,0,8.061539080138353,0.7301661787765706,99
7,9,0,8.990299841755522,0.9532075037794384,106
7,10,0,8.664017353576297,0.8605300722166724,105
7,11,0,7.596079963326787,0.7581561911717425,90
7,12,0,9.457315457289136,0.855610197966011,118
7,13,0,10.04080668716164,1.07965133149812,118
7,14,0,9.175385314985595,0.8651888175438563,112
7,15,0,7.409164896324551,0.7646553213739361,90
7,16,0,9.050367983960871,0.9104501384276601,111
7,17,0,7.098481553225839,0.5826510427113897,94
7,18,0,9.11878056649075,0.7491790629688946,119
7,19,0,8.131144893892467,0.8807586448810333,101
7,20,0,9.534498206312065,1.035111363497098,114
7,21,0,9.941755386138336,1.069134035594582,116
7,22,0,8.105449318230558,0.7545578947795184,106
7,23,0,8.213309902996512,0.7418808156488645,107
7,24,0,6.853865143329274,0.6555034364604069,85
7,25,0,8.006239609580634,0.705339840375763,104
7,26,0,7.748050940203143,0.8125150412150908,95
7,27,0,8.11717541875567,0.7600460915455279,101
7,28,0,8.698378537102352,0.8307225142498261,111
7,29,0,7.734309297059196,0.7088811020704529,101
8,0,0,6.207884731753402,2.662954490944392,55
8,1,0,6.126391863831647,0.5524109193398676,78
8,2,0,8.246538450259145,0.7469047740397072,101
8,3,0,28.30134427519082,418.8491920039937,95
8,4,0,8.947670745638987,0.8304214405777505,108
8,5,0,10.05454714843751,1.089765818034819,113
8,6,0,9.51130216673697,0.9293760979857891,111
8,7,0,9.238414613110365,0.9101213455631114,108
8,8,0,7.093377238108359,0.6302013953254404,90
8,9,0,8.65433488208275,0.8889006533642513,105
8,10,0,9.96245314897978,0.9775054839631413,119
8,11,0,9.30872210371307,0.9781213321551306,109
8,12,0,8.529355324034125,0.8411348424970939,102
8,13,0,9.431882403607142,0.9766827515268842,114
8,14,0,7.542231904535875,0.6038771442232967,102
8,15,0,8.172322344113409,0.8494308357357405,98
8,16,0,9.660028289508245,0.9509357610011487,116
8,17,0,7.607127608190954,0.7253835136202201,93
8,18,0,7.613778514673893,0.685000371517666,96
8,19,0,9.52212405936308,0.9203394242337634,118
8,20,0,9.019713234722765,0.8154086069962868,117
8,21,0,8.46753470872348,0.7237734163900803,110
8,22,0,8.448415376279318,0.7814186645967767,106
8,23,0,9.505496232497009,0.9620123867539477,117
8,24,0,8.658824755767645,0.7743308286888756,111
8,25,0,8.24362586028086,0.8573179402970198,104
8,26,0,8.878799370710039,0.7686886468136486,119
8,27,0,9.733868518474003,0.9211582421121293,127
8,28,0,7.52183631797715,0.6826880298320486,98
8,29,0,7.779337103555473,0.8946918101128102,90
9,0,0,5.65497903596135,0.5713255371795791,66
9,1,0,4.224633156575235,0.4137759808853648,49
9,2,0,6.638249939831143,0.701547570566343,75
9,3,0,8.928619864884636,0.9387105990631553,101
9,4,0,8.770314197410531,0.8313800552159191,110
9,5,0,7.86223926368092,0.7584590335668655,91
9,6,0,9.152970403130672,0.9717081810791179,108
9,7,0,8.282962356560764,0.751544738090372,103
9,8,0,7.894365042063869,0.6931374216025674,98
9,9,0,8.934194705240451,0.8051994705849436,112
9,10,0,7.994768584505533,0.8557689661050027,91
9,11,0,8.58281500851427,0.752540900455922,109
9,12,0,10.12299533103371,1.129212409904164,117
9,13,0,9.856138742553449,1.171062243972241,107
9,14,0,8.605425875958671,0.7583344507309902,111
9,15,0,7.002227158013078,0.5253712617452569,96
9,16,0,8.23648230941043,0.7467527079708849,106
9,17,0,8.888257580680449,1.010455439459299,102
9,18,0,7.031066854690476,0.7577789667176882,83
9,19,0,8.893950695798358,0.8652669756569015,109
9,20,0,9.106730342181676,0.9190751748683481,114
9,21,0,6.857845395865561,0.6392716046737671,86
9,22,0,8.137394070874221,0.8653911340690404,98
9,23,0,9.937830640139646,0.9830603435675138,122
9,24,0,8.093606677208557,0.7164895061573638,106
9,25,0,9.252311092897665,0.961713051109169,115
9,26,0,9.0624791626381,0.8414874618705408,112
9,27,0,8.036233317928671,0.770067438140971,104
9,28,0,8.618764359208795,0.8182677267005996,110
9,29,0,7.500447674592484,0.6325266685005282,101
10,0,0,5.381748466932939,0.5370274256664079,64
10,1,0,6.319838579087826,0.5787108217273813,77
10,2,0,8.727955820888527,0.8960044255419052,101
10,3,0,7.452238947916219,0.6228817794127046,98
10,4,0,9.915897170758164,1.040875276315206,113
10,5,0,10.68380416710019,1.183340841593432,123
10,6,0,7.986610068438785,0.7036254424766181,100
10,7,0,9.149083305466174,0.9877322501642334,106
10,8,0,9.770460269951826,0.9413770529680725,116
10,9,0,8.287303072689147,0.7236996594514895,107
10,10,0,7.614535557967904,0.7182417038703008,97
10,11,0,8.90631169151032,1.011789676799485,102
10,12,0,7.629994067332381,0.7209311774323092,91
10,13,0,9.639716684522995,0.9180618419350701,118
10,14,0,8.780675096427853,1.054140618828413,99
10,15,0,9.000840855745716,0.9047258854098645,107
10,16,0,8.226717764341009,0.704610223373821,107
10,17,0,7.434967341986352,0.886757327054845,86
10,18,0,9.406377651230448,0.9803276505971659,116
10,19,0,9.37853895237733,0.9849496957858324,112
10,20,0,8.563317820715143,0.8966591520628809,107
10,21,0,8.583950941358886,0.989354744732979,96
10,22,0,7.343479625909309,0.6266472839520556,97
10,23,0,9.269454769169217,0.8617270372614215,123
10,24,0,9.205886107292672,0.8711885157567384,119
10,25,0,9.013181796495294,0.8374353419779917,118
10,26,0,8.360653153455441,0.8535562539201353,106
10,27,0,7.767652309197328,0.7190589206656516,105
10,28,0,9.517337036427165,0.8128177082495226,128
10,29,0,6.935832104072551,0.6491802276787167,87
11,0,0,4.537465194261459,0.4839814524761206,50
11,1,0,7.528197942932056,0.8769960537097277,83
11,2,0,9.363544313191097,7.494501790537202,82
11,3,0,9.214814165588054,0.9843908157488683,105
11,4,0,7.630561737271312,0.7798965209146407,91
11,5,0,8.891767053887147,0.8957743847026396,107
11,6,0,8.601858053759528,0.7896982980815881,106
11,7,0,8.514463578332661,0.8047927859605651,104
11,8,0,8.105373084414133,0.7129347331595706,103
11,9,0,7.827224070784141,0.7524811625082902,96
11,10,0,6.349363988963478,0.644269410846519,76
11,11,0,8.87701561710611,0.7514573297781928,115
11,12,0,10.02988935497395,0.9819092600848105,121
11,13,0,8.356860443618011,0.7008016085564293,108
11,14,0,8.403965730862081,0.7289488443995583,107
11,15,0,9.202201895442848,1.169418547270042,101
11,16,0,8.388788373088872,0.7129202896376715,109
11,17,0,8.012401020467806,0.6809633084197139,106
11,18,0,8.754559471884518,0.8242624717797852,110
11,19,0,9.81827837475466,0.9667185500919515,119
11,20,0,6.127136020574412,0.5190294942794952,84
11,21,0,8.480592082724099,0.7505675523916909,111
11,22,0,8.524204660994222,0.7482223047117242,112
11,23,0,9.819664954385313,1.041944519174425,120
11,24,0,7.088264240952126,0.5664092454547389,97
11,25,0,8.652135843720083,0.8770164378927154,101
11,26,0,8.199033144610414,0.8805642990778733,98
11,27,0,11.19269767762365,1.157446808467223,137
11,28,0,8.394819729143869,0.7335427271016544,111
11,29,0,7.526690112507327,0.6612719228070187,101
12,0,0,5.043572245334256,0.4445329337860875,64
12,1,0,5.868389672348868,0.6132587700421647,68
12,2,0,7.800655710673513,0.7217142487224956,96
12,3,0,6.704928717618053,0.7872934579654031,76
12,4,0,9.454473246256486,1.004924257779497,106
12,5,0,10.03367173738346,1.248869560423212,113
12,6,0,9.388888875071794,0.9335108849359921,110
12,7,0,10.28038440534871,1.34963963092683,113
12,8,0,8.773311104865044,1.049547317915391,99
12,9,0,7.524857953952409,0.7826786188681388,91
12,10,0,7.274824894740421,0.6171313026089533,94
12,11,0,8.192159823351771,0.7287521663091221,102
12,12,0,8.48351383243892,0.6909043933045912,112
12,13,0,7.199731818755997,0.745866580063237,83
12,14,0,31.57398075810476,481.741256983117,113
12,15,0,7.806016337253499,0.7509906515145156,98
12,16,0,8.271446047981023,0.8030878075196589,106
12,17,0,8.229983622388762,0.8403350109940571,100
12,18,0,8.635859460902886,0.7764545461376869,110
12,19,0,10.50384009862266,1.08288613681799,121
12,20,0,8.41685622485805,0.8687520090376886,104
12,21,0,7.911779356478222,0.8154769008595604,96
12,22,0,8.268000159360323,0.8096157787662105,104
12,23,0,19.26322150266216,116.5630464987902,115
12,24,0,8.060476462921118,0.7354732475359962,103
12,25,0,8.289795135638432,0.6908301962502653,112
12,26,0,9.527376146343723,0.9432846225350632,117
12,27,0,8.069853061136191,0.7370646963728409,106
12,28,0,8.25538832427822,0.6910398928554079,114
12,29,0,6.810208853189047,0.7064297462195339,88
13,0,0,4.7487701012891,0.4757282501922067,56
13,1,0,7.716854658468912,3.568454977356244,73
13,2,0,6.901327172847688,0.6984303243451038,81
13,3,0,8.770416885520138,0.8012426802387557,107
13,4,0,6.733806414552331,0.6800408034434304,79
13,5,0,9.058693835896888,0.9719913889627705,104
13,6,0,7.185477088130889,0.6554638469067041,87
13,7,0,8.063737547971511,0.7199974065496758,101
13,8,0,7.548819944696763,0.6650628014294641,96
13,9,0,7.220040144595366,0.6028590825539208,93
13,10,0,10.43005231873237,0.9969806289015678,123
13,11,0,8.27859944619707,0.7011448110546729,106
13,12,0,9.027455724725145,0.9005498801651212,111
13,13,0,9.182190427919025,0.8085297773981881,116
13,14,0,9.713299763207326,0.9849853966069418,118
13,15,0,7.607079719565803,0.7242164547021033,99
13,16,0,9.86014440908219,0.938863402833959,123
13,17,0,8.360433041520288,0.7881902462583101,103
13,18,0,7.245857078042675,0.6858451547832146,96
13,19,0,8.344286708315458,0.8027804896404949,107
13,20,0,8.103635848749285,0.7473941344526231,99
13,21,0,8.536435083262331,0.7372243934481955,114
13,22,0,8.947513312205404,0.8144285507538063,115
13,23,0,9.100623818920232,0.8656829033579582,115
13,24,0,8.031800123125098,0.6299724113020425,113
13,25,0,8.128733600921981,0.7644505972910794,106
13,26,0,10.16293029471055,0.8985518699068316,130
13,27,0,6.271810365878435,0.5845876984299685,82
13,28,0,7.218065531513733,0.705596127533658,90
13,29,0,7.983295638170929,0.7901410575330264,99
14,0,0,4.580479462051962,0.4020687108985951,57
14,1,0,5.439884816114809,0.5692487649917468,62
14,2,0,6.71488709048662,0.7032251287470042,78
14,3,0,8.327184477832498,0.7175192352409211,104
14,4,0,8.068331488857678,0.8745238434153011,93
14,5,0,8.34997075298832,0.8506923865544512,97
14,6,0,8.813311439445602,0.80750048947011,108
14,7,0,9.022325051476457,0.927811788418745,105
14,8,0,9.034592673062017,0.9877182294806139,103
14,9,0,7.722758374672856,0.6195710077541223,104
14,10,0,7.449417298117047,0.75672467797284,88
14,11,0,9.606395708340543,1.064254127538044,112
14,12,0,8.654896454114422,0.8655286853737429,105
14,13,0,8.505832655350201,0.8983146876658197,99
14,14,0,9.425373529429082,1.013601445491167,109
14,15,0,8.253938543158721,0.7965649071248004,99
14,16,0,10.32980337834478,1.048238269897232,128
14,17,0,10.14331916316607,0.9841489774366275,124
14,18,0,7.902653239260297,0.7773244598836183,102
14,19,0,8.639593687326505,0.8350837484583402,109
14,20,0,7.81964616794192,0.7003051143395117,102
14,21,0,7.385180367380936,0.7002082791600223,95
14,22,0,7.010802589673692,0.6279784993242522,91
14,23,0,8.334078566629467,0.7485909329641494,111
14,24,0,10.39431900700285,1.10284853841437,121
14,25,0,8.36105577915113,0.7429468309430532,108
14,26,0,6.447627588604302,0.509916594475684,89
14,27,0,10.5642879513901,1.215039111334207,125
14,28,0,8.275756604971976,0.8123822269948908,104
14,29,0,8.482303781967655,0.6983916431811585,115
15,0,0,4.89702991095028,0.5543895302012628,54
15,1,0,5.664850805176141,0.5543338083654386,70
15,2,0,6.307486619220711,0.5621808321783787,76
15,3,0,7.406042681179795,0.7178560436727477,89
15,4,0,8.950467211486849,0.849782908291288,105
15,5,0,8.296549457374903,0.9336272617746872,96
15,6,0,8.729857067873057,0.9221543108137837,100
15,7,0,7.271279568632984,0.6513324444659427,91
15,8,0,7.501356162839984,0.6618317098281873,99
15,9,0,8.715871288484577,1.006646115416324,99
15,10,0,8.460428435802381,0.9542168495000731,100
15,11,0,6.707108319965739,0.5426887081551366,90
15,12,0,7.791668610051923,0.7119761791250375,100
15,13,0,10.36789867961576,0.9769691152678692,125
15,14,0,8.04799080815752,0.7500394698593662,98
15,15,0,8.544564173064694,0.9285235523070645,103
15,16,0,17.69275775274788,83.21071223707177,103
15,17,0,8.656676208854806,0.8241377444075569,108
15,18,0,9.704723360321301,0.935902229569243,120
15,19,0,7.803578526294233,0.6603044221014246,102
15,20,0,8.746393325217454,0.749535325329753,114
15,21,0,8.278223939671788,0.7355516827759677,109
15,22,0,8.048468526031108,0.7716315669120446,102
15,23,0,10.65008180777917,1.192256358227001,124
15,24,0,9.455859528783222,0.8232790706314396,124
15,25,0,7.671466267452264,0.7073777543523611,98
15,26,0,11.30680079815325,1.295626719383251,132
15,27,0,8.861789567635887,0.8664711494225287,113
15,28,0,7.181008995009269,0.5993751180996325,98
15,29,0,7.147297831028625,0.6019257794380409,96
16,0,0,5.148622320238744,0.4710556116177053,61
16,1,0,5.331659868355419,0.506414224373032,63
16,2,0,5.942991264123899,0.4910559931808698,77
16,3,0,7.187645309875131,0.7410742790699159,84
16,4,0,21.3497446435532,158.3938378460702,102
16,5,0,8.812794020720496,0.9081406525568448,106
16,6,0,8.272261363443752,0.8005315119694861,97
16,7,0,7.862298690950321,0.7407733365271831,97
16,8,0,7.78763650907871,0.9430657558120219,87
16,9,0,8.274096500209865,0.8969948136917313,95
16,10,0,8.960835784335988,0.987420136416715,100
16,11,0,9.015081224669581,0.8334671448623042,112
16,12,0,8.993187638450291,0.8931946530587632,108
16,13,0,7.294870033800532,0.7209938863240805,88
16,14,0,8.074407845659804,0.8086726576757023,98
16,15,0,8.121955726898308,0.7137343025535157,102
16,16,0,9.303488041311358,1.212698374753202,99
16,17,0,7.00324087135031,0.6375224766665988,90
16,18,0,7.338751785602434,0.6932094954517288,93
16,19,0,9.291794633012266,0.8656278417534952,116
16,20,0,8.428398909670399,0.7688857658727999,107
16,21,0,17.56619720581305,91.04012346663897,103
16,22,0,8.813338548737415,0.8133844941046607,111
16,23,0,10.15375734279116,0.9501012032551575,132
16,24,0,9.194670857675732,0.8770693067910497,116
16,25,0,10.4432669268108,1.042421609413996,128
16,26,0,8.554181791990199,0.7543054417010693,115
16,27,0,8.070479326217237,0.6749133561489615,109
16,28,0,7.104456606446995,0.6223946990013679,94
16,29,0,7.573303245631612,0.7304405526183914,95
17,0,0,4.119916912409107,0.3960957640447669,49
17,1,0,5.488954227886708,0.4916484001478423,68
17,2,0,5.851264517365725,0.622484991231236,67
17,3,0,6.098056479412447,0.5905555305628937,76
17,4,0,8.870944601554401,0.8602530916749377,104
17,5,0,9.358390222435988,0.9615064119157622,106
17,6,0,8.808744717740385,0.9055720521721182,106
17,7,0,8.026974170059486,0.7505759880204254,99
17,8,0,7.820479696767177,0.7641252180027202,95
17,9,0,8.781367936513803,0.7886624809520804,113
17,10,0,6.811534581327874,0.5145296051822267,94
17,11,0,9.116810116076806,0.8644501202440534,112
17,12,0,7.859624655620761,0.6902417689604559,101
17,13,0,9.210660804646785,1.08448789952589,106
17,14,0,9.448115573710909,0.9049092528382546,116
17,15,0,7.822655807657632,0.7908087392772188,95
17,16,0,7.598422513209296,0.8130089998281215,88
17,17,0,8.154448033579648,0.7818889729700071,103
17,18,0,8.657814702870859,0.911903730271422,102
17,19,0,8.832229587601649,1.542520827167275,104
17,20,0,7.641137477951829,0.6810501057915332,100
17,21,0,9.255773799898648,1.092537637337388,114
17,22,0,6.969575571711877,0.6148465802981252,90
17,23,0,9.488353508835438,0.785910105198345,127
17,24,0,8.397745516574147,0.9273912095212793,101
17,25,0,9.762623248099032,0.9913546702933465,118
17,26,0,8.348121563604142,0.7789869381629724,108
17,27,0,9.11515977143188,0.7844215081062463,120
17,28,0,7.66734015646557,0.5944304564349794,107
17,29,0,8.480184274057278,0.8284000839375508,104
18,0,0,5.65029460491755,0.4907014831893908,71
18,1,0,6.027651367527489,0.6327539951744876,70
18,2,0,5.661035032907439,0.5086181700108597,70
18,3,0,7.704247131854256,0.8289636610641075,87
18,4,0,7.821589624990027,0.7475341204666063,93
18,5,0,8.877912909839786,0.8088048580114952,110
18,6,0,8.560654625076648,0.9202096743482603,104
18,7,0,8.081105014474277,0.7450059286469761,99
18,8,0,9.578648180991832,1.119846250203542,109
18,9,0,8.878317966987447,0.8157893189974088,108
18,10,0,7.349920741889564,0.7137467923931523,92
18,11,0,8.617175526536526,0.7719609027378536,107
18,12,0,10.04525363526179,0.9441870735944119,122
18,13,0,8.595725545177647,0.867639725324148,105
18,14,0,8.455278984950462,0.7658047570686595,105
18,15,0,8.429771769454304,0.9350583644226267,98
18,16,0,9.326453115626633,0.8474452394938423,118
18,17,0,8.477560844269204,0.7721973224866401,109
18,18,0,7.546473955267684,0.6293223944390042,98
18,19,0,8.651114208905666,0.7962327237359563,113
18,20,0,17.23529522296885,73.36837866491936,107
18,21,0,9.012161887006762,0.766085101349931,119
18,22,0,7.911607528569093,0.7437513606907724,99
18,23,0,8.403768981803317,0.7596928450882585,109
18,24,0,8.099344851348123,0.7700918860701094,105
18,25,0,9.018690873722115,0.8394988337902279,114
18,26,0,8.384852021131872,0.7295343257473702,110
18,27,0,8.731682648946855,0.8499481602345317,110
18,28,0,8.294204481494862,0.737453075681803,109
18,29,0,8.357491538427043,0.7698799092945313,110
19,0,0,4.699928296328777,0.4758792687479794,57
19,1,0,4.737552560971135,0.5247363010826277,53
19,2,0,6.217701527169351,0.6151403835965364,73
19,3,0,7.121135780098313,0.7636411665993347,82
19,4,0,6.816400739972747,0.6137059109793717,84
19,5,0,9.043904697989666,1.000286308766559,105
19,6,0,7.054656084189944,0.7771908054368545,82
19,7,0,8.793107537090492,0.8493954642368494,107
19,8,0,7.475688555302042,0.7137113387792465,92
19,9,0,7.620812927476653,0.6989569931904032,95
19,10,0,8.561678215543683,0.7730992363547394,106
19,11,0,7.841483574530354,0.7822517938475216,92
19,12,0,7.219389484019191,0.7707324276582561,82
19,13,0,7.828196092187715,0.6911137953346586,103
19,14,0,8.225144600946704,0.8308670437918789,99
19,15,0,8.346324765815814,0.8175602237578032,100
19,16,0,9.002093712293551,0.8118217636981152,113
19,17,0,8.687285756847688,0.8887792574878139,104
19,18,0,8.626917271436609,0.7506098981737949,114
19,19,0,8.513781476753227,0.868185976892123,107
19,20,0,7.592304425004154,0.6375993739859525,102
19,21,0,9.451696522607964,1.001480783109421,112
19,22,0,8.287698920490284,0.7318896909469627,107
19,23,0,7.869002136598369,0.6010454289036684,109
19,24,0,9.162118069066176,0.9153618948449103,113
19,25,0,8.685604995720475,0.8227996832074534,111
19,26,0,9.482381308879654,0.8902089867121888,121
19,27,0,8.727274546579441,0.6891941627421031,119
19,28,0,8.19682470926883,0.7214068648257465,108
19,29,0,6.592116332273178,0.6068083915001923,87
20,0,0,5.988123680964399,0.7034506827543187,67
20,1,0,6.905159422966418,0.8659043658350464,71
20,2,0,6.312666885002995,0.5717916980206804,78
20,3,0,7.735247059736558,0.8153938486655129,89
20,4,0,8.199147779982763,0.9140763507327273,91
20,5,0,8.589355860803627,0.9260367958061451,98
20,6,0,8.470659706639944,0.7666773316959338,106
20,7,0,8.072580679694886,0.6875906600970242,104
20,8,0,9.494985167509114,0.9962910981331186,110
20,9,0,10.28458622417292,1.013166394172176,126
20,10,0,9.544015919630407,1.049079816015214,109
20,11,0,6.893703467732806,0.6101432833648851,86
20,12,0,8.495372407104114,0.7597601034372448,107
20,13,0,7.391210414628629,0.653250892692675,96
20,14,0,7.913092278067504,0.7612310725161133,96
20,15,0,10.77860761841399,1.123857435086553,128
20,16,0,8.706497407789692,0.8777313921399604,110
20,17,0,7.266113581424562,0.5981368130289748,95
20,18,0,8.8551596778704,0.7970539149365964,116
20,19,0,7.488959972772367,0.6395293911630444,98
20,20,0,8.432741802960496,0.6947359195422016,112
20,21,0,6.735763159676439,0.6167660236980501,85
20,22,0,8.883513408747289,0.9279197119990238,111
20,23,0,8.037912502296029,0.761747893340477,102
20,24,0,8.780466157105693,0.8790064648864291,108
20,25,0,8.79368753834162,0.8891244488031459,110
20,26,0,7.972862488306257,0.7258340914125242,103
20,27,0,8.018989392400186,0.7272896522553032,100
20,28,0,6.998338987299771,0.5804649217761695,95
20,29,0,7.519329706867835,0.7773049447095364,91
21,0,0,3.667139220945809,0.3664630411610624,44
21,1,0,5.319344491560905,0.4413308682084632,68
21,2,0,8.190266545041476,0.8688058871733053,94
21,3,0,6.868497660073531,0.7241084528530307,79
21,4,0,7.781349406667499,0.6535502074904214,99
21,5,0,7.780032169885203,0.7092063525044026,97
21,6,0,8.687374824055068,0.961531496835873,96
21,7,0,8.09039258973273,0.7643886859766343,97
21,8,0,7.438702981011409,0.7425078520763302,89
21,9,0,9.5035849602705,0.9591844750647884,111
21,10,0,8.825288876181588,0.8586047706183395,107
21,11,0,9.116733378152063,0.9844487749839597,108
21,12,0,8.489672550276987,0.8768425774760692,102
21,13,0,8.808852110776048,0.9407397038151089,106
21,14,0,8.975078872309963,0.7632253893408022,116
21,15,0,8.580434967021448,0.7650875915928661,112
21,16,0,9.163941322203668,0.9662885135659769,110
21,17,0,8.338541657428195,0.7496048747692289,106
21,18,0,7.64338038459357,0.7819834336506271,94
21,19,0,7.465124176882647,0.7421674744231461,90
21,20,0,7.621924720872721,0.7659185136915033,93
21,21,0,9.374538100825758,0.7463966956398376,129
21,22,0,9.343893396295336,0.7607345749792388,124
21,23,0,9.108944581713876,0.8283553347344272,119
21,24,0,10.01995402283995,0.904359934050637,128
21,25,0,8.026038932545561,0.6870970764789527,105
21,26,0,10.2835879106468,1.100230334070759,123
21,27,0,8.156114028419029,0.8351178237235357,101
21,28,0,9.251617819118387,0.9565606982641107,114
21,29,0,6.294100044662637,0.4987499393356523,88
22,0,0,5.842624239559071,0.7152329491088762,61
22,1,0,5.299516872607912,0.4796057429237314,65
22,2,0,6.840916259225752,0.7672408366493351,78
22,3,0,8.45672094803005,0.9165835152781232,93
22,4,0,8.679627932528684,0.956722068576809,100
22,5,0,7.659266709787458,0.6389467857385666,98
22,6,0,8.519144330633866,0.8520594678884044,101
22,7,0,9.07192982454985,0.961090628990722,104
22,8,0,7.552960687169337,0.697251638474869,92
22,9,0,7.294994444014234,0.6936374462976826,89
22,10,0,8.322009858025748,0.7735607001277617,103
22,11,0,9.014147707633729,0.8459872140205049,111
22,12,0,9.100553976501294,0.8843114909825207,110
22,13,0,7.844303021145566,0.6977001053206657,101
22,14,0,9.779532026243821,1.075573495286009,112
22,15,0,6.514709856747522,0.5542470619492448,86
22,16,0,7.269053281697603,0.600639654537076,96
22,17,0,14.85738551111145,27.62564535593657,112
22,18,0,8.931566962646651,0.8421000257514707,115
22,19,0,7.499032183535953,0.6540590828236467,100
22,20,0,7.969377583822962,0.6988056298794978,102
22,21,0,8.403313011152909,0.7251884116934645,108
22,22,0,7.816967871720622,0.8127924046058571,96
22,23,0,8.797655649106867,0.7361690829733256,115
22,24,0,8.770649841692549,0.9042128739931142,109
22,25,0,25.10658770102149,283.1035418230371,108
22,26,0,10.91039861944402,1.232030993458886,128
22,27,0,21.08346260430065,167.8470059381691,109
22,28,0,6.752104457627576,0.5499173848046651,90
22,29,0,6.314739928407249,0.633010241920781,80
23,0,0,5.688004356261275,0.7159197522473544,58
23,1,0,6.1363003054528,0.7372571859611858,68
23,2,0,7.205501033283558,0.684786893049394,87
23,3,0,7.578077122888651,0.6766827218149567,93
23,4,0,9.855857262759228,0.9430427934328836,120
23,5,0,9.541105209139548,0.9557808236849915,113
23,6,0,8.158737644893334,0.7228036289108823,102
23,7,0,7.548786717120636,0.6878126181450887,93
23,8,0,9.921391028241334,1.2145239692816,115
23,9,0,8.226844609027848,0.8013848808593436,99
23,10,0,8.831577641435066,0.8664550724672614,105
23,11,0,7.450904384233908,0.7443515842995958,88
23,12,0,10.06861005443631,1.20087506767321,111
23,13,0,8.546782681621014,0.8112128352309403,109
23,14,0,9.114057594687235,0.8013689932020875,115
23,15,0,9.636923887240943,0.9953250636654649,114
23,16,0,7.88583231635714,0.692497759474065,103
23,17,0,8.079770176926635,0.7150648809395087,107
23,18,0,9.048358338893784,0.7957750547224154,116
23,19,0,7.885004426864117,0.6848872386700616,101
23,20,0,9.859183062110095,1.022447065939908,120
23,21,0,7.96538830299013,0.7002245700668908,105
23,22,0,8.575130958877955,0.8167264675920394,110
23,23,0,8.664440859264547,0.740450535651541,114
23,24,0,7.318946800795606,0.6373839145287905,97
23,25,0,9.150319230825973,0.8390194379889844,118
23,26,0,9.984062067094337,0.9826798658100384,123
23,27,0,9.634803504750122,0.8979340142924226,124
23,28,0,8.868776930695326,0.7886072389118569,118
23,29,0,7.752657481632783,0.7078771179933426,101
24,0,0,5.031573248413363,0.5093808551712657,60
24,1,0,7.149161031576366,0.6858575066935515,87
24,2,0,8.312930525383777,0.9037425510289093,94
24,3,0,8.135899990159745,0.8350714911895057,95
24,4,0,7.83853375423161,0.7667854449732117,95
24,5,0,7.901686974655502,0.7803488423619473,92
24,6,0,7.837532436742886,0.9858829140240013,83
24,7,0,10.34471787319273,1.177812490316161,115
24,8,0,8.277192788371451,0.7780294539893257,101
24,9,0,7.39954321984448,0.7204697265514732,91
24,10,0,9.102582818076741,0.7745726317248363,115
24,11,0,7.83006343429064,0.7054101223483944,100
24,12,0,9.471613938427472,1.121182178029092,106
24,13,0,8.358657896130886,0.8168545184213821,102
24,14,0,9.221749015131369,0.9627791889459628,108
24,15,0,9.349335190733559,0.9755625307935001,111
24,16,0,8.931305322075076,0.920998766899164,107
24,17,0,7.469705222224702,0.7921844564976088,89
24,18,0,7.946688498673382,0.6838298448596641,102
24,19,0,8.509543722907907,0.8537428877023245,105
24,20,0,8.836180266054543,0.8344277947539538,113
24,21,0,10.57243509592502,1.189553577298229,123
24,22,0,9.3611957298184,0.8776902869178143,119
24,23,0,7.601870182238033,0.6318981336055156,101
24,24,0,9.322870027114467,0.8263696036810398,121
24,25,0,8.169106072879556,0.6718165886403199,111
24,26,0,21.4627874753336,145.1677094988677,122
24,27,0,9.367103783436493,0.9088266007857938,120
24,28,0,9.8395720249408,0.9672337243351714,124
24,29,0,7.348437593525702,0.6131623352368499,100
25,0,0,4.297270033716374,0.3580347570346181,56
25,1,0,5.299065727338907,0.5627867251822868,61
25,2,0,8.22192866213898,0.8331525335013811,97
25,3,0,8.794216934607116,1.155639173376826,97
25,4,0,7.393469985246312,0.7015976854137987,88
25,5,0,7.63764876748492,0.8298251305036131,87
25,6,0,7.040177170618295,0.7025936177696095,84
25,7,0,8.658785064781373,0.8133869516900655,110
25,8,0,8.445770590777284,0.8170180252406624,101
25,9,0,8.212877781723392,0.7932474085437262,99
25,10,0,8.407456382067553,0.8147912524854043,103
25,11,0,8.667290829864232,0.820422444628997,104
25,12,0,8.725992311900882,0.8971982673658254,105
25,13,0,8.392440220771025,0.9204119809242043,95
25,14,0,7.451541732763884,0.7457945322861325,88
25,15,0,8.191410869638922,0.7257627189496859,104
25,16,0,9.034816050487882,0.9340912689283534,109
25,17,0,8.846295364814527,0.9540529872924349,106
25,18,0,9.107526257446926,0.8054940424126015,115
25,19,0,8.688672104768171,0.9349457338365544,105
25,20,0,6.530177813114096,0.5208538378589606,88
25,21,0,8.088588113473559,0.8165208165705676,101
25,22,0,8.128567177137958,0.7967948116806952,102
25,23,0,9.719630270907459,1.088680808798242,115
25,24,0,8.569936967839739,0.8093537270613446,110
25,25,0,9.352674424508333,0.975109730717282,114
25,26,0,8.871420220532569,0.8221352888991016,113
25,27,0,8.174052210880856,0.716304823082422,106
25,28,0,8.161375846910877,0.8392415082525262,97
25,29,0,6.102915968948147,0.4870597433411575,84
26,0,0,3.491361376297508,0.3332261735161153,42
26,1,0,6.036093911966675,0.5774140315941664,71
26,2,0,8.004775745104121,1.069239758232506,83
26,3,0,7.101813545322469,0.7832463949005379,78
26,4,0,8.895473274767015,0.9335150930797236,104
26,5,0,7.228818933461969,0.6504414370910023,92
26,6,0,6.430344274204841,0.5551864536254461,82
26,7,0,6.786718971760274,0.757322834548558,77
26,8,0,6.829068856424803,0.5890655238502142,88
26,9,0,10.014239814058,1.16556727299056,114
26,10,0,9.852533441249268,1.017682169002389,116
26,11,0,9.060067186466716,0.9035453032678485,106
26,12,0,7.914990882896547,0.7728348650073223,96
26,13,0,7.682972792683294,0.665198054559145,99
26,14,0,7.33475546210034,0.6855886354291789,89
26,15,0,9.708244734198527,0.9547011356198634,117
26,16,0,7.807720659486055,0.8972144509481518,88
26,17,0,9.034431529953432,0.8756363120294025,115
26,18,0,9.110262726190902,1.129059595164641,107
26,19,0,8.506986384446614,0.6930909945033424,113
26,20,0,7.389815455787796,0.6830659029666873,93
26,21,0,8.107850792907396,0.6684816018230603,107
26,22,0,8.585113111322963,0.8938892925444725,102
26,23,0,9.924826813537344,1.05026772695312,123
26,24,0,9.690723649006401,0.9735447746090405,117
26,25,0,9.427522631339635,0.9129994509945714,118
26,26,0,8.545172342272544,0.7934541996832851,109
26,27,0,8.146401173569581,0.6982399875594032,107
26,28,0,7.461358786256432,0.6396956777388245,100
26,29,0,7.938094694881981,0.8269399401699746,98
27,0,0,5.073082947304354,0.6626761684857563,54
27,1,0,5.266644166161402,0.4827759754183659,63
27,2,0,6.297853962553173,0.6961516578336263,72
27,3,0,7.323047826371556,0.7749686085270288,85
27,4,0,5.633881487115219,0.4971063495743181,71
27,5,0,8.11969643320152,0.8297727018946127,97
27,6,0,8.368317448489776,0.9951538240628364,93
27,7,0,12.34148280682594,28.70340987567732,90
27,8,0,7.171391251676354,0.583164923930826,95
27,9,0,7.220051569680743,0.7415394983215671,80
27,10,0,7.14646612605404,0.80793258258958,84
27,11,0,7.879898510096664,0.7219075145924577,98
27,12,0,6.948627851427601,0.6914557946397171,85
27,13,0,8.233667315870878,0.8218320736305157,98
27,14,0,8.075314538851922,0.7823105218073049,99
27,15,0,7.511395300097421,0.7020609496863712,94
27,16,0,8.203451903320437,0.9055737439487052,96
27,17,0,7.797295801194043,0.8006499397762102,96
27,18,0,9.285361765118861,1.093767526350922,104
27,19,0,7.594241005924713,0.7268648628280487,95
27,20,0,7.821546120994237,0.7659682005265922,99
27,21,0,7.456338984926028,0.6420557136778468,95
27,22,0,8.93389634414528,0.9136603804448197,109
27,23,0,9.041519366480498,0.8726208966938682,111
27,24,0,9.188345102163462,0.7751004650837819,120
27,25,0,7.899828772577773,0.7948148928064941,101
27,26,0,8.653063708935358,0.7887975171849588,111
27,27,0,7.709335599340178,0.8219223845579493,98
27,28,0,7.849247792469761,0.628496209381571,107
27,29,0,6.526281112214868,0.6170315224485554,87
28,0,0,3.004688606314866,0.2577166945540167,38
28,1,0,4.801072171345597,0.5635635123261485,53
28,2,0,5.514158759772648,0.5281554727926366,64
28,3,0,5.556198416711823,0.5243146752511291,66
28,4,0,5.6090799387304,0.6734880694649207,60
28,5,0,7.129940828169374,0.7376657981658777,83
28,6,0,6.889063593907713,0.7095675261593941,78
28,7,0,6.031944740310941,0.6930952778048245,66
28,8,0,6.426457619880818,0.6197326599912281,76
28,9,0,4.883446126657521,0.4477056874872789,61
28,10,0,6.695901695696895,0.6238172810096613,84
28,11,0,6.616088268713472,0.8283250755881378,72
28,12,0,6.98238330799867,0.7206342596459462,80
28,13,0,6.821838550744438,0.6680808462795983,84
28,14,0,6.65388588077348,0.6363527229417997,81
28,15,0,6.2572590038719,0.7181757595947856,74
28,16,0,6.61317164785784,0.5763400455751228,87
28,17,0,8.17610217191643,0.8129031878521527,98
28,18,0,6.482116853102456,0.6434814156480142,79
28,19,0,7.120956545662265,0.7631116358909468,87
28,20,0,6.251824239760823,0.5803349505534945,81
28,21,0,7.01690372684613,0.656087375110525,91
28,22,0,8.553965243840498,0.7631626565466078,108
28,23,0,7.391512507580498,0.7000265992148702,95
28,24,0,5.86008335278779,0.4835980849127965,80
28,25,0,8.611391555718615,0.907136381466048,106
28,26,0,8.089839092955646,0.7329620059906815,104
28,27,0,8.548993516787949,0.8691681191561005,103
28,28,0,7.709816054866384,0.7686241780271205,94
28,29,0,7.561060676247686,0.6861052388005613,102
29,0,0,2.623711114031801,0.2941407330612126,31
29,1,0,3.935568225398761,0.3810449264068964,45
29,2,0,3.865806168701002,0.3493501346758177,47
29,3,0,3.963821988933516,0.4282705759545204,43
29,4,0,4.519752893723452,0.4194346774107202,53
29,5,0,5.249274511052799,0.564902715065832,59
29,6,0,4.596237282142888,0.4066989454054231,59
29,7,0,5.095015374638769,0.4795911718071874,64
29,8,0,4.517744418876608,0.4701123698497051,52
29,9,0,5.028425302489449,0.4210499437952139,64
29,10,0,4.502126784819005,0.4133244442450654,56
29,11,0,4.692815374473164,0.4067916970006965,58
29,12,0,5.101077242889607,0.45479949337675,62
29,13,0,4.753682550156161,0.4316120142176306,60
29,14,0,6.282477531190232,0.5669464918889715,82
29,15,0,6.059710452171939,0.5441157187614027,76
29,16,0,3.96585052891096,0.3362417731780599,54
29,17,0,5.199753024085986,0.487532224613937,65
29,18,0,5.191574834880623,0.4010959293074056,71
29,19,0,4.977062324294653,0.3689418807152387,70
29,20,0,4.943397051425507,0.419735179347477,64
29,21,0,5.283055419528775,0.5450486456587003,63
29,22,0,4.797852614148081,0.5410723825181418,59
29,23,0,5.252014679652778,0.5025130752428729,66
29,24,0,4.033365711985359,0.3473264329637845,55
29,25,0,6.790305809201128,0.8330780112749527,78
29,26,0,4.766587751200396,0.3667588299443908,67
29,27,0,7.067730017009041,0.7377694954307313,88
29,28,0,5.688499964564485,0.4705537145395821,76
29,29,0,6.270263917247886,0.634378856021278,84
