# mesh name: boxMesh_1
# primitive scorer name: doseScorer
# iX, iY, iZ, total(value) [MeV], total(val^2), entry
0,0,0,3.338744233369611,0.3207761930541635,43
0,1,0,4.762563833364586,0.4120307996316492,62
0,2,0,3.350380371706515,0.2766074502532136,44
0,3,0,5.495452836351632,0.5469539139070537,66
0,4,0,4.79826088685451,0.4318910850341333,61
0,5,0,4.631296931181171,0.4390244596620286,57
0,6,0,4.397897991552187,0.3829034527833273,61
0,7,0,5.581381069229669,0.7266708664470529,60
0,8,0,5.378458254791458,0.5557022377752666,67
0,9,0,6.34882178436156,0.6707563356794211,75
0,10,0,4.975754629364414,0.4866895171123184,63
0,11,0,5.197601045034165,0.4483939159172939,69
0,12,0,4.703500188723984,0.5412926264074963,56
0,13,0,6.138495381349639,0.6094004350337743,76
0,14,0,5.47113591827899,0.4742964097465539,71
0,15,0,5.672838299781172,0.5259775096378159,73
0,16,0,6.093892943925964,0.5290599223029498,79
0,17,0,5.352482931171552,0.4748516347883012,69
0,18,0,5.86565564650784,0.5480543768364511,74
0,19,0,5.424026999665026,0.4572455427943252,72
0,20,0,4.926251876971834,0.4218668341219814,66
0,21,0,5.104109129367292,0.4221955144580876,69
0,22,0,5.402454511298622,0.4626103688456241,70
0,23,0,6.835034166254517,0.611814918553543,92
0,24,0,7.244723814892175,0.6076730404843238,96
0,25,0,7.13059550399101,0.6863610689472248,90
0,26,0,6.030945386331621,0.5670614794478359,76
0,27,0,5.268180319248396,0.4470941555840113,71
0,28,0,5.576576673200849,0.4377509552849781,76
0,29,0,6.584135384748673,0.6430658176967248,85
1,0,0,4.863711813156571,0.5273670487076544,57
1,1,0,5.799257246451326,0.5688290832913954,71
1,2,0,5.711552274998689,0.4380985252996977,79
1,3,0,5.898568985213157,0.6118231857379035,68
1,4,0,6.983126726534822,0.698748317919424,86
1,5,0,6.388797752262367,0.496671008500509,87
1,6,0,6.196443216350165,0.5710484297444053,78
1,7,0,6.713314486923908,0.6442667723210219,82
1,8,0,6.098679329312162,0.5635584598583121,76
1,9,0,8.43100188239786,0.8794125949038487,100
1,10,0,7.596893641965221,0.6628044072045972,97
1,11,0,7.492569647000357,0.7766201086486155,89
1,12,0,7.42827246569543,0.7536399461477891,89
1,13,0,5.308683645504944,0.4083735216559904,74
1,14,0,7.223965880579771,0.5865651657814831,96
1,15,0,12.65659999623796,25.26427547118174,99
1,16,0,7.267121342549362,0.8775318109595591,87
1,17,0,8.043162095713104,0.7895140687133567,98
1,18,0,8.245705805678135,0.7606261325568097,104
1,19,0,6.469069050878357,0.5022029149561803,88
1,20,0,9.924694765313081,1.235113305061575,118
1,21,0,7.683753785666855,0.672827324783611,98
1,22,0,7.432062922082315,0.6461415689618918,98
1,23,0,6.400232028211022,0.6376883241867908,80
1,24,0,9.080445843465474,0.8921537657065433,114
1,25,0,9.966300013248869,1.066302048453112,121
1,26,0,9.648754537170019,0.8423089064950734,126
1,27,0,8.216484144756214,0.8301663880995849,102
1,28,0,8.570146583054967,0.7047563058943466,117
1,29,0,7.535596656389022,0.5887185216056704,106
2,0,0,4.708816666681522,0.4203466459900241,57
2,1,0,6.606113704116299,0.7016227110209279,81
2,2,0,7.255661018855077,0.7147952136173329,93
2,3,0,9.216823316619212,1.092935300723172,107
2,4,0,8.007685088013568,0.7922825522924153,100
2,5,0,6.845448510653164,0.5810072617439476,89
2,6,0,7.636675690540457,0.7305865433042547,98
2,7,0,8.788535677971092,0.7245024955242785,118
2,8,0,6.865580462995506,0.6124098194064216,89
2,9,0,6.463822029597861,0.4785217979223834,92
2,10,0,7.821814059409029,0.7021197375415414,100
2,11,0,7.74974079623051,0.830534652217073,93
2,12,0,7.09335095836511,0.6717409526834497,91
2,13,0,7.547328831709502,0.7406622609728295,93
2,14,0,7.959624630103161,0.7505853701027884,100
2,15,0,8.951472083246664,0.9656197300680373,105
2,16,0,7.705915715235208,0.7091874701229091,98
2,17,0,8.278800238505315,0.828994482121624,101
2,18,0,8.301099160071223,0.7237492264328679,108
2,19,0,9.166797847710033,0.9934865572920686,111
2,20,0,7.236808984062379,0.5611165189926711,101
2,21,0,9.431460533718589,0.9386971645773492,117
2,22,0,8.660540039787683,0.7940121410922796,113
2,23,0,7.287962578144541,0.6209560732940288,97
2,24,0,9.778919252342297,1.011070345532171,127
2,25,0,9.743278621621833,0.802692145722266,130
2,26,0,7.310906367241949,0.5600804597918092,102
2,27,0,6.303451245285353,0.5493308999016357,83
2,28,0,9.45717542518746,0.9010694189791045,124
2,29,0,7.863334350357396,0.8314508604529323,93
3,0,0,10.3787881385194,17.84534679613321,78
3,1,0,6.685556067771107,0.6598052196816548,82
3,2,0,7.302451341142794,0.6320799799424721,94
3,3,0,6.218595644917518,0.5277881553458585,80
3,4,0,8.199466830772732,0.8453313577538661,100
3,5,0,8.583177548818645,0.8668349571984245,107
3,6,0,7.561873758501854,0.6349671821973198,99
3,7,0,6.638673526202139,0.638123264249054,83
3,8,0,9.508247088326367,0.9736202454655009,111
3,9,0,7.018053074991743,0.6435292808606908,92
3,10,0,8.490757658252559,0.9563948180862949,102
3,11,0,6.977427610149606,0.5800644918587412,95
3,12,0,8.599797076845755,0.8157922075217804,110
3,13,0,7.900676030458889,0.6622383515823205,105
3,14,0,8.842751757293755,0.8716689818796248,111
3,15,0,7.754347812581869,0.6889386771524992,102
3,16,0,8.008765171881214,0.6637182867975994,109
3,17,0,8.066518273827572,0.715410473238238,105
3,18,0,9.137844237350382,0.9044354046458353,113
3,19,0,8.101040269509816,0.9382069306568139,96
3,20,0,9.308315154927751,0.910354068583807,119
3,21,0,9.168559501446339,0.833572980839564,119
3,22,0,8.115981204244443,0.7148301704558732,109
3,23,0,9.20533304704386,0.9736710582091195,111
3,24,0,6.944215285804552,0.5669679042691277,95
3,25,0,17.70824204995242,67.82886790309792,127
3,26,0,9.760008725119704,1.031060044999829,120
3,27,0,7.550608047674171,0.599565953348988,103
3,28,0,8.595638762209662,0.8259685639898292,110
3,29,0,7.289726707744856,0.6553338224272554,94
4,0,0,4.667528170611869,0.4905900149879249,53
4,1,0,8.259905347642828,0.787298507907875,101
4,2,0,9.631157956279541,1.035581380740617,116
4,3,0,8.355360694861796,0.8026608804341576,105
4,4,0,8.915503099123876,0.9703314136787152,103
4,5,0,9.750900805446731,1.208483935368773,110
4,6,0,7.822691678908161,0.7110215581903651,98
4,7,0,8.449466603132215,0.8298892305841865,105
4,8,0,9.821830321475089,0.884698046515933,121
4,9,0,9.441795461905123,0.8667869080496802,119
4,10,0,6.951475629944007,0.5531421661442179,95
4,11,0,7.547653986109164,0.7049110256329097,94
4,12,0,8.262010140854791,0.7983625781199488,103
4,13,0,8.9402032417192,0.8391372610980831,111
4,14,0,9.250527476178844,0.8183724443579926,120
4,15,0,8.825496841179254,0.9286156176650666,104
4,16,0,8.287829481473283,0.8336281163739303,103
4,17,0,8.505289764598713,0.7028797272973144,114
4,18,0,8.383592177718754,0.7458650451897578,111
4,19,0,8.516204715580928,0.8119693160592849,108
4,20,0,9.05048392031159,0.8932277833771224,116
4,21,0,8.940542623378308,0.7869878309821519,117
4,22,0,7.921842237820916,0.8683322802372478,101
4,23,0,9.884633114336884,0.9378235056524692,124
4,24,0,9.754840841962141,0.9600609282779708,119
4,25,0,7.866994601144787,0.7763813572459066,99
4,26,0,8.721433687188155,0.7417652351974104,116
4,27,0,9.457072357746634,0.9086098414749816,116
4,28,0,6.789174340359287,0.5109226273952544,96
4,29,0,5.979724101176576,0.6172222787458694,74
5,0,0,4.279622269981657,0.3624851407598891,56
5,1,0,6.415418989621644,0.6234088736680901,79
5,2,0,7.675887130046997,0.7613689120671187,91
5,3,0,8.226541818180495,0.855355872966218,101
5,4,0,7.036101682912728,0.6274416993049349,92
5,5,0,8.18724738099899,0.7418492805279756,103
5,6,0,8.996387590662886,0.7140645946465497,123
5,7,0,10.07721224885193,1.016407034418027,123
5,8,0,9.394035479045959,1.053161224036695,108
5,9,0,7.909427975846874,0.7139249561208687,102
5,10,0,7.683387978726677,0.6162700369348186,104
5,11,0,8.135081565720871,0.6147539203975529,114
5,12,0,9.123360881240583,0.9046389620415277,115
5,13,0,9.576148717479521,0.9340310526703671,116
5,14,0,8.000964884451641,0.7442694192536836,105
5,15,0,9.652939097817995,1.081300495251287,114
5,16,0,7.266256467711833,0.6771857019798453,94
5,17,0,9.266566009097765,0.8361725670424185,121
5,18,0,24.60432833765032,270.6855309419989,104
5,19,0,20.56743548776362,158.8132873571714,102
5,20,0,8.052680146086214,0.6873437571508167,112
5,21,0,9.058349892403166,0.9088059013746637,114
5,22,0,7.561366905507398,0.6402129483734732,101
5,23,0,8.13229809842424,0.7777790129968991,101
5,24,0,7.891164594429353,0.6801833431776978,106
5,25,0,8.661854835718263,0.7460662123489868,114
5,26,0,8.249907029009311,0.7224361044502765,109
5,27,0,9.456567146322678,0.8766695240394612,123
5,28,0,8.532445705017649,0.8071941911027568,107
5,29,0,9.697528995307566,5.17138445166865,101
6,0,0,4.486243371953006,0.4973364414278701,56
6,1,0,7.208810624984341,0.6403666223454838,91
6,2,0,9.280779176687956,0.8158434869681122,119
6,3,0,9.274224431303132,0.8533824162112709,117
6,4,0,8.908328908362705,0.8583497655314909,109
6,5,0,7.099555603798793,0.8505107561193117,79
6,6,0,7.961920270313486,0.7255406194135914,104
6,7,0,8.219840567305525,0.78844080808315,98
6,8,0,6.54986860873322,0.6149929054496753,83
6,9,0,9.095634688981713,1.080812417037823,108
6,10,0,7.154950361704842,0.5952323600970285,97
6,11,0,9.685483708710397,0.9534710747866516,116
6,12,0,9.003350221042687,0.8105648268896749,112
6,13,0,7.156483110237641,0.5942766147593069,95
6,14,0,8.037294594719258,0.7005576713569976,104
6,15,0,7.562863390863411,0.6152576158814104,99
6,16,0,8.538583900348582,0.8853178653144795,106
6,17,0,9.644752847407014,0.8732128168359088,124
6,18,0,11.3783322794923,10.83718794855656,115
6,19,0,7.187895405643573,0.6418523050225386,93
6,20,0,8.798676864750087,0.7392891311713155,118
6,21,0,9.853647526946665,1.023932490150623,119
6,22,0,7.305238662554136,0.6067355810335288,98
6,23,0,7.886384785079413,0.6697562766813591,107
6,24,0,7.874903564300857,0.7020101541655863,103
6,25,0,8.002945057137611,0.7689406817875868,107
6,26,0,10.91824923549999,1.025778326710044,135
6,27,0,7.839731435805545,0.7955666616662705,98
6,28,0,8.089939485334623,0.7319364917145235,107
6,29,0,8.267563474847927,0.8392237813668406,101
7,0,0,5.06459518095301,0.4812739954634115,63
7,1,0,6.570611284912153,0.5754067890452617,86
7,2,0,8.657907247355283,1.031160579294689,97
7,3,0,7.495414819306105,0.7460430782547325,92
7,4,0,8.176416421928039,0.7433416055407215,106
7,5,0,7.477321506443559,0.6333616836253134,100
7,6,0,8.060995985615044,0.6433305932658259,110
7,7,0,9.271239361290728,0.7981210303015244,118
7,8,0,8.723778515101207,0.694436654108975,118
7,9,0,9.389792644795465,1.001637285763367,115
7,10,0,8.197883954720629,0.7901263348108241,101
7,11,0,8.458094597093563,0.7494522402945942,112
7,12,0,8.934480688385271,0.7683907624974831,116
7,13,0,10.35837244241587,0.9947485344367539,132
7,14,0,7.947511667914243,0.7411512743466681,100
7,15,0,8.511753765031781,0.9510918074036202,101
7,16,0,9.179056582624643,0.7971633553487498,121
7,17,0,8.666957129119977,0.829973958410435,111
7,18,0,12.31767003493413,7.348088362433407,120
7,19,0,8.649750560228874,0.9112243091804092,106
7,20,0,7.267985175576366,0.6548640413990668,94
7,21,0,6.684458881432906,0.5708244245943066,90
7,22,0,9.300450593456869,0.9205775544862652,114
7,23,0,8.349825240842266,0.8103476077852508,106
7,24,0,7.273176727397825,0.6345328459512998,100
7,25,0,9.849392729808743,0.9377042354141586,126
7,26,0,8.193434336616168,0.6780479363041187,110
7,27,0,7.885294559267394,0.7325423913213784,102
7,28,0,8.357694369341033,0.9113068344247737,101
7,29,0,8.179918157685497,0.766528252536098,104
8,0,0,4.465048234062662,0.4119205699116318,57
8,1,0,8.519687459596618,0.812035950042826,105
8,2,0,7.86692967290289,0.8464230277547746,95
8,3,0,7.867072063540509,0.7576194503899821,97
8,4,0,10.94883358955293,0.9917221793440855,136
8,5,0,10.35845410831093,1.185332733796575,121
8,6,0,9.258106155827379,0.9196384749768697,116
8,7,0,8.741466513304896,0.9166456515104868,105
8,8,0,9.274652280436076,0.9548777417976283,115
8,9,0,8.019150522143272,0.664788449882559,105
8,10,0,8.420573218751594,0.7871558867287809,108
8,11,0,9.017718762223371,0.8561812084446146,110
8,12,0,10.60040856140318,1.024152224118365,131
8,13,0,9.152833350549635,1.062054681778843,103
8,14,0,9.528223281631343,0.9731228463165845,120
8,15,0,8.532012720821832,0.8857661799313518,106
8,16,0,8.065863532816477,0.8230258607305263,100
8,17,0,9.888211381254186,0.9398930984586463,121
8,18,0,8.11422574023821,0.6531031323043716,109
8,19,0,7.535581661300046,0.7585718953006748,93
8,20,0,8.611570914994509,0.9128378560937159,105
8,21,0,8.678975837613217,0.7987851034921967,112
8,22,0,9.295890146192297,0.881371961267487,118
8,23,0,9.410476958513909,0.9212423804648486,120
8,24,0,8.025265889756625,0.7729696632577319,102
8,25,0,8.441312243296521,0.7399511769550888,110
8,26,0,11.24584889960523,1.060765324596615,142
8,27,0,7.991829647598184,0.7279693748029996,105
8,28,0,9.069592997489567,0.8343603687129215,116
8,29,0,11.32616124719085,12.164400797158,108
9,0,0,5.512922041863558,0.4864990048492955,71
9,1,0,7.150563363710694,1.006821968862583,77
9,2,0,7.87195661194415,0.6864076579998778,101
9,3,0,9.098228627905735,1.358342442246778,102
9,4,0,8.320216330189719,0.8016522346485654,99
9,5,0,7.346157393273151,0.6856918206159887,94
9,6,0,7.681056434937205,0.6666660830260238,99
9,7,0,8.857703358123816,1.009426940892933,103
9,8,0,7.213175144977286,0.6354089259533263,95
9,9,0,8.432434018998048,0.8220949025226282,109
9,10,0,8.590831070547525,0.9099456309161766,104
9,11,0,8.963487104387196,0.8240520886869359,111
9,12,0,10.14609273630294,0.9037099666597652,129
9,13,0,9.693762286650376,0.9160783081754885,120
9,14,0,8.953515289215368,0.8235131510138853,115
9,15,0,8.732834593755866,0.7610734714869796,113
9,16,0,9.049655281060531,0.8621737879473171,115
9,17,0,15.98065486164676,63.39429875890117,111
9,18,0,8.332114455658726,0.6248925693021188,118
9,19,0,9.215752958526359,0.8764638553726307,115
9,20,0,7.879654247836903,0.7086912692682713,104
9,21,0,8.027987788237111,0.6288062861433626,112
9,22,0,7.791133953723466,0.750704989512598,99
9,23,0,9.012641926546225,0.8533713281502212,115
9,24,0,8.036133964746904,0.7835333424973134,98
9,25,0,9.715040741464261,0.9307212662411077,121
9,26,0,9.27992356016993,0.709372161306223,129
9,27,0,8.400223581451463,0.8514185651431116,107
9,28,0,9.077079107792001,0.9546195571627519,110
9,29,0,7.385593277029681,0.662192441671592,96
10,0,0,5.121006576766667,0.4658048466099414,63
10,1,0,6.36197718071254,0.6427647600745804,80
10,2,0,8.191951688173685,0.6672877806708554,109
10,3,0,9.729455244572032,1.030689703350287,116
10,4,0,12.03257871515117,15.78084775943086,104
10,5,0,7.27224943698641,0.7239664696425967,89
10,6,0,9.238170418488762,0.8913064633748461,117
10,7,0,9.720931870017544,0.9837731326501596,117
10,8,0,6.917308870571159,0.6196285927561923,87
10,9,0,7.190832383649938,0.6217132562081162,97
10,10,0,8.051687200500087,0.6914971106056189,103
10,11,0,6.691602936092106,0.5374184822381851,89
10,12,0,10.08350562894704,1.000128597921151,125
10,13,0,10.10262954850622,1.028449095115103,124
10,14,0,9.701191451433669,0.9654868883489839,123
10,15,0,8.624664954641428,0.8422608418449152,105
10,16,0,8.001628014939691,0.7085811342707977,104
10,17,0,8.132806047501024,0.8950842082944832,95
10,18,0,10.0188860542549,0.9166885028007625,125
10,19,0,7.629873826143448,0.7011014269588779,98
10,20,0,10.65582601504923,1.089114210168235,127
10,21,0,8.768639297097371,0.793705535854089,112
10,22,0,9.660215754866341,0.8906673367968677,125
10,23,0,9.31901693964595,0.8727319810660724,120
10,24,0,7.609498252201298,0.7056995932364409,97
10,25,0,6.980000692070169,0.543702358452801,98
10,26,0,9.064809967325271,0.835300285458521,118
10,27,0,8.717252220214935,0.8217758518953709,113
10,28,0,9.073288271567788,0.8432612129594559,119
10,29,0,6.300195235477061,0.5059287262836487,86
11,0,0,5.417423161501,0.5571531576524911,63
11,1,0,7.78327336921781,0.7739536969297732,97
11,2,0,7.249594225945598,0.7255604530807168,88
11,3,0,8.335004056300354,0.7486939685943008,107
11,4,0,8.996199040861475,0.9430468878054086,106
11,5,0,8.19761598392812,0.6938409281246973,107
11,6,0,7.524770454022082,0.6146949182278113,100
11,7,0,7.510830374296845,0.6750486160814743,96
11,8,0,9.078265435841168,0.7683535265821106,118
11,9,0,7.556226428932511,0.6119572745082701,100
11,10,0,7.969374891012641,0.8047795416282204,96
11,11,0,7.547965518183402,0.8078640921230784,91
11,12,0,6.3858852522255,0.63113558157421,81
11,13,0,8.592225860959481,0.8289585888007204,107
11,14,0,8.837212998469106,0.801878759263951,114
11,15,0,8.482545768451207,0.861947234155774,105
11,16,0,8.030448839239725,0.7153530079796671,107
11,17,0,8.811354670610083,0.7636579954012653,115
11,18,0,7.375415056308636,0.6567453790928603,97
11,19,0,6.854575414872228,0.5889472884973098,90
11,20,0,9.448164845988687,0.8405846512821649,123
11,21,0,8.721117012457524,0.7716899283860225,113
11,22,0,7.80072388911381,0.7127290320726302,100
11,23,0,8.006317258855157,0.684935309490902,105
11,24,0,8.340300659564067,0.9175595344166469,100
11,25,0,8.885552518638677,0.812038392734433,113
11,26,0,7.653021226354525,0.6760441540563922,98
11,27,0,8.384956091882266,0.7191420926365151,110
11,28,0,9.367016184370438,0.7644035637195717,127
11,29,0,7.519351104945295,0.6695456235955859,101
12,0,0,4.361103139237518,0.4335455880350376,54
12,1,0,5.199784501221681,0.5192376573402131,66
12,2,0,9.30483477532429,1.159580487815105,101
12,3,0,8.789309150066362,0.8274173304865331,111
12,4,0,9.051004182510626,0.8571923919448639,116
12,5,0,9.643069886337516,1.131268015875214,111
12,6,0,8.813259798715416,0.8044704449501052,113
12,7,0,9.969103489547335,0.8558470467767731,132
12,8,0,7.675440736558989,0.6882375935293679,98
12,9,0,7.926736421319432,0.6788514271752646,103
12,10,0,7.671200887339403,0.5786172547058326,107
12,11,0,7.624917885732041,0.6794313195207426,101
12,12,0,7.177602956643346,0.6568871932462432,91
12,13,0,9.273944418309503,0.878977482875925,119
12,14,0,8.029862158447521,0.6809016529737918,106
12,15,0,9.363784947072654,0.9550532937111558,118
12,16,0,9.43820749868372,0.8719512733702186,120
12,17,0,8.553500900795392,0.7017183697248038,111
12,18,0,8.189182986168369,0.900029079419105,94
12,19,0,8.984395495712013,0.9183124700520121,108
12,20,0,8.673707555249337,0.8292147798455817,113
12,21,0,8.784718096562203,0.7600936502969375,116
12,22,0,6.466566651700321,0.6065745850597115,85
12,23,0,8.162654427544108,0.6571544943579046,112
12,24,0,9.240184218226288,0.7828835238780347,123
12,25,0,8.559401293683031,0.7803839315418956,108
12,26,0,8.497679656442823,0.9070371708078709,103
12,27,0,8.90180821853208,0.7246253318128819,121
12,28,0,8.08223310422345,0.8258018308664774,102
12,29,0,6.850093530222805,0.6010481459062837,92
13,0,0,4.812154960013754,0.4439852430672732,58
13,1,0,5.636979702804255,0.4746564121825648,73
13,2,0,7.859129607443244,0.760227586259839,97
13,3,0,9.442804282571132,0.9804148957104082,114
13,4,0,9.044918509842718,0.8830553318768477,113
13,5,0,8.770725632520598,0.7921663825571312,113
13,6,0,7.771098707375941,0.8955864650699328,91
13,7,0,10.81503629666036,1.104874853063617,128
13,8,0,9.251738325831736,0.948259781961814,109
13,9,0,8.355496169082128,0.8379118870142688,103
13,10,0,9.98334221261468,1.044945031784794,119
13,11,0,7.730539033505782,0.6896417990026126,101
13,12,0,9.48305688368132,0.8041566178016837,127
13,13,0,8.34696326898365,0.7073604022707528,109
13,14,0,7.36637368151942,0.6193531263522143,98
13,15,0,9.104172389156725,1.025348305147066,106
13,16,0,6.693750788464109,0.5431540232960772,90
13,17,0,9.718737896451513,1.000581092814164,119
13,18,0,11.67471734981563,1.017478003111455,150
13,19,0,10.65269423349063,1.30809267614478,129
13,20,0,8.695548254797702,0.866337813964115,110
13,21,0,9.878665202449426,0.9984037986429641,122
13,22,0,7.072891676589554,0.7323094415749375,89
13,23,0,9.411862640809124,0.8115199809843523,122
13,24,0,10.85649520696053,4.136580360100393,111
13,25,0,8.830224895607866,0.9348675747727121,110
13,26,0,9.61629066271543,0.9259990987604084,123
13,27,0,8.437767299873848,0.7016174004272323,113
13,28,0,8.55136920992795,0.7446663285681385,114
13,29,0,8.542174880351906,0.8128521871454158,106
14,0,0,4.656258485810391,0.3633884187147765,65
14,1,0,6.779863344074646,0.5997209579929602,88
14,2,0,8.352071868262385,0.7349302068565958,108
14,3,0,6.931973229177553,0.5420074187309272,96
14,4,0,8.654522115987183,0.8590172198234818,109
14,5,0,8.367318383138279,0.6914248865687682,111
14,6,0,9.604308911685076,0.9788959189482932,115
14,7,0,8.679399111808362,0.7760479618483305,112
14,8,0,7.767996232113467,0.9287954233477532,92
14,9,0,7.126717751068322,0.729150296601708,89
14,10,0,9.235689414291615,1.102577201805709,110
14,11,0,9.752906500996181,0.8817942792248485,127
14,12,0,7.503466641096443,0.6818564595502835,96
14,13,0,9.191507252169696,0.9814650323572921,110
14,14,0,7.354376584680118,0.6242903773552269,96
14,15,0,7.95168836740375,0.7317627427030277,101
14,16,0,9.316029426018234,1.00055405975411,111
14,17,0,9.941994868532028,0.981522431340871,126
14,18,0,8.84039831035332,0.8294006215123314,113
14,19,0,13.08729799166347,19.33496476146035,113
14,20,0,8.28846286975317,0.6750325976599738,110
14,21,0,7.935225813040469,0.6643795244682754,104
14,22,0,9.472778906910968,0.9079020220441385,120
14,23,0,8.949720040656684,0.8053948623412261,114
14,24,0,7.16725355201546,0.5952577231278096,95
14,25,0,7.035203536339034,0.5809537252356221,94
14,26,0,6.55998145513703,0.4925685845086908,94
14,27,0,9.157736011430819,0.9355563947486656,116
14,28,0,7.836111303249794,0.6689360967163719,105
14,29,0,9.338293722406435,1.072989869601322,109
15,0,0,5.249809403392452,0.5828600053599723,62
15,1,0,6.940022720121593,0.8158325612147861,78
15,2,0,6.575082798737757,0.6560434110010996,78
15,3,0,9.445655707331452,0.9510235231411529,112
15,4,0,8.444276759061424,0.8064065848509557,106
15,5,0,9.213026766819072,0.9868976063916168,111
15,6,0,8.829550105071162,0.8906305604407481,108
15,7,0,9.027767371664995,0.8656122687084034,116
15,8,0,8.101317968337728,0.7276427229401423,105
15,9,0,8.12823237342759,0.8652956675608275,97
15,10,0,8.671456414725924,0.8469451289437749,108
15,11,0,8.108759875208179,0.7195485871640367,107
15,12,0,8.291132925927192,0.7292756517551288,107
15,13,0,7.759889015226665,0.6446343277632003,105
15,14,0,9.208273933976297,0.9414517494730607,114
15,15,0,6.424344341850483,0.4940747547497974,90
15,16,0,8.796685720064053,0.8852960665415814,105
15,17,0,8.151843236289114,0.6641813142768849,108
15,18,0,8.070518597802309,0.7475792522909717,102
15,19,0,8.80612404502058,0.7763569388095963,118
15,20,0,7.513475633028721,0.6498065701704325,99
15,21,0,8.681713466320994,0.8392899636813026,108
15,22,0,8.809137059247211,0.7651397843204976,117
15,23,0,26.27406651035901,269.0536937408601,129
15,24,0,9.386111556789485,0.7772996487415332,125
15,25,0,10.30747323316803,1.018499906383042,133
15,26,0,9.327029108716301,0.9241472135179477,117
15,27,0,8.982093340418539,0.8465656764063817,114
15,28,0,9.555890943294903,0.9462092321568174,118
15,29,0,7.387438249874159,0.6788709958414032,97
16,0,0,6.267081674909488,0.6299423103590972,73
16,1,0,5.255535699242045,0.4250648752643342,69
16,2,0,7.968954790710832,0.7822042816937123,103
16,3,0,8.68266032952042,0.8596450978048539,106
16,4,0,9.876267702433269,0.9958361904520349,123
16,5,0,9.36383085665587,0.8630181416785505,119
16,6,0,7.391160793915437,0.6550187933681528,95
16,7,0,9.548485480967093,0.8352912664854864,125
16,8,0,6.509332858065374,0.6218856378041409,79
16,9,0,8.455611028974753,0.7705959742892246,108
16,10,0,8.724668351145398,0.7446144156350161,116
16,11,0,7.78868780435954,0.6680497452489276,101
16,12,0,7.023737608390057,0.6180958628049049,91
16,13,0,8.128398595125695,0.6732001395607916,108
16,14,0,9.127851048005619,0.8022753508017773,121
16,15,0,8.525464353154968,0.8631326367711231,106
16,16,0,10.52419310996899,1.106064287303159,128
16,17,0,7.489292276284177,0.6931910646122443,96
16,18,0,9.09619114605902,0.8274452086663701,115
16,19,0,9.324613992346306,1.092938964185451,111
16,20,0,9.272001405093016,0.9835671009467352,111
16,21,0,8.788960528601271,0.8393980114314815,111
16,22,0,8.847177015876643,0.7386585988753992,122
16,23,0,7.847161901769382,0.6803384944477624,105
16,24,0,8.297763148424492,0.7585493816226722,109
16,25,0,9.041269366409884,0.8813127846950536,115
16,26,0,8.429383352425251,0.9116687019895393,102
16,27,0,9.764681289995501,0.7579940876025503,135
16,28,0,8.523074345600451,0.8214802146696758,105
16,29,0,7.994032548551373,2.226515122031744,88
17,0,0,3.880947526699554,0.3325503273952311,50
17,1,0,5.005497456603639,0.4075572911698855,66
17,2,0,6.899708360183077,0.6277671316077896,85
17,3,0,15.43726809066801,56.85562192630471,98
17,4,0,9.977370196238553,1.764587959813204,114
17,5,0,7.812625793028677,0.7256335711438492,98
17,6,0,7.982575840867874,0.6948599837055985,103
17,7,0,8.740439856279432,0.7657244731857764,113
17,8,0,7.735949005812398,0.7088613919486477,103
17,9,0,8.974349270945034,0.8954037545883092,110
17,10,0,8.180115423764716,0.7019086011382821,109
17,11,0,8.66143213939889,0.8784654609234771,105
17,12,0,9.287136129834051,0.7374407640034163,126
17,13,0,8.330589257243313,0.820325426492041,99
17,14,0,8.868029680777669,0.8672927482537323,111
17,15,0,9.607565765101274,0.980029375842577,120
17,16,0,6.377916563138593,0.6609237889376641,81
17,17,0,8.198899759565297,0.7874499552887393,102
17,18,0,8.571782094848823,0.6893033134206544,116
17,19,0,8.116501244723771,0.7116497740547372,108
17,20,0,8.598065491102805,0.7647817762371076,112
17,21,0,7.260964342438621,0.6438392934775934,100
17,22,0,7.225426382916139,0.5936164943553369,97
17,23,0,8.353796040680349,0.7610559655029776,109
17,24,0,8.243759011864272,0.6822537346335908,112
17,25,0,7.777633962966338,0.7365606408009157,102
17,26,0,7.807004500972607,0.6904507619317433,103
17,27,0,8.742251586086175,0.8244979772958143,108
17,28,0,8.531870396011799,0.8005392373130062,109
17,29,0,8.166664166560318,0.7347210914983717,107
18,0,0,4.08376009436182,0.3234209638322716,54
18,1,0,6.744990482894056,0.7542488424838465,76
18,2,0,6.578474496546574,0.5526732951048422,85
18,3,0,8.489431352533261,0.7979646146569195,105
18,4,0,8.014908499089534,0.7348512913327053,101
18,5,0,7.738359519293477,0.7381949518035705,99
18,6,0,8.407890474877231,0.8367151980070275,102
18,7,0,10.68554944096434,0.9244373161040712,137
18,8,0,7.348372859403018,0.6350412933384059,98
18,9,0,8.541492700299857,0.7322146771843239,112
18,10,0,8.907783098502996,0.9458604645285583,109
18,11,0,9.396593636757101,0.9829365146855675,114
18,12,0,8.05666560101894,0.7691960567582153,105
18,13,0,7.290881894722043,0.6021310318444659,97
18,14,0,9.315252432439562,0.9196991244899828,113
18,15,0,8.315685686038943,0.782782138809338,106
18,16,0,7.40066595486281,0.6346237178980708,99
18,17,0,7.556894261240823,0.6845935412041371,102
18,18,0,10.11636677113072,0.9692570771591007,127
18,19,0,8.444499439426398,0.9985320504850536,102
18,20,0,12.21291697558257,22.76000065634814,101
18,21,0,8.002468729762388,0.6974931104848588,106
18,22,0,8.414237146397177,0.8867540517459416,104
18,23,0,10.35122603908815,0.9391404025569994,130
18,24,0,9.093807267961283,0.9024433584031167,114
18,25,0,9.147609897078093,0.8228514561451419,117
18,26,0,8.672739003747088,0.8384242351120879,106
18,27,0,8.065215515856417,0.6554403933345433,111
18,28,0,8.672271698898372,0.8884184577061109,112
18,29,0,6.351355560691635,0.5551477137086568,85
19,0,0,4.931324165839638,0.4524009591713145,62
19,1,0,6.743810181616378,0.8169616231927379,75
19,2,0,9.484259150160399,1.022065375278548,112
19,3,0,9.158679915191039,0.8236739117956812,116
19,4,0,8.134383280456968,0.7087311853938981,105
19,5,0,7.284897817667652,0.6597981462750537,92
19,6,0,6.281668910575787,0.4990883277254899,85
19,7,0,9.512601449555861,0.8798706206704808,118
19,8,0,6.398555290417615,0.519568309955268,87
19,9,0,9.283810415497854,0.8738769934716201,115
19,10,0,7.241703099169851,0.6404272817480466,93
19,11,0,9.781163857866693,2.029791174804291,116
19,12,0,6.187659140101092,0.5530486887444582,79
19,13,0,9.321293626621699,1.047228600708025,111
19,14,0,7.291980120421661,0.6159672723580044,98
19,15,0,9.783824089253828,1.073883639114295,118
19,16,0,8.925786323249303,0.8070612280653364,116
19,17,0,9.288185063894927,0.8807321022856958,118
19,18,0,16.76530424222842,63.43736223915571,108
19,19,0,10.39767943149705,0.9443319114045948,133
19,20,0,9.499278566186133,1.049699897500808,116
19,21,0,8.054230009230254,0.7388870464746603,103
19,22,0,7.938622401629998,0.6702077428918208,102
19,23,0,9.240725273834551,0.8596970933172881,119
19,24,0,9.507616309383256,0.9637944777003509,120
19,25,0,7.276569049601997,0.6481824478276721,97
19,26,0,9.243674283949106,0.7651601485317949,128
19,27,0,9.244310760665334,0.9865386900546339,118
19,28,0,8.498840142632265,0.7822907324663577,108
19,29,0,8.235011962114347,0.748656561918146,108
20,0,0,5.24570414420345,0.4618498354414429,68
20,1,0,6.93773782892889,0.7567525030314856,84
20,2,0,9.315292413477579,1.01033974353409,111
20,3,0,8.605639380250663,0.7045610142450921,114
20,4,0,8.171878876575443,0.7184013599103396,108
20,5,0,7.956116314222824,0.8403101413663833,92
20,6,0,7.822253540812556,0.7666758951466774,99
20,7,0,8.345842816654054,0.8228370250604812,103
20,8,0,8.490695821595518,0.8326115222618441,104
20,9,0,8.990799408777338,0.9805324902933987,103
20,10,0,8.405936424032074,0.7653691997971643,106
20,11,0,12.07000922589605,21.89652605555878,99
20,12,0,8.336980729504496,0.7678089290469279,104
20,13,0,7.590445329869602,0.6682757645367439,102
20,14,0,8.551285589779681,0.8139915174134799,109
20,15,0,9.442334389308037,1.021369453567317,116
20,16,0,7.297130148249859,0.6203308589168267,97
20,17,0,7.451362964287113,0.6655519554082882,95
20,18,0,8.570444742987755,1.003427300887794,100
20,19,0,8.912539276448383,0.7722378051992598,115
20,20,0,8.4648479748332,0.8667038994165869,106
20,21,0,8.592559968485746,0.7545597433437394,113
20,22,0,9.591047852719884,0.8289995873040337,124
20,23,0,8.694723456352003,0.889734333994405,107
20,24,0,7.136999741406049,0.5771761534280443,96
20,25,0,8.262768586619398,0.732101057630846,107
20,26,0,7.719648293939877,0.6152177628290099,105
20,27,0,8.095612032949058,0.6311146549355152,112
20,28,0,7.875421147662853,0.7444567018042876,100
20,29,0,7.266908938297204,0.5940587419166116,98
21,0,0,5.428322460746705,0.5179099153511991,68
21,1,0,6.180386429819211,0.6797347925342668,74
21,2,0,8.328386447978012,0.8320851893406531,102
21,3,0,8.86290992713557,0.8320402122630449,114
21,4,0,9.243994321261662,0.9860763177187304,110
21,5,0,7.802345880913157,0.7203766709221378,99
21,6,0,8.230845114109741,0.7637709668544083,105
21,7,0,8.282217409573107,0.7862734842764367,103
21,8,0,8.06138639461741,0.687150649791032,106
21,9,0,8.662142416731561,0.8863739842819934,108
21,10,0,7.533344050524502,0.6427575360865696,99
21,11,0,9.020864785292849,0.8153919383119512,115
21,12,0,9.229460367443551,0.8397218374486473,118
21,13,0,9.198735011149573,0.9497657012060803,114
21,14,0,8.381791020643069,0.7331329823881058,109
21,15,0,8.551481712020847,0.8247870804224068,112
21,16,0,8.679798772684276,0.8352704178226878,112
21,17,0,8.576136800628905,0.827550382706404,105
21,18,0,8.450531413552795,0.8354711348432653,108
21,19,0,10.07295119250295,0.9474304741052894,131
21,20,0,7.727272702247324,0.7323357220388818,101
21,21,0,9.527186751405639,0.9726105967500659,120
21,22,0,9.549076853831817,0.8801493345854055,123
21,23,0,8.769560766802115,0.8386582995858857,110
21,24,0,9.388441349423669,0.9500769204824497,114
21,25,0,9.112279743584532,0.7896519659040906,119
21,26,0,8.481154718765593,0.7882203020006598,112
21,27,0,7.570675622840246,0.7021811923940678,100
21,28,0,7.426048928579321,0.6474650774145014,101
21,29,0,7.807982633132513,0.7068603378688778,99
22,0,0,4.242408017013886,0.3385519459072565,57
22,1,0,7.012313065004708,0.5955935042931497,91
22,2,0,7.259818092662498,0.702135235377935,89
22,3,0,7.540702253524842,0.7102847950669766,93
22,4,0,8.85915359172591,0.9370662891130999,104
22,5,0,7.321748623236386,0.6159577066898801,97
22,6,0,9.057265943720518,0.9075097836517546,113
22,7,0,8.440022256838295,0.9220479327322395,99
22,8,0,7.07462639578895,0.6535822765324386,88
22,9,0,7.097073651997889,0.5490663993428193,100
22,10,0,8.406783989166705,0.7922664140336516,107
22,11,0,6.895261541070432,0.6163992285219173,90
22,12,0,8.040631871138324,0.832532369352733,102
22,13,0,9.899680547687069,1.65848503834926,111
22,14,0,8.326892873893719,0.7255382269518987,108
22,15,0,9.623691095731942,1.001613886249791,116
22,16,0,9.751564119587785,0.8984207881270857,123
22,17,0,8.705898350458327,0.7127785729878356,117
22,18,0,7.532309137442219,0.576713287604784,104
22,19,0,7.991904066001311,0.7771208651744513,99
22,20,0,8.106432598857227,0.7050135177359328,106
22,21,0,10.04210842353551,0.9812257746384028,125
22,22,0,7.659890269501899,0.6488309333786441,104
22,23,0,7.922579427336191,0.6470203688560345,108
22,24,0,10.27559905082144,1.095963910128065,129
22,25,0,14.5250169381076,15.44118555886876,138
22,26,0,8.789984873011674,0.8349653039039829,112
22,27,0,9.333771637547962,0.8450253036768693,118
22,28,0,6.925368968869746,0.6613844057189181,91
22,29,0,6.875555936249951,0.5223048003360837,97
23,0,0,3.826053387736583,0.5155464296640097,43
23,1,0,7.627816924798032,0.7472774813516817,92
23,2,0,6.466663267964411,0.5448132019068936,85
23,3,0,15.54937245994873,67.09822513001232,91
23,4,0,8.836406848017043,0.8959724024175871,110
23,5,0,8.72422391680781,1.03542078583968,99
23,6,0,9.843352054555357,1.014105155723291,117
23,7,0,8.005670967307093,0.686569045651424,104
23,8,0,9.487535823998272,0.9248647118492331,119
23,9,0,8.481382207655418,0.823085461250507,105
23,10,0,7.305589805048994,0.6389428921183677,96
23,11,0,9.386677844408787,0.9825349596821455,115
23,12,0,8.122666941886264,0.7194113072855443,101
23,13,0,11.45884873484878,8.966385025341225,111
23,14,0,7.308147720949002,0.6170819114185095,98
23,15,0,8.657665389409871,0.8308226133804801,107
23,16,0,7.200338171075098,0.7197102506855083,89
23,17,0,8.165542744558518,0.7287715207363071,105
23,18,0,10.0053384029828,0.9271296530331906,126
23,19,0,7.065380090917605,0.5585057649243937,98
23,20,0,8.911993954083853,0.85193274196109,115
23,21,0,10.64291814825524,1.065421964833255,134
23,22,0,9.469222972292362,0.8020565682509363,123
23,23,0,8.988870679471731,0.800954697391321,113
23,24,0,8.687038500895909,0.7391883677570218,115
23,25,0,6.995905068076528,0.6173652457907458,94
23,26,0,9.271850921552407,0.8541674175715542,121
23,27,0,9.479193647895015,0.9641610915083283,118
23,28,0,10.60740490641631,1.024010219397722,138
23,29,0,7.189785505627853,0.7208270704522747,89
24,0,0,6.004041759936356,0.5040938686586105,77
24,1,0,7.419522928999786,0.6602288042205172,96
24,2,0,6.765004788181146,0.6661451857873576,83
24,3,0,8.052597410088215,0.7973383279383859,101
24,4,0,7.670316991289333,0.6440968405003809,102
24,5,0,7.737313088320472,0.6743495523991774,100
24,6,0,7.25072284468915,0.7072955915720223,93
24,7,0,8.068722327875655,0.7766461489467541,100
24,8,0,6.984081261813987,0.6201981634924517,90
24,9,0,8.416675344269903,0.6892605705064077,113
24,10,0,10.37412693648722,1.124566881121293,121
24,11,0,8.030025698441619,0.6492492402485283,108
24,12,0,8.90042638900397,0.9026229629169311,108
24,13,0,9.30216722071664,0.9073429358528673,116
24,14,0,8.233570700363071,0.7669386194099268,108
24,15,0,8.766115137247581,0.832947030749936,109
24,16,0,9.336251929260614,0.8569667384063956,121
24,17,0,9.109122838711709,0.9281980835314134,116
24,18,0,8.652185139409042,0.7243492135821652,116
24,19,0,7.938038225209352,0.6628998133235104,107
24,20,0,8.505501195324792,0.8257106846826544,108
24,21,0,9.234235857163817,0.8109404294309401,128
24,22,0,9.511276461990768,0.8570465469874955,124
24,23,0,7.730217439596631,0.6167875944296376,105
24,24,0,9.404094452997064,0.9232359706360155,118
24,25,0,7.805188959715291,0.6597394293893245,107
24,26,0,7.9751731646881,0.7479477339624485,102
24,27,0,8.38750414103184,0.7222666731780767,110
24,28,0,10.15965187422296,1.01616695026792,127
24,29,0,8.605232061606237,0.7672807080291114,112
25,0,0,5.824817105071732,0.5702176225645414,70
25,1,0,7.66298316414552,0.8036704090773457,92
25,2,0,7.413039757702869,0.7696868875330706,93
25,3,0,8.699465718460958,0.999941851881332,103
25,4,0,9.556329445921094,0.9445739472124404,118
25,5,0,7.879239821517519,0.6965049620362952,101
25,6,0,9.790904763934931,0.9898095748097115,116
25,7,0,8.193565555256486,0.9364124067032882,97
25,8,0,9.390337214717622,0.9856670341771325,112
25,9,0,8.718079179155497,0.7562939793108842,113
25,10,0,8.457236934601841,0.7987550015249731,104
25,11,0,9.395601917589248,0.9295232364966611,113
25,12,0,8.62264032957499,0.8450051755802742,108
25,13,0,9.453530555497437,0.8533169265359299,124
25,14,0,9.080126135021843,0.971855475196812,108
25,15,0,6.915706197526351,0.5852232685447272,91
25,16,0,10.58721490354361,1.886382060095194,125
25,17,0,8.261120828312402,0.7251690848643202,105
25,18,0,7.955311903514136,0.7106394443989046,100
25,19,0,7.543873942610722,0.646488749662733,100
25,20,0,7.550665238257896,0.6667781576583818,97
25,21,0,7.742930101408398,0.7376116795784059,100
25,22,0,8.212987574388766,0.8034765179574848,108
25,23,0,8.385338830610806,0.8462062437027946,101
25,24,0,8.238052737170928,0.7322640473631109,111
25,25,0,8.355540217187322,0.6921992753722107,115
25,26,0,8.559082916084471,0.9127835814345512,105
25,27,0,8.100779781491312,0.727702908793336,105
25,28,0,8.823711382440251,0.7756426201821156,114
25,29,0,6.626971777208902,0.5551874241011315,89
26,0,0,5.29239630183148,0.4715281986100311,66
26,1,0,6.740141385322747,0.6132075497517847,85
26,2,0,6.697747620895648,0.6001835461472369,86
26,3,0,8.962852485060564,0.8224270157236693,111
26,4,0,6.967520721567627,0.7074207304303168,83
26,5,0,10.68590003317685,1.122852669784627,123
26,6,0,8.085977744799305,0.9990369004155965,97
26,7,0,8.770671799352762,0.7695471437437069,115
26,8,0,7.505220032200416,0.5610952474345319,106
26,9,0,8.625677389050711,0.7624763273262344,109
26,10,0,6.794653167380315,0.6653888138231545,84
26,11,0,8.971762257704428,0.8800726348288841,112
26,12,0,8.671759277602822,0.7146318320505106,115
26,13,0,9.574651265654987,1.085684394156773,110
26,14,0,8.866544776609267,0.8830252404013452,116
26,15,0,6.849366989286109,0.5849151960031108,91
26,16,0,9.048321957861862,0.7779795197129212,119
26,17,0,8.369102130696668,0.8257377855405763,106
26,18,0,9.082175916591611,0.7747176402899628,120
26,19,0,7.956691196545933,0.8188127951391,100
26,20,0,7.696693430124784,0.6741087321756591,99
26,21,0,7.810040297047046,0.6612623492474453,105
26,22,0,8.225572994485619,0.776665329169233,107
26,23,0,9.797093439038182,0.9184670556690969,130
26,24,0,9.638972937907916,1.092343480700694,116
26,25,0,9.765450604502723,0.8913012812550437,126
26,26,0,8.281956320365859,0.7470163865806584,108
26,27,0,7.231613505325611,0.5961235484836653,98
26,28,0,7.280512775829586,0.6207429966168974,96
26,29,0,7.565555309175193,0.6584875651589168,97
27,0,0,4.846542820286222,0.6814557827958074,53
27,1,0,7.635448423214226,0.8172697299600448,90
27,2,0,7.51873775825686,0.6653071174626404,95
27,3,0,7.652581159286625,0.6661351202714021,102
27,4,0,7.185300629942685,0.7181490791581651,85
27,5,0,9.283820703086736,0.9492484586766599,114
27,6,0,8.356989950309147,0.7724655383913659,103
27,7,0,7.938495449570745,0.6980110977143192,101
27,8,0,7.710148762947009,0.7241242316004084,98
27,9,0,7.884400327750988,0.8026575594564345,97
27,10,0,7.978736721697983,0.8257814875293044,100
27,11,0,8.548265689637702,0.8583110203202066,104
27,12,0,8.440704766305883,0.8567207682798589,104
27,13,0,9.050558478911833,0.9338395011126717,112
27,14,0,9.741162076812195,1.175690017523697,111
27,15,0,8.247030413286158,0.6913999483091519,111
27,16,0,8.213398427695514,0.7156546630007095,108
27,17,0,6.424272150998983,0.5445008630792466,86
27,18,0,6.308629900513616,0.4672541612626979,90
27,19,0,9.307857165492541,0.8576663595199601,121
27,20,0,8.256124884455895,0.6849428760677189,112
27,21,0,9.097393361514321,0.7635173319109515,120
27,22,0,8.377052921435256,0.7071154969287834,111
27,23,0,10.24117432544764,0.9238332083253245,136
27,24,0,10.40457206085022,1.022859036171341,133
27,25,0,9.347469253543817,0.812140896325548,122
27,26,0,10.33439507055732,1.148104152871825,120
27,27,0,10.00441943449937,1.050728367813412,119
27,28,0,8.661930758268454,0.747330018787854,116
27,29,0,8.663894650190516,0.8063335538497621,111
28,0,0,3.418505714889624,0.2998593765314081,43
28,1,0,3.958871312216688,0.3343596154381199,52
28,2,0,5.275793983479918,0.5717719678691385,63
28,3,0,8.198482738772297,1.138730870942493,92
28,4,0,7.634328926253982,0.7011287093513411,94
28,5,0,7.975970645340418,0.8272619022620239,93
28,6,0,6.969978924456699,0.5833432413064252,93
28,7,0,6.297565350606939,0.624178791692514,75
28,8,0,7.23628488736114,0.6843600033930786,89
28,9,0,7.364481643143125,0.6633702320683923,94
28,10,0,7.793326522795001,0.6408911405930062,105
28,11,0,6.347582906537385,0.5421833914927867,83
28,12,0,8.691251477130741,0.8268849178408618,108
28,13,0,7.979237138409712,0.7807758406856385,100
28,14,0,7.027640455356738,0.6365912999736852,88
28,15,0,6.84534051862562,0.5554956661074048,94
28,16,0,7.849168086909998,0.7450977353953893,96
28,17,0,8.531910251800481,2.486079881611769,93
28,18,0,7.592613031706812,0.7337693140129149,94
28,19,0,5.653421449508985,0.4791890618219121,74
28,20,0,8.325022675257188,0.8389486301661256,106
28,21,0,7.548903104935683,0.670542767562328,97
28,22,0,7.622196946173119,0.6733666792016123,100
28,23,0,8.244749850762348,0.7605974655028935,105
28,24,0,7.674195884404041,0.6683918478207569,102
28,25,0,8.147235974630556,0.7437483380322368,107
28,26,0,7.614467948840416,0.6522147506818321,102
28,27,0,7.00463501526724,0.6061785738079705,94
28,28,0,7.51992580988701,0.6265669297012327,103
28,29,0,7.073227967468851,0.5623284088035986,95
29,0,0,4.284639802528235,0.5292062295587245,49
29,1,0,3.505132735565597,0.3370576199316497,43
29,2,0,4.615173321643726,0.3999153221457544,59
29,3,0,5.35951834399604,0.4973294506354217,65
29,4,0,4.355574042744607,0.3813303921286977,55
29,5,0,5.599345105101121,0.550647455982871,66
29,6,0,6.447301259447562,0.6094820904320916,79
29,7,0,4.676077388816252,0.5399073453050822,56
29,8,0,5.835593737463062,0.4679868719081645,78
29,9,0,5.88293533029255,0.5765540269281403,72
29,10,0,5.181720334034403,0.53542913197355,64
29,11,0,4.82974932167703,0.4197907806368231,62
29,12,0,6.240415744812564,0.5802222100675763,78
29,13,0,5.428391159166255,0.4834721169491237,71
29,14,0,4.789062201279227,0.4156090167478253,64
29,15,0,5.612646050228517,0.5773879380114998,66
29,16,0,5.917007861722549,0.7162531632142936,67
29,17,0,5.850520874073665,0.5639038384784272,73
29,18,0,5.624214122110932,0.5336168597802802,69
29,19,0,5.521525673716085,0.6085281551050006,65
29,20,0,5.404328774881787,0.5628453439858502,66
29,21,0,5.589190074546485,0.5118183461193786,72
29,22,0,4.80070794393951,0.4905639743746765,62
29,23,0,6.478717122986921,0.5861451956769983,86
29,24,0,6.150506629891145,0.5943574602666997,78
29,25,0,5.482810373499984,0.5727776682556236,71
29,26,0,6.579832306363972,0.630698522396255,86
29,27,0,6.459774543005605,0.5220500551689772,88
29,28,0,5.918599687320709,0.5869553791995524,77
29,29,0,6.117362560545159,0.5503626611498931,79
