# mesh name: boxMesh_1
# primitive scorer name: doseScorer
# iX, iY, iZ, total(value) [MeV], total(val^2), entry
0,0,0,134.7591111841608,31.57765326786529,622
0,1,0,138.2685276720522,32.84155116370849,628
0,2,0,169.3248419598174,40.24851826001757,767
0,3,0,177.9849362452562,41.33759661715749,832
0,4,0,191.9622570043891,49.58591730909421,886
0,5,0,194.0736988735851,43.9503706348239,927
0,6,0,211.3367283996702,47.20773902414086,1017
0,7,0,210.1353208713197,47.30911887744668,1030
0,8,0,243.647622499859,54.32476160033018,1209
0,9,0,234.4055318743299,51.34866140363363,1158
0,10,0,256.1262895638979,63.41970241017822,1275
0,11,0,225.741651478942,48.3799358189811,1154
0,12,0,235.7788565825418,49.10577124442763,1219
0,13,0,232.5341346495044,47.26424477866369,1235
0,14,0,226.7861040819638,45.90570387796925,1222
0,15,0,220.6513222392779,44.69836419219124,1187
0,16,0,200.7825325205452,39.68797600230799,1096
0,17,0,181.0902029107445,35.95955162955583,997
0,18,0,167.7654797575522,49.68567079880398,902
0,19,0,144.8911445047057,28.43423977753738,806
1,0,0,146.406802309832,34.26751941108873,674
1,1,0,171.460089782024,40.24933804776536,790
1,2,0,182.6743347501229,43.15017621407372,831
1,3,0,202.6760392261769,47.20709276650053,934
1,4,0,221.7378172741488,50.86599589221887,1043
1,5,0,231.7285645491046,52.72914366882792,1104
1,6,0,245.9213556155992,56.63914333471543,1174
1,7,0,249.3340572324264,56.04818641245911,1197
1,8,0,258.1842647714094,56.86141774290442,1267
1,9,0,262.9040202486109,56.63020124617878,1323
1,10,0,260.538597690324,61.40598668948642,1296
1,11,0,267.3483117322021,56.34543474571186,1357
1,12,0,254.1390512850707,51.91352635194315,1338
1,13,0,271.902350009159,77.95853826718968,1407
1,14,0,251.4634256814826,52.62519621245956,1333
1,15,0,234.6237375956667,47.70693558183253,1249
1,16,0,240.492477794456,48.36323341166473,1289
1,17,0,223.9034098087799,44.00358837434221,1235
1,18,0,213.5771598447751,637.0632891845348,1019
1,19,0,162.038336957248,31.30582630210729,919
2,0,0,162.424656831678,38.93202548748405,740
2,1,0,178.2269113078846,42.41515596556634,813
2,2,0,209.1198801980828,49.44291578528708,943
2,3,0,214.47939668103,49.74229941616587,996
2,4,0,233.5308426922845,53.40871667463436,1097
2,5,0,244.3867044637279,55.82301247251405,1163
2,6,0,268.3611922188833,60.0711146075184,1290
2,7,0,274.999011929651,61.8061313100635,1339
2,8,0,270.7351689535299,59.44324201623812,1328
2,9,0,296.06480025989,63.81547561038109,1467
2,10,0,295.432330185843,63.65118557942809,1478
2,11,0,303.8692472889081,64.89180869305422,1532
2,12,0,301.1969084359969,62.29917562539617,1569
2,13,0,315.0209299489165,92.41564324431374,1608
2,14,0,297.8722047692571,118.7535373676802,1544
2,15,0,280.1135671261246,56.41960323896333,1496
2,16,0,274.6001203630661,65.21881544906859,1473
2,17,0,243.451442226658,47.7898792752645,1336
2,18,0,220.0437910895648,79.07120139214194,1174
2,19,0,187.4567625727677,36.22713438952791,1054
3,0,0,171.6527404432389,40.06357757015415,799
3,1,0,211.6795115003993,50.19266650948902,965
3,2,0,209.4725808519972,49.87049333264998,961
3,3,0,251.1727641200761,58.30973766724222,1161
3,4,0,277.8442587280337,64.3958762298769,1292
3,5,0,278.0320659126552,62.975858049903,1324
3,6,0,299.7001754776007,67.09711900385966,1443
3,7,0,313.2357036737484,71.05752149773622,1509
3,8,0,313.1771035846934,68.34907242764551,1534
3,9,0,323.4864841870008,70.30467212947356,1613
3,10,0,327.4835647343846,235.2754961011369,1567
3,11,0,353.1011883511608,223.70943747111,1739
3,12,0,342.1997327992195,82.77650946562488,1739
3,13,0,310.7467343161956,64.89486907928962,1621
3,14,0,330.6192777900226,75.60033026131678,1718
3,15,0,315.8700765954072,63.66855834151382,1682
3,16,0,284.6282589419725,56.34545626976244,1548
3,17,0,254.7660150790759,50.4429609842133,1394
3,18,0,234.6776615379695,45.96683459584232,1293
3,19,0,220.661916509645,42.94257590019956,1237
4,0,0,181.3461993186873,43.14948621089189,833
4,1,0,212.1408374018051,49.59343773067487,968
4,2,0,241.4534140092503,100.7012059118114,1080
4,3,0,261.9099133326063,60.32393896119046,1229
4,4,0,268.2657000465549,61.89647644267496,1248
4,5,0,300.7090350656861,67.66790220487103,1441
4,6,0,314.1475181325891,70.42963867668659,1519
4,7,0,342.1978256768782,75.16343084068868,1672
4,8,0,342.9032529210782,75.22440226698107,1686
4,9,0,340.8246203639883,76.65241393466218,1693
4,10,0,398.2998952618031,457.4947554967571,1853
4,11,0,365.311141468783,91.1606213739509,1865
4,12,0,355.0703139877036,74.66568085009533,1818
4,13,0,346.5518248101905,127.7026456584405,1814
4,14,0,349.0160492738,78.86497182072914,1821
4,15,0,343.5669023039493,69.48253520895086,1839
4,16,0,316.091277320545,63.63278341417692,1719
4,17,0,284.0624675650815,55.57503865987329,1565
4,18,0,233.0862371075161,45.31181832188361,1298
4,19,0,214.4662890125092,42.1375251350207,1194
5,0,0,206.6851577891311,82.74268958349846,914
5,1,0,224.4299968038742,53.45374351632049,1021
5,2,0,252.4435265698238,59.62031782006138,1150
5,3,0,272.66184015608,63.16282302903728,1262
5,4,0,309.0972426750875,71.05561233245469,1442
5,5,0,316.5216266034235,72.98973238917013,1500
5,6,0,335.6922518444588,74.85853706296183,1611
5,7,0,362.3743246248598,81.45682213661277,1749
5,8,0,389.3597211430043,86.32268549235714,1894
5,9,0,356.9401194555249,77.13797812131405,1767
5,10,0,369.1821545123111,83.14345485526901,1840
5,11,0,383.5118914691059,112.0769752109841,1916
5,12,0,368.6242742235796,76.71288516972501,1905
5,13,0,359.2236999749183,73.59055584321646,1896
5,14,0,377.1372965632438,379.8930932181833,1886
5,15,0,349.8887034348606,86.74239863674794,1851
5,16,0,323.0584584879363,147.4116644923291,1717
5,17,0,301.4735878070224,94.66081163745133,1604
5,18,0,262.6418169307223,50.60862008063283,1470
5,19,0,228.4127303304393,45.00013597508626,1268
6,0,0,212.1079878360938,66.35829502162515,935
6,1,0,225.5916233141973,53.18219928768897,1039
6,2,0,273.8617637057981,65.04529708393186,1236
6,3,0,281.0354870319693,64.7607458152269,1310
6,4,0,311.8499884600342,71.03015451719382,1475
6,5,0,340.9350923058984,77.77088522189158,1607
6,6,0,342.6016305112764,77.22244979681466,1627
6,7,0,381.901629928804,86.26442471619595,1842
6,8,0,356.7403739205272,77.90740091008497,1761
6,9,0,394.6822524232415,179.8136057014152,1899
6,10,0,379.0927814787763,80.96925194934627,1915
6,11,0,393.5797211935687,82.39179681382895,2026
6,12,0,397.1452393078269,82.12748140203657,2067
6,13,0,374.5562211331699,78.01482340456505,1947
6,14,0,397.7557127059394,93.87910356153705,2075
6,15,0,360.2443056669979,73.74809731762851,1921
6,16,0,334.5363284953013,87.75152418326707,1792
6,17,0,318.5451392200277,63.32679698777726,1730
6,18,0,275.8336895452327,53.46270512918028,1527
6,19,0,231.4585844592416,45.22639559667608,1300
7,0,0,202.337054067146,48.64756781244502,908
7,1,0,235.9671611659149,56.73752071414866,1074
7,2,0,273.83334350097,66.15253603682307,1229
7,3,0,326.7182885252006,214.6229472073777,1445
7,4,0,311.7915286056971,71.4207830707236,1472
7,5,0,357.8570242558798,81.68770941681873,1681
7,6,0,366.7395598894374,84.3006149079069,1733
7,7,0,370.0818562389464,82.24361270852845,1794
7,8,0,392.2389466598742,137.9900625756549,1896
7,9,0,396.7784332166249,91.6914942187228,1953
7,10,0,396.3149485345396,86.30123588692231,1971
7,11,0,426.0220402002317,381.2828895847252,2088
7,12,0,385.199661890027,81.14313819929967,1980
7,13,0,396.760168110782,80.60450019584079,2092
7,14,0,392.8139491278832,103.7708541116373,2042
7,15,0,390.6360632457397,78.55843138515475,2103
7,16,0,356.0282963813741,71.56866680696162,1925
7,17,0,320.1961022613086,66.5878165720622,1757
7,18,0,279.458553938115,54.8375368593271,1532
7,19,0,248.9745442275461,48.0514269263953,1399
8,0,0,220.098942484635,52.22791469716687,1000
8,1,0,243.6834361280574,95.73845530345021,1086
8,2,0,274.06460880277,69.76708580486434,1265
8,3,0,291.8173049502001,73.4969214668853,1345
8,4,0,337.9831209264746,102.5274209668962,1567
8,5,0,363.9384021936936,123.164522653153,1678
8,6,0,371.9412602370003,83.83565725254135,1791
8,7,0,384.5794150363121,86.18044200613937,1853
8,8,0,399.7865392635589,87.49197852901257,1962
8,9,0,432.4972047124348,393.9146774384409,2029
8,10,0,404.3409336360531,109.7118329274912,2022
8,11,0,396.9629349107816,84.39858525901762,2022
8,12,0,422.4057069527516,114.9801645300834,2137
8,13,0,403.5989932243282,83.02051561458123,2134
8,14,0,403.4065172185526,126.5490727010571,2102
8,15,0,375.5662453668863,75.74977698561565,2008
8,16,0,399.1717872507843,970.7305118373777,1979
8,17,0,318.1274179103532,68.46400352673206,1739
8,18,0,275.9457939436592,55.43644905129556,1518
8,19,0,246.1391334914157,48.52163891140786,1362
9,0,0,215.5560472492451,52.186621106394,967
9,1,0,244.706279005105,57.54358738062178,1117
9,2,0,275.0247451419421,63.93644366954895,1272
9,3,0,312.3805885201562,72.83863729962599,1442
9,4,0,325.0782637242493,76.58407088050134,1514
9,5,0,348.890136088238,137.9999614094309,1617
9,6,0,373.3161013792676,84.51127254279886,1782
9,7,0,382.1694721681064,84.52339578858845,1857
9,8,0,407.275723497734,96.31366300766679,1962
9,9,0,405.5456682544107,106.2419434206677,2011
9,10,0,429.6972780498832,94.14621526690469,2157
9,11,0,424.5497647638994,91.31663083504387,2170
9,12,0,415.1041598256156,86.29543823570361,2151
9,13,0,391.4012505321458,85.25282875651158,2043
9,14,0,391.6240807376297,79.14960665602914,2077
9,15,0,381.2317399306958,116.8818791293918,2001
9,16,0,353.0315256969262,69.88581605393584,1935
9,17,0,337.1224855014986,67.37570055955257,1824
9,18,0,298.5149144731718,225.9820313835222,1567
9,19,0,251.4155212570104,56.81773068075934,1383
10,0,0,227.7547238103628,818.2286758130942,935
10,1,0,239.0075930940725,55.69803787268953,1105
10,2,0,278.0610839559572,64.99118558633815,1276
10,3,0,317.9481015004185,75.61551988473136,1451
10,4,0,333.80886379654,76.95321183460969,1555
10,5,0,353.7715583104676,79.89181003378076,1686
10,6,0,378.2580764619422,86.98017479377276,1804
10,7,0,398.4785845057591,115.3919808910642,1913
10,8,0,385.1678326935832,84.43861300257075,1887
10,9,0,412.076298459428,298.1075580639916,1964
10,10,0,430.1222657693964,91.77817026679398,2167
10,11,0,410.4409942764958,87.04252161444705,2086
10,12,0,408.0204624328485,85.53904862869511,2095
10,13,0,409.3868921910482,98.75568079280616,2148
10,14,0,386.7707248946937,78.18191717328712,2059
10,15,0,377.9879027094434,135.9844351916863,1980
10,16,0,352.0114151244034,70.20861801365248,1914
10,17,0,329.639147859053,65.75491239971063,1786
10,18,0,290.1195658664056,56.69251447083113,1603
10,19,0,252.8885534446859,121.0858636153995,1326
11,0,0,216.2209906116601,52.02391852282732,972
11,1,0,251.3418602685318,59.0730540500118,1142
11,2,0,277.3506645146489,64.72049530775243,1277
11,3,0,297.5854219854376,72.08471291372366,1357
11,4,0,340.4457148089286,82.28642512019687,1575
11,5,0,361.0577298511272,100.800406641321,1679
11,6,0,351.7202200237641,79.34311972909749,1676
11,7,0,367.8853440309557,82.09467914528271,1774
11,8,0,373.6563807367193,82.00097119986604,1843
11,9,0,399.5456096546196,86.55452944860434,1999
11,10,0,387.7845969367158,83.69152421023635,1953
11,11,0,438.0965035206785,383.7493678228471,2126
11,12,0,406.9553130435467,86.61972590445529,2094
11,13,0,405.8388541799676,83.1617632950359,2137
11,14,0,412.6171561719953,233.3266667996308,2113
11,15,0,382.6431407576862,77.19480831772316,2048
11,16,0,356.1506814563102,70.44625573862898,1945
11,17,0,343.8292979709178,671.3204007052992,1759
11,18,0,298.7990321188931,89.1622318023752,1620
11,19,0,245.0183678057527,47.4195347834609,1376
12,0,0,219.131105007216,53.65718387960955,993
12,1,0,241.3710784310444,63.44640577790974,1091
12,2,0,266.3296533891568,67.42779188711852,1220
12,3,0,314.8830694383744,74.10833040149063,1437
12,4,0,313.5712396639381,72.03466560580031,1477
12,5,0,350.2564132205516,97.96305230785096,1624
12,6,0,369.9581712797564,82.7921834344484,1772
12,7,0,379.6429943002951,97.13928820742669,1816
12,8,0,382.4554909878495,85.10431615800536,1892
12,9,0,400.5993592314527,87.00420534441191,1985
12,10,0,416.9567177118419,99.81075190613679,2080
12,11,0,404.4048997147394,90.07317149081925,2057
12,12,0,397.5298287913617,136.3399203459458,2019
12,13,0,378.4019518400484,77.87294265807562,1985
12,14,0,384.2884520195074,78.8735207949846,2021
12,15,0,382.8560554398099,148.0123181763499,1991
12,16,0,352.7005334319903,99.30477144908406,1876
12,17,0,338.9330763030443,157.3036046640168,1804
12,18,0,292.8672391285907,85.04909958276905,1561
12,19,0,246.8196886724022,47.8299303851315,1376
13,0,0,200.1028521520838,47.88246423663666,907
13,1,0,234.5645292329331,55.77174221965423,1063
13,2,0,249.8859971569819,106.9954928988971,1125
13,3,0,286.3005410648991,66.24581436477858,1334
13,4,0,330.8183894562234,116.5822507290929,1529
13,5,0,337.4503351161192,91.1612068772933,1582
13,6,0,341.6139297467917,77.65017051972775,1634
13,7,0,351.5025109540606,77.82344905385601,1716
13,8,0,361.9517684666893,89.01080993776594,1756
13,9,0,371.0211476798297,80.18769293291666,1854
13,10,0,385.2279194684158,81.59157025557077,1958
13,11,0,377.5868877327572,79.78432342911162,1945
13,12,0,388.4258181773279,94.92970929236161,1990
13,13,0,379.9409542485442,101.6085960783458,1958
13,14,0,363.9297340711761,88.92921714219821,1896
13,15,0,383.7013066260345,366.7195575333662,1908
13,16,0,338.9590480082715,67.87698243870804,1837
13,17,0,308.9881116131704,60.21926817234977,1707
13,18,0,287.0732611058339,155.7380264732965,1541
13,19,0,251.1503000369515,49.08931592013234,1401
14,0,0,203.5857608745543,48.01992498955021,931
14,1,0,228.3787779942983,54.47167081499335,1038
14,2,0,263.4422485842624,221.1143276789658,1144
14,3,0,269.4040275303223,80.59275522415713,1246
14,4,0,303.7919770170412,69.60504715135937,1427
14,5,0,328.2168728205917,180.4505959203537,1486
14,6,0,323.7403242321463,72.47921402767703,1557
14,7,0,352.3692108408953,90.31518381559277,1685
14,8,0,368.6605260192731,102.5570637322782,1768
14,9,0,379.9875072692959,83.91207234131365,1882
14,10,0,381.8500712240418,93.70477895926103,1901
14,11,0,357.573458100897,86.0436475507487,1817
14,12,0,395.6168992904475,85.1749244716235,2052
14,13,0,348.7380484486509,71.1706903615714,1844
14,14,0,361.52584600034,73.89207361943325,1909
14,15,0,336.8921885562636,68.00922534984694,1797
14,16,0,327.6757932325163,65.98668507692716,1782
14,17,0,297.6393914417565,58.94391570922183,1626
14,18,0,274.1190546543717,75.95491692027997,1473
14,19,0,238.5460511898503,46.84809480836098,1325
15,0,0,183.9406766963113,43.8903110590393,838
15,1,0,219.7954929360268,52.0027282613986,995
15,2,0,239.4395768806841,66.4317411281106,1075
15,3,0,272.4282880915274,81.90996493732744,1236
15,4,0,289.1216356075954,66.91464193023322,1332
15,5,0,302.2785389614937,206.5201300636629,1349
15,6,0,303.8785289149214,68.68787012318634,1446
15,7,0,321.7303386922659,71.34259182040954,1566
15,8,0,342.7351183035735,75.09725739258541,1676
15,9,0,353.3972887728912,76.07684754180541,1755
15,10,0,355.8601618250066,112.377079502294,1777
15,11,0,355.4214116840849,75.59079275668263,1801
15,12,0,362.3110783408383,76.10076525427543,1864
15,13,0,360.7916972370693,74.82415604597094,1883
15,14,0,361.0131366494891,74.41757636967468,1899
15,15,0,322.1108317321113,65.43950323441413,1714
15,16,0,309.4788135061513,62.09387878200589,1668
15,17,0,288.3567904023707,57.2535476072979,1579
15,18,0,247.4082274416178,49.37751534312039,1368
15,19,0,215.3583752330105,43.32292178244131,1186
16,0,0,175.5363606667666,41.70725286248055,805
16,1,0,184.9421165746191,55.31333937928709,832
16,2,0,211.3975683997292,50.06171217166062,969
16,3,0,267.0009762746719,110.3423296549717,1192
16,4,0,264.3798954040419,69.69457957631401,1236
16,5,0,263.6274313381851,59.33008027309152,1269
16,6,0,303.9751161399876,77.36891444617054,1422
16,7,0,304.2750783480873,72.97144714432515,1477
16,8,0,315.3616475838484,68.59716824038478,1573
16,9,0,336.4591016576106,249.1539556573849,1613
16,10,0,328.7562596772604,70.75632396486694,1659
16,11,0,323.4381444673656,71.05545385608694,1631
16,12,0,321.0967534028644,73.40046133485052,1646
16,13,0,321.0522928210994,66.22535035978345,1677
16,14,0,307.7800446991149,64.8819960303495,1638
16,15,0,313.2243185571038,63.03986514994573,1685
16,16,0,286.9686750457909,58.61829560550805,1563
16,17,0,265.1604317897355,52.05664613266059,1452
16,18,0,237.9077689177206,46.86254441474141,1309
16,19,0,202.7252043079268,38.87304796971152,1147
17,0,0,170.790868587893,52.46327916584626,757
17,1,0,182.0151235561141,44.57800712361696,819
17,2,0,205.7145980084786,47.97287079277735,947
17,3,0,235.2781514085312,91.66347026833024,1055
17,4,0,245.8300109463287,56.63961752561294,1146
17,5,0,256.0905068228761,57.95868724522798,1213
17,6,0,272.3623730317981,86.45113066373155,1294
17,7,0,277.5767076072183,61.63220781923381,1350
17,8,0,299.2040003634186,129.979104522779,1411
17,9,0,292.0122284111029,63.59775712644709,1467
17,10,0,311.1458810803741,115.323467457543,1545
17,11,0,308.4985410799625,66.07330814697663,1568
17,12,0,300.3092834627376,61.68350377522201,1582
17,13,0,297.9335307583203,61.9827252823065,1566
17,14,0,286.9604470125232,58.15178306594139,1519
17,15,0,298.8266027105363,221.241951164402,1517
17,16,0,260.5016745084533,84.79819391911971,1392
17,17,0,240.7727154625009,47.26505695150326,1322
17,18,0,206.9214950212476,40.35525148665463,1146
17,19,0,183.7134969117946,35.07950149939497,1035
18,0,0,135.1161766657708,31.96697092588217,618
18,1,0,165.5500191235197,39.49612741718896,764
18,2,0,216.1652033485358,1075.245196397235,817
18,3,0,192.1962087375797,44.1507136862575,908
18,4,0,218.8513190929932,50.5223503040533,1022
18,5,0,235.3742878222915,55.37136931848758,1102
18,6,0,237.2544272757887,63.2132080755119,1122
18,7,0,255.1683572085228,56.57649567082916,1245
18,8,0,252.5496018943881,54.69607594707669,1250
18,9,0,263.2777797845397,57.71772711559454,1316
18,10,0,257.3865080676361,55.28276271358494,1300
18,11,0,274.3213488067507,58.29408680359288,1393
18,12,0,271.7591355320992,57.05982373564606,1389
18,13,0,258.6287810065495,52.72040406213506,1366
18,14,0,245.5237955418045,48.95918655503922,1319
18,15,0,254.4943652945972,85.46222252087807,1311
18,16,0,228.5528509836303,45.39351077598564,1237
18,17,0,208.5646064773382,41.61994036012305,1132
18,18,0,195.1807726797524,38.8813352512594,1075
18,19,0,170.9836303358916,89.07887103810435,918
19,0,0,130.2851811411656,30.37543415084378,618
19,1,0,142.7745498867212,33.45966805395624,666
19,2,0,168.4218940370664,39.57834065009386,771
19,3,0,175.3895990222007,41.19419895457366,810
19,4,0,187.7694058215613,43.02871343527586,884
19,5,0,196.3899136059603,44.03351902726626,942
19,6,0,218.7927678638778,49.35473492067917,1051
19,7,0,209.4862898152481,46.64533552688161,1018
19,8,0,238.6021190256716,83.06615479268638,1157
19,9,0,235.4968022766101,51.73888365859698,1161
19,10,0,227.3936883242319,47.67090710418207,1175
19,11,0,236.2397451161051,49.1258187157918,1230
19,12,0,234.0681099713699,57.21145321144943,1205
19,13,0,224.6567864713354,45.47273375190044,1191
19,14,0,238.2007187462168,49.25960652348279,1255
19,15,0,222.9963570968847,217.1755459909065,1141
19,16,0,205.1672731689797,40.41280170817851,1123
19,17,0,190.9311144282832,37.83654310968416,1045
19,18,0,170.9032302895601,42.12589052653419,922
19,19,0,147.9574395525832,28.96539760729182,820
