# mesh name: boxMesh_1
# primitive scorer name: doseScorer
# iX, iY, iZ, total(value) [MeV], total(val^2), entry
0,0,0,17.67700841128857,19.86484757604886,49
0,1,0,22.41649408704397,15.07741744067602,62
0,2,0,26.77754971837878,18.07690646472249,74
0,3,0,34.02122212541794,22.40448520775541,92
0,4,0,42.10164385392584,20.75265969858932,130
0,5,0,46.42230873894107,31.07075150792969,141
0,6,0,48.99694240289765,28.50231274138054,161
0,7,0,68.36157746794892,36.05122395343924,215
0,8,0,80.97874465720105,45.43057962328555,271
0,9,0,78.8312086155242,28.77929761811684,285
0,10,0,93.87432524663487,31.80329823298763,364
0,11,0,125.0079957965127,49.24438730535571,467
0,12,0,133.6265332457246,50.95869330931147,520
0,13,0,167.4516900219882,91.45258573683049,631
0,14,0,163.3927573800642,49.88604887086517,721
0,15,0,186.1259640427665,60.51197726895436,797
0,16,0,187.5819902495943,55.76152739159825,869
0,17,0,197.645137687808,63.88759437924434,924
0,18,0,220.3746152362861,489.8327066647736,969
0,19,0,181.5611464615054,54.6478635454533,899
1,0,0,16.87027855988533,8.01702040745452,52
1,1,0,17.80893547808446,8.860094854744556,48
1,2,0,23.36213372770339,13.18755907737704,66
1,3,0,29.55984122834406,13.89206617576165,87
1,4,0,37.94404169551716,23.61812589970099,111
1,5,0,50.76870433641818,31.40372374424985,140
1,6,0,52.0677870216096,22.84840021645438,162
1,7,0,71.43582099435362,39.05394980462464,226
1,8,0,85.44270531954434,32.99946749775842,297
1,9,0,96.51986788403305,38.48211074552137,351
1,10,0,115.2049460734285,48.88845405028025,406
1,11,0,132.7135056054673,46.50594141148756,511
1,12,0,151.8197312022067,59.96744554755036,619
1,13,0,165.351592367565,60.54435307093257,682
1,14,0,174.0739609016856,51.92586309434162,762
1,15,0,200.8344311089176,63.16146691679709,892
1,16,0,218.0736759795198,62.63269427780344,1027
1,17,0,224.3240346237454,82.89824562177517,1084
1,18,0,228.531166355069,65.51687935581096,1110
1,19,0,201.6278290596562,54.63400797079395,991
2,0,0,16.6817394581197,9.729271180369054,51
2,1,0,24.22176221524299,14.07466099872956,62
2,2,0,25.6604679919975,14.11775244112425,69
2,3,0,42.27899644649835,28.91352760040246,110
2,4,0,50.17004757065757,40.64522093605775,139
2,5,0,56.27664519475885,23.87926483674541,174
2,6,0,68.92122433247394,47.64060185682024,198
2,7,0,77.19335658844,47.60235248155843,248
2,8,0,92.16240781086024,68.85824919279696,307
2,9,0,108.0908569429306,42.99741161696024,387
2,10,0,119.4724343189761,41.98290966416698,457
2,11,0,149.2431340654701,59.6560247044094,569
2,12,0,164.6332526479966,54.49916249192838,674
2,13,0,185.2693627803729,67.83197990519729,776
2,14,0,203.552165773119,110.3727503451652,868
2,15,0,218.948081825011,75.46951638841949,984
2,16,0,228.2629562205578,70.41395090031223,1058
2,17,0,254.393614827605,175.174461017626,1182
2,18,0,235.7951502128948,70.15218116706522,1161
2,19,0,241.7429110446906,62.73552471634567,1207
3,0,0,19.01356259604331,9.362160710773495,54
3,1,0,25.62841926172727,17.6644690653331,63
3,2,0,35.03437580595963,26.47023834691931,89
3,3,0,36.93772800621115,27.80813633670304,93
3,4,0,53.25575601810809,35.79206566718886,149
3,5,0,69.11002013552485,50.8549061742608,178
3,6,0,74.79992681651797,36.95677371941637,228
3,7,0,75.73893595148911,37.99004336228533,246
3,8,0,106.1853710566875,64.4989726416534,358
3,9,0,125.8415408403637,58.53924249488222,438
3,10,0,129.3859669820514,52.91769582633524,495
3,11,0,155.6790343897555,79.02635112731193,571
3,12,0,181.8382331977238,74.8993108469321,731
3,13,0,209.3822674750857,79.00029312451429,864
3,14,0,221.9188694044138,82.11559101615863,963
3,15,0,246.1262310735603,73.24409950852824,1104
3,16,0,274.8525401740609,97.42538498754087,1255
3,17,0,272.5889592172533,111.1447178320843,1264
3,18,0,279.163845558383,74.56369787746057,1387
3,19,0,241.3254151573152,67.30352762927008,1199
4,0,0,16.04830620867732,9.338311645188577,56
4,1,0,20.9733989814208,12.37499535296833,66
4,2,0,34.7486789448874,26.46347462260322,92
4,3,0,42.57354124888548,20.44011294832666,121
4,4,0,47.88995961189295,33.45503089176857,146
4,5,0,58.62609446434493,28.09400634141197,188
4,6,0,80.70194773245274,36.96388461824275,253
4,7,0,81.959662061424,36.95779241458574,281
4,8,0,107.2057022061463,47.10385102522601,383
4,9,0,132.0007981279521,63.34757913541819,448
4,10,0,150.9455995130149,63.51475365700059,564
4,11,0,167.1517321576873,69.94432693405372,641
4,12,0,191.9443009686684,71.94266512156878,791
4,13,0,211.1063033159652,71.4234675350416,871
4,14,0,232.3451248184628,67.2252902082092,1040
4,15,0,246.8179707322032,76.67301371295943,1119
4,16,0,276.0942480193422,192.8367891786125,1280
4,17,0,292.2715249650319,93.31450414085508,1389
4,18,0,292.831204462053,87.79636816040002,1420
4,19,0,265.3537014302024,71.84554660900882,1342
5,0,0,24.00043448242314,13.39733567114921,66
5,1,0,24.35238630133528,14.55126308962228,72
5,2,0,38.82044706894037,26.38813047548403,100
5,3,0,36.32584488490073,19.00033977763213,116
5,4,0,45.04825297165054,22.09475135632869,135
5,5,0,60.07520826078822,25.41078980596004,192
5,6,0,74.35726473189584,46.60498284337194,238
5,7,0,98.4955010390465,53.7658970008334,321
5,8,0,102.4697349597671,41.8726095085282,367
5,9,0,135.3268938286126,65.88260857588358,486
5,10,0,158.2909689067124,69.36349216643214,573
5,11,0,190.2547194079176,166.9939635099014,694
5,12,0,187.4934851400504,72.31784907736014,751
5,13,0,238.3481708425161,105.1210758131276,931
5,14,0,246.3422839878157,82.70645234901784,1066
5,15,0,267.0955579434356,84.12654376461548,1208
5,16,0,296.973938631672,98.29580098060025,1367
5,17,0,294.1239821288211,82.4689927177979,1416
5,18,0,308.6497420374075,106.9961449883379,1485
5,19,0,283.1863749626767,95.34680513530853,1373
6,0,0,23.8903403238698,18.08551105365558,62
6,1,0,25.62800193004955,13.66663503906203,79
6,2,0,27.42422075772613,12.32481518346833,86
6,3,0,36.10004142629978,14.44627254879406,117
6,4,0,61.23416487316634,41.95222739606951,178
6,5,0,67.67251525994529,47.50330412873547,190
6,6,0,76.34970275849084,31.82617320841827,252
6,7,0,100.2410770449217,42.57739369509076,333
6,8,0,129.9492392630978,64.17191191056936,425
6,9,0,139.7324103405315,69.01498493477415,473
6,10,0,161.4775822496025,102.5498903346053,566
6,11,0,190.3509081950854,78.53738170642957,717
6,12,0,204.6752751593002,77.78182208020708,799
6,13,0,230.1163192184456,84.00979177895863,960
6,14,0,241.6566777454722,76.29056091973521,1069
6,15,0,278.3928132189869,107.6471767567013,1231
6,16,0,306.4922001528748,158.7014815477165,1413
6,17,0,324.2130197298186,106.5673013576077,1517
6,18,0,312.4243063225502,112.787115037107,1481
6,19,0,281.4385185772765,69.48712557884545,1432
7,0,0,29.20973587432195,26.68099248135791,69
7,1,0,19.6986279366073,8.018450477568077,65
7,2,0,29.60989350891559,15.74003841280524,89
7,3,0,38.98128736122713,17.93546168895067,119
7,4,0,52.98426504395654,31.03913298541998,159
7,5,0,73.29001747897973,52.55491690777429,205
7,6,0,82.75658085839736,42.53189458855466,266
7,7,0,110.5800783811748,57.60131094665329,353
7,8,0,130.5148491877706,55.0062647404414,453
7,9,0,132.0409882185671,63.73950446078465,486
7,10,0,154.0197698465607,55.64614224852079,593
7,11,0,184.1691172846915,78.26098466042366,725
7,12,0,205.9855710298942,76.91295327347684,822
7,13,0,240.8034063071634,81.03753769081005,1006
7,14,0,265.5653636764456,89.42644587660584,1128
7,15,0,293.7494212470608,94.3713132417224,1325
7,16,0,301.0650053390463,119.037009504642,1373
7,17,0,328.4659748810109,96.31536897315839,1562
7,18,0,335.6175977300803,105.5010898153788,1600
7,19,0,332.4435843097795,236.1957565322054,1537
8,0,0,21.58652524879103,13.62757685228919,57
8,1,0,31.24005223323116,23.83360074487724,83
8,2,0,41.70151626400803,30.34775831681866,116
8,3,0,46.84695465693126,26.12925902394944,131
8,4,0,52.30369719767231,24.39072899175881,154
8,5,0,81.54911021441498,59.29219686773074,233
8,6,0,89.9732641290306,42.47236744881717,299
8,7,0,99.75196245801071,47.69761083852961,322
8,8,0,120.5208030715444,65.5503179343178,408
8,9,0,142.7595479395248,72.91361399498575,510
8,10,0,173.0160135698679,66.13849494386525,644
8,11,0,185.5019366195886,69.69609506096843,718
8,12,0,214.7344986159505,81.88698025894539,860
8,13,0,251.2843481769167,97.43836212820727,1047
8,14,0,300.2240620761023,702.2764893586327,1185
8,15,0,293.6937994086502,99.8974429351681,1329
8,16,0,313.8590129511027,90.44412493482419,1463
8,17,0,326.3315255441723,95.91183666919693,1529
8,18,0,304.8073556538235,79.99865281957683,1505
8,19,0,316.3012960542272,108.1833086923125,1548
9,0,0,27.88126436409143,20.92288585306686,81
9,1,0,30.21227515953908,22.38546920392856,74
9,2,0,31.51656132138438,14.95832083654774,100
9,3,0,44.81366833681013,23.76632468119151,134
9,4,0,58.11144054662918,40.52723465610993,169
9,5,0,74.44525498002716,33.66302436264957,246
9,6,0,81.68954715660757,35.99357250346641,264
9,7,0,95.10723516036967,48.82428811519083,308
9,8,0,127.8263480644486,55.46643836669468,441
9,9,0,144.3684125027976,63.93043073720009,519
9,10,0,163.6642847123238,55.93702976951082,653
9,11,0,184.594402384478,70.75268824418939,702
9,12,0,227.3821008722589,78.21818123316514,908
9,13,0,249.9019404320638,79.71824336296915,1061
9,14,0,271.3195078393395,84.02468034107117,1206
9,15,0,296.196908154686,86.385466412974,1355
9,16,0,310.8823126751147,104.9597649277629,1443
9,17,0,324.4335921695077,161.9109378995409,1502
9,18,0,320.8546627880557,89.74825737872706,1601
9,19,0,296.4561134532855,71.09066101809194,1499
10,0,0,29.40101355531131,25.76423314208548,76
10,1,0,32.90835320474432,23.4544752152949,91
10,2,0,37.95471631665139,25.000475956989,105
10,3,0,41.29728237710979,20.05550441100702,124
10,4,0,53.97337304420768,34.95206849537097,151
10,5,0,77.11028824767246,53.31997400617922,223
10,6,0,83.33586422086577,33.21477040893704,278
10,7,0,96.48199062066993,55.84860569847977,303
10,8,0,119.0418788146448,56.56139682569885,399
10,9,0,151.3901246619336,59.39249847901205,557
10,10,0,165.9190694812151,80.62000939702571,609
10,11,0,188.7519060539188,72.12379870059311,728
10,12,0,208.3489846417362,76.88528072435348,845
10,13,0,234.0306444034983,97.36876165991805,972
10,14,0,275.7040675751825,95.14938579389353,1192
10,15,0,322.271403033794,105.7910803290964,1418
10,16,0,336.1133401523418,335.739967542239,1500
10,17,0,341.7798338221143,123.1559020778767,1579
10,18,0,323.445150199289,92.33724889716883,1602
10,19,0,314.6383731623109,110.304139517837,1527
11,0,0,23.57895940351749,14.54963701226651,73
11,1,0,27.34487853568432,14.72379131120617,76
11,2,0,34.54733027615994,18.63481537258209,94
11,3,0,53.64989336136715,35.96714584775097,141
11,4,0,55.79108596170819,26.58810543839235,173
11,5,0,63.65150143808489,26.97642189553951,211
11,6,0,88.4056790883853,50.20808342010921,276
11,7,0,101.600992076148,45.06520204427994,338
11,8,0,107.5849771954467,40.20083067347412,396
11,9,0,150.4609333846898,149.3087293959873,502
11,10,0,155.8438221408,67.3744433115878,579
11,11,0,211.8621898752961,86.24949455547466,798
11,12,0,204.582790852612,63.7382566805962,871
11,13,0,250.8104894035233,89.2797459416178,1052
11,14,0,300.5245566458948,233.1018834095636,1223
11,15,0,306.8223343152466,245.8365005878639,1350
11,16,0,348.6788975076506,519.2022296722189,1521
11,17,0,345.1003694642831,144.228195547533,1613
11,18,0,317.2109609846831,143.8478539777921,1531
11,19,0,329.2332640100888,164.4876247542221,1561
12,0,0,23.85722275786706,16.04763268349311,68
12,1,0,31.98100802020805,26.14498679570213,80
12,2,0,38.77489835639462,20.56377500798381,111
12,3,0,43.2312254013944,22.45296532911179,142
12,4,0,51.01370890405362,25.01498044153398,179
12,5,0,74.44630980892028,52.29518027546185,206
12,6,0,78.32630933174032,39.66084137889159,251
12,7,0,113.4174979037461,53.20150895457463,361
12,8,0,122.9344262038793,55.06632866046193,431
12,9,0,135.6794537574936,63.95984538943996,489
12,10,0,161.8173932836926,69.5631717886847,595
12,11,0,189.9339539262101,328.0773961423747,686
12,12,0,222.2551586125039,193.2973684332571,854
12,13,0,252.0965026232275,83.32691456922666,1045
12,14,0,289.7313473701028,156.6110162818231,1188
12,15,0,296.4970899156759,156.6163563988653,1307
12,16,0,320.1227802837697,111.2321550096654,1446
12,17,0,290.3594237785475,78.90825948319682,1410
12,18,0,320.6122157161313,90.96929936955816,1584
12,19,0,287.2330722231616,82.10896674521787,1422
13,0,0,21.86112893771277,13.58615807662179,60
13,1,0,22.07877658090387,12.01464100590241,66
13,2,0,34.88061140129332,22.9321144185523,92
13,3,0,42.13739583283945,22.25063535488349,137
13,4,0,46.72765508324985,23.31458443579621,144
13,5,0,63.34380963418954,28.65219695843823,203
13,6,0,89.02976028155827,51.62152545015368,264
13,7,0,99.70392134016659,42.38310636221605,342
13,8,0,104.7848050444393,65.82409670943703,367
13,9,0,141.2161139060551,59.64893468798616,507
13,10,0,156.911239949657,70.06646163213486,571
13,11,0,178.4894414587067,69.370819891346,691
13,12,0,214.1631280596379,78.16909411195699,861
13,13,0,229.9825096817901,86.72255904260975,941
13,14,0,257.8630179361734,114.492100686853,1125
13,15,0,296.5515465638217,142.3438263481717,1295
13,16,0,305.9616415164076,107.7116424027122,1417
13,17,0,288.7691730975661,78.60334672776338,1432
13,18,0,307.0764186144506,98.54400974433401,1503
13,19,0,286.8681925951077,91.39955381483158,1420
14,0,0,23.93596681106659,12.54586841966033,66
14,1,0,25.52050176602844,16.94326212221011,66
14,2,0,33.59467170176936,18.74607815171142,99
14,3,0,59.04910812108248,92.48430331921676,132
14,4,0,48.43414986861885,31.49219008930491,147
14,5,0,66.3794996223419,50.04592449238096,189
14,6,0,66.386886794798,26.1922698255652,219
14,7,0,82.5542667410359,39.85208098242794,267
14,8,0,112.1323409493628,60.97172968962668,373
14,9,0,141.0374099929572,63.52608944284476,504
14,10,0,138.5762795085293,52.43079053504979,535
14,11,0,176.8449079451892,69.12729662071712,671
14,12,0,202.6065908502417,79.41858936946257,808
14,13,0,245.8871746132373,135.8320550418854,984
14,14,0,242.7265848129809,77.96256159970868,1047
14,15,0,289.1325198922203,151.4122901785902,1228
14,16,0,285.3573677137157,88.06373792450958,1327
14,17,0,297.968699077381,84.88084562807281,1432
14,18,0,314.1690995688654,103.1603366917218,1493
14,19,0,281.2590193265562,76.93967988141033,1396
15,0,0,14.78039705544836,5.728251376275418,51
15,1,0,21.44060592980572,10.52188106123426,62
15,2,0,29.4258705216051,15.69031834640773,85
15,3,0,42.59587250265614,27.6170927801157,117
15,4,0,45.58768160140507,22.4015850954931,129
15,5,0,51.30438563029895,22.6002670851671,171
15,6,0,75.37908278217708,32.5071007651789,255
15,7,0,80.66008641900426,40.58082249358058,278
15,8,0,98.72166731404639,34.5796042486861,371
15,9,0,119.9148773441578,42.25374849094102,444
15,10,0,150.3900929570845,66.30555070885733,545
15,11,0,184.7740284089831,81.8762984878536,695
15,12,0,182.6478514457249,74.24649233898387,730
15,13,0,217.6523356956253,83.18627190752643,889
15,14,0,243.9508419131267,83.19096747453929,1044
15,15,0,257.9028818953937,87.01450472821281,1148
15,16,0,293.1688691541614,110.5676825928554,1293
15,17,0,293.9598794589403,90.76458431767948,1417
15,18,0,300.7886886308254,227.756561601645,1415
15,19,0,278.7463280632335,79.48415391553841,1376
16,0,0,14.7423881070429,12.28735608061517,45
16,1,0,19.37747654564249,7.596379778577057,64
16,2,0,27.62240377538937,14.16906512981727,82
16,3,0,29.30413425120746,15.35085439700415,96
16,4,0,46.67725154905053,21.08215971056203,147
16,5,0,63.7755151145743,39.1854294579286,176
16,6,0,74.28545677667478,42.99934514220507,215
16,7,0,80.06640001017436,38.4334767133864,265
16,8,0,97.03438700354003,43.91314416560283,337
16,9,0,114.7742673658721,52.63686331969451,412
16,10,0,127.6198841980921,43.11610374149237,501
16,11,0,148.1614013119518,52.68810629121293,584
16,12,0,174.932673247836,55.29395942273962,724
16,13,0,193.9031754404365,68.40335119957852,799
16,14,0,236.5904644053452,99.4381415012824,1001
16,15,0,234.5200426797401,67.11827764540686,1087
16,16,0,259.7590478217901,77.15969946983846,1203
16,17,0,286.172333913632,119.1784840430934,1311
16,18,0,279.2385252685311,88.44300115445431,1338
16,19,0,251.3101680270782,73.82560482001072,1252
17,0,0,16.47949137478363,12.38490654613475,48
17,1,0,25.35697338046364,13.06289048477372,69
17,2,0,34.47985200067262,25.69146632220764,94
17,3,0,37.48312752774396,22.40458675806967,101
17,4,0,40.05638316734765,28.15321110844564,110
17,5,0,52.35132701793857,32.46441351458174,154
17,6,0,58.82222955107822,41.66417533094431,174
17,7,0,77.53681860762892,32.55240728267849,275
17,8,0,87.37512223003417,31.42391118626446,317
17,9,0,104.6909728955496,37.603331196821,386
17,10,0,115.3308432052789,40.8504755668245,442
17,11,0,142.3448749523683,54.79199775955744,544
17,12,0,170.9675087996216,66.17465297919304,682
17,13,0,183.8175546178508,70.96831182378217,754
17,14,0,210.6723207713812,70.38252549717407,901
17,15,0,224.476400250268,80.94808595187833,976
17,16,0,249.134684413953,98.43089012180675,1139
17,17,0,252.5780824751223,84.24829316070887,1205
17,18,0,266.400923853908,284.1471444403471,1222
17,19,0,244.009677586625,86.51415077378991,1185
18,0,0,23.04478892097129,20.37637383104178,58
18,1,0,23.48935352416587,27.88137218969411,53
18,2,0,28.20915432705235,15.23977018310546,77
18,3,0,24.22302411413517,11.24610209400857,74
18,4,0,38.10155731809095,19.63164581102418,117
18,5,0,42.89898565609499,18.72520357996888,141
18,6,0,58.5577497932026,27.27559382508966,180
18,7,0,70.70689084792224,32.13494916763269,233
18,8,0,77.85956304046216,28.20198279112632,284
18,9,0,97.53543141152301,37.175671945965,346
18,10,0,111.0716401875114,43.28458380148114,408
18,11,0,125.9502095073265,64.04005733792282,459
18,12,0,155.4929475197764,64.44108744012074,597
18,13,0,180.1491836786155,55.63025275558738,748
18,14,0,167.2792471990122,53.01999100562699,738
18,15,0,190.6437519534677,51.26645527956124,880
18,16,0,216.3144130363562,69.52601248228655,979
18,17,0,223.3391568401801,76.70188539331669,1024
18,18,0,222.8740438045847,65.56867356570999,1082
18,19,0,203.8111580400685,52.50072792482748,1020
19,0,0,14.56211948753798,13.13028467420616,41
19,1,0,17.69207537564561,11.46710958053166,46
19,2,0,21.92030564900465,10.39255055265387,68
19,3,0,29.64300409151744,18.66751173611416,80
19,4,0,32.44167571970031,13.50536169344144,106
19,5,0,45.12777519054249,21.32484084060531,152
19,6,0,48.86367050488904,19.4241632773757,168
19,7,0,55.9080177685883,28.56082822569095,181
19,8,0,77.83530432995647,41.93352118539992,265
19,9,0,90.15457586146682,35.2955186600053,317
19,10,0,106.0108671346753,45.23169879366944,394
19,11,0,118.5982119313529,56.71862853865442,447
19,12,0,129.1510221962519,39.79042929546986,538
19,13,0,146.8786002093218,55.95137906719491,608
19,14,0,160.6538650601306,64.43690381810563,677
19,15,0,191.3584610567761,63.43878430307635,843
19,16,0,186.3423061080698,51.68090881380619,884
19,17,0,192.6530672493622,54.37078885723152,939
19,18,0,191.4746476824629,58.57746111903114,915
19,19,0,177.003296336633,52.0315203582844,857
