# mesh name: boxMesh_1
# primitive scorer name: doseScorer
# iX, iY, iZ, total(value) [MeV], total(val^2), entry
0,0,0,48.90186441968963,47.0143548210805,100
0,1,0,53.03293598761878,47.36256402549088,118
0,2,0,52.42259058946058,27.83552623840669,134
0,3,0,75.77630045487028,59.04001801213185,178
0,4,0,72.4734449210487,36.64805575218723,195
0,5,0,96.16660030785513,61.91979934611254,258
0,6,0,121.5136628108159,80.50141398593028,319
0,7,0,129.966422682443,67.0085643020215,384
0,8,0,147.8786683892652,68.45693774807452,451
0,9,0,157.0501840169089,73.66918058343876,522
0,10,0,164.5943221244194,76.01937795122383,534
0,11,0,194.2740122061581,98.29581959453668,640
0,12,0,180.9166865013187,92.81184618273966,635
0,13,0,204.7846920869988,107.0350548015009,681
0,14,0,213.7401787350805,97.30455541323795,766
0,15,0,216.7974633054948,76.22922546912925,834
0,16,0,220.789372774068,104.8354512536811,828
0,17,0,200.7392983485709,76.81355952515756,792
0,18,0,191.6929190541335,71.14842798182639,766
0,19,0,180.3110746957951,62.69163686920634,753
1,0,0,38.30889322863101,28.18144378416354,97
1,1,0,60.10071159278399,48.7820374745549,127
1,2,0,64.2071774829539,68.00845411469943,159
1,3,0,72.98077983735857,48.88824708210856,185
1,4,0,93.14684027215058,112.2248827561909,216
1,5,0,102.034524171193,90.416100564609,271
1,6,0,108.5313425627071,51.40348159503129,328
1,7,0,130.717646830257,72.12455145224796,384
1,8,0,155.7117319788618,85.84465034796014,461
1,9,0,171.8295580806046,89.26884993473637,528
1,10,0,178.4544608659787,104.5028164490621,566
1,11,0,208.0367231194263,110.7714894616169,667
1,12,0,207.1691554169153,85.94267513042067,729
1,13,0,221.9359988075091,94.56349305696808,792
1,14,0,239.5409859977424,112.8763268803318,853
1,15,0,215.7405591476912,88.26307264877161,811
1,16,0,240.1191330102461,103.3032270190893,903
1,17,0,236.8642237703511,90.7346628085338,918
1,18,0,214.0847649350073,88.99531004669184,843
1,19,0,192.9608677508527,60.96282953181516,828
2,0,0,47.34207850788214,33.74074309432891,112
2,1,0,51.59169072705471,33.59346484646012,129
2,2,0,73.00093566745691,170.6925230631246,156
2,3,0,89.65982387582581,59.76805820567246,219
2,4,0,92.87178645890832,61.6954827499538,238
2,5,0,123.8078778617185,61.57356809790551,347
2,6,0,135.4145410743398,82.12569489012071,367
2,7,0,137.9218099599885,68.20216323878005,421
2,8,0,172.2886273992768,91.30743504799749,521
2,9,0,176.831733693496,91.49674365320232,573
2,10,0,198.2567671113834,107.6707412676467,621
2,11,0,202.631025230809,81.43292435075148,717
2,12,0,237.83179580259,110.4179314010591,828
2,13,0,241.7762807468086,106.3945456962207,890
2,14,0,268.3622432860708,116.1776093718228,981
2,15,0,270.7997174875032,124.0697100933058,998
2,16,0,254.9121434529643,93.08943230080511,983
2,17,0,249.788576011753,137.2077567888641,956
2,18,0,254.4290450027377,95.17263364879419,981
2,19,0,211.8010556297729,66.74348466621456,907
3,0,0,50.78857289965454,38.82319399082972,120
3,1,0,62.71487423857924,37.00213285527033,156
3,2,0,77.02990815966855,55.28992886722664,181
3,3,0,95.13778307287916,61.183403307599,228
3,4,0,89.28354840616097,50.48916919266379,253
3,5,0,104.3068676615393,52.11598744364034,302
3,6,0,141.1192239410128,110.6044548812475,370
3,7,0,149.4249074836662,76.33703296230173,452
3,8,0,177.8782519184156,89.90611203489634,531
3,9,0,199.1854251558455,90.45963003902632,632
3,10,0,205.0165804104217,92.73242390361308,692
3,11,0,237.60833557667,100.9938829633887,798
3,12,0,270.5230012821531,219.0810382834448,855
3,13,0,251.5228078062773,97.25022895536993,905
3,14,0,266.8563684177888,157.4299298820085,973
3,15,0,288.1002188046754,129.8065501249193,1058
3,16,0,289.9769941216114,124.2936457346528,1118
3,17,0,266.939036748642,99.51535325600757,1055
3,18,0,281.8257836581413,113.1313333356995,1106
3,19,0,242.2467412630437,90.43325791866718,984
4,0,0,47.94385323028725,38.15551413628828,106
4,1,0,63.90106371122106,44.36049676000315,149
4,2,0,74.57268698944264,50.39426558134902,187
4,3,0,90.58631844574651,45.04671536506925,248
4,4,0,107.0030551977805,67.14597158450928,273
4,5,0,111.9320079796014,55.10911706936855,333
4,6,0,141.5302872933468,86.01403454116611,404
4,7,0,174.7861171395465,99.36322427493229,492
4,8,0,184.1913685408769,119.9703387503388,536
4,9,0,209.8286990762604,102.7580402479169,651
4,10,0,223.4600557788966,100.7241723672398,734
4,11,0,253.5260558315596,128.6325258249575,854
4,12,0,264.6348460316747,122.9544515106631,903
4,13,0,305.0613139955486,563.8917643417137,1033
4,14,0,282.0276168383321,104.5940361818351,1076
4,15,0,296.1116939855926,112.5012565253173,1150
4,16,0,301.9082761387032,113.0037900001034,1168
4,17,0,294.7347272428643,105.3850338948143,1162
4,18,0,274.9258299879194,100.3336802870832,1124
4,19,0,251.2523004901341,97.76268929062384,1037
5,0,0,52.55838056637041,26.61832844684801,137
5,1,0,67.19634983683443,42.19533101853681,168
5,2,0,72.52073708086445,47.73665426128978,184
5,3,0,94.02679938876628,68.12955901917231,231
5,4,0,118.2941425858265,77.72719540359911,311
5,5,0,116.0614886660523,50.82639524526021,342
5,6,0,151.1092956963178,80.96759234691558,424
5,7,0,181.3905528729852,103.5054092272713,535
5,8,0,182.5748496702401,99.57243100321767,574
5,9,0,223.8307170746518,127.5456533850531,667
5,10,0,235.0817622728902,103.3362000293214,801
5,11,0,271.4104072840861,111.6183717177735,929
5,12,0,276.0199409879874,115.6517107723089,974
5,13,0,289.4103067246132,120.5615988795509,1043
5,14,0,310.3515957091725,371.3055812481422,1106
5,15,0,301.3321955637538,106.4959136850326,1197
5,16,0,314.2886409841127,111.1386007579457,1220
5,17,0,321.0305217620404,129.5266067719786,1249
5,18,0,293.9522919808972,106.1245099561209,1170
5,19,0,288.4664801033766,130.0639675114565,1143
6,0,0,50.99155210015427,27.88668171660591,138
6,1,0,67.14364068296126,40.6373862225696,169
6,2,0,70.05678969983239,38.38764377863368,191
6,3,0,99.57705803947439,58.99864572417204,271
6,4,0,118.7305218637611,74.40175072111786,312
6,5,0,126.2559229466725,63.64321784225892,360
6,6,0,150.6179164412797,83.12775445197566,430
6,7,0,174.3955684949474,91.76745269224098,518
6,8,0,202.7606452293699,95.96558110234177,615
6,9,0,215.8166372662425,95.25193024047795,684
6,10,0,225.6661585726225,93.20615758627056,750
6,11,0,255.5279539395857,100.2816786452134,874
6,12,0,294.6985809611523,135.874699481837,1016
6,13,0,310.7292592779278,151.7852482694695,1071
6,14,0,328.8751664202701,256.0474048198857,1199
6,15,0,334.1661151854586,186.5293524230666,1208
6,16,0,346.0102652631522,133.9423057869112,1339
6,17,0,318.3593799541874,137.0378868685924,1237
6,18,0,308.2239705504533,107.2896702074101,1254
6,19,0,259.5699700956143,79.67860161977083,1113
7,0,0,62.15162522761867,37.50451405918321,151
7,1,0,72.18291708402984,52.7968594315791,173
7,2,0,70.56916530979419,43.20443850866648,189
7,3,0,89.9058096668052,52.96722831474162,229
7,4,0,100.6015132228133,91.74338013397735,277
7,5,0,121.4318448674297,70.43334703323497,346
7,6,0,153.5929585779735,88.3678645278691,452
7,7,0,200.3097935587179,180.1701726040181,539
7,8,0,201.9418638935242,90.7293231800806,640
7,9,0,232.7247272807045,165.0282421477194,694
7,10,0,258.7983805875546,106.9442458068606,880
7,11,0,271.3988369407833,124.7731092020766,907
7,12,0,296.0711405895202,205.0389686343447,1032
7,13,0,332.691564042086,129.77333171186,1185
7,14,0,325.1671564650589,156.631916632486,1173
7,15,0,335.0673648572363,120.8838266678801,1263
7,16,0,335.3953595785919,115.6003324157816,1311
7,17,0,338.1408217542925,125.1012922869592,1322
7,18,0,329.198609019396,114.4699293579955,1340
7,19,0,292.2374220687745,96.89915399190825,1211
8,0,0,59.61211517633885,36.37075677549927,152
8,1,0,72.04543042052758,57.50308872434051,171
8,2,0,97.77527700092369,103.1025935746606,208
8,3,0,102.871578748322,56.832428330003,275
8,4,0,134.0226537222855,79.00853376226955,365
8,5,0,164.5871121318956,306.3355491165727,407
8,6,0,156.8721469205132,90.00618085881547,446
8,7,0,189.2603484019577,202.5147821847557,526
8,8,0,204.6435314146881,108.4681562915577,634
8,9,0,226.9762741281102,101.8372815774209,730
8,10,0,261.753421296234,113.0166572642509,864
8,11,0,287.2662818320832,128.1382782568234,969
8,12,0,327.8020810536216,194.4088250405446,1114
8,13,0,316.1073864979246,127.6589463568242,1125
8,14,0,308.3542508730424,105.9622454035697,1186
8,15,0,340.7085148536981,126.33983967813,1296
8,16,0,341.1998965265528,127.1229728033449,1325
8,17,0,330.7837787725762,111.1835471097343,1328
8,18,0,320.834787775844,115.875221738941,1317
8,19,0,301.1276731381633,100.4473263205096,1238
9,0,0,59.85502961700402,41.27679606182932,132
9,1,0,65.3707018917533,42.61919727829791,170
9,2,0,88.4068254035121,46.73496383743642,233
9,3,0,92.56940376764744,50.56664916156871,248
9,4,0,137.051251327407,228.5857092317174,355
9,5,0,140.5803628031526,78.83373484405845,398
9,6,0,166.9545081227653,92.05937855900433,484
9,7,0,175.0393861536061,76.64407018097992,546
9,8,0,223.1086184494683,119.852142009371,678
9,9,0,250.0500404043967,130.4871486925551,762
9,10,0,268.5413525356561,125.9375907858436,880
9,11,0,280.4130587009532,120.9663430375615,984
9,12,0,299.3653993702686,122.9836981401604,1057
9,13,0,330.5368238352868,136.4342143327675,1199
9,14,0,339.2071258215608,107.0542762522813,1317
9,15,0,343.0099094678155,133.1331788005085,1306
9,16,0,332.5432592778087,178.7097749706304,1317
9,17,0,338.0392164787009,120.1562503970216,1345
9,18,0,325.5846432927149,108.6562375149841,1321
9,19,0,295.7578338831744,115.4553483405263,1221
10,0,0,60.33969725585074,46.23305565571441,134
10,1,0,62.35605799560109,47.63377434542092,160
10,2,0,81.99250229956107,59.37566650269248,204
10,3,0,100.1147653876623,74.78038587264085,236
10,4,0,118.3166689394058,65.52732879106675,332
10,5,0,132.749105208898,69.37323079623916,386
10,6,0,155.859813360393,155.4158241957218,442
10,7,0,183.7859439441079,81.30281180162392,573
10,8,0,220.1734500570118,143.4107609292309,638
10,9,0,240.5008663709884,117.5823982250179,745
10,10,0,239.3152428903517,95.11064276241517,820
10,11,0,301.04180038142,192.3730172791956,1004
10,12,0,303.8173590625856,207.717605851349,1048
10,13,0,315.8456337594141,119.6129126795907,1145
10,14,0,343.9192434257861,132.3517435034271,1268
10,15,0,343.2721258617412,137.5695348711425,1284
10,16,0,371.7914545417675,281.6362761293046,1391
10,17,0,348.9465687504883,725.1354085368931,1337
10,18,0,345.2035065447616,217.6143179086164,1333
10,19,0,294.6338784475199,116.5877994690523,1201
11,0,0,45.39603672827019,22.3949465060668,131
11,1,0,66.50150088806733,39.54444468173683,178
11,2,0,104.2527124374888,70.06627010153527,251
11,3,0,101.2123993331314,58.46144820134639,257
11,4,0,107.3461797912044,48.29502201114869,315
11,5,0,133.5641918222762,81.72343289840042,367
11,6,0,152.6930857543481,90.16609307406092,442
11,7,0,183.6316983308058,200.0880851927993,534
11,8,0,215.636956175147,110.982327030608,646
11,9,0,227.4223756668561,104.5316205365234,740
11,10,0,278.8141443870318,147.6331671934927,870
11,11,0,266.0604426453638,117.600890135514,903
11,12,0,278.0716448705184,109.6616304312628,991
11,13,0,322.7359972834346,207.3258684362272,1176
11,14,0,336.8752089061546,125.2631213202162,1288
11,15,0,352.4775983585832,196.400073851901,1299
11,16,0,349.4181677320067,141.7696237637179,1344
11,17,0,342.0310248401291,126.5399814423566,1370
11,18,0,310.0282745599092,118.5544268847387,1222
11,19,0,299.8241425066486,112.8297247875803,1210
12,0,0,62.78360682328865,56.98824129916493,139
12,1,0,62.57536226636857,38.31053943813775,160
12,2,0,99.01027327316714,76.51940047257008,223
12,3,0,99.11687773095979,76.14962957126505,251
12,4,0,110.010342049532,64.66849598197284,300
12,5,0,144.5127633948526,98.80547386813473,383
12,6,0,145.8870930357659,72.97855770507887,428
12,7,0,196.6593082104785,92.81499140353462,598
12,8,0,202.2219620179311,106.2352480063286,620
12,9,0,216.9009663129644,96.99996370521031,694
12,10,0,259.6791680552689,138.1353584810071,821
12,11,0,274.1372754992807,104.1475964680485,934
12,12,0,293.1009714933306,114.2454449102789,1051
12,13,0,327.7176633169052,164.8795400445107,1171
12,14,0,333.50012648012,161.4225694937447,1211
12,15,0,352.4732350711265,168.624384223319,1300
12,16,0,314.5403485189539,116.9409871854233,1219
12,17,0,315.8906215020952,104.597260410871,1269
12,18,0,315.7918286490341,110.3646709106532,1280
12,19,0,294.7905015314121,112.1438321727752,1220
13,0,0,62.10331065160748,44.81684301271191,144
13,1,0,66.33985541363914,42.67227437366532,160
13,2,0,73.58123619130897,41.94195819124355,202
13,3,0,95.11921014916393,53.81344221174376,257
13,4,0,111.3015420421456,61.4204487018086,293
13,5,0,145.441776117792,81.7563752563748,397
13,6,0,136.4686863588331,69.98182870596177,403
13,7,0,187.6798864264687,201.8852020169889,530
13,8,0,205.792159703049,97.63482447829502,630
13,9,0,217.6519374136893,99.91164658764743,702
13,10,0,251.5804285928799,109.0328774741838,829
13,11,0,260.7339124341889,128.4947394858246,890
13,12,0,280.1675569429091,114.9058744428313,1001
13,13,0,307.4260068263741,117.6496181668392,1103
13,14,0,310.9633729372306,118.0633096745256,1196
13,15,0,358.2562509082055,225.041134445292,1320
13,16,0,336.4745641618605,117.2181000699036,1328
13,17,0,338.5076231187065,137.0429848700808,1329
13,18,0,308.4573285902094,114.9383510972475,1245
13,19,0,288.5496027672969,92.38257485581902,1206
14,0,0,56.11228678349605,36.48893811179538,136
14,1,0,66.86327550988763,39.30134604729887,170
14,2,0,81.13345463215973,55.19293557208138,199
14,3,0,92.74400543271963,54.37947845062344,251
14,4,0,103.0415172270424,61.69432789966812,284
14,5,0,101.4784183293909,48.51153420508969,310
14,6,0,155.1555033823256,85.01845029755418,436
14,7,0,165.0959110852201,87.48078655070155,475
14,8,0,184.9699632262933,112.3627740875388,546
14,9,0,225.0338853986443,92.82747752124948,735
14,10,0,244.4748873003883,105.525946540614,807
14,11,0,265.5880028320602,128.2536887195818,883
14,12,0,279.8403984926791,117.0908941469649,988
14,13,0,295.1209791220738,123.2382598497657,1070
14,14,0,309.8684158544485,127.3651888018928,1131
14,15,0,317.4524672992115,135.7310471275729,1201
14,16,0,316.8897568204816,102.076902955763,1259
14,17,0,307.2696375874452,105.6596597568754,1226
14,18,0,293.8817592745836,107.1937455513417,1213
14,19,0,278.1990860378942,109.0880769915471,1146
15,0,0,55.1509858265626,34.33256180894205,130
15,1,0,69.19490847227348,63.02836312955787,153
15,2,0,75.20483146778393,46.15384746367348,202
15,3,0,85.81899876738143,47.69382681820251,226
15,4,0,106.580633677774,60.55952792177737,276
15,5,0,114.8976748586623,68.94396646967758,311
15,6,0,150.5718658744879,110.9081333633492,440
15,7,0,149.760950804767,79.08705974657862,438
15,8,0,180.9399512660815,104.5508812781009,564
15,9,0,207.1362406716796,93.68616453706107,667
15,10,0,224.8235531520922,106.5716086143129,729
15,11,0,233.8944970277849,103.7244235798346,787
15,12,0,269.2205896274453,110.8845739968175,956
15,13,0,315.1734901943037,264.7215304974769,1035
15,14,0,279.0088420836524,93.46655510540484,1063
15,15,0,293.8639068021297,122.9625906477767,1079
15,16,0,318.4273268844363,138.0285193624407,1206
15,17,0,293.6925219866565,117.8700808281928,1153
15,18,0,279.0711616449155,120.8399180371606,1086
15,19,0,259.9295116268928,91.87639251390389,1092
16,0,0,54.52648460548363,51.15502757758079,117
16,1,0,62.82741300427048,45.45321862609988,145
16,2,0,72.9888150683571,49.05364621275115,171
16,3,0,79.24817316008664,62.73478799626969,200
16,4,0,89.07519707192607,52.0639359267111,253
16,5,0,130.386805920981,111.458139483374,343
16,6,0,124.9350797856297,57.00638181107595,369
16,7,0,152.656406339579,78.18499647769711,438
16,8,0,174.6748666447609,87.76667506948806,547
16,9,0,192.2429176668109,90.38026987031459,626
16,10,0,200.0718369753831,80.3297993884597,687
16,11,0,224.4797377113062,91.63692021299124,780
16,12,0,232.057961078493,94.93928902356656,827
16,13,0,267.6709969829487,105.1392326362731,940
16,14,0,265.8209439405715,86.91426320641926,1027
16,15,0,276.7852160667479,96.76706093935226,1051
16,16,0,274.1024421766746,99.97776850450828,1079
16,17,0,264.2279570296657,94.80765035070644,1064
16,18,0,260.9857333863844,87.33607196545671,1056
16,19,0,247.5745519645464,82.32763179623903,1027
17,0,0,51.39265747719193,47.45784639539698,120
17,1,0,65.67830711117341,59.49379143166108,134
17,2,0,65.71358258227657,43.90989054845276,160
17,3,0,81.14921464795694,43.85147998978461,222
17,4,0,94.77105462180799,53.41370798870459,247
17,5,0,108.200675364086,61.10967794708972,301
17,6,0,118.1843256311789,50.26673816094579,378
17,7,0,153.1909111990478,90.2934929841534,440
17,8,0,151.7972650271536,63.42151788729504,471
17,9,0,170.0281977555283,73.50039094869125,559
17,10,0,211.8561654497005,97.16814465830332,676
17,11,0,225.8049950469508,118.3324275966164,735
17,12,0,251.2479332153913,121.230290519584,841
17,13,0,267.7624589295633,119.3357080575182,940
17,14,0,263.5054564350667,128.4674806207686,918
17,15,0,268.2816328591505,116.2664747876081,979
17,16,0,262.5068662232622,102.4577386137406,1005
17,17,0,250.1737001160103,102.8402910947481,985
17,18,0,242.6386932246307,110.6779049704082,921
17,19,0,227.5378647497172,72.94268791672836,956
18,0,0,50.11691058101314,53.07396694408374,108
18,1,0,57.19126486979776,39.10438067933367,141
18,2,0,67.85323623745406,46.0964255979655,161
18,3,0,76.7742144535395,58.4191600563213,189
18,4,0,84.35632773935504,59.58251769137149,218
18,5,0,94.4829771383869,59.03773093874994,264
18,6,0,96.75474558167387,58.17336642251311,290
18,7,0,140.3190739422017,102.576923158268,392
18,8,0,149.0273073300756,147.0012913914209,416
18,9,0,170.0643331097284,107.2463776723786,535
18,10,0,178.436163921969,75.34040749878767,600
18,11,0,204.5178686629214,96.57698341881428,667
18,12,0,222.8472114476059,183.7909258192149,717
18,13,0,217.8696928632604,104.9653702085344,742
18,14,0,215.76796489834,78.83249404996965,807
18,15,0,237.2660693141083,83.52482690403239,910
18,16,0,233.4563993297977,79.10016331937577,911
18,17,0,244.0136460400634,195.0543753758687,880
18,18,0,202.7479349916819,59.9506311342162,857
18,19,0,196.4877055538651,67.01967934127467,810
19,0,0,39.55304335638985,24.01584036380071,108
19,1,0,42.71704210662808,29.8830284993629,108
19,2,0,69.71025598307195,66.88383322653475,155
19,3,0,72.49560990724102,51.94977634675388,184
19,4,0,96.41710723669873,74.90062976329092,232
19,5,0,90.84392624468762,58.58283907142678,241
19,6,0,107.5978999362434,64.9499909544619,302
19,7,0,118.7370914879492,52.97344565427846,373
19,8,0,124.3355009990394,60.89297906743952,386
19,9,0,151.2824342660055,89.60289283504892,460
19,10,0,176.5147565217981,89.44668708711957,555
19,11,0,169.9474042280732,98.15042221902935,551
19,12,0,209.6111731934488,97.51508608201357,683
19,13,0,201.3690890510893,117.0354394237049,694
19,14,0,211.2993035595115,100.6433669871283,732
19,15,0,219.9881054973032,103.0906713841481,790
19,16,0,211.4793064912978,172.5848457999288,789
19,17,0,210.8651869656158,89.85967070780428,809
19,18,0,186.4321425619822,67.2324833147205,758
19,19,0,193.8339895059285,138.5980847175057,774
