# mesh name: boxMesh_1
# primitive scorer name: doseScorer
# iX, iY, iZ, total(value) [MeV], total(val^2), entry
0,0,0,66.21982308227879,47.31939699227979,155
0,1,0,68.03008668240881,40.49606980851386,182
0,2,0,113.6947458394885,81.42478219977724,264
0,3,0,98.30663157858223,61.22171415649227,254
0,4,0,138.4785474215281,105.4281485623397,349
0,5,0,130.8825097890625,72.99298168132769,372
0,6,0,163.6222822623089,101.6649640851094,446
0,7,0,179.6780169626475,95.77858450081608,520
0,8,0,190.3911824608861,125.675547573499,562
0,9,0,207.6200761781309,110.7011486921145,651
0,10,0,243.3656909494575,332.5248903326845,702
0,11,0,226.5810576853189,93.69119367382237,767
0,12,0,232.5244388869014,119.2815252922623,812
0,13,0,235.52750436281,96.91048531542766,851
0,14,0,249.4496300489898,239.2625051332372,888
0,15,0,251.7522932741909,130.2603758436492,927
0,16,0,237.3374749118839,94.12663157799946,922
0,17,0,215.1275069535269,69.68633617775616,872
0,18,0,220.277460117484,95.34351944275262,855
0,19,0,182.9623692089828,65.74847607071021,784
1,0,0,82.59224064558842,69.87885882959488,192
1,1,0,99.29912786261701,71.18046701809598,229
1,2,0,112.2485172054375,89.13331478654686,269
1,3,0,119.2539366280521,91.54228538961131,287
1,4,0,133.9155591874932,71.96623591946876,359
1,5,0,148.1454979658011,86.30184092853673,417
1,6,0,174.9482831983885,101.3422642797518,497
1,7,0,192.1723488013495,91.41907997672089,592
1,8,0,214.1336466221947,110.9002302499246,653
1,9,0,245.8871869621413,148.4510052865806,724
1,10,0,247.5884331434444,126.1266201697456,794
1,11,0,260.2404765319889,113.3856307871388,866
1,12,0,265.1795812027653,134.8263286940607,884
1,13,0,272.5820449205183,105.5060545328455,1000
1,14,0,273.9600592593536,108.867538719651,999
1,15,0,262.1347217614965,130.6820094818734,987
1,16,0,277.25792228254,162.2212815552502,1043
1,17,0,268.3733017368651,109.7971952493283,1043
1,18,0,223.2773728634906,86.24016511717565,900
1,19,0,192.9049170712969,57.21544761681089,832
2,0,0,77.05980290683496,54.77602396093894,189
2,1,0,101.1924751047282,123.2383214100822,218
2,2,0,109.7196172344812,63.84148395199243,279
2,3,0,139.0925080679572,90.28736039480656,348
2,4,0,154.456353460185,100.8457459761679,408
2,5,0,172.6047913427769,88.76243675895999,480
2,6,0,196.2244713568134,126.0140353529844,543
2,7,0,184.7572407671038,90.5231447481252,572
2,8,0,244.4275706196058,154.860532973918,705
2,9,0,279.0594311361173,253.0518288559222,817
2,10,0,260.4374801260932,130.3928544251345,866
2,11,0,278.6316016586593,129.5179527289687,909
2,12,0,274.5773560845766,184.9344130669011,939
2,13,0,310.1122209521961,136.6176633367783,1101
2,14,0,315.1957233915094,146.0960458654937,1153
2,15,0,290.1153992982379,100.5405771211734,1112
2,16,0,289.824035783745,103.9633191121047,1123
2,17,0,278.7767530508166,102.8453865736427,1121
2,18,0,271.2532567220242,112.6579437176336,1071
2,19,0,229.0464122893746,76.7381878146239,941
3,0,0,81.93939748243766,61.90908522475528,194
3,1,0,96.31335025844669,66.68571573927038,227
3,2,0,113.5391291323567,70.57826013073495,303
3,3,0,126.6135018019063,73.748305356117,337
3,4,0,150.0155286865866,68.74838613745023,431
3,5,0,174.9083765939518,123.3581034035839,454
3,6,0,199.4492192721689,104.741833026569,567
3,7,0,214.0716965014473,115.9762458300104,639
3,8,0,235.7070624653027,133.5870287979687,722
3,9,0,292.6674228386843,176.1779593740584,879
3,10,0,288.8426491018337,160.3379596928956,948
3,11,0,311.6088649444433,144.0018679587478,1047
3,12,0,293.1141325959323,155.5525025678869,1035
3,13,0,311.4953799753735,161.4844557171292,1112
3,14,0,330.0914848451724,827.619168781188,1135
3,15,0,338.5349232378838,271.3131901045779,1224
3,16,0,308.3834423651667,143.3146078615042,1178
3,17,0,306.6641063732003,122.9697298416253,1195
3,18,0,285.9889621726974,155.1669745398908,1131
3,19,0,258.2127901825214,103.7244359357879,1053
4,0,0,91.62606699551971,61.6409374261741,217
4,1,0,110.2411677742856,61.47963855956212,289
4,2,0,114.948993481797,59.39135482555307,322
4,3,0,136.9608248217947,70.1635215047572,377
4,4,0,180.2168169886371,115.5745572106911,458
4,5,0,186.4039579309885,106.9414856349514,506
4,6,0,207.8458803316156,106.6683434493579,595
4,7,0,235.5866326330063,105.532114197873,708
4,8,0,258.1251981000754,118.7099638879466,796
4,9,0,288.7468414385665,159.0760052962356,898
4,10,0,319.8834363907177,622.1994681721413,1005
4,11,0,324.2837474440907,147.9175632322841,1076
4,12,0,324.7631502502568,138.7405103006024,1143
4,13,0,322.1578667610835,125.3057781431019,1211
4,14,0,330.5205808308129,115.3110131412096,1269
4,15,0,336.6401144632505,118.9266287399553,1308
4,16,0,341.7981315533676,157.1107449362266,1315
4,17,0,315.5754922222472,108.6508583250934,1270
4,18,0,290.1133540910473,98.15399369631909,1214
4,19,0,282.2815592253741,123.1773419484548,1154
5,0,0,90.19882892198268,55.22386125604978,226
5,1,0,108.2345475407487,74.52576847313752,262
5,2,0,139.7550597569604,79.54569388666872,349
5,3,0,145.5370916482223,96.76878185752666,378
5,4,0,176.7871033467148,143.9477205452397,465
5,5,0,208.5898421713169,113.6802265240906,576
5,6,0,234.8833176688883,131.872636893655,679
5,7,0,244.9119174006415,122.0260187160627,744
5,8,0,265.0386635372685,130.3033139423005,807
5,9,0,314.0872033016216,195.0865071897792,955
5,10,0,309.3134415955966,130.8316308204273,1045
5,11,0,332.9002473019731,141.6534973065278,1156
5,12,0,348.3104053766793,127.1690327445331,1266
5,13,0,348.6018375451637,128.5225867606172,1294
5,14,0,361.2395797596648,131.7125688272413,1372
5,15,0,363.7106346093149,130.2826173535507,1386
5,16,0,352.0934836404826,121.1311702513334,1402
5,17,0,334.9191791172437,128.361969493134,1342
5,18,0,328.6998310570551,168.7337346366373,1287
5,19,0,297.42792539014,261.1894501247508,1121
6,0,0,119.0256882038205,113.3574135541501,274
6,1,0,102.6959321553111,52.95849819216532,281
6,2,0,143.1498139288013,121.1378619361724,338
6,3,0,165.5415756554439,104.0572474064182,430
6,4,0,157.3479586260794,76.88014411513977,452
6,5,0,204.2880502907369,106.7594871650836,577
6,6,0,226.2747566510709,97.31931736410191,671
6,7,0,250.2397282823937,115.0436080114756,769
6,8,0,278.949683481677,153.1007535606921,846
6,9,0,276.1522431721842,126.7862214986959,895
6,10,0,328.0509666618283,141.9917811957729,1091
6,11,0,354.5993170240955,153.2125929943518,1207
6,12,0,364.4245852981509,144.1322344214339,1279
6,13,0,375.0896007401556,141.218610376038,1364
6,14,0,361.775058986704,138.4083445956039,1365
6,15,0,378.1696154384551,136.2790106800031,1462
6,16,0,354.0921403323833,184.0523454524681,1363
6,17,0,334.6922653061466,118.5468998517608,1352
6,18,0,311.3013080042827,124.6948347283885,1269
6,19,0,307.2946012977893,115.7311742541607,1257
7,0,0,105.1178379964815,94.08071551185967,231
7,1,0,126.2925514560044,85.8352543311878,306
7,2,0,158.3181363481577,152.1328304424404,355
7,3,0,160.8757496300238,106.1273500125584,418
7,4,0,210.3661136447068,118.3970969843152,563
7,5,0,204.2063927787607,96.69035692179985,589
7,6,0,218.0656407646508,110.8715160737495,640
7,7,0,255.1443991981133,141.4775121239641,781
7,8,0,285.457199272589,127.7877340659807,893
7,9,0,323.1630036284056,272.8351187776713,1003
7,10,0,334.351678864324,144.6718559978599,1116
7,11,0,325.8147940397044,141.696327291015,1117
7,12,0,344.5639277071257,132.9085801225139,1218
7,13,0,386.5038043108755,184.9695410193546,1427
7,14,0,423.2638207806438,197.020900290623,1542
7,15,0,408.4133424797839,225.192354347797,1484
7,16,0,390.605541673852,185.5123209738894,1519
7,17,0,375.9301714094165,161.785538800965,1508
7,18,0,322.049576838821,105.4019694577079,1340
7,19,0,321.9662050724392,402.5580954098791,1268
8,0,0,103.3429847893571,64.87323198541137,256
8,1,0,140.7421420923308,89.91705202687605,342
8,2,0,144.139975069425,79.54869120345749,353
8,3,0,152.6532875457659,95.85727122938843,403
8,4,0,171.3941012379518,94.08440230781251,481
8,5,0,227.8747179798102,127.084381474641,624
8,6,0,246.0887597010147,144.9271893914215,704
8,7,0,253.8507182711992,139.5564958931868,740
8,8,0,272.4517281945382,160.5969283568236,852
8,9,0,310.373534382509,133.0888635260731,1002
8,10,0,337.9114046679833,143.1227395454864,1141
8,11,0,349.9740803461725,153.5916626503353,1198
8,12,0,375.6741943314541,153.7281363380731,1341
8,13,0,396.1640596052889,159.5130749785521,1441
8,14,0,378.6241037771948,157.2414204335403,1406
8,15,0,368.5707546030251,125.2780620126622,1458
8,16,0,395.340089520249,260.5799274410769,1512
8,17,0,362.7364165711876,136.7311783129685,1465
8,18,0,340.343592016945,140.446199719492,1327
8,19,0,318.14209303921,114.5777381779173,1311
9,0,0,120.0558849299103,99.88273543498433,282
9,1,0,113.637407998534,73.91778763968205,281
9,2,0,153.0048223491627,82.53606915029214,406
9,3,0,173.7348609729902,133.9239666031377,443
9,4,0,204.6560869030528,122.6403281542632,547
9,5,0,238.2320810681575,157.6669795420558,636
9,6,0,252.9930811809505,157.6355719206555,720
9,7,0,275.3699142782375,152.7509732075804,825
9,8,0,308.3603732342566,172.7940838777262,935
9,9,0,360.3703650236333,572.5977023328597,1071
9,10,0,343.2304258211321,132.9193046687371,1177
9,11,0,353.1809917421567,155.1899100669826,1238
9,12,0,370.5149558227684,149.0695561283291,1292
9,13,0,384.7865198435472,154.9222351533688,1399
9,14,0,419.2432422720429,150.5910366886104,1608
9,15,0,401.3928151062715,153.7445647221424,1538
9,16,0,377.1645799046867,145.7145196447225,1492
9,17,0,400.6842162344964,609.5450238577812,1514
9,18,0,345.6819715243219,119.6285350194208,1414
9,19,0,317.1680881986036,95.46851760707057,1357
10,0,0,107.4043702127589,193.0567172779903,251
10,1,0,121.8528835769748,75.2263501817833,308
10,2,0,130.8971798913699,84.13122590534267,331
10,3,0,165.1504140947629,97.09832265756374,428
10,4,0,201.4775881847269,116.7472873578054,541
10,5,0,211.0731328846962,128.3360634807525,571
10,6,0,233.6163238956266,114.1272994948843,699
10,7,0,309.5049402137778,569.2004072217387,831
10,8,0,315.3180430732016,239.072253380515,940
10,9,0,324.503841179281,166.2624545731617,1009
10,10,0,331.9830480151963,158.4315050993691,1088
10,11,0,370.2113894399189,148.8839646087119,1268
10,12,0,378.0806252429463,151.7742935265086,1347
10,13,0,394.1207551057162,155.4180162312301,1418
10,14,0,379.2457281842859,133.389043849084,1491
10,15,0,383.9630386169353,127.4881129979953,1507
10,16,0,407.5398671942369,1044.499261193345,1496
10,17,0,383.3842765907609,138.8342963844949,1543
10,18,0,322.5232036400362,102.6093982554096,1347
10,19,0,332.2530348241011,116.4828066503246,1391
11,0,0,97.70845891123567,57.11119536155988,244
11,1,0,130.7869345831749,99.89120674627326,299
11,2,0,131.679277361004,68.33719785870208,348
11,3,0,151.3540765372659,88.20782509787153,395
11,4,0,191.1001467787283,117.5974565046643,503
11,5,0,213.5432963857718,123.193728694638,583
11,6,0,201.9982165282536,92.44649226200386,638
11,7,0,263.1772185793095,139.1000158313145,799
11,8,0,277.4191950405091,112.8752324612554,891
11,9,0,305.739684387308,134.9302339926967,1002
11,10,0,350.2708930467138,202.947682355239,1142
11,11,0,368.3196750296472,248.9344023926802,1209
11,12,0,403.3946028147945,263.5886343451089,1383
11,13,0,382.8617730738488,148.7163170345143,1410
11,14,0,405.351088083781,159.2867847407604,1508
11,15,0,390.8492695486615,154.9174191522758,1469
11,16,0,397.6207381421374,160.46727249979,1506
11,17,0,385.6862898530786,237.2138689667738,1471
11,18,0,324.8805711482589,109.4616342304551,1337
11,19,0,323.5003738272498,144.3936329101565,1292
12,0,0,105.7158037441524,67.18056418786817,252
12,1,0,116.1146940151183,72.65116451729061,282
12,2,0,148.8943850739973,109.4619737627089,360
12,3,0,145.4900256153755,91.3682442845585,366
12,4,0,184.7406633922124,91.14195377959727,515
12,5,0,206.2060718093401,115.2965572753855,581
12,6,0,235.9519912761348,129.3814366258071,675
12,7,0,245.5404341927772,127.3055719519165,720
12,8,0,298.768538519498,170.8430458846368,882
12,9,0,305.0335806796615,123.9519654233504,1011
12,10,0,327.1613268602834,141.1086280340314,1102
12,11,0,331.4161782074719,125.4385956590385,1169
12,12,0,374.0530138526528,146.0837172243591,1318
12,13,0,373.8574585876004,149.5071798768509,1377
12,14,0,386.7190398217781,141.0972178882353,1460
12,15,0,391.079585604782,333.4149817123071,1458
12,16,0,363.0458997212509,188.6547472769985,1410
12,17,0,368.1156277834547,130.4585641219644,1478
12,18,0,324.3226016732765,106.3479998662679,1348
12,19,0,309.8025436103559,103.0193424553889,1303
13,0,0,104.3953621176179,67.3509193716373,250
13,1,0,120.8491465199585,82.60343088127406,294
13,2,0,139.2399634863824,85.48877287755059,348
13,3,0,151.528190205391,87.93648450781562,404
13,4,0,189.697809614466,115.7321143826129,511
13,5,0,201.0620837375657,109.1984037252602,589
13,6,0,243.3924855862222,136.2316936520396,689
13,7,0,244.8678694748198,140.5033682469152,703
13,8,0,289.7645954896707,137.4064000918951,903
13,9,0,292.8722771838087,119.096431825947,957
13,10,0,329.0517713526762,259.6798640007281,1027
13,11,0,366.134469342018,197.1972694241888,1193
13,12,0,345.5438957005153,140.9576639487447,1244
13,13,0,387.6437221807261,296.711307272697,1385
13,14,0,392.8362097897403,158.397333835162,1487
13,15,0,372.686337876331,185.1357770449055,1414
13,16,0,375.7182803846808,161.6282541294923,1453
13,17,0,349.5875685153119,164.0992326326968,1387
13,18,0,322.3452592441897,117.754192644025,1315
13,19,0,279.745756990222,101.2786076113295,1197
14,0,0,109.2716444236357,76.12434003086271,253
14,1,0,109.7641371489489,92.07480280688058,253
14,2,0,138.9551452741977,81.18925952093737,357
14,3,0,161.3497722428604,101.5372928324973,415
14,4,0,159.5141800316901,95.87230412066951,436
14,5,0,192.1382117085085,101.1750071408785,560
14,6,0,205.7790029527265,122.5837553978657,594
14,7,0,241.7573412116502,117.2587013329742,724
14,8,0,265.4184396496813,137.7719126974789,812
14,9,0,279.0218298911355,123.1128583148165,918
14,10,0,313.8227251425377,137.4987781726412,1056
14,11,0,328.8437929893219,143.7450778924002,1122
14,12,0,341.8357864807711,141.6331417271278,1209
14,13,0,359.1988930446849,153.3771715236502,1284
14,14,0,359.4007340082858,160.074422557497,1339
14,15,0,373.5573949006659,163.1988406538615,1387
14,16,0,348.5123959516638,120.4948183269183,1366
14,17,0,341.3137621562423,134.1205418957754,1369
14,18,0,327.5153958407875,150.8204640541252,1320
14,19,0,279.911596090594,113.9929248034413,1136
15,0,0,89.91333087828363,59.26792895056621,220
15,1,0,102.8703130151187,66.50833436381608,245
15,2,0,129.573838010842,115.5098942444587,288
15,3,0,143.1388441726072,115.1966276129818,365
15,4,0,162.2529726399547,107.7128386891605,414
15,5,0,194.7137856081675,108.6511942294531,529
15,6,0,192.1085605492699,99.96630772611556,563
15,7,0,223.0623875030375,148.8249118760917,655
15,8,0,263.3706083028571,385.0766332263535,767
15,9,0,288.5043460846255,167.6059126240441,897
15,10,0,298.411757522469,155.943448262838,940
15,11,0,309.521287004932,150.2724701299188,1042
15,12,0,325.5779485770449,142.1896112252358,1133
15,13,0,339.3406976891862,156.9745021141156,1191
15,14,0,347.2026579706827,124.2719809660625,1315
15,15,0,329.8365366337906,124.6771804631745,1264
15,16,0,336.0363594748723,136.4084927995592,1288
15,17,0,334.3603200664622,204.5158185585708,1316
15,18,0,299.9961509920365,107.549012381324,1199
15,19,0,268.1435785663213,92.4598132291692,1127
16,0,0,97.38242218732252,170.7937408042166,205
16,1,0,103.3859419131445,78.38293609325532,243
16,2,0,120.7828703658767,95.56408005466585,289
16,3,0,138.4557368805528,93.36606005371011,355
16,4,0,156.9769322007811,101.9477670316351,408
16,5,0,182.907062778234,112.5885172943175,497
16,6,0,177.7704021839818,106.3148606451078,507
16,7,0,230.9507684313581,194.9217869023269,653
16,8,0,234.6989582997438,110.7922836257869,724
16,9,0,239.0591577734686,125.2530125972907,764
16,10,0,290.1039730453465,148.1437860397432,927
16,11,0,297.8474778283928,122.9572619579768,1036
16,12,0,312.2322674274085,141.3620468166807,1102
16,13,0,327.3457056817296,138.0496547185233,1175
16,14,0,319.6506106138232,126.4452631667461,1162
16,15,0,335.3628876007983,138.8486018122035,1251
16,16,0,322.2095109288946,219.4021895593146,1215
16,17,0,294.5534529648805,118.7197342350715,1158
16,18,0,264.2343576411808,84.93304190942435,1098
16,19,0,245.0673622447952,75.02911861947945,1042
17,0,0,77.64094082980033,62.58960689393825,176
17,1,0,89.19923050057568,60.75550112970578,216
17,2,0,111.4682695175478,84.7841731157334,257
17,3,0,129.8743976699003,72.344688027134,343
17,4,0,144.4911021461084,90.87053823983467,362
17,5,0,173.6772751189422,97.19592825886521,485
17,6,0,213.0233587379131,147.6952976979028,557
17,7,0,198.5511238117602,104.9271960170937,596
17,8,0,227.5802098156823,116.9724542718624,684
17,9,0,249.1845142508375,123.2950813070036,777
17,10,0,287.3547303739318,149.3991080915268,904
17,11,0,281.6124607133243,134.7819479588137,940
17,12,0,288.3797811716833,117.5329959072442,988
17,13,0,285.1298033117852,123.6975886826411,1042
17,14,0,317.7235226601417,155.6077755615848,1121
17,15,0,283.5810065027349,105.8591631289501,1106
17,16,0,292.78221356181,103.247380570759,1153
17,17,0,287.3564921133092,206.7597193559521,1091
17,18,0,247.9138427573006,81.85799149306611,1009
17,19,0,233.8798926474589,85.04946608088568,1001
18,0,0,71.49931790750503,44.45576167323574,166
18,1,0,94.7853592106331,68.89715609593779,229
18,2,0,99.6325687970496,67.79894865703093,247
18,3,0,119.1459689916625,65.51189253845915,307
18,4,0,153.8030668314004,94.4448315524444,387
18,5,0,151.9563981902162,83.15875424056919,422
18,6,0,163.3588996971152,96.5622746750774,440
18,7,0,192.104086226055,109.9550133911531,569
18,8,0,194.8088042891328,92.39141187172135,599
18,9,0,211.7608500193335,90.64607159847455,669
18,10,0,227.7220789797379,116.531332157189,726
18,11,0,283.1779874322254,507.9811427498764,896
18,12,0,256.3551227152662,107.060768487938,900
18,13,0,255.2042691666668,94.07594434013266,934
18,14,0,254.491377603966,107.5654317888757,942
18,15,0,279.5876153668259,122.5854443616046,1025
18,16,0,268.8459858694617,164.1135197356096,1020
18,17,0,244.252400838706,96.91229984938006,949
18,18,0,233.3140993932277,124.9230636944723,938
18,19,0,227.6062507276858,91.94779246934398,900
19,0,0,71.57783945639351,61.78363472097313,164
19,1,0,91.30977141203334,80.28984554506815,202
19,2,0,82.9813491679293,44.41277171824444,224
19,3,0,100.7380218501532,62.40217276010477,259
19,4,0,145.8596884568775,115.9254820110128,365
19,5,0,149.2610407098914,85.86820202098325,403
19,6,0,156.3910737180231,87.66863500121366,439
19,7,0,163.9087805539245,76.96137864103957,500
19,8,0,177.469514751375,87.35590816729371,539
19,9,0,201.6451678065906,100.3806719460394,657
19,10,0,217.7526066548322,110.2544480879204,696
19,11,0,243.5405715856113,180.7763495494553,774
19,12,0,270.4310115077663,365.8727201811017,868
19,13,0,253.1858767324639,104.8471536922737,895
19,14,0,239.8466292403567,122.856413903829,855
19,15,0,252.5985191878109,133.9406889116091,930
19,16,0,242.4780702331102,100.8794558025309,910
19,17,0,236.4016304877978,105.7470624305538,893
19,18,0,224.0943559656475,114.3935242502134,858
19,19,0,179.2364007047126,63.1985341169153,749
