# mesh name: boxMesh_1
# primitive scorer name: doseScorer
# iX, iY, iZ, total(value) [MeV], total(val^2), entry
0,0,0,116.717489566525,21.9228265612984,674
0,1,0,142.8862295951056,27.08802485589482,825
0,2,0,150.8885953823488,27.53760380760354,898
0,3,0,208.9117458648367,298.5864437102464,1121
0,4,0,189.7966852963522,34.77306869833207,1124
0,5,0,211.573326041379,39.25775149964536,1249
0,6,0,216.0945783178607,39.43026586626927,1282
0,7,0,212.0940373860385,38.31486801539722,1282
0,8,0,228.9181683468752,42.11752424536164,1358
0,9,0,224.032265703732,40.40398753455664,1355
0,10,0,223.7257113967198,71.7691854066028,1332
0,11,0,219.308109956203,39.1990887839508,1345
0,12,0,231.9648970352181,46.97418424658325,1448
0,13,0,234.8728584380007,132.599790644992,1392
0,14,0,209.0365687566992,40.54135197101145,1310
0,15,0,220.3401975142737,103.7182833845322,1350
0,16,0,217.2869538732752,37.40229050521361,1373
0,17,0,194.5939154243609,33.65786683028997,1234
0,18,0,174.3186532459858,78.93560551266403,1067
0,19,0,139.1479303463944,24.05174342902458,884
1,0,0,149.2819829018607,28.17213061978724,858
1,1,0,173.6362113922115,31.88976256856063,1013
1,2,0,192.7842595529671,36.66704512853864,1105
1,3,0,246.985242828417,1401.343305812015,1198
1,4,0,231.7563291954854,42.57172198967314,1359
1,5,0,243.6261988418459,44.33240813743395,1439
1,6,0,265.160961910768,49.92721214822755,1552
1,7,0,269.679744633633,137.0492000514132,1547
1,8,0,289.4901248199381,222.1935090826888,1669
1,9,0,281.5774032015747,51.7939057573096,1670
1,10,0,265.8743842868921,47.63806156236339,1609
1,11,0,281.4524059144505,50.15899710695822,1718
1,12,0,261.8055929241393,46.8535458479504,1617
1,13,0,262.9490635450619,46.22334508038112,1629
1,14,0,259.0968344976555,45.29008914370766,1614
1,15,0,268.4297989015987,46.57461634738266,1693
1,16,0,261.9497563930458,45.03023700202018,1657
1,17,0,251.7581508547854,72.61717504376989,1531
1,18,0,220.1631426437277,124.1397642214272,1364
1,19,0,171.2944330046417,32.73902575682868,1093
2,0,0,172.861423543926,32.22853478760361,1009
2,1,0,198.9023328411004,108.6903182245908,1099
2,2,0,246.0480757564543,46.81176328058237,1405
2,3,0,236.5222925977515,43.69552626367941,1392
2,4,0,268.0716081321418,52.1140889192957,1552
2,5,0,283.0911396644562,52.70051532549599,1661
2,6,0,303.4619495723558,67.76454403301189,1775
2,7,0,302.9833574633978,129.8672593129538,1768
2,8,0,312.2809163501023,57.20697958106815,1875
2,9,0,304.7013259700743,56.64891651317171,1818
2,10,0,307.5740664549725,122.710816601815,1822
2,11,0,320.9984825214849,56.95460526855447,1962
2,12,0,319.9281108224233,139.3285677745403,1934
2,13,0,317.267473917208,56.36502931709887,1968
2,14,0,298.9250224129673,52.34565717993765,1864
2,15,0,306.736515564379,54.08556886767085,1910
2,16,0,299.6688612730654,51.250291697651,1901
2,17,0,273.8062008369436,48.04854006635068,1732
2,18,0,256.6677714337284,294.6308423057835,1552
2,19,0,196.4716777740813,33.59022553309102,1258
3,0,0,165.9646680462908,31.06814518639437,967
3,1,0,209.8729309072623,45.24722612376785,1194
3,2,0,244.9750747886172,45.30778456433072,1426
3,3,0,258.3978533746804,47.64125442547977,1512
3,4,0,302.8346307674925,56.83338569533762,1758
3,5,0,313.1362149795734,103.420237656859,1809
3,6,0,313.1309537290083,59.20465295926486,1844
3,7,0,325.9732847129114,80.59141998326216,1912
3,8,0,333.6055114213827,60.24573587459516,2000
3,9,0,333.675946081129,60.04826597139972,2011
3,10,0,332.7040594419609,58.68769638648618,2040
3,11,0,340.7094217733372,60.67010542758184,2077
3,12,0,346.0650395007226,62.81327225908476,2132
3,13,0,351.5233530817641,79.10471426187794,2133
3,14,0,354.9248925136387,61.62397869710209,2215
3,15,0,338.5919224622717,57.57672783762212,2142
3,16,0,327.4910421305294,55.64883992573427,2083
3,17,0,297.6865429569542,50.60733720407318,1890
3,18,0,273.6826461598295,47.89125209793644,1731
3,19,0,216.707697738551,47.68977429565387,1367
4,0,0,194.2720108760889,36.8674203230275,1124
4,1,0,225.9509693564295,42.59058382587266,1297
4,2,0,261.0485436004597,50.31069761687103,1500
4,3,0,304.4942459158306,254.6049751319097,1682
4,4,0,315.0740425495321,58.53735539629847,1836
4,5,0,340.27692288522,310.0626724781355,1895
4,6,0,351.3289268856745,72.59402497640681,2063
4,7,0,352.826629710586,66.02778198782232,2081
4,8,0,367.1372586754637,87.7748131093328,2152
4,9,0,380.7450844551819,91.86529126809766,2279
4,10,0,361.2521789349337,168.4847932263756,2143
4,11,0,361.322633086495,64.60433181968085,2204
4,12,0,368.1739473029601,66.79848372698611,2252
4,13,0,358.4787005314934,62.28353989046566,2241
4,14,0,366.516074148462,69.60748372623017,2269
4,15,0,356.4442125492498,62.22879722805805,2234
4,16,0,347.4979041503833,59.82988345952348,2203
4,17,0,322.0713619203548,55.21761547865943,2053
4,18,0,295.1733092403486,122.5589400656574,1828
4,19,0,251.1773429904285,97.85937659665122,1535
5,0,0,189.3467326662101,36.00172506209232,1083
5,1,0,246.7383903816699,46.21713365902072,1415
5,2,0,271.1185580157086,51.07930246174345,1565
5,3,0,304.4146326611539,57.59001543998095,1744
5,4,0,327.180762085219,60.62202899788694,1905
5,5,0,335.1443968246677,61.74210592962692,1966
5,6,0,354.3037253749356,110.3094700423119,2049
5,7,0,376.4890599301805,69.74794607571005,2225
5,8,0,382.9393182437244,137.4938592528461,2195
5,9,0,376.4802406734683,67.32640319437185,2273
5,10,0,369.6894602643067,76.43918753411216,2240
5,11,0,383.0973812695572,68.70635693754072,2317
5,12,0,375.5309888813977,65.2711926714765,2334
5,13,0,362.547961442196,63.43774014072476,2255
5,14,0,377.7191167771461,66.21047331991146,2357
5,15,0,360.4709964136067,62.96116372256881,2251
5,16,0,354.3729803422241,61.30446472784755,2237
5,17,0,340.7717983654862,81.18585559799109,2107
5,18,0,295.3536169596414,103.5886134636093,1857
5,19,0,233.835982341052,40.27187887315814,1503
6,0,0,198.5462069672073,51.3720747663267,1144
6,1,0,253.6492177060497,54.01510988905343,1453
6,2,0,279.8473938723627,54.67767207934128,1595
6,3,0,319.5590117313724,91.54923947696089,1812
6,4,0,325.8035900480792,61.26429993293913,1891
6,5,0,378.7944579227288,658.9838518422929,2076
6,6,0,384.7437640280975,81.34106784989409,2265
6,7,0,385.9839571816643,70.16244866024964,2305
6,8,0,377.4580293158342,68.23265543619819,2266
6,9,0,384.1342824689822,69.06601188489482,2311
6,10,0,383.2538834412662,69.43110097309774,2306
6,11,0,383.8272231546175,68.53030812560016,2336
6,12,0,385.9649592651903,68.17815419187605,2375
6,13,0,395.7804547346912,112.5309848250515,2415
6,14,0,376.3237579028824,100.5653566300217,2333
6,15,0,375.335249013737,64.42334523121961,2372
6,16,0,345.8111743198181,59.90374267933355,2177
6,17,0,334.0946985553144,72.05901571000236,2101
6,18,0,296.4186834017224,62.17352258476084,1860
6,19,0,237.6271649429523,40.25584950191637,1524
7,0,0,221.0977414266991,76.35695901728714,1240
7,1,0,249.0342574174732,46.13041381596969,1444
7,2,0,282.9326795634163,52.65198253413441,1645
7,3,0,316.8746825994083,72.41242317253358,1837
7,4,0,337.4791381093877,62.2802274168095,1990
7,5,0,367.6764183565319,68.44405782369404,2134
7,6,0,385.8523686788084,70.9407716477194,2270
7,7,0,385.9003922894457,71.96971417205688,2282
7,8,0,391.9965080499596,136.6865884524137,2303
7,9,0,410.178598358313,146.6675046107154,2397
7,10,0,386.3157119935226,70.49343083821118,2323
7,11,0,389.1377096145226,95.02066526380841,2365
7,12,0,391.7389115712758,68.67857286636027,2424
7,13,0,394.2467113672227,70.47803143021777,2429
7,14,0,407.892666412885,71.99026597130745,2536
7,15,0,396.1293498952478,689.2589293677595,2333
7,16,0,396.3449538882377,665.0223066173841,2320
7,17,0,336.1373191983286,127.0901742257703,2096
7,18,0,300.760269412244,66.43073613256885,1887
7,19,0,235.4897989331157,39.97917724393634,1508
8,0,0,218.3824112084648,46.65485719913182,1260
8,1,0,246.4478982258505,45.83818827287124,1435
8,2,0,276.2142992714963,51.7047612506105,1591
8,3,0,322.7473627227531,71.93867759040729,1853
8,4,0,330.9698982063159,61.01616087084424,1938
8,5,0,375.4192614044136,82.0660835713819,2160
8,6,0,369.6440759302716,68.0623551167217,2181
8,7,0,388.6503024835704,79.11480243769404,2297
8,8,0,393.4102527812245,92.44509700250978,2325
8,9,0,396.0703185445199,74.43060377882986,2391
8,10,0,395.5335141058478,84.27269337625377,2364
8,11,0,380.77464976882,70.51067474701422,2314
8,12,0,389.8402690680895,68.28936221118518,2401
8,13,0,382.0855628948188,66.56372651072743,2388
8,14,0,414.53237533736,796.1155646677555,2427
8,15,0,367.1412511973702,63.75664271522984,2309
8,16,0,376.1484631667402,75.23412422848423,2332
8,17,0,334.0012281758951,127.7966507744117,2077
8,18,0,308.0046249907909,53.25975630053528,1960
8,19,0,239.2638216915234,40.37673156645982,1555
9,0,0,212.5589689159112,39.86405200276373,1228
9,1,0,270.0900177453271,54.02794725195314,1537
9,2,0,287.6134749778207,54.36019095357724,1665
9,3,0,310.7270702215467,69.37682650599623,1799
9,4,0,361.4672841130261,67.4384703818622,2104
9,5,0,371.1481006468593,74.76703846337782,2143
9,6,0,379.052762443614,68.78307963011979,2256
9,7,0,383.4166271176263,69.54266428153367,2274
9,8,0,411.101169709904,135.6512118672832,2399
9,9,0,409.7314095134303,76.82636038175185,2454
9,10,0,431.3379009720323,409.5818968020051,2490
9,11,0,385.3679177431207,142.4617778908176,2311
9,12,0,395.7888311002159,348.4267444573277,2329
9,13,0,390.1184860006614,69.36606346527317,2408
9,14,0,399.5305552825681,69.40097794374843,2510
9,15,0,377.8937868490502,65.88145617770223,2353
9,16,0,358.0980033820795,61.69373438723431,2259
9,17,0,343.2758991671578,59.20777495998998,2171
9,18,0,295.9980721699914,87.75767097296558,1825
9,19,0,243.1164885584682,53.86469022239017,1531
10,0,0,208.0133418422581,39.14489189060541,1195
10,1,0,259.496333452067,59.60774442878049,1472
10,2,0,282.6657444298831,52.41615305486206,1655
10,3,0,314.7586549913494,59.44184400811501,1811
10,4,0,354.1691500954504,100.6149284525264,2019
10,5,0,357.0985696085407,66.28920715558854,2092
10,6,0,363.8427705367797,66.6757400437352,2160
10,7,0,378.027887669448,68.49255510922347,2259
10,8,0,412.0002174670037,233.8824703010718,2368
10,9,0,395.4583317242785,170.4030527489736,2286
10,10,0,404.2558210641926,78.60417209778851,2441
10,11,0,410.0922387214438,264.2954270166558,2416
10,12,0,389.1647503883988,67.97824512008371,2421
10,13,0,390.978679493942,68.68368177717515,2421
10,14,0,393.9168881938309,70.07334301194946,2443
10,15,0,403.3266198711181,148.3528590866479,2444
10,16,0,362.0051631819678,79.99997582926397,2276
10,17,0,347.9775768915765,61.65717354176354,2189
10,18,0,288.2792274953833,49.07966979655929,1843
10,19,0,249.993541304978,43.75702247805643,1575
11,0,0,202.21600582689,37.84436664161096,1181
11,1,0,253.8383170786724,73.70205135906699,1439
11,2,0,298.1949624272081,144.0127220717032,1672
11,3,0,318.5748905863726,60.16234527187365,1850
11,4,0,344.8904106932517,62.89134333906115,2031
11,5,0,354.1632648114341,65.26511964061136,2095
11,6,0,378.0704039522025,81.59212298127898,2205
11,7,0,391.6243443889242,93.60824948076186,2299
11,8,0,419.7124788529549,1037.737450602936,2299
11,9,0,395.3336715182913,170.0085661708309,2334
11,10,0,404.8496871823929,127.4041732559021,2413
11,11,0,387.918696318045,87.66365204163225,2349
11,12,0,404.2106896106436,77.34351326882211,2456
11,13,0,383.0338146319709,66.3975349929016,2381
11,14,0,370.3846485178095,110.3956892110382,2260
11,15,0,378.5141903732172,77.87300655051833,2372
11,16,0,378.7627395729332,116.081608299247,2334
11,17,0,335.2026565410349,71.96652515656284,2109
11,18,0,332.2597085739858,1292.935233225067,1893
11,19,0,236.9313065855091,40.89836033757667,1519
12,0,0,208.695360599771,40.05388348363157,1188
12,1,0,249.7401682368264,47.11520091301846,1439
12,2,0,279.3419436576677,51.69610739702055,1632
12,3,0,316.5231789888886,59.27223179523099,1843
12,4,0,335.6433335248801,61.80956051036335,1961
12,5,0,345.2962028343374,63.04200632690733,2035
12,6,0,369.0600361338098,69.5508655941605,2179
12,7,0,378.1936543829452,76.60780488344989,2217
12,8,0,385.9424741363886,73.45063476372654,2268
12,9,0,384.9862855304654,84.50267104179629,2284
12,10,0,398.2730896610034,72.00582841327305,2405
12,11,0,407.7217808187999,90.8289229471026,2457
12,12,0,389.1168595230696,68.40300874266923,2405
12,13,0,381.4096783480377,67.28570936880273,2349
12,14,0,394.4232338317361,251.1036619481683,2369
12,15,0,382.1229545742948,73.4950642021908,2406
12,16,0,369.3009389679273,64.27701516822614,2337
12,17,0,347.1936706539786,83.89743478036165,2165
12,18,0,313.8779856204831,53.99241137881086,1986
12,19,0,237.5947706003015,44.21431433786883,1507
13,0,0,207.5001150416968,40.86585563424187,1199
13,1,0,246.8747695191173,45.69859154323859,1438
13,2,0,287.1405851087703,53.43981545231423,1669
13,3,0,316.8835191855221,58.3580555858439,1850
13,4,0,331.3911689157027,61.96374212088531,1927
13,5,0,372.843398701113,69.78359318327317,2191
13,6,0,394.221626476149,319.7632496095959,2195
13,7,0,385.2078877983282,83.36069931634218,2256
13,8,0,381.2718824286134,69.26892491175542,2277
13,9,0,381.2463878774819,77.27284652342196,2288
13,10,0,390.1662664678496,158.4851372918888,2320
13,11,0,403.6199392082971,137.5316006170537,2399
13,12,0,390.7033758285141,68.81676508232096,2396
13,13,0,364.4448329927751,65.36943161829485,2265
13,14,0,384.4516065076452,66.86433141947154,2403
13,15,0,385.3430616733151,66.49897347722329,2436
13,16,0,356.5879775785039,61.27785038034882,2261
13,17,0,339.8719285132146,57.77755303603632,2172
13,18,0,278.5192323105609,47.30581406392185,1781
13,19,0,241.8412610517419,40.35976930333462,1567
14,0,0,190.127359445208,35.55961918973637,1094
14,1,0,237.4527950894106,44.2353550085856,1371
14,2,0,267.9046959791957,50.04922909422836,1557
14,3,0,308.8007279647333,58.98766786500849,1785
14,4,0,346.3800664643107,65.21834383570598,2008
14,5,0,348.5079015214018,66.0064143169153,2023
14,6,0,363.5711070357019,108.1439622943201,2108
14,7,0,350.0552298663227,63.15051180099322,2094
14,8,0,372.0430605939113,67.22248000417261,2226
14,9,0,380.2937559911734,68.06195285248951,2296
14,10,0,360.2897362294654,63.70544000780323,2200
14,11,0,371.369998534426,75.71025083477964,2247
14,12,0,385.0110755825986,174.5498858881834,2281
14,13,0,373.3039195511646,72.42482260737934,2288
14,14,0,381.6663382950176,66.68120742154973,2375
14,15,0,375.4597988807578,64.7185552873183,2363
14,16,0,352.2906656597286,156.7590310414809,2127
14,17,0,338.4263687491126,58.01422976560335,2170
14,18,0,284.4163897494753,61.07113910009697,1806
14,19,0,231.7457006189782,39.31060477282239,1499
15,0,0,184.9480269057224,34.74380340382106,1067
15,1,0,215.7414714264604,40.4619166324591,1243
15,2,0,245.428338177671,45.62837918100602,1428
15,3,0,297.0324557046594,56.27404281681748,1719
15,4,0,313.488180241201,57.98588184500361,1845
15,5,0,330.1314974478291,61.0755345352925,1940
15,6,0,365.3144646460044,68.12593166451705,2152
15,7,0,346.0116292677201,63.03790650728122,2059
15,8,0,354.8102865944361,63.5968298279027,2131
15,9,0,345.9205029870629,67.1015440070494,2082
15,10,0,365.4682959495177,76.10370634459991,2199
15,11,0,372.239039026885,168.8250913455321,2223
15,12,0,358.5541974072761,64.17549972885321,2194
15,13,0,364.2377211002883,80.89322153044648,2227
15,14,0,363.1088729450375,64.62106881624788,2241
15,15,0,338.6387658253907,58.75335791502942,2129
15,16,0,343.6330511324189,59.04222866241503,2185
15,17,0,319.9005665729561,54.86110778278579,2024
15,18,0,287.6939478221727,58.8350108501329,1817
15,19,0,230.8600110753818,39.54831150695485,1484
16,0,0,194.1537855197522,68.51985121842102,1084
16,1,0,217.0857802856025,41.15204994343503,1240
16,2,0,237.9017120681632,44.66376728357319,1362
16,3,0,266.4335831411597,49.30303182080254,1564
16,4,0,297.7624307703922,61.52367359529097,1739
16,5,0,299.8816109603563,54.70571194621073,1785
16,6,0,335.4462509701934,61.47708221159606,1988
16,7,0,322.0469827966425,89.90979507776332,1904
16,8,0,322.627328580627,79.3469005918237,1901
16,9,0,332.8138946852435,61.04151517840168,1998
16,10,0,334.5199543163843,61.01077472442724,2017
16,11,0,331.814912324437,57.77991870732304,2059
16,12,0,353.8444467750782,191.0993297465332,2081
16,13,0,347.3983581658079,60.28209342411374,2158
16,14,0,356.5248875526742,65.81937452624136,2200
16,15,0,363.4489443645259,117.5001161808985,2219
16,16,0,357.7915147189422,495.0333065566651,2096
16,17,0,300.1100858027638,50.71640732288186,1919
16,18,0,268.200963765453,45.93708535550733,1716
16,19,0,224.1614241032247,38.12508496224014,1432
17,0,0,161.3512681551133,32.64708008801579,931
17,1,0,185.262975588948,34.43206770632084,1079
17,2,0,223.2431298526834,41.17437125239888,1297
17,3,0,240.7464217397011,45.37417746242041,1389
17,4,0,267.2110781933523,79.40942615082075,1534
17,5,0,285.4865717210009,115.4045981613166,1634
17,6,0,322.6257100461679,1072.762043057957,1735
17,7,0,295.7617896723928,54.58122272505759,1755
17,8,0,311.6782352700578,57.10019277507796,1860
17,9,0,310.7262527978073,99.66981355620607,1825
17,10,0,311.7108891911398,57.21153119619493,1905
17,11,0,313.3040388014093,63.34361846090486,1900
17,12,0,300.6408467002151,52.38541178385983,1875
17,13,0,299.4727774052598,52.43507662825076,1863
17,14,0,320.3064675028282,56.01877764820647,1992
17,15,0,308.3069333342689,54.29997818585936,1921
17,16,0,277.4907709751507,48.15465457495335,1751
17,17,0,276.1815387950567,47.6502527442986,1750
17,18,0,243.6040089783851,42.83288646853092,1554
17,19,0,196.8443567083228,52.71614876142302,1232
18,0,0,148.624171807635,27.96098655495933,869
18,1,0,159.8953707655992,29.60009509228687,929
18,2,0,195.0092312411193,36.55144503543724,1127
18,3,0,209.9880941791305,39.09035995041337,1231
18,4,0,231.2330993711718,65.63832732045954,1331
18,5,0,251.5344137169098,46.8104826683736,1462
18,6,0,255.2648731023172,46.35955838356517,1523
18,7,0,253.5019691019735,45.49880721022805,1519
18,8,0,256.4093711099995,46.38794173495347,1545
18,9,0,268.3865160408305,55.07577278340188,1595
18,10,0,276.3328670908823,55.63020690242571,1664
18,11,0,291.8274037953183,147.4744629399033,1682
18,12,0,281.5091364790134,50.23060947470957,1724
18,13,0,270.852521853666,47.70191953265699,1684
18,14,0,265.9118910076675,46.18932871177184,1663
18,15,0,266.1304623786388,46.33083474717743,1671
18,16,0,258.8799802389099,43.9353929765748,1652
18,17,0,245.8433932196828,57.88866676559543,1528
18,18,0,219.8631321181416,38.96767577259551,1373
18,19,0,190.6527417478647,166.4727472503806,1162
19,0,0,120.6842466042288,25.56223940473371,692
19,1,0,143.2147616942795,27.92871335827714,832
19,2,0,160.6640011465389,29.97336459252821,944
19,3,0,172.1934822353495,31.2461824601116,1019
19,4,0,198.3796453405335,38.62453511711646,1161
19,5,0,214.9081822822592,39.48627136306096,1277
19,6,0,217.9973428135573,72.41630346596233,1263
19,7,0,221.8383234512994,44.53330019516433,1303
19,8,0,218.510500639827,39.05774307456552,1328
19,9,0,216.4340964221435,39.36209579041924,1300
19,10,0,235.8500082369229,55.53416998875006,1400
19,11,0,229.6040768368065,96.4007252795022,1354
19,12,0,212.4984842723312,37.80702801740203,1310
19,13,0,220.5788334283427,38.33093046112693,1387
19,14,0,221.0335911527202,52.97428889988622,1347
19,15,0,223.5623585220507,73.25488919273849,1367
19,16,0,233.534368613887,282.1325546972762,1392
19,17,0,178.0737371274431,29.73050023452062,1154
19,18,0,169.3428008889818,29.37900613550319,1080
19,19,0,139.1772328047383,23.98760030539811,889
