# mesh name: boxMesh_1
# primitive scorer name: doseScorer
# iX, iY, iZ, total(value) [MeV], total(val^2), entry
0,0,0,136.7596667094123,65.51959599858067,440
0,1,0,153.8734439927685,81.23867748961351,462
0,2,0,168.0380340513513,84.56279689620273,529
0,3,0,180.3072007675702,95.88106465785961,615
0,4,0,194.925901939018,85.27882626940172,656
0,5,0,245.7936722108688,201.8369082006818,821
0,6,0,232.9159702888803,97.82640409161071,858
0,7,0,240.855504830799,89.61209618745038,947
0,8,0,251.0377183989293,125.7796173329785,1000
0,9,0,264.1334146114601,123.3382333600228,1091
0,10,0,266.3525514823168,80.21105023854467,1177
0,11,0,264.6824523482839,80.42216566874367,1192
0,12,0,268.670885424638,180.3103385167126,1262
0,13,0,266.5587417447622,94.38204729909418,1340
0,14,0,264.6082520522626,60.33172910733625,1391
0,15,0,255.4108859079853,58.49138026312056,1393
0,16,0,251.1717941476464,51.44663531859219,1433
0,17,0,239.62142498835,51.83856716298545,1391
0,18,0,231.7731865248284,52.08508803361384,1359
0,19,0,192.0715577451623,36.07475900040404,1186
1,0,0,132.6514308164456,59.63049080839755,409
1,1,0,173.836506603559,84.98366728014742,539
1,2,0,192.5079827682289,89.24058556381507,615
1,3,0,209.8369808962007,108.1109724015364,663
1,4,0,234.1635950187614,124.674429932059,788
1,5,0,219.318530784721,79.26022251799661,800
1,6,0,247.2212376452273,86.35110679952348,963
1,7,0,275.3152674012806,97.35783950584369,1086
1,8,0,276.4794530142634,101.3886057971702,1110
1,9,0,282.8034859546029,118.3509248899381,1142
1,10,0,284.1624180776209,75.17619224611416,1285
1,11,0,297.3427861216909,87.64176547958938,1395
1,12,0,302.2942963824147,93.02715358139737,1426
1,13,0,299.0027115961333,70.64660844122079,1513
1,14,0,288.0670513614609,64.70808417208585,1533
1,15,0,309.442183508352,71.51825387053975,1670
1,16,0,302.3119613019808,67.43594184353124,1724
1,17,0,297.3220916044762,57.76661133875955,1753
1,18,0,267.7397511094966,132.911680749299,1562
1,19,0,234.162303581931,42.91581828699285,1451
2,0,0,154.9932413342607,134.3153349758344,459
2,1,0,176.3767792820717,84.08380085320991,540
2,2,0,209.1710740094597,90.50647747150465,677
2,3,0,222.5778277408267,108.3967199034122,736
2,4,0,254.5418802672797,137.8402409920328,840
2,5,0,266.6392531595966,247.4752979507691,937
2,6,0,269.8330184405089,101.2772613391389,1008
2,7,0,300.2268459417218,103.9801888238963,1191
2,8,0,309.3386898436826,108.2260964301132,1251
2,9,0,301.0647369250391,99.88081287998678,1303
2,10,0,318.4503294759564,86.71858696919165,1429
2,11,0,341.754988301937,195.5788197844188,1558
2,12,0,342.778164834814,119.0486611600629,1631
2,13,0,331.7215627089633,91.5311951854233,1685
2,14,0,340.2958045087234,79.97234793459472,1790
2,15,0,356.6263226117914,120.6541889521288,1914
2,16,0,349.3872329065542,75.69111959373636,1957
2,17,0,325.0352618829958,67.34800662916207,1901
2,18,0,300.6388073959521,77.59979679214472,1798
2,19,0,273.9888914028858,55.45396027221511,1678
3,0,0,169.8735785287399,81.05308563706082,535
3,1,0,180.3473636816804,82.08666731542,576
3,2,0,221.0063835281827,96.41843189422873,713
3,3,0,245.7097499386671,108.9482138207119,822
3,4,0,286.7233480366123,277.6972512271192,957
3,5,0,277.9018710793137,114.6952449671573,1014
3,6,0,312.586700512335,210.0782362979334,1137
3,7,0,326.5085533299346,104.7315187828178,1311
3,8,0,347.0306249741661,116.1677722097017,1386
3,9,0,335.4349347620745,98.89484623452321,1461
3,10,0,376.052792409655,109.678155415883,1688
3,11,0,343.3398760682122,93.83885460370252,1608
3,12,0,374.3902764299737,98.1416338490061,1821
3,13,0,387.6042997013066,92.88084886884744,1984
3,14,0,373.5038370467219,91.2357554029072,1945
3,15,0,360.7978189170169,79.39106441865778,1965
3,16,0,369.7586150046765,84.38934553231921,2060
3,17,0,365.6540813988552,73.72030146890934,2134
3,18,0,330.5499142551377,63.78598893687759,1985
3,19,0,279.26292763697,61.33798923779351,1711
4,0,0,173.1494936323914,81.88128393896623,514
4,1,0,211.8045002105951,99.24305721524331,647
4,2,0,223.3774092896369,91.91214343484017,724
4,3,0,258.0024756051567,136.4216711937194,838
4,4,0,279.7817391893789,135.6927308975824,961
4,5,0,310.5233301347929,196.1326318541094,1099
4,6,0,341.2390262323095,150.5929767993826,1263
4,7,0,350.3882956117536,129.8489724286154,1366
4,8,0,348.7788203458245,108.8245239506918,1452
4,9,0,360.0768434461555,122.9464506517945,1544
4,10,0,376.3487966305439,107.40206938065,1695
4,11,0,391.8282123592787,279.7135376584659,1777
4,12,0,383.3299705434072,98.84548234849734,1895
4,13,0,414.5826476338023,264.9445409852426,2010
4,14,0,379.6262923018884,83.33001511775448,2031
4,15,0,397.3676155585876,95.19812521830841,2182
4,16,0,393.1474432938459,81.34140893656476,2237
4,17,0,380.5034202451843,86.00102089755005,2235
4,18,0,361.2296637758059,82.66266746464534,2109
4,19,0,301.510234163014,58.23787378963154,1839
5,0,0,195.9682335779067,105.7136551995483,578
5,1,0,210.9051615639924,96.01908990893807,664
5,2,0,246.9554159852198,115.3007299249639,802
5,3,0,251.3848817003539,100.2110286230735,878
5,4,0,288.644916879205,123.3310408892449,1014
5,5,0,339.4290268089451,158.2360683290258,1204
5,6,0,348.9572500247598,228.0176422669011,1301
5,7,0,357.1624321184024,113.5688319378737,1431
5,8,0,399.773766234246,154.3923380288596,1586
5,9,0,389.5863322350438,126.0813487169964,1675
5,10,0,398.3130105884985,136.7929084945546,1765
5,11,0,434.3202417417245,238.4198898940029,1931
5,12,0,405.8072156836114,103.1964249893743,2002
5,13,0,412.9450658556789,127.1316402789912,2099
5,14,0,414.0364673974046,163.9247579357584,2147
5,15,0,409.1537084541494,89.72707905133467,2242
5,16,0,409.4662870171084,137.2828366620154,2285
5,17,0,386.3386336422469,151.2857493486203,2230
5,18,0,387.604227442583,95.04954414118831,2279
5,19,0,315.9861064726397,103.2167046066354,1879
6,0,0,189.9319412806124,86.74401623934594,591
6,1,0,209.5881869781172,110.522590409347,655
6,2,0,262.7975818067729,112.4279291649695,844
6,3,0,275.0250561927964,113.8808768563952,925
6,4,0,318.01471071498,158.0637116867144,1066
6,5,0,345.3800986080324,132.9903378658888,1243
6,6,0,361.0447751789989,139.499666510891,1334
6,7,0,363.0092890895214,130.3874835246501,1405
6,8,0,390.3985609648556,254.6102026786593,1552
6,9,0,384.9801018883551,108.6374936914461,1690
6,10,0,416.7129205178213,168.1137835856857,1844
6,11,0,432.5799507924671,570.9748151750251,1906
6,12,0,433.7913431245816,118.3678301194048,2115
6,13,0,421.8645320928191,99.62542180726555,2135
6,14,0,429.080574366051,95.88725446180847,2271
6,15,0,424.3117926657548,117.351902262774,2310
6,16,0,404.0814139509877,102.3148337941205,2307
6,17,0,411.617842101414,110.2438005465203,2355
6,18,0,365.7270560689151,71.4369363826296,2190
6,19,0,306.5926255169767,58.17715984360694,1885
7,0,0,198.4888706698825,103.5699791677067,588
7,1,0,225.5579001048336,126.852048960519,720
7,2,0,251.0173443159661,133.5772767524824,801
7,3,0,290.2873643997904,127.9421492254648,996
7,4,0,299.8463111364036,127.6278871752251,1060
7,5,0,341.1330226727117,173.098116608216,1245
7,6,0,371.6796228787896,142.3657425557371,1409
7,7,0,372.3546097198646,123.6526465863017,1494
7,8,0,421.2607800826106,151.0813247936901,1695
7,9,0,421.1110113179315,138.8519657484642,1795
7,10,0,416.7358904638955,118.1190856308336,1884
7,11,0,443.1363924595896,130.8013029118695,2061
7,12,0,437.6354741440529,105.6257615942551,2173
7,13,0,427.3366794646433,108.4880237948296,2179
7,14,0,464.5394334534967,470.5198885770596,2343
7,15,0,425.5546818542928,91.79406603984054,2329
7,16,0,432.1119245824626,254.5081014228176,2328
7,17,0,409.7869978820476,80.88246707449974,2404
7,18,0,382.6827783808252,72.99769864999141,2286
7,19,0,320.073333029832,59.92421333944174,1941
8,0,0,202.1234622416777,117.2803648132678,603
8,1,0,218.7227854626296,94.36661007392929,687
8,2,0,264.933936175039,114.7286509624595,869
8,3,0,277.3834608801902,100.268582608063,969
8,4,0,321.4444741408335,138.9518177756741,1118
8,5,0,338.2550574773971,121.9672019191912,1257
8,6,0,360.1385092149938,127.7280277680498,1358
8,7,0,408.2173786612059,1163.34518901571,1487
8,8,0,440.7184319271287,183.0330008625176,1735
8,9,0,423.0481366183332,138.3207138520455,1813
8,10,0,434.9560054847545,325.0600895252877,1914
8,11,0,425.6464651340401,118.1487176403641,1990
8,12,0,446.4788993990002,127.5313675968369,2151
8,13,0,441.9362441808909,119.0532874709778,2186
8,14,0,425.736459493269,92.2398058670197,2286
8,15,0,435.4158117761417,108.5981402890914,2368
8,16,0,410.9214365703238,102.4535716525253,2319
8,17,0,436.7052171282438,431.5097945381983,2445
8,18,0,371.8947955165448,69.73662309506025,2248
8,19,0,317.0363058858165,71.992635054581,1917
9,0,0,200.9372963896964,98.33269528626505,620
9,1,0,229.5310427391323,99.79842442880995,737
9,2,0,287.0371592149391,162.6841167566735,885
9,3,0,296.7302054470218,127.1175490565624,988
9,4,0,299.7574746109923,117.9423150998335,1068
9,5,0,325.2145138864879,114.5449897964573,1221
9,6,0,355.3707566264212,119.7017106107316,1375
9,7,0,392.9432388753891,153.4053664994046,1521
9,8,0,397.3594865470469,135.896749269328,1651
9,9,0,441.8222472842485,182.0027270750448,1831
9,10,0,432.0975454593624,136.2730264600162,1912
9,11,0,438.2802142296129,123.0877512291546,2072
9,12,0,433.9532578677025,105.2035626833212,2153
9,13,0,465.0618717851671,119.1774990132546,2325
9,14,0,455.4737734836442,124.7736818258739,2364
9,15,0,456.7640279166257,175.2128392587364,2409
9,16,0,448.4242600883687,108.6754305225768,2487
9,17,0,432.075074599229,112.2316407369789,2463
9,18,0,411.1651854386524,378.3849040493468,2367
9,19,0,342.5368053292656,704.602766505663,1932
10,0,0,194.5285211976698,89.62856433841587,612
10,1,0,248.6888599727095,125.8630903626529,771
10,2,0,265.3529554251513,117.696808125558,834
10,3,0,291.3830711288711,133.0221919509344,981
10,4,0,324.1586586690373,148.3330743906816,1124
10,5,0,363.8560376028445,138.197789332958,1333
10,6,0,346.2250736952034,114.3582710007211,1350
10,7,0,379.0718454462732,125.6654908368955,1535
10,8,0,439.5543304273019,209.285300204986,1751
10,9,0,419.5899893137507,139.5062994521266,1778
10,10,0,430.2721894128065,127.2401727166565,1934
10,11,0,467.5724176481787,241.3921863750443,2071
10,12,0,429.1897877320248,113.410048057128,2079
10,13,0,443.282990546004,111.1212958155137,2269
10,14,0,419.3603067902718,92.76533768885233,2214
10,15,0,435.5996278451701,94.37220222925342,2404
10,16,0,422.1632852757719,86.55083674772398,2400
10,17,0,420.1077534644521,98.52503865871275,2444
10,18,0,375.5103121422015,71.40924745591511,2252
10,19,0,317.3017512376347,61.85071033408789,1922
11,0,0,198.5771050975299,101.793855705432,591
11,1,0,236.03862927061,130.5787114657647,724
11,2,0,265.7619198698804,243.5944389091858,821
11,3,0,298.7743858199727,124.9927351246127,1017
11,4,0,323.3817913029211,136.3273274685671,1115
11,5,0,367.5111054365278,261.2754810977677,1282
11,6,0,369.7288900278297,218.7709196881961,1410
11,7,0,377.7492941584845,128.3312333343109,1516
11,8,0,401.5463169060526,132.2103864374038,1653
11,9,0,402.0753270943852,118.9490382573191,1769
11,10,0,426.068698891048,132.709075733053,1892
11,11,0,460.5492529823775,299.6519202911186,2048
11,12,0,432.7679254186602,132.5369846737005,2082
11,13,0,440.8630110866204,110.143295081305,2220
11,14,0,436.1302230466224,104.3177493656728,2286
11,15,0,434.9664101107296,101.3733895623048,2371
11,16,0,429.2059973421501,93.84347198821399,2393
11,17,0,430.5860648214695,144.8313593372595,2432
11,18,0,376.2155442254346,84.05521947799222,2267
11,19,0,337.6080108715689,130.9501408736907,2001
12,0,0,201.3294835715017,101.7747263945638,611
12,1,0,242.0056710125306,131.5744449554921,735
12,2,0,276.6264474946281,131.2695803261169,888
12,3,0,284.9209022230467,121.5719994122882,980
12,4,0,324.6352643755862,152.0614288543266,1116
12,5,0,325.6313685476806,137.2364678742894,1176
12,6,0,367.3887416728841,120.7140764697628,1426
12,7,0,366.2082975154509,135.1850773959422,1435
12,8,0,397.5787885789993,139.8129472588396,1632
12,9,0,399.7443226918221,140.7864488902234,1731
12,10,0,408.4105544890604,115.0705502273074,1864
12,11,0,420.9902032565691,121.340277624741,1976
12,12,0,432.3106007791476,106.9343789003489,2112
12,13,0,448.3724855475862,108.8703323520948,2299
12,14,0,438.4290468720505,141.7004878331315,2286
12,15,0,415.7078198541848,87.94610120268604,2317
12,16,0,422.8429369063049,85.00516847540636,2385
12,17,0,412.2861837300352,256.1466481738092,2364
12,18,0,365.7540380517347,68.66606131179765,2209
12,19,0,308.0168905766192,60.30079629678795,1901
13,0,0,190.0358472189917,109.8751144830121,575
13,1,0,212.3683081144617,98.7089841572375,654
13,2,0,250.8633725521898,100.3456332719823,819
13,3,0,265.0357514864249,117.3908770244567,876
13,4,0,302.7512737769434,114.8431619939397,1068
13,5,0,362.386885590791,573.8370710321637,1210
13,6,0,353.5124440133682,125.5566238029117,1356
13,7,0,377.2887522285789,137.8878872299961,1480
13,8,0,379.8508862967853,127.6440228671159,1560
13,9,0,383.8853473266848,103.7946978317913,1697
13,10,0,412.5982356964718,120.4408575353982,1851
13,11,0,409.237094584899,106.3122454743115,1938
13,12,0,429.8974096395503,108.7472824813119,2116
13,13,0,431.2991920330317,101.4257761424896,2216
13,14,0,428.8979499983946,109.6756918244129,2235
13,15,0,432.960687838589,99.90787199351755,2357
13,16,0,417.4984348552389,94.6135904827167,2345
13,17,0,416.3754921667852,212.409908776064,2336
13,18,0,357.486017200823,65.6500984377337,2193
13,19,0,317.6702589039391,72.91825466914642,1917
14,0,0,189.419125783684,103.2369181256662,565
14,1,0,202.6385601448168,109.5313784748606,627
14,2,0,259.6785100888741,135.170812054097,803
14,3,0,260.5214270757338,112.757682297603,875
14,4,0,306.4501317179545,115.8541468156738,1095
14,5,0,282.9353609000445,110.2656620210603,1049
14,6,0,336.243958148005,132.1190011209988,1257
14,7,0,358.1326453704111,119.8280187963354,1418
14,8,0,373.8919207723459,123.2266707550598,1552
14,9,0,374.8772637277302,112.041677643579,1639
14,10,0,407.2278491801709,131.3690029060664,1815
14,11,0,398.6649006266377,106.5190606964295,1871
14,12,0,413.0020855255159,112.0212294993245,2049
14,13,0,415.4146131501644,109.1868038216765,2110
14,14,0,415.8288563380949,92.00495198794756,2230
14,15,0,391.3177516693832,101.273059667995,2124
14,16,0,415.6967411763277,126.3620162317065,2309
14,17,0,382.86834624861,72.13226278361114,2288
14,18,0,398.8585133830976,929.4653991692278,2264
14,19,0,308.0271570411327,77.30630152248254,1893
15,0,0,177.1408051274902,85.27798476019208,538
15,1,0,196.4673047121582,85.96995915982251,620
15,2,0,242.2760724877389,136.3924013406348,739
15,3,0,247.5301372907636,109.5003219913211,830
15,4,0,276.1078547341411,121.0220242072295,952
15,5,0,294.0721864033771,121.1007696155521,1066
15,6,0,314.7441927672057,105.3799376193692,1225
15,7,0,331.3964914508192,115.7274912589405,1308
15,8,0,363.2274696434928,117.3775129467893,1486
15,9,0,357.2413263507349,112.3327847691876,1537
15,10,0,386.0945581666729,110.8168595174649,1750
15,11,0,385.8184614886701,106.7215232336872,1776
15,12,0,400.2732591237749,106.1879546320129,1945
15,13,0,373.5166476060953,90.24915783437143,1915
15,14,0,409.9952064625916,111.1814901042161,2137
15,15,0,394.0437955822277,106.3641970539095,2136
15,16,0,399.4999668382924,86.93725791637873,2261
15,17,0,374.3718570521389,72.61173893738952,2209
15,18,0,372.8505732868976,93.32298767666964,2206
15,19,0,309.8480766070363,60.06211939376591,1869
16,0,0,166.9872651772241,98.15619443761456,499
16,1,0,180.5276023595993,79.45175648268506,588
16,2,0,206.4854698371994,81.34289828820894,691
16,3,0,263.0237240176828,141.1253334359283,824
16,4,0,281.3979366195096,1126.497358453532,888
16,5,0,271.9879227547383,103.0810944946719,996
16,6,0,315.9130281546472,135.2931723733372,1198
16,7,0,325.8742300649591,284.2707904646945,1222
16,8,0,318.6298413672653,90.33225973014949,1367
16,9,0,334.1669068289441,104.8167648832569,1449
16,10,0,350.6041443686321,105.4714773109269,1564
16,11,0,367.8711464791827,123.0282021052511,1709
16,12,0,365.4392211472821,99.42340790139212,1775
16,13,0,373.9017347501263,91.66314035437492,1892
16,14,0,368.4838082988836,82.06741675620565,1942
16,15,0,370.6126138885347,98.100108268868,2004
16,16,0,366.0220524131546,78.42570770901092,2109
16,17,0,371.883923096809,74.66850886037334,2197
16,18,0,330.8326590224794,61.71338777229594,1999
16,19,0,286.0593164408431,53.40340611051737,1777
17,0,0,166.8049030400025,76.70859782143489,507
17,1,0,168.0779800666528,74.22701584172121,523
17,2,0,200.4681983336119,103.0319908442513,621
17,3,0,232.0478424177327,105.0381745024663,752
17,4,0,246.3799209429684,108.8440392735445,831
17,5,0,255.8908540732939,117.2819902826764,945
17,6,0,285.3102854394758,112.7712991389711,1047
17,7,0,305.5373264538791,107.4966039034996,1192
17,8,0,322.4976730981329,111.877264831241,1297
17,9,0,321.4818403511175,172.4683263002834,1338
17,10,0,319.3792611672928,101.2505011434144,1407
17,11,0,320.1327449642627,110.3208463291432,1497
17,12,0,332.3417241410171,78.02117677638053,1655
17,13,0,336.0810407232884,84.48248566499727,1725
17,14,0,341.4363392410781,87.10747829063658,1774
17,15,0,329.791924212756,80.50041298955007,1805
17,16,0,336.9900059780549,76.25614833834743,1870
17,17,0,334.8217492203427,128.8860017084595,1908
17,18,0,318.1503633374244,178.2229219483997,1853
17,19,0,268.7711467481113,163.1582054320556,1612
18,0,0,141.6945948028143,79.56969265824127,416
18,1,0,157.851416875677,72.77326405298035,486
18,2,0,187.6051279689897,78.80804782991868,615
18,3,0,219.2493791413835,126.3997374371791,670
18,4,0,203.8574721893037,70.48577108491202,749
18,5,0,240.2034621819464,96.69599522760836,848
18,6,0,248.4263823204715,98.37178405668985,944
18,7,0,256.7997154364533,97.88763026109818,998
18,8,0,281.2597149692005,97.55186879242214,1129
18,9,0,286.3051026975647,85.74190466416665,1233
18,10,0,274.7082408606332,79.54836444438976,1248
18,11,0,305.2879130457789,99.42067650118619,1385
18,12,0,296.3295680044719,83.63111529005444,1411
18,13,0,285.2690513676749,78.12262593569467,1431
18,14,0,325.588798360683,960.8511538385658,1559
18,15,0,283.0316243240906,61.98685169573928,1572
18,16,0,309.6958050455918,67.84657609895062,1750
18,17,0,283.5331857467538,61.87871222580054,1660
18,18,0,277.9131204314904,54.74842708439583,1665
18,19,0,240.6926379592779,45.79499661656082,1480
19,0,0,136.7641629776899,94.65760802952143,385
19,1,0,153.8609971802051,67.60151855258319,487
19,2,0,148.0793289128332,69.05494208707286,488
19,3,0,186.3682433874665,92.25598967787965,608
19,4,0,203.4517202168143,108.9988114810401,670
19,5,0,219.2295782566907,104.3201918024825,756
19,6,0,242.2352827183657,108.6526452181431,861
19,7,0,227.3574043578686,76.24195532018592,911
19,8,0,224.0513324096574,71.72401232670265,943
19,9,0,239.8670019927086,72.86187462461926,1048
19,10,0,261.9967396783269,83.71497651401138,1150
19,11,0,256.2518727100326,72.42486293230193,1164
19,12,0,264.1711608458843,79.74070554975081,1240
19,13,0,296.676097118707,2912.974275791321,1252
19,14,0,250.1138035549898,99.71894505452727,1294
19,15,0,248.3899430818096,52.55008276333948,1366
19,16,0,242.4102901782684,48.9337057688723,1403
19,17,0,258.5386980428299,104.5693658404928,1478
19,18,0,218.6627547816142,40.88490290374772,1339
19,19,0,194.4531827793622,35.74771243045802,1200
