# mesh name: boxMesh_1
# primitive scorer name: doseScorer
# iX, iY, iZ, total(value) [MeV], total(val^2), entry
0,0,0,59.39288143549449,54.5411266810347,130
0,1,0,70.26326753951449,42.17218050514501,177
0,2,0,74.62184827926016,48.50776138902092,189
0,3,0,96.03793707617794,69.03497937707537,241
0,4,0,120.1720785950309,79.66608471886069,320
0,5,0,128.4649063928927,73.52103364058097,347
0,6,0,160.9498887527203,176.2983289815036,406
0,7,0,165.5945358108209,104.0800981108141,477
0,8,0,183.3332277014827,90.39435751461681,555
0,9,0,168.364757952414,80.93328132374418,530
0,10,0,235.1772233452405,140.4980181756506,686
0,11,0,213.4329231129915,122.706357011958,673
0,12,0,239.7343435153102,115.4547321808309,805
0,13,0,219.975906397987,99.06335442670174,759
0,14,0,252.3383801697013,160.9005078842368,867
0,15,0,270.4805769241955,437.0640591107397,900
0,16,0,238.50760720628,85.07072327663091,896
0,17,0,209.049424415067,86.89390184762544,797
0,18,0,205.7584509380525,87.56417502351148,786
0,19,0,189.0112071102581,61.87503813539516,757
1,0,0,80.4918976843618,67.32851294078375,169
1,1,0,79.55953801007782,45.37743862268079,196
1,2,0,110.4257593488598,75.05373195482231,254
1,3,0,102.8341362112849,58.26032607067427,266
1,4,0,137.6778465253061,85.77860472043423,339
1,5,0,140.5538585253749,119.6841929497904,377
1,6,0,167.6082303605796,119.7752386367621,434
1,7,0,161.7959867795402,90.27697895064603,467
1,8,0,194.2610157584609,92.50046880602352,596
1,9,0,198.0954330738646,98.48179708013915,634
1,10,0,235.6801179590561,119.1557566164533,719
1,11,0,236.4921589952188,120.2793719537949,769
1,12,0,260.917642242502,148.8610202355804,826
1,13,0,257.0332658271865,103.2607241517717,924
1,14,0,260.0859191748016,114.7237230124651,919
1,15,0,257.39564574908,109.7134133696735,934
1,16,0,263.9197944680891,109.2614237645283,986
1,17,0,255.0265734665371,124.1836817552779,958
1,18,0,224.8377312990545,94.91599576600895,870
1,19,0,203.4354900983564,72.10095089298817,814
2,0,0,80.71048523646222,70.50915971755641,169
2,1,0,81.37038726238936,42.68783377689999,211
2,2,0,87.80279082930872,55.60276826382927,225
2,3,0,106.0599778834234,63.43362896107892,281
2,4,0,137.3280811383863,88.00648305896453,354
2,5,0,136.0489038005615,74.64708621439034,388
2,6,0,185.7461905520288,104.2277401679392,522
2,7,0,193.9137701635691,124.2784400113948,529
2,8,0,208.2662446705014,124.1172794967209,598
2,9,0,215.7646899658894,99.95366953494738,674
2,10,0,257.8957426200155,140.4307360809342,771
2,11,0,253.4451462475673,104.62737082429,854
2,12,0,268.2139537214939,128.3089421614411,909
2,13,0,277.4018996966227,117.4051147728465,1011
2,14,0,295.2831411332686,109.6427406638333,1093
2,15,0,284.5182520701907,111.3921130398443,1041
2,16,0,285.8424828452034,108.0141032972745,1072
2,17,0,278.6500603181259,134.9008659328473,1039
2,18,0,252.5631780570335,82.22978066946271,1022
2,19,0,216.2235546071912,69.27509422002076,887
3,0,0,90.61439894364734,90.99006054701903,192
3,1,0,100.9834733823411,91.35637877327704,225
3,2,0,115.0842218598893,79.51368690287839,271
3,3,0,115.5986487361892,64.27836263980366,306
3,4,0,155.6778398819067,99.70201971677895,402
3,5,0,166.2658579336281,85.66594313035316,444
3,6,0,162.9000073391144,92.6968305720452,473
3,7,0,199.6922745274084,98.34726422098637,587
3,8,0,228.3546456488307,133.1519200660208,655
3,9,0,262.9663791266849,171.6994834605622,780
3,10,0,266.663308349281,118.2371385579534,858
3,11,0,274.1830389561679,163.9604858836953,938
3,12,0,315.9012349136537,164.8792509900417,1030
3,13,0,293.3580395059249,113.8549824184067,1082
3,14,0,318.5106408631696,120.0615505665694,1155
3,15,0,293.1758733649797,112.0075486896267,1100
3,16,0,319.8196357579198,117.5470786321325,1212
3,17,0,284.9784224972259,118.9360295587954,1105
3,18,0,272.7230121838207,107.5730505403251,1071
3,19,0,255.2865306159547,114.9803667080067,997
4,0,0,77.75214772301649,62.48541484133695,169
4,1,0,102.2151609424808,90.94292650131104,231
4,2,0,111.864425720905,66.0013272142704,280
4,3,0,137.0378860903103,78.7757685445608,368
4,4,0,142.5171236295103,83.28515067809668,371
4,5,0,168.7149288107887,95.60394807036919,463
4,6,0,201.2220043338206,110.6723644923691,549
4,7,0,213.2411104033978,100.2627618622773,629
4,8,0,254.4024801612912,243.715357094129,695
4,9,0,278.8652712853638,326.0733049614228,817
4,10,0,273.8250260981262,132.671060839156,884
4,11,0,298.3823123452876,115.0582586906815,1019
4,12,0,308.2358087525793,128.9790027993796,1051
4,13,0,338.643896729842,167.519860976022,1165
4,14,0,345.11689345513,491.9309915176227,1163
4,15,0,335.1127261993639,139.1309187526767,1224
4,16,0,333.5337744421145,114.7754509452486,1282
4,17,0,316.2710936672549,105.6371223286699,1259
4,18,0,288.3153992699304,255.5600338066565,1119
4,19,0,265.563840611515,89.91941654834298,1085
5,0,0,95.15442136735186,65.55874260996903,219
5,1,0,112.9800914106105,104.2205548425764,255
5,2,0,115.6761676735472,114.359405308713,278
5,3,0,141.5353414403205,100.0860026788509,356
5,4,0,154.4659406219233,87.80005987570871,430
5,5,0,169.3031137941993,103.3871373678663,477
5,6,0,204.43599382065,116.6417137666163,579
5,7,0,234.6562853869821,119.1837769008724,688
5,8,0,253.1420756461317,114.6520243476763,776
5,9,0,276.4656173293048,140.1211891075775,866
5,10,0,278.7518087519825,114.2535864687666,923
5,11,0,308.6877431209403,131.7011512609353,1053
5,12,0,326.800764064447,148.1937595450217,1100
5,13,0,341.7058665015304,125.7698752749761,1236
5,14,0,361.0159735776778,129.0143347015749,1337
5,15,0,361.6037521420217,151.4542711335647,1342
5,16,0,352.1683273236606,175.6736392692203,1310
5,17,0,360.1677397364467,145.4246626942943,1387
5,18,0,301.7781098594677,104.2668318731245,1217
5,19,0,293.3402139465795,120.8317006794467,1163
6,0,0,89.38338090665692,67.41967181798185,204
6,1,0,113.2947726187822,67.83205483045059,269
6,2,0,115.1972635077174,72.83753628822942,296
6,3,0,141.6826821893973,77.4861778809457,371
6,4,0,181.9334479271903,120.5375470628467,460
6,5,0,184.9279649906205,101.2945285596054,509
6,6,0,203.8319858429337,117.1109870275657,581
6,7,0,242.0491343035456,153.6058726626653,674
6,8,0,261.5456167264053,133.3754993119375,795
6,9,0,290.8639403475889,128.7184800461995,914
6,10,0,316.6026334992442,143.6015334083664,1011
6,11,0,320.7921081626052,150.436526889959,1058
6,12,0,334.7885768569761,154.8559621804126,1123
6,13,0,347.2697931216321,152.8325454259424,1210
6,14,0,349.7442354327755,143.3654998091066,1267
6,15,0,358.8008183776396,135.8493017768242,1350
6,16,0,357.1817831026121,130.5883526996219,1387
6,17,0,321.0717341041949,135.3434921501498,1218
6,18,0,334.3628629507081,118.6768348108609,1309
6,19,0,273.7449660397784,87.86100208524186,1158
7,0,0,94.09780249389812,63.08484557710742,226
7,1,0,99.5506190831027,67.62290125391421,239
7,2,0,144.5705801367864,94.2873209914749,347
7,3,0,134.6993135045503,83.67926721851134,347
7,4,0,165.2092086512969,258.3048046466544,435
7,5,0,198.9716279280595,123.4382104665715,517
7,6,0,217.075384385631,133.6058599476998,575
7,7,0,231.5577213907254,142.7382820815755,664
7,8,0,321.3194414280019,1124.067940587381,827
7,9,0,296.4417820031408,250.2277327734414,874
7,10,0,314.3781186299673,156.5736086283312,995
7,11,0,305.9761396886586,127.1757760820183,1025
7,12,0,360.3621842378604,551.2656696849582,1165
7,13,0,369.1487039919903,173.1161055110096,1257
7,14,0,381.7026059579502,144.4678871765341,1395
7,15,0,392.4303555474311,174.6394618179462,1417
7,16,0,382.3493548580967,191.1539428268274,1436
7,17,0,345.7034222304496,135.7418654889609,1342
7,18,0,326.2030015702136,106.1116254379164,1317
7,19,0,307.4120130445793,118.9936566782042,1224
8,0,0,98.99052919308883,77.35624962283403,237
8,1,0,124.1529605223104,96.08710906243316,276
8,2,0,132.8311727858753,84.64627655075772,330
8,3,0,154.9655565238924,110.0278289701215,386
8,4,0,178.7119605700369,220.4507800463529,444
8,5,0,183.243745510878,96.60999036477347,517
8,6,0,199.341800621729,101.6652940668542,586
8,7,0,250.1051473287149,152.83331519713,697
8,8,0,246.5982688231594,115.3309553927243,777
8,9,0,305.9821125890921,152.9554216524185,939
8,10,0,335.3624017470529,173.8635307508756,1045
8,11,0,342.8058047302861,144.3891009846608,1165
8,12,0,357.3083238762028,188.4068995112141,1212
8,13,0,377.4923776673818,188.2512261284064,1305
8,14,0,391.7920881428099,176.415605510657,1389
8,15,0,370.4773377677569,134.5892165171993,1405
8,16,0,402.4480175165411,360.620298873204,1447
8,17,0,354.1627417018286,138.0054149047774,1352
8,18,0,348.1349180570092,135.2716527871755,1345
8,19,0,337.1734716710517,479.4375690299049,1250
9,0,0,82.60683450809105,46.27885314360352,215
9,1,0,120.2242945405411,92.39334265185433,272
9,2,0,128.0314275222583,87.09272748143445,331
9,3,0,161.4885093671243,102.4463270303744,400
9,4,0,197.2772296908454,102.9936219923821,532
9,5,0,190.1064907972859,98.48967098158303,524
9,6,0,238.0508160506772,206.1375859578058,643
9,7,0,253.6565690157128,153.9700473185963,727
9,8,0,273.6861174954448,135.9030477458429,838
9,9,0,293.3631332995321,135.7675467162565,941
9,10,0,313.9671754215948,139.0916189617799,1040
9,11,0,334.4812332645528,147.8564922968938,1106
9,12,0,365.0022366397903,179.4852382061573,1241
9,13,0,385.7935014070783,170.7260410859163,1382
9,14,0,379.3896219060805,161.2556189588354,1380
9,15,0,407.3453202157143,174.1251276367627,1480
9,16,0,375.7238372352306,139.0037021626694,1434
9,17,0,387.5671100487196,167.0588389170986,1457
9,18,0,358.9225549733947,158.9637495397535,1405
9,19,0,317.2875462247814,111.9557847557165,1272
10,0,0,114.9223314212828,103.2038641905573,245
10,1,0,138.2893720406647,104.4925098779383,314
10,2,0,139.4707230255627,95.38971838580154,327
10,3,0,155.9847130577387,104.0026978652209,371
10,4,0,168.1745425237484,90.05479659403362,446
10,5,0,185.2706745545969,108.9116084816868,498
10,6,0,246.8386437085018,142.5451427451309,666
10,7,0,238.8210985994116,123.1896847621396,711
10,8,0,276.0464465862663,147.6233458641429,825
10,9,0,323.2174646231196,157.6909762990775,987
10,10,0,324.3542694819457,145.6321767031445,1067
10,11,0,348.5763203600104,153.5027478721179,1172
10,12,0,373.9807113071839,338.0970324452133,1236
10,13,0,373.4734229702262,146.6503122835296,1350
10,14,0,386.9022731528289,148.7997406645566,1430
10,15,0,393.3122254293457,167.2548591679874,1450
10,16,0,377.4079197658648,141.3074176491108,1407
10,17,0,388.2364688349375,153.8226123359905,1472
10,18,0,332.0309335775729,114.7810089504082,1324
10,19,0,311.0097384351495,107.9153777668457,1256
11,0,0,70.00864829022098,38.17963650390638,188
11,1,0,106.8149081442363,74.77326939784403,255
11,2,0,132.3478281522798,92.88204701897278,332
11,3,0,147.2727029977285,88.44341571438295,385
11,4,0,182.4030143420501,228.0076888326806,456
11,5,0,193.0955038758254,120.9318434516969,528
11,6,0,225.0461304520003,130.1551740162299,630
11,7,0,226.2154817771782,97.43928630989673,697
11,8,0,262.4529550630087,144.1175382409205,780
11,9,0,295.1190499815572,150.5610581674007,919
11,10,0,317.0500690114303,178.875027552892,979
11,11,0,321.8505616063302,152.9493147302232,1061
11,12,0,337.7986096196721,153.5533942449279,1161
11,13,0,364.9539839876843,136.213838232996,1325
11,14,0,393.2129255222615,221.6869266236964,1404
11,15,0,404.369113424702,471.9584885929544,1414
11,16,0,374.1481085938985,172.1715462883948,1418
11,17,0,375.4719328410062,161.4808660455755,1440
11,18,0,334.9160737520071,128.8165926494271,1314
11,19,0,314.3726703662617,109.3921480608491,1289
12,0,0,98.44711342824695,80.16713263145391,226
12,1,0,96.34670435105664,71.68393129907558,218
12,2,0,138.3906044848842,212.022017322378,322
12,3,0,141.6278482827711,90.30070978306179,364
12,4,0,174.7360157029229,117.7769466894387,448
12,5,0,197.5362139395286,102.4489303601579,537
12,6,0,213.4095019913751,118.8365806997326,602
12,7,0,231.6174624633992,169.306087835619,674
12,8,0,278.7827556028453,149.9562410221955,825
12,9,0,297.4650271240315,162.3901747250785,920
12,10,0,321.4766389473783,137.6290760734021,1046
12,11,0,336.5982625260285,143.2890868558931,1141
12,12,0,358.7377151068772,281.7571644783797,1195
12,13,0,349.7409761045001,129.3095848792468,1291
12,14,0,366.296571247518,136.9962513369352,1350
12,15,0,372.1820559731454,171.3337677998927,1375
12,16,0,371.9659590633786,134.500773539799,1440
12,17,0,368.3010429292266,181.433778389767,1401
12,18,0,326.2962982929785,122.6757599167799,1304
12,19,0,314.8082776580578,123.124631340896,1277
13,0,0,100.6926528452538,61.03686879878351,249
13,1,0,112.0702152711209,105.0255928101381,234
13,2,0,131.6221907490455,101.8081915618922,307
13,3,0,130.7840732079794,75.07646332718861,351
13,4,0,151.1423655253914,79.92973393767163,421
13,5,0,162.1173721330346,76.36122854727704,466
13,6,0,221.1103358035274,169.6760620601377,576
13,7,0,251.6398650337123,164.0833102969087,706
13,8,0,269.9578715744597,134.577221042909,825
13,9,0,283.186165893813,132.9971987893702,884
13,10,0,323.3600225926646,206.3630456380351,1021
13,11,0,309.146835291425,131.5348723917078,1051
13,12,0,367.042599613055,210.147417267119,1254
13,13,0,358.7997216427756,155.2334234881355,1243
13,14,0,379.8192286381707,164.9218685019556,1354
13,15,0,362.7440408293336,150.6044994853999,1354
13,16,0,339.0041761526201,114.3518064510596,1338
13,17,0,361.1022607434278,130.0686870420683,1416
13,18,0,305.7066297375149,119.5667278365345,1219
13,19,0,277.2943150110204,110.5451609645184,1105
14,0,0,89.81873001498215,65.58644625691798,218
14,1,0,113.8450067074618,92.54017898097936,261
14,2,0,119.8531723049516,68.43801641756023,301
14,3,0,133.6898510340914,72.95145485616223,342
14,4,0,155.5288895309981,97.81930637444061,410
14,5,0,174.3297311703285,109.2248061908636,458
14,6,0,209.8617421149513,207.6151629965206,573
14,7,0,207.1623583151138,92.34121894272627,639
14,8,0,256.4455786091889,222.7523724833114,728
14,9,0,277.9624480725125,137.4740153832141,850
14,10,0,284.0976169638265,118.6808768296127,935
14,11,0,329.6735142591592,146.1889879661435,1092
14,12,0,323.7258590913863,138.2615416976871,1122
14,13,0,358.1702831843692,139.5097661015288,1283
14,14,0,338.2917335408713,135.6418442353809,1245
14,15,0,365.1165430287943,466.1822692555497,1286
14,16,0,341.6030832895311,143.9460866686318,1270
14,17,0,343.3123307354573,122.7939988154654,1343
14,18,0,330.4942411257587,140.4314258046656,1258
14,19,0,265.2124383629189,93.03564409443291,1084
15,0,0,92.69612595654738,72.4816738031579,194
15,1,0,107.1982018030653,82.95516791176085,245
15,2,0,133.3105527483972,92.44697768155491,308
15,3,0,139.0297496244505,100.2460455932577,341
15,4,0,150.9326770418716,88.95759165076024,377
15,5,0,169.7365557760824,102.3896145704451,446
15,6,0,199.0935461347935,196.3313104677927,533
15,7,0,218.2041274692505,114.2192409122957,644
15,8,0,234.7101052754419,128.055807428767,704
15,9,0,260.3988224573621,126.8590295450622,784
15,10,0,283.8873505361725,158.7865057879372,909
15,11,0,314.0375858888556,177.741822959647,1007
15,12,0,325.2989656638833,157.6426505080973,1086
15,13,0,317.422879862478,130.0106336215578,1119
15,14,0,330.5156806916372,130.346768126215,1194
15,15,0,328.6978005932471,129.9594151396183,1228
15,16,0,319.3872975267361,114.3185814174711,1225
15,17,0,292.6383031671898,94.94842637187615,1162
15,18,0,297.9762167947971,109.3093391833305,1170
15,19,0,277.0626517859544,106.6032959982988,1101
16,0,0,91.0424581826975,103.3327001918408,182
16,1,0,89.35287972574341,79.29061175765202,198
16,2,0,116.3869558550732,74.39720356293505,283
16,3,0,115.4857947200627,69.78592809572484,309
16,4,0,138.7769771128294,79.00130863190581,371
16,5,0,167.6679605985118,93.49455788602114,461
16,6,0,182.26812325746,303.1616658829182,457
16,7,0,210.8274156368958,115.1462275496024,613
16,8,0,247.7895408841158,161.9398418842075,699
16,9,0,250.8146105084369,140.4289465695435,747
16,10,0,254.8840998722264,120.9785009320227,820
16,11,0,296.1699459076669,137.0907954432978,992
16,12,0,278.6903496727737,106.5996845983639,1001
16,13,0,301.4228097866329,118.5518883481748,1070
16,14,0,304.454502521245,133.0895096256577,1106
16,15,0,311.0259742285132,110.1395573733796,1183
16,16,0,297.8231075056868,104.2408194734828,1145
16,17,0,286.7255581380978,109.0368860306889,1094
16,18,0,264.1125659087795,93.49619367308421,1043
16,19,0,231.1897880358189,74.54912142976737,953
17,0,0,97.57394684249667,203.1188080302486,190
17,1,0,80.05156959694388,54.51957990177569,189
17,2,0,102.9724804763107,70.93514568363045,248
17,3,0,109.7828959713091,64.82410687169671,287
17,4,0,153.0870355536321,107.0826948930437,378
17,5,0,158.6886199032477,98.84538724975987,408
17,6,0,174.0914784043774,84.42686536739139,501
17,7,0,219.2186000087723,153.680287087295,585
17,8,0,216.0877563419651,192.5640875705176,614
17,9,0,218.3040262117496,98.05433297672923,688
17,10,0,240.760129875521,111.6767019273921,763
17,11,0,263.4345720683533,102.9098109915857,881
17,12,0,278.3768937253701,117.9622722284951,955
17,13,0,299.4674798179943,129.131946297341,1028
17,14,0,279.7293127709732,142.6404570722264,975
17,15,0,307.1726733688273,194.797011025533,1086
17,16,0,274.7774847404417,104.790438178424,1023
17,17,0,276.1248682437829,106.6993565720029,1047
17,18,0,253.2672120276877,90.17184839327884,989
17,19,0,218.2122089211852,78.00920387261169,895
18,0,0,85.53022850791619,80.41741850754619,177
18,1,0,73.49378171226874,45.96775185676142,179
18,2,0,102.5278914434696,79.30963677168693,236
18,3,0,94.95199107670169,49.723429910303,256
18,4,0,114.79104597531,78.94038892916188,307
18,5,0,148.9326899287927,105.7238329564324,383
18,6,0,143.2417369396886,97.3842987335277,377
18,7,0,189.2211110509183,111.0561468149474,533
18,8,0,185.6129979720806,102.4009077277474,547
18,9,0,223.3901436115806,215.7505014387484,646
18,10,0,224.567789018694,93.64682068212551,731
18,11,0,229.7071337846681,94.58851734601015,780
18,12,0,260.1246152842107,124.8699120923893,866
18,13,0,270.9703884213296,115.9284356416305,938
18,14,0,266.7007788358815,195.1771248771887,921
18,15,0,266.2311435237475,139.5830673533656,948
18,16,0,250.9889032840994,98.880104995186,957
18,17,0,258.7928293812606,100.3312095157485,978
18,18,0,223.1482893616049,87.7053383005416,894
18,19,0,211.4155718238106,78.37561472371256,837
19,0,0,64.34264743487043,41.64615219654175,156
19,1,0,74.108558174602,48.84621872648374,180
19,2,0,86.39709777472243,44.64075657921853,237
19,3,0,94.25390412218464,51.70437036817655,251
19,4,0,133.7793682893544,94.9458140599193,320
19,5,0,138.1139738136006,82.73295415549048,365
19,6,0,161.5802265480459,142.0697990412327,414
19,7,0,176.5243553681002,129.2900902657346,507
19,8,0,178.2279302180112,87.25027963802673,539
19,9,0,197.9022156239508,259.9643457962811,563
19,10,0,195.763620377798,79.03742248984719,638
19,11,0,196.2379903254181,83.36354713803803,663
19,12,0,230.8920130089972,91.11246936285256,795
19,13,0,229.3809876770285,86.22179719446677,824
19,14,0,227.6981000082783,99.22379249082758,823
19,15,0,245.1802463317358,455.1065355232915,855
19,16,0,238.2241153413385,93.09567299826402,873
19,17,0,228.1978537750733,86.01339027180127,871
19,18,0,217.6453611160136,680.049573943263,780
19,19,0,181.8162724057089,73.93082940018931,724
