# mesh name: boxMesh_1
# primitive scorer name: doseScorer
# iX, iY, iZ, total(value) [MeV], total(val^2), entry
0,0,0,144.3883724096861,68.10230190154797,431
0,1,0,172.0111351687139,97.06424927775809,499
0,2,0,184.8327242960839,90.26772489715,575
0,3,0,180.4413085468069,83.36362665878673,613
0,4,0,212.6440372933526,107.8946776654155,714
0,5,0,226.9706591933771,86.477513461529,814
0,6,0,209.2701339180161,70.9404963325352,811
0,7,0,236.2114430912634,211.32854825953,904
0,8,0,246.7364465528703,82.81770480142713,1003
0,9,0,243.1397491676431,66.65254859140552,1057
0,10,0,256.5711277580144,100.9356047679007,1128
0,11,0,272.1544890150768,160.9680441228852,1206
0,12,0,260.6236139558361,63.20178958253108,1287
0,13,0,276.6467456061009,142.2190227456119,1320
0,14,0,258.878238769267,66.19984298899588,1308
0,15,0,263.5539458106552,61.27496414107355,1392
0,16,0,240.7343921907987,49.71945036252248,1319
0,17,0,215.8988914808363,57.40310725155724,1207
0,18,0,200.7475947497605,51.46894801448221,1155
0,19,0,186.052614965044,76.14152316276929,1050
1,0,0,171.5950750364347,92.52621403303239,501
1,1,0,171.0259553521779,71.84925258295392,553
1,2,0,194.6558733322042,102.6696464770358,605
1,3,0,240.3723565915931,229.672377995206,758
1,4,0,237.1873668002329,97.41818892305824,802
1,5,0,246.2346624606077,92.96156199243649,883
1,6,0,258.0458504023952,93.00512245063616,966
1,7,0,283.4726731758669,140.7906126410163,1077
1,8,0,280.6850640805073,86.92404669080321,1140
1,9,0,323.9530749487521,995.1473125677352,1215
1,10,0,291.3944613562368,114.213262753599,1256
1,11,0,285.8426589634436,81.99928409326922,1313
1,12,0,302.6220982316458,77.98976408948282,1454
1,13,0,283.5218077306253,71.01403579980189,1400
1,14,0,280.3715633457953,64.96426562538336,1440
1,15,0,281.9868697735373,60.84231228765989,1512
1,16,0,285.6488536366577,126.466398895548,1522
1,17,0,254.6450227673181,59.38461112234798,1397
1,18,0,247.6628176301489,131.6826988411725,1401
1,19,0,217.3921112919687,171.6810352671272,1234
2,0,0,166.574041360485,74.68288486158679,511
2,1,0,203.8579564395376,108.7347926547357,591
2,2,0,195.6002009150908,76.58732412123567,652
2,3,0,236.1708642144398,119.6478471868121,759
2,4,0,267.1456160199339,150.1137299543562,882
2,5,0,249.8348260635509,96.03764814498754,913
2,6,0,295.5003998525511,102.4484769159012,1106
2,7,0,322.9624720101543,380.6779977608769,1167
2,8,0,312.8676232250363,101.419203247269,1275
2,9,0,302.8745717747265,87.01888219585966,1298
2,10,0,313.1216719266775,86.96555240317026,1389
2,11,0,321.9554071394489,99.12349434577465,1479
2,12,0,334.1228780239792,115.3267697279283,1572
2,13,0,319.1087554234365,76.05917215076195,1596
2,14,0,335.8883763964492,75.23252060311162,1730
2,15,0,342.8769797369975,92.14015389910405,1803
2,16,0,312.1219405580175,72.09855142393866,1739
2,17,0,286.2254625731939,57.58170538904342,1643
2,18,0,268.7849042121491,51.35833945563952,1575
2,19,0,235.8153988793926,124.364677594431,1354
3,0,0,191.4779187184979,98.25046469792598,572
3,1,0,208.3882313284014,99.29448515223787,630
3,2,0,231.7375754443896,108.0126009130391,726
3,3,0,239.9670416266249,96.77902940752806,837
3,4,0,275.6997481024795,111.5111175502787,933
3,5,0,282.7660571673229,120.7856310639993,1002
3,6,0,302.1109548132211,120.5994501070298,1132
3,7,0,338.1010310560816,116.8327521729049,1329
3,8,0,337.5837540515946,147.9967224559635,1370
3,9,0,348.897691120376,106.4093533879116,1483
3,10,0,357.1339661147476,102.2567732004927,1586
3,11,0,353.1215356988048,88.03585835244846,1653
3,12,0,356.9934548674152,88.20686208679403,1714
3,13,0,369.4651222482189,97.87599873476201,1819
3,14,0,360.2156475755743,81.98027962380337,1858
3,15,0,372.6064704941234,86.81266650890659,1965
3,16,0,348.2538415165226,80.85948442955703,1912
3,17,0,332.6192354591873,148.3389233504654,1862
3,18,0,298.8615184127545,61.6360448086409,1720
3,19,0,255.2399643349609,78.02321637891237,1473
4,0,0,208.5591559732462,119.239346858881,627
4,1,0,230.3701351453592,113.3459936073305,696
4,2,0,237.2323241614523,110.5369692226895,756
4,3,0,284.6520045122509,164.5806364840763,913
4,4,0,291.7859959546555,113.6319236361957,1031
4,5,0,311.9549420078515,129.4725394802704,1115
4,6,0,315.332180921318,119.4170493413363,1198
4,7,0,365.3672532216605,202.8976170254546,1409
4,8,0,342.2653750608342,99.11796392427505,1408
4,9,0,358.0829687895471,103.6598155229804,1556
4,10,0,359.8763478255613,100.0893177025555,1599
4,11,0,390.4383105911338,111.5297036371439,1779
4,12,0,413.4407329713332,123.895367452771,1916
4,13,0,388.8889895794052,117.820093504966,1914
4,14,0,381.5819383128398,88.10168044066295,1981
4,15,0,385.2412407598011,84.77037642096492,2050
4,16,0,372.1738677847137,96.97780558292325,2040
4,17,0,353.4915312232383,145.5849703663643,1951
4,18,0,319.2772970583002,84.94076859438455,1827
4,19,0,267.6827293240489,54.82187078990118,1566
5,0,0,216.0624143317009,120.1424430745162,623
5,1,0,234.4988934977716,112.0670486346561,716
5,2,0,253.3066277059208,127.3647947838558,784
5,3,0,280.8762731155351,115.5727837579927,953
5,4,0,321.9305706391066,170.2423872828559,1093
5,5,0,331.2291957743233,129.9373692173286,1201
5,6,0,343.0419345295891,109.8688042491826,1343
5,7,0,359.5134267770405,122.8634282480993,1436
5,8,0,379.8936414624308,133.2108511653208,1505
5,9,0,389.0894534797193,113.0547149049385,1657
5,10,0,406.3268311292961,117.9126011811773,1817
5,11,0,391.0168337224615,166.1274182002549,1800
5,12,0,403.0512932778899,137.2325673338455,1923
5,13,0,402.6572642574528,101.332962172502,1991
5,14,0,392.2352685099177,102.385002138285,2015
5,15,0,403.4949534229294,86.01549513570876,2180
5,16,0,390.181489192535,139.4412082012607,2103
5,17,0,350.0478503768398,70.83079966170403,1984
5,18,0,333.5185586444669,86.37552187474633,1884
5,19,0,293.8169587420132,110.4114090220492,1625
6,0,0,218.0191400051312,115.3882548231179,660
6,1,0,226.6862016970724,94.24976419067876,732
6,2,0,254.5106278513946,104.2775514058279,838
6,3,0,301.9115057377682,123.1800819913284,1008
6,4,0,321.3033820039988,188.3707162304221,1091
6,5,0,345.6609334290328,143.6598872459735,1231
6,6,0,360.3952263244068,127.0665713902705,1357
6,7,0,383.4953459188367,146.4642559513298,1456
6,8,0,402.7656952986655,128.4501273811263,1642
6,9,0,404.2485166843783,130.8966616567501,1710
6,10,0,411.368510454954,123.0813043404505,1812
6,11,0,430.9819378595506,120.3661762531201,1968
6,12,0,409.6368396620934,100.6062058017179,1989
6,13,0,425.0571969899175,106.0428595281333,2093
6,14,0,421.5522200533741,99.37013471222461,2179
6,15,0,425.2894970358156,121.4520856639717,2215
6,16,0,424.690190917252,292.9594590138176,2186
6,17,0,378.3981394278948,75.58535424726391,2134
6,18,0,355.5932579036553,121.8220023250215,1976
6,19,0,284.3885565983534,53.95160177624618,1676
7,0,0,205.476760099147,103.3979755571268,623
7,1,0,244.511424447209,127.2422941953764,756
7,2,0,267.5687791666018,170.7576106454129,842
7,3,0,313.718237525737,158.1387966307387,1029
7,4,0,314.9355708521951,180.8665306978602,1100
7,5,0,353.1712803612635,123.9667284713339,1284
7,6,0,367.7570906482988,128.1276113920743,1374
7,7,0,391.5348505067011,137.9927018297103,1530
7,8,0,409.1753524254717,183.0581552235814,1605
7,9,0,434.971513186667,348.5074002913479,1778
7,10,0,445.0775903173854,415.8459376153649,1908
7,11,0,425.6917778420354,208.0650837258433,1934
7,12,0,426.0068662040985,116.7412592434411,2038
7,13,0,440.2485552716279,166.5590901812436,2124
7,14,0,429.550593158464,104.8595378328794,2204
7,15,0,433.8328153514306,97.83297282780543,2306
7,16,0,446.8707491427525,424.0167006360753,2297
7,17,0,382.0258504679791,76.83090092606679,2140
7,18,0,358.1346663234015,128.3114347385514,1987
7,19,0,305.2220166552657,63.54029713157425,1764
8,0,0,215.3244267480954,101.1492913212412,674
8,1,0,235.968523307831,108.9916172408056,743
8,2,0,283.9326119619371,114.1218846522248,925
8,3,0,281.9547440393569,106.4548216086112,971
8,4,0,321.2894680282145,130.6413193619635,1103
8,5,0,371.8969279674129,135.8788882225161,1330
8,6,0,374.3135252781238,144.4633112464444,1409
8,7,0,396.6452602282979,142.37853609391,1527
8,8,0,403.7286873584415,120.3317689626034,1682
8,9,0,443.5300030999031,445.5663221075432,1795
8,10,0,450.7927951049734,143.0073683663594,1965
8,11,0,459.5191199244545,430.2344413594629,1998
8,12,0,422.5598308988601,121.0651708069748,2029
8,13,0,447.0740138050869,115.8279978039232,2204
8,14,0,441.0434610479254,124.5397334367614,2241
8,15,0,423.3719974413274,90.39807062270918,2272
8,16,0,429.0652575076172,153.9523369289069,2277
8,17,0,382.2956718149425,79.84548263551264,2129
8,18,0,356.2639188380696,71.79516693430246,2037
8,19,0,337.7641386466705,937.2851637877746,1759
9,0,0,214.6362006739319,101.8563426502317,655
9,1,0,247.2909224925323,112.7099100485571,774
9,2,0,285.5423119768467,145.062338318086,915
9,3,0,312.4442461192701,119.8856384272598,1052
9,4,0,344.7760906951792,133.9708324066329,1222
9,5,0,359.6076057699207,122.4346143637875,1335
9,6,0,365.0756489716285,115.9368043456472,1427
9,7,0,379.3985711885664,117.3734932436677,1507
9,8,0,408.7740317015886,126.7445136229971,1676
9,9,0,454.4549116308369,191.0125423666613,1863
9,10,0,436.748966915261,118.9853510295869,1947
9,11,0,436.4603777845302,131.4875130543969,2021
9,12,0,428.5862869526192,112.6503185146898,2059
9,13,0,456.0740681296387,118.0068220587803,2232
9,14,0,427.1570416077125,100.4598069740158,2186
9,15,0,430.6450972157568,91.81189294630121,2309
9,16,0,419.8665358786384,97.18229699690288,2276
9,17,0,393.7177770814797,81.15854340950423,2220
9,18,0,357.1002873007819,74.07570172610116,2035
9,19,0,290.467877334918,57.14516052518259,1725
10,0,0,239.4199144258931,132.6952213746428,698
10,1,0,257.9464088328754,110.5195961982966,817
10,2,0,273.7263849132506,107.6397078122396,898
10,3,0,282.5169160888435,105.6214155854725,972
10,4,0,333.1791443840941,142.9349842270582,1162
10,5,0,390.0236317438879,146.7395787383807,1393
10,6,0,348.8313905041759,133.0537808459856,1330
10,7,0,411.6986345250799,145.9871637197483,1606
10,8,0,421.0507130634218,133.4337734000912,1717
10,9,0,415.7517936898679,119.7335087011339,1787
10,10,0,452.0371401792942,221.7473194870616,1990
10,11,0,456.33827411621,284.643674305539,2036
10,12,0,460.4474576874106,422.1657493707792,2106
10,13,0,446.564090450735,112.2997255708488,2226
10,14,0,451.7191354242365,209.1413319030111,2290
10,15,0,411.1021985259628,87.86866661669556,2207
10,16,0,401.0639504941776,84.97870716072279,2207
10,17,0,391.017066779526,78.54962865035533,2202
10,18,0,356.1109419340824,76.01427994680373,2033
10,19,0,294.0661939609764,56.80077390994179,1727
11,0,0,223.6506948589726,112.3987510028599,667
11,1,0,257.8036182446402,115.9931530189746,791
11,2,0,265.4770525798855,120.8578617797717,832
11,3,0,313.8628178182367,153.4707468226226,1037
11,4,0,332.4549750693575,153.2168784237979,1128
11,5,0,361.1427130569377,137.0242785899688,1305
11,6,0,361.149562284244,127.0301813446361,1377
11,7,0,389.3422143831581,126.7471868531943,1544
11,8,0,412.7107918514149,141.3876190571632,1672
11,9,0,424.7017926101774,123.7259289645942,1825
11,10,0,434.3094247823403,121.644865653952,1904
11,11,0,422.8074834578346,110.1391829507278,1964
11,12,0,446.474726975511,155.8934532440285,2104
11,13,0,445.6193759962974,107.7517931153187,2208
11,14,0,437.91184850394,114.0991643115879,2226
11,15,0,430.5875916693183,92.83207287151166,2314
11,16,0,421.5939191928875,168.5755756907701,2252
11,17,0,414.5543292690587,215.047741486169,2188
11,18,0,333.5366237208252,65.09529692410456,1922
11,19,0,304.9492943056276,58.99556453051024,1794
12,0,0,218.6003288026957,109.0830259337923,653
12,1,0,214.6212663610658,88.43341889946988,678
12,2,0,265.9231110313655,112.9691058859686,862
12,3,0,285.648492541487,126.9635185859698,945
12,4,0,349.407774724172,157.5854338937723,1173
12,5,0,355.9306445252617,140.4169114309996,1277
12,6,0,381.1882561746114,122.7923235935442,1470
12,7,0,379.5840252049325,126.7313198779955,1477
12,8,0,408.3808041797468,137.4574776983932,1660
12,9,0,410.5036118755056,115.170074553698,1763
12,10,0,425.7522169840718,125.776194668387,1884
12,11,0,444.5585514288629,488.1884615812102,1973
12,12,0,432.9705926741141,109.9113593311797,2102
12,13,0,437.803818516348,105.0825116988845,2164
12,14,0,431.1033018615454,113.2640898930787,2198
12,15,0,431.8964641169226,174.223046972006,2254
12,16,0,405.9514251357572,87.2883521627267,2214
12,17,0,415.3702874334945,556.2674384312129,2201
12,18,0,361.4263265884741,236.6541994849833,2004
12,19,0,300.792990332775,63.12099279954564,1731
13,0,0,217.8749798948612,116.0871096419279,658
13,1,0,230.8003193907361,100.5269532662739,734
13,2,0,249.8466952252579,94.27817582209602,831
13,3,0,295.3975923330703,132.9465097128459,996
13,4,0,299.5931072110131,112.6905411349909,1042
13,5,0,345.0569303378394,141.3321912844079,1223
13,6,0,371.0668913427247,132.048271233618,1379
13,7,0,361.4711280981465,121.0675099324581,1414
13,8,0,380.8161567289883,121.4903840570199,1547
13,9,0,409.6866230745437,120.1046107319286,1745
13,10,0,424.7436931121215,139.1061805138953,1851
13,11,0,414.2597900221443,123.0359597980095,1893
13,12,0,415.5019126183728,103.4495760587595,1969
13,13,0,416.3848235348929,103.9604864361414,2076
13,14,0,406.3764310814384,92.11790346113318,2102
13,15,0,423.5540438839385,239.894741470343,2174
13,16,0,400.6079950624564,85.98950960608519,2215
13,17,0,381.4571322744949,76.57427742984834,2155
13,18,0,378.3834628559143,1214.800650698373,1973
13,19,0,300.4648459339154,62.92517133851561,1733
14,0,0,195.7351327859164,85.65114574343207,596
14,1,0,235.047065939409,223.5603713797527,717
14,2,0,256.1520207249354,118.8966396347106,818
14,3,0,304.5009809527168,133.4848396235184,1000
14,4,0,298.8280893489107,123.0337765077066,1034
14,5,0,319.3562691944387,122.2111769858867,1180
14,6,0,322.1261634512098,106.081142701065,1229
14,7,0,376.7435683126177,196.7095442140023,1455
14,8,0,373.8319660399039,122.8238557407962,1555
14,9,0,403.4219450166814,132.5307620567243,1689
14,10,0,411.5568383963667,122.9280119405495,1798
14,11,0,399.9575083782263,219.9819733955383,1843
14,12,0,420.773110544359,111.3409215713574,2018
14,13,0,387.0353117036133,86.11917397183058,1968
14,14,0,407.4931312385056,90.31314062961823,2120
14,15,0,417.0229889631841,392.37105314239,2073
14,16,0,388.4112118522976,91.11314416013043,2092
14,17,0,361.1286421216619,73.46277265079152,2028
14,18,0,340.5132928460545,66.14710621608256,1957
14,19,0,293.5642970373428,60.30654144876441,1713
15,0,0,197.8356792731427,95.98468083236402,601
15,1,0,212.4845895140009,97.02780446299541,662
15,2,0,245.3739463344916,111.9629118080502,775
15,3,0,250.389321000424,97.48395612127378,851
15,4,0,303.0682900076474,134.633018581715,1049
15,5,0,310.3429854368568,125.5056000623802,1106
15,6,0,333.9970015075449,125.4324155300577,1252
15,7,0,324.0995200097338,99.4875432289905,1296
15,8,0,343.5324205009039,100.3252833146505,1439
15,9,0,365.7806220142782,116.2529795184812,1567
15,10,0,368.7214836548582,103.9499081490107,1641
15,11,0,391.5084595497834,120.3688786783858,1772
15,12,0,378.5119412964336,96.53175253432047,1810
15,13,0,399.0610935053885,120.077093159743,1956
15,14,0,374.6027944458416,80.60742647787029,1985
15,15,0,383.7879171164795,140.4865234385538,2016
15,16,0,369.5718028216141,75.6677750553237,2055
15,17,0,353.0137522669962,72.31168723085771,1991
15,18,0,320.6311204504215,61.59420718801755,1874
15,19,0,260.6860769224613,57.7890104867834,1517
16,0,0,190.6157900641564,95.85316930714215,572
16,1,0,195.1403831643065,91.88419721974081,605
16,2,0,207.5470579583345,93.92862515085743,654
16,3,0,234.9524044528996,112.0401968758141,774
16,4,0,268.7428373783561,96.32544774311556,948
16,5,0,282.1469107372967,90.7893131562623,1072
16,6,0,306.5248603814245,108.6628632316294,1129
16,7,0,333.2673923837513,138.5236608179352,1266
16,8,0,360.3718464803479,119.4902906935572,1448
16,9,0,336.8135100923467,96.23568358358719,1461
16,10,0,348.9339762023496,103.9638859114136,1514
16,11,0,364.8224118543257,203.7055965232692,1642
16,12,0,368.0583352011302,92.20811689200774,1765
16,13,0,374.2909751844309,124.7474350258981,1832
16,14,0,357.0862192255946,102.6390029001605,1813
16,15,0,376.5477218152527,237.836267774888,1910
16,16,0,341.1082915358286,124.030548921472,1835
16,17,0,344.6290790699887,567.0870417171532,1793
16,18,0,303.547486559367,103.9757547442888,1692
16,19,0,250.976401860529,50.98825059323174,1479
17,0,0,171.5837453194973,86.0153758529387,500
17,1,0,187.1679584217622,96.5541891811508,557
17,2,0,203.1123270304696,89.41622388473483,657
17,3,0,232.0103524288237,98.55445621976743,776
17,4,0,247.3569011968943,106.6954535235275,851
17,5,0,266.987877551495,101.7423492952421,956
17,6,0,291.3561483058687,130.9214423389955,1058
17,7,0,329.5856018620377,283.4018100709244,1236
17,8,0,311.1204272395379,103.2918643714212,1271
17,9,0,328.0115966736284,719.947547349148,1316
17,10,0,335.8407648076682,266.0314150646896,1395
17,11,0,320.6342945442694,94.63989848865718,1497
17,12,0,345.4703918482198,96.6330763911493,1610
17,13,0,354.8173026838753,164.4979060048435,1724
17,14,0,303.1352921035443,65.08206893325443,1602
17,15,0,321.7329160862379,71.85721575660652,1709
17,16,0,313.763111400539,65.33439259172235,1724
17,17,0,301.9697936687858,132.4288557047676,1667
17,18,0,259.9025823314054,50.87744721976291,1526
17,19,0,227.0679449643827,44.14516635360581,1348
18,0,0,160.6417243100817,145.8132418273601,468
18,1,0,181.8932479900555,85.99618206003295,525
18,2,0,184.5836592275245,79.98600292623932,615
18,3,0,199.6676602035826,78.69299124155062,682
18,4,0,224.4155340653883,99.26475019404926,775
18,5,0,243.7072473020554,93.89503474232798,870
18,6,0,266.4745333736533,92.99933501940644,1001
18,7,0,254.1745960326095,92.35541055262483,1000
18,8,0,285.8089439625275,108.4947542759734,1131
18,9,0,284.3558381177274,84.00615089582739,1200
18,10,0,306.3038508466097,235.325814027302,1291
18,11,0,297.0294331980848,77.43040250900651,1374
18,12,0,314.5343213965643,305.5420183019812,1408
18,13,0,295.0554650737953,74.40733698041915,1462
18,14,0,280.1480473459808,68.75207082859866,1424
18,15,0,298.8764151405887,72.90647677176875,1582
18,16,0,282.6486952044057,60.30078936319205,1541
18,17,0,275.4656576497941,55.71038288225173,1553
18,18,0,237.7362648644027,77.35328591878869,1314
18,19,0,225.3634196458156,337.0727013917428,1220
19,0,0,143.767732164022,69.08835655925789,432
19,1,0,168.5848447266837,104.6945789741838,478
19,2,0,170.6903571503401,75.62221163541692,544
19,3,0,192.953803571958,91.18162763570123,630
19,4,0,202.9818264428563,91.47104427941596,673
19,5,0,225.5371606898805,110.559243805066,811
19,6,0,214.9981155936787,78.98965650022065,795
19,7,0,237.6321328470773,87.65543159956071,907
19,8,0,240.9236708522036,72.56039010187556,1001
19,9,0,254.7263596203218,96.8954291893595,1066
19,10,0,255.8527390465564,79.39475249957589,1132
19,11,0,251.1779893091145,67.28333507946418,1155
19,12,0,261.8722006349948,112.4037168916065,1206
19,13,0,273.2377356491105,179.6086951940785,1264
19,14,0,257.4043455744243,67.33247643134997,1324
19,15,0,255.0838493411861,71.7034610286653,1319
19,16,0,236.143534695097,68.07436862989033,1279
19,17,0,225.1406329425716,49.64746460222543,1276
19,18,0,204.9497912900214,39.97499571087028,1174
19,19,0,175.3967234154725,34.53318996591502,1019
