# mesh name: boxMesh_1
# primitive scorer name: doseScorer
# iX, iY, iZ, total(value) [MeV], total(val^2), entry
0,0,0,114.0058585265059,28.06259193290046,505
0,1,0,133.7061550013271,33.26563401140129,592
0,2,0,162.8337362304527,40.05830026257478,730
0,3,0,164.0425470027752,40.10023122653675,747
0,4,0,178.5536719581121,42.06590748629905,824
0,5,0,221.2509318773939,725.8169180690245,859
0,6,0,202.2545417893215,47.23515161720752,946
0,7,0,225.4044411511658,340.1344428839327,1019
0,8,0,211.0675302046871,47.47453277120277,1020
0,9,0,217.6442944197424,48.19384767590243,1081
0,10,0,222.5898403047668,48.675919197476,1123
0,11,0,224.9841200554335,47.95501680477074,1146
0,12,0,215.5603054284917,45.27443252933293,1124
0,13,0,216.69307444123,45.19027948258935,1122
0,14,0,210.9158068838942,91.35077018312535,1093
0,15,0,203.9996980542696,41.33723342574717,1098
0,16,0,192.2574895613177,38.73189996415235,1032
0,17,0,177.0798702581615,34.6570641948326,985
0,18,0,155.0975753508488,30.23168867739655,859
0,19,0,134.1967139257076,30.78133710002338,744
1,0,0,134.3373854588789,33.74682057999945,582
1,1,0,152.3564301212315,37.21745860232164,682
1,2,0,179.1297263348292,43.33064578219588,798
1,3,0,187.2841225657976,44.69338837048101,854
1,4,0,248.2257973808235,870.0415556783815,956
1,5,0,227.6630867670662,53.53386401823051,1052
1,6,0,230.7169870971886,53.59558659650977,1073
1,7,0,246.6462475477559,55.93439952815592,1174
1,8,0,235.3730990199015,52.76512925610769,1148
1,9,0,250.6227832785032,57.8908670238946,1220
1,10,0,246.7353026821549,53.43342370135361,1241
1,11,0,269.7192776540059,230.0805811942399,1280
1,12,0,250.5399922391862,53.70752643214366,1273
1,13,0,242.1392908843756,49.33024302430255,1287
1,14,0,238.0906829026414,47.80308863865005,1287
1,15,0,230.3812128604401,65.92092074996479,1213
1,16,0,217.4352918079627,176.3915285323104,1106
1,17,0,191.0854049291517,38.27218556440525,1046
1,18,0,187.1717563384495,36.50367149301315,1038
1,19,0,157.46877103131,30.68987768214273,879
2,0,0,170.9550968293039,102.9247523094386,707
2,1,0,170.1083102766528,41.58539467921331,760
2,2,0,196.9948047938862,62.5157332729249,867
2,3,0,206.1928838457196,49.11926144314958,931
2,4,0,218.542222602573,51.11971983863094,1005
2,5,0,237.0753768623505,55.15721987793773,1102
2,6,0,257.1520926876698,60.11387876023659,1209
2,7,0,258.7224499438896,58.77065243176306,1230
2,8,0,292.1438749336782,185.8123820742538,1358
2,9,0,283.198103961775,246.3071579023182,1326
2,10,0,287.4886598903918,62.39850556338975,1449
2,11,0,283.355876093181,86.61430055225202,1409
2,12,0,294.249789495815,104.9380340525664,1473
2,13,0,283.3459028280035,58.07699376898144,1496
2,14,0,264.6033850963549,54.51396835855917,1405
2,15,0,247.4011593750057,50.58451721516315,1321
2,16,0,242.0952255680395,48.04184408084512,1315
2,17,0,213.6731811369027,42.2686154897686,1176
2,18,0,208.162720396609,139.9887935234043,1086
2,19,0,173.5242884134382,37.0257096354365,967
3,0,0,177.8229216591604,44.52096949212638,768
3,1,0,187.3059342527364,45.57893424662424,835
3,2,0,209.1958295279275,51.00300780502295,931
3,3,0,215.5943231363117,51.61134767320326,988
3,4,0,246.3164785750034,58.44445034030145,1118
3,5,0,258.7053285778045,60.34189789478329,1198
3,6,0,285.3891992527934,66.26372659891314,1326
3,7,0,293.2363171929022,128.5034193977652,1359
3,8,0,298.4741709486736,67.59790996941464,1444
3,9,0,295.5446743040411,66.506163186493,1446
3,10,0,306.0614588773759,69.28750837689508,1523
3,11,0,314.0623945129152,67.82461470859363,1575
3,12,0,302.6985255675473,84.70274290909124,1548
3,13,0,296.7139506856947,62.51507011190284,1536
3,14,0,288.8236834155783,68.7633270993136,1528
3,15,0,279.2765194310932,56.93962643529883,1498
3,16,0,267.5995771231208,53.57688230976677,1443
3,17,0,247.7566355775016,113.8975231630341,1308
3,18,0,214.7024450953556,41.95727960753423,1191
3,19,0,175.5461725560425,34.17533769957865,982
4,0,0,173.1952006714074,43.02735100758209,763
4,1,0,205.6794967093093,51.40498981074287,904
4,2,0,216.5954894077562,52.05662105119801,978
4,3,0,250.2763175597882,80.66740420159283,1093
4,4,0,266.8690900399387,72.27258140187904,1205
4,5,0,290.0879891474801,67.42008871044447,1345
4,6,0,289.7891621240918,86.19494607356191,1334
4,7,0,313.8210261993415,72.09294440465641,1481
4,8,0,324.0257575118208,113.2243331981236,1515
4,9,0,325.7240787560556,72.03312858637696,1592
4,10,0,337.7209898457716,72.13662399295211,1708
4,11,0,331.2102097154568,71.66277495124281,1668
4,12,0,320.9871374224695,67.6528617029519,1654
4,13,0,333.9836592248521,70.66791011016574,1729
4,14,0,317.2930999471236,65.66773272688293,1661
4,15,0,314.3246044861864,63.62653725862941,1680
4,16,0,283.5776167333373,78.76230711242879,1516
4,17,0,260.6669646399304,59.73437909845401,1404
4,18,0,239.6020362926904,47.06027743459109,1325
4,19,0,205.6040087116533,39.88732589333767,1148
5,0,0,182.9930297318504,46.06425477172898,784
5,1,0,210.9439277048807,51.82318992551161,929
5,2,0,238.3554487201055,58.04211091851273,1056
5,3,0,262.5841637492024,70.04651930044086,1163
5,4,0,319.1083476043473,416.5499377723565,1332
5,5,0,292.534552997555,69.03313689973776,1354
5,6,0,335.6901522863548,588.4735980171042,1475
5,7,0,357.0968644851238,249.1059456979965,1584
5,8,0,334.6785270056985,75.9431420271016,1607
5,9,0,346.4763720105367,76.42057574346785,1707
5,10,0,348.0600012712957,82.58802963696881,1740
5,11,0,354.3928056949823,75.85115750495632,1790
5,12,0,350.585929318658,73.28200135682023,1811
5,13,0,355.5342349466221,75.05562224005371,1854
5,14,0,339.7268052940582,69.88984103121344,1801
5,15,0,312.410422673772,62.64408471039239,1683
5,16,0,309.5694501314955,64.26431281068598,1669
5,17,0,268.8559405345299,52.2962828860058,1493
5,18,0,246.6753493277622,48.77752263654141,1360
5,19,0,221.5488289267304,42.64670151252447,1239
6,0,0,194.1769422546691,52.63775128214328,835
6,1,0,230.5484241220045,61.44326409061964,1014
6,2,0,254.9518308878329,62.07383266594839,1125
6,3,0,279.8590516045815,67.48865769727884,1251
6,4,0,293.999139227267,69.97150453691576,1347
6,5,0,315.1467271573886,75.12332328210739,1455
6,6,0,329.8644273842411,76.14733279761175,1533
6,7,0,343.1113964677938,78.24065897427606,1608
6,8,0,355.9461824265525,79.39359457899026,1730
6,9,0,351.8522735231455,137.7391986779524,1698
6,10,0,358.7943723171288,101.8586097836813,1773
6,11,0,355.9488962718301,76.43671482069195,1805
6,12,0,373.5209617804164,101.6721205770746,1886
6,13,0,346.4931817306854,71.87039480691875,1809
6,14,0,355.7774922495632,74.36816429507851,1853
6,15,0,327.3588486894571,70.6630418579434,1730
6,16,0,325.7158999042938,133.3536329552082,1727
6,17,0,286.9334484064992,57.21905267763443,1563
6,18,0,271.6885149448222,53.08893961570373,1501
6,19,0,221.4446312314564,43.17530931649844,1232
7,0,0,196.5844765134747,48.56736002296827,862
7,1,0,224.6612620946369,54.69481111618884,1007
7,2,0,245.4245371888879,59.7734192250209,1102
7,3,0,277.1591770472151,66.79140872253113,1248
7,4,0,287.2914798116917,69.62629706971417,1297
7,5,0,326.8929684072863,170.7670813989099,1464
7,6,0,340.4978353699414,77.90796323916742,1607
7,7,0,357.2398773597841,83.32502406697905,1678
7,8,0,366.6996093999117,82.71919733889666,1756
7,9,0,362.1609805766427,79.04986404709619,1800
7,10,0,368.9212782634261,81.60521927811386,1825
7,11,0,383.4077584667302,123.5911669669451,1905
7,12,0,386.5959351498774,81.56887322191236,2008
7,13,0,384.8126973655797,132.1888752776713,1954
7,14,0,364.3561486036304,74.08379927610585,1946
7,15,0,365.3204797344014,473.4530808324533,1802
7,16,0,301.3912717229671,59.3815638027603,1641
7,17,0,277.6749733747,54.69590982749245,1521
7,18,0,262.3637041108366,53.07350485126531,1438
7,19,0,225.1490830086966,43.78433737521209,1255
8,0,0,206.1868365559046,51.16858506032037,898
8,1,0,253.9181737915876,450.0857582683724,1032
8,2,0,264.4196841556127,64.17106745355797,1184
8,3,0,278.7752960621074,66.93009630335955,1267
8,4,0,309.3051876926361,73.8088145576457,1395
8,5,0,325.3997577751012,75.55544046874357,1513
8,6,0,337.2714800562376,77.85230826274453,1586
8,7,0,347.5128507797833,78.72319233163584,1661
8,8,0,365.4413154537901,81.7354810509005,1780
8,9,0,380.4630633578383,142.198184576334,1830
8,10,0,361.1215239235432,82.54740747421705,1808
8,11,0,391.3161121653855,812.3172182530384,1860
8,12,0,366.6540508614536,77.7711102590563,1888
8,13,0,367.8589823098862,76.87132998383491,1927
8,14,0,365.7290833858287,75.32942062055557,1920
8,15,0,355.749157313919,72.72247663113824,1895
8,16,0,338.4675788789315,124.3523526972393,1809
8,17,0,296.3001996867558,58.31256020743985,1638
8,18,0,265.5735278863845,52.23830493353191,1462
8,19,0,237.6371280150353,46.33908274611075,1328
9,0,0,209.5009313663831,51.9129492798121,915
9,1,0,232.0531184681073,56.6089966135836,1035
9,2,0,272.7794733653495,258.1420379969881,1147
9,3,0,286.5793548760927,69.449197834494,1272
9,4,0,304.1004400724181,74.45466871050034,1390
9,5,0,323.675524400412,75.55455298674953,1490
9,6,0,341.1957249959155,78.56030081941783,1601
9,7,0,356.9251757660054,80.7053073921288,1697
9,8,0,372.0610453762379,85.69413922103026,1785
9,9,0,399.950903105541,109.1434224556506,1917
9,10,0,377.1697620640022,83.54822298367327,1873
9,11,0,381.7639631333535,81.53390003581758,1935
9,12,0,408.9565009581661,86.56681854544212,2111
9,13,0,370.3159213507788,76.33099242824355,1945
9,14,0,372.1925262526663,155.2035093595345,1926
9,15,0,358.1068852962924,219.0057772860201,1856
9,16,0,332.1965978281535,107.5323526493822,1750
9,17,0,298.6492958177016,89.02203560706559,1592
9,18,0,271.4182565876574,52.9065177013043,1519
9,19,0,227.5079323405089,46.12998278570139,1272
10,0,0,213.8067664865498,53.04107230446389,935
10,1,0,237.4246633243294,87.61034172695339,1012
10,2,0,255.6732276497322,68.64535971190899,1134
10,3,0,282.8946935111196,67.65145897215632,1276
10,4,0,308.1914645504947,72.27667797534244,1433
10,5,0,328.1146183205898,77.59229375900837,1521
10,6,0,346.5548855947063,80.48295629663504,1608
10,7,0,379.9684829111965,238.8861442697966,1759
10,8,0,377.5341826853784,84.49802344782087,1826
10,9,0,369.8060210753361,107.3881627937136,1792
10,10,0,407.1454260727247,164.4793328349367,1968
10,11,0,390.8143375843227,83.93987602741286,1971
10,12,0,394.8181565894884,362.1604775451065,1943
10,13,0,379.1606140638165,78.04402211788337,1987
10,14,0,350.6224491278235,71.2838458545927,1870
10,15,0,353.9472297454657,99.32960255290786,1851
10,16,0,345.8243357727676,88.96779585763208,1856
10,17,0,297.1437718242708,59.09187844146852,1634
10,18,0,265.8695580346024,51.04305584288481,1491
10,19,0,225.598071241427,43.49965096658837,1261
11,0,0,213.1964429689119,53.20922288813954,933
11,1,0,241.3439432458263,60.24362688009914,1057
11,2,0,234.3738671140589,56.52782943430964,1063
11,3,0,292.8934448570789,77.27713953462261,1296
11,4,0,302.3834932212322,72.01905236290601,1377
11,5,0,336.1072064947884,98.64981485083229,1547
11,6,0,359.4098421611581,107.8079724376993,1646
11,7,0,366.6167971879215,90.90488480736801,1709
11,8,0,364.3239953191892,137.3177692278292,1734
11,9,0,387.2904282789343,200.1645578551935,1849
11,10,0,375.5272249978703,81.68999754069544,1868
11,11,0,360.6345718530595,76.83032860905077,1836
11,12,0,374.4730598682286,79.15148803736503,1925
11,13,0,378.5441736932684,77.68710501024104,1987
11,14,0,377.5550771768361,93.51439238039404,1959
11,15,0,348.6315364780152,72.11361981778154,1859
11,16,0,319.1955239725977,63.62066839069337,1741
11,17,0,319.7269947325371,642.8627419081197,1603
11,18,0,268.0872969822386,52.65128625299042,1479
11,19,0,229.9139315860972,45.11936050093887,1277
12,0,0,204.2776278084659,51.25477972052305,900
12,1,0,224.413239752226,55.0565800651301,981
12,2,0,256.5744221902551,63.24941196588251,1126
12,3,0,274.8608516453052,65.31648086397517,1238
12,4,0,319.1121375298573,75.73440894367936,1456
12,5,0,316.4936268995901,74.24518017124157,1456
12,6,0,347.1627890015772,160.9907409789642,1560
12,7,0,351.543113964877,98.27474572741232,1671
12,8,0,356.2613522443434,79.45965143215447,1726
12,9,0,365.1650261761667,80.16360670148654,1798
12,10,0,384.9693838262401,83.40757303038936,1910
12,11,0,388.017518837375,135.1613543532059,1915
12,12,0,410.1098575097699,1368.865098186534,1919
12,13,0,378.2266470486331,79.21253594506803,1965
12,14,0,349.8078607253796,109.2081058606679,1823
12,15,0,324.6684954296588,65.97794508449377,1737
12,16,0,306.8352269737997,93.13835202876433,1614
12,17,0,282.4252717200843,54.7601441993198,1570
12,18,0,263.7291366969347,55.06532749474271,1451
12,19,0,230.9328406402572,44.2428279051392,1309
13,0,0,192.7016211849209,48.28716586374724,844
13,1,0,214.5429344403464,96.28775456462881,912
13,2,0,246.0975060254038,59.02832926825277,1101
13,3,0,263.2971263806398,77.40271138530446,1166
13,4,0,282.9087556544696,67.03444082157895,1288
13,5,0,331.8924098494571,105.2437974984254,1506
13,6,0,330.9521111443551,207.3230779607945,1475
13,7,0,323.7203149788311,72.87848622877247,1550
13,8,0,351.1524335723165,77.10327372335456,1721
13,9,0,370.3206722753335,137.7015166120725,1774
13,10,0,346.6121383075348,74.63601915863384,1732
13,11,0,370.0826679298663,109.7521690200761,1831
13,12,0,365.1652479056119,151.0873154412672,1826
13,13,0,350.4858360709363,72.58048931170545,1830
13,14,0,339.5789556188448,70.26707339826561,1798
13,15,0,337.49831767421,79.97798088929001,1775
13,16,0,315.4043315092547,63.19368009530403,1708
13,17,0,289.8689154125829,73.09039451090426,1571
13,18,0,250.7836396313952,50.1103358542407,1394
13,19,0,233.4762139044238,45.54909653060113,1305
14,0,0,178.296867992982,43.50223770089104,796
14,1,0,207.0095769268777,50.37090644737825,927
14,2,0,222.523485631133,54.62330916985756,997
14,3,0,250.3930964624967,60.75938779715972,1129
14,4,0,288.5898698301293,68.98366190204364,1312
14,5,0,296.6527542446321,69.36634937914052,1370
14,6,0,315.4670974783409,86.3386329785033,1469
14,7,0,308.737890859607,69.36642175764933,1488
14,8,0,333.7217626269206,73.81468764172874,1627
14,9,0,343.73964484009,76.02426277551697,1678
14,10,0,343.2137730211771,74.53892160692598,1720
14,11,0,339.3650980146671,71.73584227176214,1740
14,12,0,358.7143586553943,75.30754796575272,1847
14,13,0,340.9647575861948,110.6269404484281,1723
14,14,0,323.0011432457594,66.79496842183781,1688
14,15,0,320.4651497097345,70.47069859305978,1700
14,16,0,292.8611486010561,57.79157844633009,1603
14,17,0,280.6436500796158,56.18157327648647,1522
14,18,0,257.5631479599382,51.58015453131068,1411
14,19,0,229.6022549974589,44.29415085996774,1293
15,0,0,171.5006026839654,43.07281166352846,755
15,1,0,198.8061288382435,50.80618956147503,875
15,2,0,233.258941703161,57.78178932126129,1020
15,3,0,238.7879051065413,58.00709270600572,1064
15,4,0,255.3436278027146,60.14070123976096,1169
15,5,0,262.5111139358308,61.67787656325448,1212
15,6,0,285.3315066403948,146.1341797135342,1327
15,7,0,307.0752014767965,93.42835254197742,1438
15,8,0,300.8471115263865,67.29811211733109,1455
15,9,0,320.5728834105424,70.28743406100617,1581
15,10,0,322.1289345299606,70.99688051561871,1612
15,11,0,370.2693065281776,794.0328097482775,1713
15,12,0,345.0843898449857,130.2581548132327,1734
15,13,0,316.1036861230114,65.62977779688296,1650
15,14,0,319.2041633258328,65.8848097957045,1689
15,15,0,314.877274970244,65.26043865485833,1685
15,16,0,284.9441151870459,56.57951731910454,1549
15,17,0,260.1550324407063,51.35084142947498,1432
15,18,0,248.6588843181846,137.3279383243874,1325
15,19,0,198.7532863692716,40.729253868822,1102
16,0,0,167.1841650981393,40.68617117479746,747
16,1,0,183.503368853188,45.38021257349904,802
16,2,0,217.5982497463568,69.57909975875991,952
16,3,0,236.3769002273159,56.9425392510018,1048
16,4,0,250.07732465236,59.32553165906693,1140
16,5,0,263.6726100961272,61.57592674811399,1211
16,6,0,287.7403661775799,72.22310197078993,1331
16,7,0,287.8175556311311,246.4809349953854,1307
16,8,0,294.4651515374347,66.46937985359577,1416
16,9,0,304.9017078558848,126.6429728179864,1452
16,10,0,288.9614470276894,63.52551224524369,1431
16,11,0,318.6440387176515,264.8860945552786,1561
16,12,0,296.0324284121768,62.24272267845121,1531
16,13,0,305.8544753160384,63.08425225096133,1602
16,14,0,294.9844366212443,114.7999216019441,1530
16,15,0,286.1679481087114,57.58228947742911,1540
16,16,0,252.3273005254137,50.11433366539931,1376
16,17,0,240.6542973938094,46.55895376249259,1345
16,18,0,218.8563416664359,43.78050177887015,1197
16,19,0,180.5695337852763,34.89199532565654,1024
17,0,0,146.0154009164037,38.21362137180136,641
17,1,0,168.1936158459624,41.07080337703431,746
17,2,0,197.9786868057391,60.25873056601716,864
17,3,0,209.2866965856117,50.13557902217892,941
17,4,0,213.9901633074615,50.35505419046432,985
17,5,0,236.0442280989883,56.68186893558636,1090
17,6,0,248.7483839254384,57.31205248530424,1165
17,7,0,258.1628195680618,68.71335938840967,1229
17,8,0,270.7005013208457,95.82543066549177,1295
17,9,0,283.253962312764,191.4903250913541,1345
17,10,0,286.3433440198584,61.72881151413323,1435
17,11,0,291.0494379449669,94.61999804682772,1449
17,12,0,288.751195678524,66.88798322489737,1467
17,13,0,275.4618314163313,56.83569753933716,1439
17,14,0,270.5839980562857,56.0688525329396,1427
17,15,0,266.6942815185878,448.1748130418447,1336
17,16,0,241.2606166963168,47.55033108404678,1319
17,17,0,216.3097503380777,43.46296277348875,1179
17,18,0,198.413408913223,38.86405631340328,1097
17,19,0,178.2129507701387,35.14087328880806,997
18,0,0,146.3329474754707,36.57412178604964,638
18,1,0,158.4511702315659,38.73742044918873,698
18,2,0,176.099694495006,55.28585295170121,767
18,3,0,182.4324011897676,43.61333908995723,824
18,4,0,195.7763113629913,46.74056208992094,893
18,5,0,219.5724512075523,145.2117047773023,962
18,6,0,213.349236423294,48.49936057399277,1010
18,7,0,241.5635554183052,254.4603851611788,1071
18,8,0,245.0822406705063,56.12734453707486,1156
18,9,0,248.468797387963,55.90901861161912,1225
18,10,0,240.1243516104495,51.84045700413512,1206
18,11,0,266.6682607399586,57.57378641823996,1336
18,12,0,253.3440205259058,53.33444933962304,1295
18,13,0,241.8866540389348,50.74788240133441,1259
18,14,0,246.9192059715786,50.61682885271837,1302
18,15,0,222.3804317126333,45.84413629895833,1191
18,16,0,208.4118293431045,41.84671939790154,1127
18,17,0,198.2793068443939,60.52851615161034,1064
18,18,0,180.0523073947111,34.85797011776396,1016
18,19,0,155.2279540763275,30.14638923364818,870
19,0,0,111.9710147519546,27.86528267996891,502
19,1,0,129.9414724802734,31.94219281266538,582
19,2,0,151.0759879397284,36.83865520087203,671
19,3,0,167.8331800120129,40.15659477837882,764
19,4,0,186.3547038428338,68.74916659391779,818
19,5,0,189.7601794923064,44.6583971095149,875
19,6,0,219.616854631395,52.50718240080502,1024
19,7,0,207.3774348753315,46.96798620047305,999
19,8,0,220.221988430266,48.51106985182813,1082
19,9,0,223.0803124674639,49.56942891668172,1104
19,10,0,214.3001353865784,46.74905164580714,1075
19,11,0,211.9110321491054,45.33657737466137,1089
19,12,0,214.8219177221993,45.65513333760839,1115
19,13,0,207.4901347254245,43.05716160782877,1092
19,14,0,216.0910077401803,44.24154904281734,1151
19,15,0,205.2552507895252,41.28608453781697,1115
19,16,0,189.9198506127985,38.34680757958633,1036
19,17,0,171.9666528377803,114.0366573092139,899
19,18,0,157.2691899853399,31.77628011204912,861
19,19,0,143.3916742386018,69.007684918338,772
