# mesh name: boxMesh_1
# primitive scorer name: doseScorer
# iX, iY, iZ, total(value) [MeV], total(val^2), entry
0,0,0,113.7083329542911,23.30488282707247,607
0,1,0,139.6446630785654,28.55536124308106,741
0,2,0,168.9145616021755,663.8010132600433,779
0,3,0,174.4754744881656,63.09992644508787,919
0,4,0,190.0785314904906,152.16585802681,982
0,5,0,201.2949590385163,41.35020781501933,1081
0,6,0,196.9553459070135,39.3733216350437,1079
0,7,0,216.7095666818522,74.08331147940004,1183
0,8,0,217.4211213255761,42.93927320756666,1201
0,9,0,216.2391591824735,41.85263121180004,1213
0,10,0,216.5547176380375,42.35287327154795,1203
0,11,0,206.9010262826532,40.31171079527945,1168
0,12,0,203.1913683363579,38.97612250358191,1161
0,13,0,199.0881428810133,37.27033913597018,1154
0,14,0,205.1599189416703,238.5631226288272,1102
0,15,0,208.106403225373,118.4345101164334,1131
0,16,0,179.2204200555788,33.98117175912973,1045
0,17,0,199.5872847846127,937.0414041720469,972
0,18,0,142.9795613344905,26.85207922469985,834
0,19,0,125.163640387006,23.02259426307997,738
1,0,0,131.8534219047818,26.52572631521701,704
1,1,0,159.4853527847952,73.81941205399589,813
1,2,0,180.1199104023367,36.80349261968784,943
1,3,0,189.5234595473469,37.85694968705027,1026
1,4,0,212.6561707691911,64.99697706063107,1115
1,5,0,215.8238182899921,56.62794253435793,1142
1,6,0,239.7065971959794,170.169654201528,1248
1,7,0,249.2786017854616,254.1545799041723,1300
1,8,0,245.0577935015063,71.44041510872209,1330
1,9,0,252.0723162727691,138.6699995697651,1365
1,10,0,241.8562012959719,48.162220265469,1346
1,11,0,245.7354243946637,47.21657066253407,1382
1,12,0,249.7214276139624,48.63870061084812,1398
1,13,0,263.3736899209516,284.7673682658344,1374
1,14,0,216.9408015619389,45.30623830914502,1227
1,15,0,235.9582880263274,93.80272183556653,1304
1,16,0,196.9064843613614,37.09432733647658,1134
1,17,0,194.7148663793959,39.52918727859644,1113
1,18,0,174.6463447095118,37.74435125031487,995
1,19,0,150.4591235426631,28.91856070456307,871
2,0,0,148.5137025736284,30.20402409873134,794
2,1,0,192.4608462141687,141.6803117061012,951
2,2,0,191.0828556057191,38.85677650646014,1022
2,3,0,232.1990575178072,71.66312421536648,1213
2,4,0,233.3888679969567,46.41139325518794,1259
2,5,0,257.6545716467472,201.2507357645381,1327
2,6,0,244.4450042117938,48.37061612092719,1335
2,7,0,266.4635065134764,56.6011053855036,1448
2,8,0,270.6527005135928,53.64689075471028,1487
2,9,0,273.4511322160042,53.58581884322516,1508
2,10,0,303.6696881732645,723.1958217990754,1572
2,11,0,277.0272704986791,52.78636391286491,1564
2,12,0,275.2113184242378,52.64467298330463,1550
2,13,0,274.7636239051229,51.9949671432958,1571
2,14,0,259.5108895795524,49.33393583175329,1471
2,15,0,250.9413409417182,47.22313957038109,1432
2,16,0,234.3117647407141,44.85528622327561,1332
2,17,0,213.7051107726939,86.9546777777344,1212
2,18,0,186.0561159356336,38.31015210449848,1079
2,19,0,164.6326845094293,34.30943905717868,954
3,0,0,166.9105872446794,34.57659027597893,880
3,1,0,199.8146286262592,102.1909826915301,1029
3,2,0,231.4141014883235,570.2332941693833,1118
3,3,0,247.7269278843449,49.71391451928439,1327
3,4,0,252.8310303649261,51.00934687425704,1348
3,5,0,262.280949980033,52.05125589752667,1422
3,6,0,279.8662301671138,57.15395948932517,1519
3,7,0,312.3047969444731,278.3304724012294,1633
3,8,0,299.7507570230319,58.72041581353541,1647
3,9,0,290.0379948945479,57.04515654523117,1602
3,10,0,301.886718775279,58.80179743230111,1673
3,11,0,308.478571299125,90.38551793242273,1697
3,12,0,305.2872618948955,58.6782221037773,1712
3,13,0,281.2486632305342,53.95326244848759,1589
3,14,0,292.8635964484367,65.50117844118465,1649
3,15,0,273.7934300685677,86.39079112673409,1515
3,16,0,257.8360388317902,49.79444753820498,1464
3,17,0,240.4353242518272,45.20614209499666,1407
3,18,0,212.4255495318302,39.88221341153178,1219
3,19,0,176.408503294776,32.93011428335404,1031
4,0,0,179.0620294240717,35.54311722369106,974
4,1,0,200.5066723551873,41.29029870661644,1075
4,2,0,244.2464241202347,54.66392006967023,1277
4,3,0,273.4730259793139,326.1288358083176,1368
4,4,0,272.0150364156478,127.1863234951351,1418
4,5,0,295.885881429433,118.0288795056738,1567
4,6,0,305.1483406126146,79.19505514863428,1624
4,7,0,313.1956795431261,62.33570451141476,1704
4,8,0,320.9638547690985,64.04969812892867,1754
4,9,0,332.2979154391576,64.56569169559911,1848
4,10,0,338.5851084143395,73.37146153619584,1868
4,11,0,326.2814292041926,91.71674577428992,1774
4,12,0,353.5463261033274,371.7488425408602,1891
4,13,0,329.5277802523539,180.5460539674015,1818
4,14,0,304.163585270812,58.03924712960867,1737
4,15,0,307.2628386839979,85.99586766099671,1710
4,16,0,272.2975796953811,61.86269027162351,1548
4,17,0,234.8042356746836,43.84021783729104,1371
4,18,0,222.890023085202,41.2092993533705,1300
4,19,0,192.4803088564076,39.21738553452469,1107
5,0,0,181.6604181518278,36.56837819412626,973
5,1,0,214.5068897861632,44.15694101374768,1132
5,2,0,260.4261204342541,53.25111523830734,1378
5,3,0,267.286023791345,54.02785532222498,1423
5,4,0,278.5656066464309,56.05863882364596,1494
5,5,0,312.2245372558206,63.56307034957405,1664
5,6,0,336.3850893622885,269.1709357512122,1742
5,7,0,328.0100794068733,64.43385419898679,1803
5,8,0,333.314438545109,65.48258588546406,1826
5,9,0,347.2868235422825,68.55257539075085,1908
5,10,0,377.5663195675954,590.0375562491655,1924
5,11,0,343.8673677385125,66.83635286387852,1913
5,12,0,338.6424880003517,64.38788830779514,1909
5,13,0,364.6266906232332,424.5695706233151,1950
5,14,0,323.1097378013502,63.41735732375075,1804
5,15,0,308.3455672515232,58.27848883260958,1755
5,16,0,299.7889092258511,92.08722280283592,1695
5,17,0,272.3478126194048,51.37342008432466,1559
5,18,0,230.0119995874684,42.78953670667148,1339
5,19,0,205.3109633473943,38.28695347404587,1199
6,0,0,179.0936197129309,36.28530767262936,955
6,1,0,218.9111594957078,43.70786966558799,1176
6,2,0,249.6027260739951,49.88051372346474,1336
6,3,0,288.17585110211,58.20158005134478,1535
6,4,0,298.1804816718194,83.02499688961056,1578
6,5,0,304.6976954655374,60.4732523192858,1652
6,6,0,364.7193141700465,750.5419218229362,1858
6,7,0,337.1750229579448,65.94138598006921,1847
6,8,0,339.9307176492483,66.1112140050499,1881
6,9,0,357.2381470632002,91.31593671198372,1960
6,10,0,376.1245298956749,87.23464408836789,2079
6,11,0,354.4534767132547,68.72754687770539,1994
6,12,0,368.5623649083461,338.764570744542,1996
6,13,0,335.0078768580325,64.44394380382047,1888
6,14,0,343.7777693549016,152.6962483644859,1913
6,15,0,300.2489665948308,62.21276294669406,1706
6,16,0,310.5560217525783,131.4427400729264,1735
6,17,0,266.0784680525872,49.85475568539885,1545
6,18,0,241.5271092660458,45.34505971668182,1393
6,19,0,206.1664336066076,38.83668178012253,1203
7,0,0,196.183608345501,39.72044635175171,1050
7,1,0,221.7539623122101,45.31566258145916,1179
7,2,0,255.8412645838702,63.72079223647859,1361
7,3,0,303.5265624516176,325.0090077243918,1531
7,4,0,302.4932019013979,60.16207483655839,1634
7,5,0,333.6669534389225,66.80346367619066,1781
7,6,0,334.7277220500277,65.9767128659518,1822
7,7,0,343.0092543377635,67.69286176234128,1878
7,8,0,372.838606639946,155.6784613056108,2014
7,9,0,378.0829700606252,82.97388580945977,2066
7,10,0,368.4744299025475,76.71284366672772,2062
7,11,0,374.316326566219,74.74778810463161,2086
7,12,0,380.4600841139961,72.77354858317854,2139
7,13,0,359.7976930272184,243.0340930081758,1944
7,14,0,345.3586425638346,65.03318946685498,1978
7,15,0,342.1924638058509,119.273011482543,1922
7,16,0,302.4162422832547,56.24046910979836,1745
7,17,0,272.1343529729271,51.14218726474068,1576
7,18,0,252.6580355230889,49.08864711632511,1467
7,19,0,234.5983852470013,161.753318196277,1314
8,0,0,222.5211865246559,182.7365179722502,1125
8,1,0,227.3390141863497,46.33459675478435,1207
8,2,0,265.1601696245092,67.48539596570819,1384
8,3,0,295.0572056982567,60.26687870475551,1588
8,4,0,307.4132386411295,61.81025843470553,1644
8,5,0,333.6229273660229,66.55337904202187,1797
8,6,0,336.7089584856115,67.04669751008427,1822
8,7,0,360.8145676495003,71.1992568255703,1975
8,8,0,383.6744434955092,81.98773865249046,2096
8,9,0,368.9428819512567,72.89548768609318,2029
8,10,0,377.5039787454086,258.5246618540405,2032
8,11,0,380.0410166892722,82.34998846861396,2085
8,12,0,371.0741065288874,72.83454629679603,2080
8,13,0,398.8531699821104,632.6621675970896,2074
8,14,0,340.088324920641,64.32737446328022,1938
8,15,0,347.4050714727574,66.82790998451773,1981
8,16,0,329.6867575014775,132.3079249233922,1847
8,17,0,293.7384551353552,58.90816193175783,1679
8,18,0,255.6300356460436,47.35091747608929,1504
8,19,0,222.4554372302356,48.71824225229683,1290
9,0,0,207.8279121458018,42.3323940786782,1108
9,1,0,232.797470244498,46.73167525627384,1244
9,2,0,270.7832785061476,55.5192943802713,1426
9,3,0,308.8319950888415,72.5911512609602,1622
9,4,0,328.2626002318269,67.23620324143494,1741
9,5,0,331.2157455938736,76.48140446757854,1780
9,6,0,341.0336723911821,67.38540805508283,1857
9,7,0,360.2023064301883,88.24107659815105,1961
9,8,0,364.8680629258783,71.17932015751811,2028
9,9,0,372.3998762444068,73.24754167007421,2069
9,10,0,368.0051561673161,71.43628931749443,2056
9,11,0,396.6686215422169,117.2656599657102,2175
9,12,0,374.667455041372,82.29355051202262,2084
9,13,0,383.1041242132036,73.55469133708465,2174
9,14,0,356.5867115057727,67.83776120665951,2024
9,15,0,334.0313400006381,63.46318842177972,1914
9,16,0,321.8951437376949,105.5287099231961,1811
9,17,0,285.3049140688809,54.2471031208722,1633
9,18,0,262.5271238655244,49.17461221756823,1523
9,19,0,230.8467435931653,239.1298492402937,1262
10,0,0,212.4770964633856,43.14627373218993,1125
10,1,0,237.2997334952633,48.26748628162338,1256
10,2,0,282.0339928492911,262.2040029896787,1393
10,3,0,291.895454310448,72.91813073006502,1547
10,4,0,314.6956712135454,62.7434529818866,1706
10,5,0,337.180234599589,123.956928048497,1776
10,6,0,360.4631162315006,142.7759720845962,1910
10,7,0,373.6257236546593,160.1421623017606,1972
10,8,0,376.9084733803595,73.62239162001252,2083
10,9,0,377.3797857747769,74.00210037977038,2093
10,10,0,380.546203097372,73.74473484139263,2118
10,11,0,382.1480727887594,81.87284915921057,2123
10,12,0,376.8226086647319,78.6526608224688,2079
10,13,0,369.4747023580355,98.50413061110524,2052
10,14,0,392.1348479247487,491.7628892793535,2117
10,15,0,343.367416167199,126.6399015711064,1923
10,16,0,312.2246562726062,59.93450659110294,1786
10,17,0,287.1980469419363,53.16113252777079,1674
10,18,0,264.8736524737253,141.1680262663264,1486
10,19,0,212.9522089782631,39.76932007255316,1236
11,0,0,232.4502047942937,509.9551682661815,1083
11,1,0,257.7616947951981,139.612154711256,1330
11,2,0,277.2324522782096,62.91530071192098,1459
11,3,0,300.0009313322543,73.79392723076559,1573
11,4,0,312.0916968648731,63.7747600735954,1676
11,5,0,328.3666694081696,65.98298225847076,1765
11,6,0,352.948624089695,74.75278725821026,1894
11,7,0,355.4031383494808,70.38923931169754,1926
11,8,0,367.5451573255785,74.34476995024266,2007
11,9,0,364.9678615554661,70.96655289813536,2027
11,10,0,390.1104788910004,83.65784279428247,2160
11,11,0,359.6907754841326,90.99725189228492,1962
11,12,0,370.1849648731797,159.6778051834022,2028
11,13,0,359.3766415481863,67.97510998036124,2052
11,14,0,368.7985423280402,75.29156355687934,2085
11,15,0,320.8756804729104,59.66052295756121,1860
11,16,0,310.1932689338397,60.66987193333257,1768
11,17,0,295.687419495588,68.5300350998467,1701
11,18,0,244.851997612344,46.65575305399462,1416
11,19,0,216.6463981031668,39.71285777468086,1275
12,0,0,208.8652446637851,42.4363403653204,1121
12,1,0,238.2601691036793,81.68656911175009,1225
12,2,0,257.3740039599839,52.33874908506368,1361
12,3,0,291.469740524801,60.18443482944163,1537
12,4,0,329.7330264524962,369.2258899570245,1663
12,5,0,335.1823149098738,67.68542513291499,1803
12,6,0,355.048936524751,70.13768794535653,1939
12,7,0,362.1504199247223,71.35066355719707,1998
12,8,0,372.707918291536,76.97083718472726,2038
12,9,0,366.1581975770029,72.17057192135363,2013
12,10,0,411.6110364049233,1627.243954914894,2079
12,11,0,368.1644018384048,73.29835875303223,2055
12,12,0,357.6426693185022,68.60615882602177,2025
12,13,0,366.4779597572523,74.42172099193205,2066
12,14,0,343.8695987815008,64.97949720030945,1969
12,15,0,314.2035481024751,58.14984290487272,1827
12,16,0,328.5513665222101,120.4962947835202,1802
12,17,0,283.7908961049023,52.99732491210668,1650
12,18,0,263.6765525429855,49.77944644633207,1501
12,19,0,212.3217383387995,39.21695767095824,1254
13,0,0,188.4778398782653,38.07800814474185,1001
13,1,0,218.7057554237011,44.3085726922131,1160
13,2,0,262.3866898870556,72.45968381799534,1366
13,3,0,291.1834383454062,210.413740131958,1500
13,4,0,314.6519778385658,114.4797601238355,1652
13,5,0,359.5741949915987,1300.292792454131,1750
13,6,0,332.0568319360314,66.64261147472314,1793
13,7,0,344.0836741902321,67.79341863134147,1885
13,8,0,344.8455470986913,67.45844232907142,1893
13,9,0,380.5972596511585,308.4704836832611,1979
13,10,0,378.3210680595257,109.9300634619459,2069
13,11,0,355.5858172361145,69.07233553387654,1990
13,12,0,346.6245343862961,66.34031210449051,1956
13,13,0,350.2848243981199,67.5530852811531,1990
13,14,0,359.0967901466116,770.4947002690008,1896
13,15,0,319.16718470104,61.04224779686515,1815
13,16,0,291.1180588610889,54.81639992269319,1672
13,17,0,268.9525511647886,50.05998099106954,1555
13,18,0,246.8411610266461,46.1923475342672,1420
13,19,0,219.1254581463127,40.94097682140357,1273
14,0,0,188.3624537502583,37.99959068478908,1002
14,1,0,221.9216798603115,45.33181466661431,1181
14,2,0,247.3454774156209,92.0406802562168,1266
14,3,0,264.4725415365124,53.44335384708436,1412
14,4,0,289.3870408084201,58.67605187144002,1546
14,5,0,303.8583295945186,60.33866750326218,1638
14,6,0,332.1763791498307,71.1205299968893,1782
14,7,0,325.3467394069852,71.07350927386943,1760
14,8,0,349.1907299509348,81.62612682213626,1892
14,9,0,348.8058625817003,85.39280223204221,1893
14,10,0,349.6104369723888,67.08058359926481,1957
14,11,0,341.2287914866229,66.76869240699642,1886
14,12,0,334.4509130894387,64.20868880869752,1881
14,13,0,339.1971211820402,66.60005009759993,1915
14,14,0,347.8852725401142,217.264834076344,1901
14,15,0,319.8013394506796,60.59457463357756,1829
14,16,0,303.9001336876076,64.53199748937909,1710
14,17,0,258.1793742358864,47.79829044972681,1496
14,18,0,225.5014482934197,42.76561544271258,1297
14,19,0,201.7943754009516,36.97140182212146,1184
15,0,0,182.9413061065544,75.64368366713163,943
15,1,0,206.9833430818422,44.50875240597835,1089
15,2,0,229.8992688962716,46.41980073583384,1224
15,3,0,254.0108899699026,50.53129129221225,1362
15,4,0,262.3344399622749,53.77068897016849,1383
15,5,0,287.2044887848974,70.14621940142662,1534
15,6,0,288.9422448880716,60.30301647569618,1563
15,7,0,326.1902411680911,115.0147686060725,1756
15,8,0,330.0420995595196,83.85005894941293,1792
15,9,0,328.46342047341,65.00436893503142,1784
15,10,0,315.8530716441005,61.49790783799954,1750
15,11,0,335.63173079675,65.86228313458851,1866
15,12,0,322.1251895192812,61.7445657636166,1816
15,13,0,318.2135601379588,61.58009335236587,1805
15,14,0,312.7127642370276,59.86263077712864,1773
15,15,0,295.8522695139407,56.35037258405866,1676
15,16,0,266.6166340572885,50.11767316402884,1530
15,17,0,249.4116462372383,47.76274999258315,1434
15,18,0,211.8059469741676,39.30137142007405,1229
15,19,0,189.3691042427272,35.3548828647566,1112
16,0,0,160.704847077281,32.09064159592733,877
16,1,0,196.528164928666,39.78828937873866,1046
16,2,0,215.1423380093737,43.90943194138264,1142
16,3,0,241.1761668482967,47.43460619470518,1314
16,4,0,248.8998346093953,49.73680773528223,1334
16,5,0,273.6533114687106,106.0877919340533,1445
16,6,0,281.736795093257,55.71353850398013,1531
16,7,0,294.445758390781,60.63910936794142,1590
16,8,0,313.4644571886049,99.12435127869978,1676
16,9,0,294.3991865036327,57.93734740250127,1640
16,10,0,304.052127080006,58.88499480201006,1702
16,11,0,295.2022720456118,57.123485011683,1666
16,12,0,306.9612553885002,59.30821220446195,1727
16,13,0,294.4713214543879,55.46210099959134,1679
16,14,0,278.3409628531048,52.90044673309873,1576
16,15,0,278.633357576196,75.13266533753068,1553
16,16,0,267.6042051039122,50.40275421959596,1532
16,17,0,239.3690472086839,45.50754382322393,1366
16,18,0,209.3153850953261,39.14791130545061,1219
16,19,0,175.8967277787384,32.92063172955184,1015
17,0,0,153.7563428251654,31.62404777997588,813
17,1,0,175.6196801574698,35.53455924957869,936
17,2,0,191.0683624494626,38.38810723206458,1022
17,3,0,219.3725166542134,43.32007940318782,1199
17,4,0,238.3527845265392,47.48632748931885,1292
17,5,0,237.3252273351647,46.82265064196698,1289
17,6,0,263.9107087407367,54.49612516469593,1445
17,7,0,280.2752962534784,57.6915919660002,1520
17,8,0,282.0687232695172,54.70271956226189,1561
17,9,0,291.3680511582823,286.9189646466443,1506
17,10,0,268.5257252775247,51.7237174877238,1509
17,11,0,283.0604429997244,54.0884692748682,1595
17,12,0,281.8354384575534,58.81156891690903,1569
17,13,0,267.7282158756815,51.3561980484902,1506
17,14,0,252.2023633224432,48.38529983583089,1422
17,15,0,246.7141722756773,47.52297810345013,1412
17,16,0,228.7386760825681,42.83698027615727,1325
17,17,0,204.1459039947939,39.62713140175685,1169
17,18,0,187.3782953924026,43.50675028631306,1074
17,19,0,162.9698526437773,30.3010198868136,954
18,0,0,126.2004610043212,25.3312387081196,684
18,1,0,163.1149097318948,34.16931821355988,867
18,2,0,171.0325057560678,34.46417130044868,918
18,3,0,189.3750707980971,37.17040472316852,1029
18,4,0,192.9687857928206,38.32182356952161,1049
18,5,0,225.5047462125584,45.94392920210324,1209
18,6,0,227.3179637158849,45.46420719351254,1223
18,7,0,232.488613030156,46.62182334422468,1256
18,8,0,247.6517739892799,48.84340543009386,1361
18,9,0,242.1768392778972,46.87976085831851,1347
18,10,0,250.1626147380548,48.43964293969061,1393
18,11,0,236.2479975562262,45.3521613133593,1338
18,12,0,229.2550017086,44.77901193731532,1290
18,13,0,249.151921343284,48.57820383566832,1417
18,14,0,228.655340682442,43.22277636942716,1295
18,15,0,225.0807979322151,43.02947267298359,1273
18,16,0,219.8432393710125,314.9629263742735,1174
18,17,0,193.2801957075086,46.96629095203527,1105
18,18,0,163.2514094224807,30.61550107820902,942
18,19,0,149.0043316354241,28.46210223134269,862
19,0,0,118.0912173592017,23.79653098688572,640
19,1,0,136.1642924866856,27.65396934440538,736
19,2,0,150.7311363673755,30.31913053743471,815
19,3,0,161.1961812689474,32.18777938831969,876
19,4,0,169.7801864223883,34.86610400840946,907
19,5,0,187.3593400473152,37.76883576810788,1003
19,6,0,211.1744488940816,228.0725848923975,1082
19,7,0,201.9510278320976,40.07738383040186,1105
19,8,0,204.4850073466631,40.16389118818974,1135
19,9,0,215.3260714562389,57.04529413415005,1168
19,10,0,226.1570961047283,44.87387731714879,1259
19,11,0,233.5164233687327,229.1836933244967,1237
19,12,0,219.8327637011254,44.09083285047907,1237
19,13,0,206.4198272333661,39.74526057961322,1174
19,14,0,223.4126387518182,167.6320169254365,1217
19,15,0,193.7236674114331,37.17608225953973,1098
19,16,0,165.9175495870861,30.95639202414629,965
19,17,0,158.5004523610042,34.29869490785805,923
19,18,0,154.4602767087724,71.43148372056122,866
19,19,0,122.2192823027608,52.79291096563903,673
