# mesh name: boxMesh_1
# primitive scorer name: doseScorer
# iX, iY, iZ, total(value) [MeV], total(val^2), entry
0,0,0,107.9207503121318,25.30302347991237,508
0,1,0,133.3207355935328,31.65259471535422,631
0,2,0,137.7380867115805,30.79824489908787,686
0,3,0,169.4350827384802,107.5172917828342,796
0,4,0,175.0775126255374,38.39222680588692,876
0,5,0,183.185175424138,39.14035967545162,939
0,6,0,198.9581041153791,41.57697666631584,1049
0,7,0,195.1468656319165,39.83565061543094,1040
0,8,0,206.6242235658315,41.18235730724307,1141
0,9,0,213.4514341450495,42.0450433148897,1188
0,10,0,226.3643739131154,88.50592619269612,1254
0,11,0,216.4380258685858,49.52621817896956,1237
0,12,0,227.8735758226425,59.04994290239507,1319
0,13,0,226.634071269582,63.11999410112956,1332
0,14,0,230.6890995151545,64.52648320884575,1410
0,15,0,215.8304822393163,38.07321173858138,1379
0,16,0,201.576232412052,34.40663097056552,1304
0,17,0,203.1429471864902,33.76532891288577,1342
0,18,0,175.0164492150965,28.21513421616653,1193
0,19,0,146.1345726164069,23.49159126827586,1004
1,0,0,138.6903950339221,43.40683511272767,622
1,1,0,147.6171315223296,34.32454833092735,696
1,2,0,178.1635272085702,443.4203059330978,763
1,3,0,200.7270040293083,432.6927848172892,873
1,4,0,206.8348629432261,94.73680773995983,1000
1,5,0,217.7505596135814,46.38616433051802,1113
1,6,0,221.0282940289336,46.68047225469457,1146
1,7,0,238.041289471333,87.06446710354452,1222
1,8,0,239.6381258786277,55.99195773940924,1290
1,9,0,261.1022699592785,56.07416406813278,1465
1,10,0,244.2324623749688,53.83890972806059,1379
1,11,0,264.9842550330744,115.6210173482085,1478
1,12,0,236.2431223538787,43.97510182935071,1419
1,13,0,264.6488303101951,47.91250321700422,1611
1,14,0,255.6867090611494,44.99933516298442,1596
1,15,0,262.0890681607272,49.91770717120743,1636
1,16,0,251.29188958155,42.91439613673406,1635
1,17,0,248.5116156031189,182.0928624256775,1564
1,18,0,219.3787586606344,37.45682355067668,1465
1,19,0,175.8366751785684,29.74937559403051,1186
2,0,0,138.7166088012007,31.92030417456182,658
2,1,0,147.9879131547045,34.25020711692781,696
2,2,0,180.2015281184759,40.24629576011304,877
2,3,0,210.7588119503838,47.18085887440171,1025
2,4,0,221.0480998905455,48.39390350769551,1094
2,5,0,232.1818447660884,50.61550262121722,1160
2,6,0,248.142964675485,52.4930049298375,1279
2,7,0,256.3772003246615,52.78395964238492,1365
2,8,0,277.3584963652828,55.88307787252443,1495
2,9,0,267.5135975010933,53.0109233815682,1473
2,10,0,285.6752282092551,62.46085583584622,1598
2,11,0,279.4515872841944,51.59145775308717,1646
2,12,0,296.4384957228899,54.64905510853693,1756
2,13,0,298.5963245390915,53.24209310731377,1834
2,14,0,297.8157141382374,52.91108451969232,1838
2,15,0,293.8495636095561,164.1034270778351,1830
2,16,0,293.9915071796327,53.4307477350093,1883
2,17,0,277.2843315852995,46.59185581762947,1813
2,18,0,260.5478725304564,228.6453505314596,1655
2,19,0,220.5636566129128,148.4360540733752,1406
3,0,0,154.351088553418,36.29628505438068,723
3,1,0,166.5628183260552,38.53479346465981,787
3,2,0,207.5020730463714,46.59839067643973,992
3,3,0,226.1846998859531,49.86201063078938,1107
3,4,0,253.5160892266231,54.85991365703532,1270
3,5,0,246.8666335832415,53.24738395145029,1263
3,6,0,273.8249694865185,86.33250623672602,1386
3,7,0,289.7406288863462,63.07304879071811,1537
3,8,0,295.3119845026098,60.33881296667485,1606
3,9,0,295.7456917997568,58.07241690705486,1642
3,10,0,326.1292183078934,63.52260209918855,1837
3,11,0,307.0889831530325,58.72484965571191,1771
3,12,0,305.7764176976756,57.42749311241057,1818
3,13,0,311.252941294608,57.00994108699177,1891
3,14,0,339.7351672445702,784.9895309727546,1913
3,15,0,318.8347109726498,55.62961399719931,2035
3,16,0,321.717892723636,93.28244334371105,2056
3,17,0,306.4033078914655,176.8295710444259,1950
3,18,0,270.3664123799285,45.34478605119103,1779
3,19,0,226.3159802016599,36.78677855939154,1531
4,0,0,171.0259191601484,40.61528294872473,789
4,1,0,188.3803859926008,43.39719426661138,902
4,2,0,217.0816458249709,50.17293001685456,1027
4,3,0,243.4390698719538,53.48880467691539,1213
4,4,0,236.9460051166975,51.00026181184765,1191
4,5,0,267.5198552911224,57.43644954726281,1349
4,6,0,305.3504447062301,76.86742613912135,1576
4,7,0,304.6860667509749,221.98718997515,1563
4,8,0,314.0337986511205,62.20889961312638,1725
4,9,0,314.7567097786409,61.57678107602284,1748
4,10,0,339.8821979387695,65.24977203856956,1955
4,11,0,340.8187481169226,63.60361424493057,1998
4,12,0,344.7822992429282,142.0088675509172,2007
4,13,0,345.0445183484752,62.19747690524873,2093
4,14,0,339.5560984148912,60.55837240749727,2106
4,15,0,336.8769279758617,57.68095731692068,2157
4,16,0,333.2366659085725,55.91947140459921,2172
4,17,0,334.8102974877465,81.59509554501957,2175
4,18,0,294.6476545922185,59.34397993469308,1942
4,19,0,244.4338966613018,108.1800629300001,1595
5,0,0,179.3839767705645,42.50621752678242,833
5,1,0,196.0710267966846,45.23288840827904,927
5,2,0,222.0249108700325,49.78731551611897,1075
5,3,0,250.6251260944261,55.83573865319207,1218
5,4,0,276.4149216695509,60.41823856697347,1374
5,5,0,305.9533217309861,264.783755644633,1483
5,6,0,333.9802210569738,556.6708638972643,1608
5,7,0,334.5333758166246,161.8306470935602,1709
5,8,0,325.4208853377966,65.39999151677144,1773
5,9,0,336.3663929738332,66.44296053191476,1866
5,10,0,353.2441496953347,67.73505682820215,2018
5,11,0,357.7464906380168,70.74898504424743,2066
5,12,0,360.0684050067149,66.74733395991944,2141
5,13,0,351.314742712996,63.8188033332731,2143
5,14,0,356.0282298850422,62.94754979365282,2195
5,15,0,349.3389932451863,59.71529600216986,2243
5,16,0,329.9049973621102,55.65900453506109,2139
5,17,0,311.2519181340612,52.24326391422878,2054
5,18,0,289.9753437921558,47.59310197451153,1948
5,19,0,242.7867322542317,40.12051833607368,1634
6,0,0,197.6247960676475,132.1537707922456,862
6,1,0,216.2812698964483,50.28254306182092,1014
6,2,0,243.8127107965642,55.62865800430567,1167
6,3,0,262.125955862174,58.06800802578752,1292
6,4,0,281.7406453493529,65.97426469338596,1407
6,5,0,304.2159545406283,106.0985541530438,1520
6,6,0,319.1792530296084,66.90131739518991,1662
6,7,0,323.2389223186225,97.00380875885708,1700
6,8,0,352.498514966062,69.859545810149,1931
6,9,0,360.9224177130595,70.65989889402012,2012
6,10,0,370.1396539801074,100.2081616643798,2076
6,11,0,384.6799496593349,250.4778326687299,2138
6,12,0,371.6908735857523,75.77963841464752,2195
6,13,0,362.2042463942144,98.44034850801796,2159
6,14,0,392.1870108162173,80.88694786969886,2385
6,15,0,372.3245934841285,63.94257965198917,2371
6,16,0,374.0427378545057,493.2204576914974,2285
6,17,0,327.0375998693338,54.12792833927826,2176
6,18,0,302.8935176775276,51.50507197325216,2012
6,19,0,245.1109724566707,39.50761873255957,1675
7,0,0,192.4068779307583,70.33195509884362,871
7,1,0,216.3432672877041,50.82042956974426,1008
7,2,0,228.8569493579358,52.37541663049067,1089
7,3,0,268.4654444856932,112.2908419519698,1268
7,4,0,288.1689128017382,63.19953147502841,1433
7,5,0,295.7456244186177,63.01259667160284,1513
7,6,0,314.0266764684442,66.01514705097205,1633
7,7,0,345.9052537827001,113.6967979600374,1797
7,8,0,366.4889680310993,269.186346645682,1913
7,9,0,360.279194311963,72.11466612227801,2000
7,10,0,358.3239536440699,68.94275356895092,2028
7,11,0,386.6492278814161,72.7422308750742,2255
7,12,0,374.14559343958,68.66825941879686,2243
7,13,0,364.5467048072717,66.15458992345955,2215
7,14,0,400.112464227095,354.6838609862019,2364
7,15,0,375.7567745948265,78.08409021558613,2362
7,16,0,384.9881966495479,247.2753475205155,2402
7,17,0,362.8424247364187,107.2946023481613,2348
7,18,0,308.9092299737604,51.18391597759518,2062
7,19,0,279.2772129360347,276.9411634448315,1775
8,0,0,191.3789288340334,53.53200130425461,881
8,1,0,218.691079231186,50.86119330313986,1032
8,2,0,231.1539675121542,52.03357711313036,1130
8,3,0,280.4470997488428,62.26499314629298,1371
8,4,0,292.2559773729049,64.69663535609061,1443
8,5,0,307.0923068236589,65.02619945242348,1582
8,6,0,348.2524329159992,72.90612302823035,1804
8,7,0,336.5956753264827,76.00663601761555,1762
8,8,0,368.4677086050455,85.01341646877901,1984
8,9,0,368.6863201521634,130.3156447319729,2007
8,10,0,378.5684114573237,87.74231021824124,2136
8,11,0,374.6520179235927,70.67849269271406,2167
8,12,0,384.6431623250342,76.38968770453391,2261
8,13,0,368.7277077036061,66.33218776131021,2258
8,14,0,374.5209066394488,65.6687858552046,2345
8,15,0,373.2539451369624,65.13172209612031,2349
8,16,0,375.8059179104939,87.25392988214061,2376
8,17,0,342.7273277425314,56.70526688899135,2274
8,18,0,299.4796471234249,48.48755032726217,2026
8,19,0,264.7900423722771,43.70097575503564,1776
9,0,0,180.9850472782981,41.53616254224483,860
9,1,0,218.7981991873313,50.61211696097165,1036
9,2,0,252.5424370327546,57.06805223871041,1224
9,3,0,275.0401680757378,61.41291186608658,1338
9,4,0,290.6306465563602,64.11563517770996,1442
9,5,0,310.2976420304674,66.35353594254241,1579
9,6,0,324.3536216116678,67.83929473462128,1678
9,7,0,354.9660018548736,73.47815563965958,1878
9,8,0,375.1599521736083,144.2096921606694,2001
9,9,0,375.095041062847,73.36793513715723,2076
9,10,0,386.893039623773,168.1239964654169,2099
9,11,0,365.2744248822575,68.29471136862233,2147
9,12,0,382.1351151930971,70.90600281352943,2264
9,13,0,386.0278424328991,73.4526302962728,2342
9,14,0,384.4429924255046,100.8389797410685,2354
9,15,0,385.2921189252854,112.0174355729425,2373
9,16,0,364.8935720094795,62.38140206025659,2340
9,17,0,355.2989976732764,368.6842708512732,2204
9,18,0,312.8353737039179,51.47166637619416,2078
9,19,0,252.5351904398104,87.75810552700817,1687
10,0,0,186.5015744193055,50.62134754558575,860
10,1,0,231.1985409304173,167.7186279371054,1031
10,2,0,244.2645289326647,54.78657985977502,1183
10,3,0,278.2069349961341,62.50766732267746,1343
10,4,0,307.768012946708,66.62084498970712,1549
10,5,0,314.3274339628249,67.99623390475507,1586
10,6,0,332.2497282171789,70.19195360520816,1724
10,7,0,346.4738619149436,70.76472200664469,1845
10,8,0,359.0464301988486,74.71521214325912,1926
10,9,0,374.9617044926361,93.95353660705825,2047
10,10,0,379.44782097292,73.95743710756986,2141
10,11,0,377.2461682626477,70.69306595955496,2189
10,12,0,378.5943808498655,69.02998206058406,2256
10,13,0,386.7614850229447,88.42420074652382,2324
10,14,0,383.7790107999222,68.23422498834871,2383
10,15,0,365.4306705447115,65.25751080982531,2319
10,16,0,357.0758008928497,60.61561042303701,2317
10,17,0,342.6440115432003,57.61713615845252,2250
10,18,0,300.7362771311568,49.6402207847254,2005
10,19,0,255.900855083181,44.92683855522422,1728
11,0,0,182.5939507450117,42.62190447777159,856
11,1,0,215.1398426982307,49.57321148926798,1026
11,2,0,240.3733381784731,85.01288970337878,1131
11,3,0,277.8228632409936,63.28363776705549,1345
11,4,0,293.7850388156249,83.23557416662632,1437
11,5,0,310.9049291046094,66.7962211284989,1577
11,6,0,345.5795493571661,72.67623082408829,1785
11,7,0,354.4365310123572,72.2447936240771,1892
11,8,0,369.7173693710118,113.1105759332721,1971
11,9,0,356.3437404156896,71.77347143292536,1990
11,10,0,374.2359426754842,72.31671626665202,2133
11,11,0,381.0614948996778,79.72372658052713,2182
11,12,0,377.6530476235957,70.52194511881258,2236
11,13,0,376.5149506865758,67.99567670994824,2291
11,14,0,393.3360628398444,159.6218737665214,2387
11,15,0,367.3253998001024,63.73884917175346,2334
11,16,0,358.9741722825907,60.84323101631941,2328
11,17,0,347.6604806281368,58.45579134829758,2274
11,18,0,315.4062069025151,136.6387526272678,2025
11,19,0,260.754499049989,42.46263733380817,1759
12,0,0,192.1467632334031,44.41165816430242,905
12,1,0,211.5139749967862,48.56432634928053,999
12,2,0,243.4319084242337,56.02305812650323,1163
12,3,0,268.8880106000988,59.91817300582364,1312
12,4,0,290.6041976288061,64.31414848535212,1430
12,5,0,315.9585345959059,67.4539499729739,1616
12,6,0,316.5364374397682,65.72449718835385,1645
12,7,0,340.1949227565904,70.84390198099233,1791
12,8,0,357.7403812698921,75.32027719114511,1921
12,9,0,364.1307015637973,70.34543486280654,2051
12,10,0,366.2463913092877,71.25578846420083,2072
12,11,0,360.4324290740886,67.38060440456729,2100
12,12,0,378.5305920701909,110.2489897085575,2229
12,13,0,384.0609370009652,159.9370355297632,2263
12,14,0,356.5836898680982,62.82020678906633,2220
12,15,0,363.9847128497585,65.58840857079998,2320
12,16,0,372.5522431749566,617.0489125205141,2262
12,17,0,336.2725861808096,55.2031120436054,2243
12,18,0,292.2857367328789,48.25569551844374,1955
12,19,0,259.1270795098068,42.71596005558778,1756
13,0,0,171.7634552057543,39.89801601181151,816
13,1,0,198.316290072476,46.00629421399247,939
13,2,0,244.868177541351,134.3429836355357,1143
13,3,0,258.1034147747532,57.95137451575481,1269
13,4,0,274.4933038221484,59.71752201002302,1376
13,5,0,313.3946443791206,94.56355897236801,1560
13,6,0,328.4839115271845,69.1808012799294,1695
13,7,0,340.3722249632318,69.52381397937017,1816
13,8,0,346.9758590186722,69.85510845257473,1872
13,9,0,358.0666652584674,93.40013191252136,1959
13,10,0,364.4633484209948,70.0166369925533,2067
13,11,0,366.1701864921567,71.12748367006697,2111
13,12,0,359.0316457115213,66.57381882472286,2120
13,13,0,422.2147416658717,1558.557598308334,2205
13,14,0,361.0717511180385,100.6111982008035,2212
13,15,0,355.526501397519,63.34491070293287,2264
13,16,0,346.4304258820477,59.43609972063258,2233
13,17,0,342.897457795404,58.64975403320624,2243
13,18,0,306.8397608342655,107.8595759966711,1995
13,19,0,258.8699948033139,59.56607128057266,1716
14,0,0,187.6019402112249,43.98553484708907,881
14,1,0,189.3788776603156,43.8684089439781,898
14,2,0,199.2750919216938,44.63008906292294,961
14,3,0,259.808812860487,57.56881030861872,1267
14,4,0,271.4550878140916,60.18958636553388,1334
14,5,0,296.3542006899991,63.28620600244643,1512
14,6,0,311.0178549152346,81.91488403610494,1564
14,7,0,317.6360174862199,66.28940631684496,1682
14,8,0,334.2258885666188,66.63528653440352,1823
14,9,0,330.8950625027474,65.24820431562263,1834
14,10,0,368.7078361807037,70.58380296833553,2106
14,11,0,359.9666332534057,334.6141016415037,2009
14,12,0,347.0969252049454,63.90795713530914,2063
14,13,0,355.718656518458,63.95431236399413,2168
14,14,0,335.3443545161713,60.80924283897035,2087
14,15,0,348.7923455025544,60.85310658922221,2195
14,16,0,353.1999199577344,59.69158374267311,2283
14,17,0,337.4852143594106,66.67563961145935,2181
14,18,0,286.1046585658414,47.30510379134765,1915
14,19,0,262.340936084493,138.2530859724957,1692
15,0,0,163.3649544769461,38.21912463470759,771
15,1,0,192.7947522222776,44.35936328471698,920
15,2,0,207.746787066157,59.34019139690855,980
15,3,0,242.2839462666847,54.00846339302974,1188
15,4,0,258.4508924180012,55.98348365411636,1295
15,5,0,259.590149466581,54.96683480901024,1327
15,6,0,306.8381541418478,66.35812442732191,1568
15,7,0,287.9647913467292,59.28426570282497,1523
15,8,0,321.2083888374569,102.8634321683004,1721
15,9,0,322.7937572947046,63.73051906709811,1786
15,10,0,323.2293758512474,62.22176910809792,1834
15,11,0,351.2498183604617,76.70929267601431,1995
15,12,0,348.6412671822251,252.408673825001,1991
15,13,0,340.9024974502778,60.59723924286236,2090
15,14,0,340.719021733337,59.82293548277789,2131
15,15,0,339.4979874081874,58.57803553244347,2164
15,16,0,337.162347717555,102.6287344710226,2139
15,17,0,308.4755015288055,52.22043012022636,2016
15,18,0,298.4592665061387,79.97841323285432,1968
15,19,0,232.9396658156797,37.64728184215777,1584
16,0,0,166.7360449428727,50.64622048296339,757
16,1,0,185.1841581185458,173.1570360493823,826
16,2,0,195.3490737704276,44.13776098224638,941
16,3,0,222.3773324245988,49.43234873159857,1084
16,4,0,230.8936418922957,50.75995060273247,1147
16,5,0,270.5849739890504,64.75445214487414,1359
16,6,0,277.2147658204448,57.91391628456427,1454
16,7,0,298.0996559602547,72.03211218941186,1556
16,8,0,290.0917106455905,58.53703175332281,1572
16,9,0,302.6063700870168,61.9123482182797,1663
16,10,0,311.4093429079046,111.2275646337832,1725
16,11,0,326.0898864123504,62.609529807337,1859
16,12,0,321.6347000727156,65.12178527284236,1890
16,13,0,327.099379202461,78.30748294768533,1970
16,14,0,309.6405456401006,54.23196238042528,1934
16,15,0,321.478739040275,95.93038749860595,1987
16,16,0,303.0522069235108,51.21438755236986,1970
16,17,0,309.7391228181834,79.58151462666048,2001
16,18,0,297.7236174558217,72.69111603481107,1943
16,19,0,221.7836751435805,35.79131291141391,1513
17,0,0,136.5140129263252,31.61774082743536,648
17,1,0,157.4992492255446,36.28470136469831,751
17,2,0,172.7387155082247,38.67211478139635,844
17,3,0,206.8684323362892,47.05855885400702,989
17,4,0,208.5416181207682,52.51839071019378,1026
17,5,0,232.8917268004188,66.09705663790214,1169
17,6,0,254.8134028881656,54.5971409882698,1311
17,7,0,261.6428740688012,53.33212640935049,1406
17,8,0,271.7029363447159,54.7095482087389,1494
17,9,0,287.9389500879146,152.9793964815702,1560
17,10,0,272.9960574783871,54.90928620901711,1555
17,11,0,296.1070536407353,55.88103031712188,1725
17,12,0,289.4245868947051,53.68686768378268,1709
17,13,0,293.8948532072481,53.53940033726777,1795
17,14,0,294.4802364376476,51.65912761209,1826
17,15,0,285.2999909172846,49.65466676554983,1820
17,16,0,289.7134579403349,48.78085309711355,1880
17,17,0,271.8196660858256,43.98038239166646,1833
17,18,0,241.5393526100073,40.19598632245029,1622
17,19,0,216.9097790727973,35.86363372511683,1465
18,0,0,132.3199978391881,31.18967833953026,622
18,1,0,146.2944730263961,36.99822341338899,688
18,2,0,164.1364327907127,37.82723553095224,793
18,3,0,198.4106442235727,371.715302676478,880
18,4,0,227.0366819335166,269.1226797336108,1056
18,5,0,202.3062845472673,42.99258435213905,1038
18,6,0,223.7148259740822,46.78377544965849,1170
18,7,0,227.7762105394745,46.92737305845596,1201
18,8,0,246.4762168398566,50.01150757310965,1330
18,9,0,251.3297917188214,49.75432877605626,1389
18,10,0,249.3924936361964,47.92423239676224,1426
18,11,0,248.5687962920194,47.17109266271386,1447
18,12,0,250.9202004331339,45.99017207119088,1502
18,13,0,242.9650020322575,43.88062525540474,1487
18,14,0,258.5056792692619,45.44176269903926,1628
18,15,0,243.6539567930663,41.63270728841095,1562
18,16,0,241.906220852268,40.51250334523416,1580
18,17,0,238.724908965316,42.03126161543141,1566
18,18,0,223.3656373890098,232.6906883631121,1395
18,19,0,182.5822672554423,33.14701601297585,1210
19,0,0,108.8182116899174,25.28503541845707,521
19,1,0,125.8018829373879,29.2756859099249,597
19,2,0,143.1002102524174,32.28188395197277,690
19,3,0,156.1335455284299,34.51383808746658,784
19,4,0,172.4054222195684,38.0437907922148,866
19,5,0,184.6685916400563,39.79329675430265,939
19,6,0,197.8889679526127,47.29890281425601,1014
19,7,0,191.7193640583343,115.2417720805537,980
19,8,0,205.9507218430938,41.1872529323708,1126
19,9,0,207.103764086313,41.40028089341025,1146
19,10,0,247.0634484471684,515.1101841422928,1237
19,11,0,221.4765337830665,42.54269347807656,1279
19,12,0,224.3980335158401,48.18349221904138,1337
19,13,0,213.4368915847628,38.80701367478981,1305
19,14,0,242.7774483773966,185.9524952125988,1405
19,15,0,217.7790872128934,37.82932978585362,1394
19,16,0,190.0540932970559,32.28258829860764,1236
19,17,0,194.1802051576577,32.6335708437348,1276
19,18,0,174.2971680633357,29.19285496014183,1170
19,19,0,156.2276080851375,33.08652749361841,1037
