# mesh name: boxMesh_1
# primitive scorer name: doseScorer
# iX, iY, iZ, total(value) [MeV], total(val^2), entry
0,0,0,121.3949112962406,19.04652800423643,853
0,1,0,164.5927974566583,25.83033266217042,1155
0,2,0,170.5004367183805,26.39997247472218,1209
0,3,0,200.7614898245219,32.04663850053843,1396
0,4,0,212.0757288154771,33.64199871742925,1483
0,5,0,216.4229471529743,54.41463613752693,1505
0,6,0,200.0936797860277,30.67711606372946,1444
0,7,0,208.5803839885804,32.73055858748725,1486
0,8,0,212.8712134692804,77.91030524309637,1472
0,9,0,216.5500739972993,33.60214512343875,1545
0,10,0,218.8447941347833,33.64407985343217,1590
0,11,0,209.9985929499114,32.13832857185432,1527
0,12,0,211.176499659495,32.47077610373985,1536
0,13,0,210.033903607767,32.15945072927838,1518
0,14,0,212.9244812062001,32.24351331764495,1544
0,15,0,218.991859051188,33.87460199616991,1596
0,16,0,224.3096858436181,34.46109792564228,1621
0,17,0,215.9717102587756,32.34957204722518,1615
0,18,0,222.9142050339427,83.96609464995758,1575
0,19,0,164.9998085532436,34.71228707597491,1199
1,0,0,145.9902993817702,23.27129102728829,1021
1,1,0,194.0177725442305,31.21027118957326,1340
1,2,0,230.429899792557,129.21610593716,1532
1,3,0,242.8213485060205,38.08934215035022,1716
1,4,0,259.2767855272726,40.49377610304164,1823
1,5,0,261.0853546739338,41.1947915184939,1842
1,6,0,262.09667270622,40.74935726485457,1860
1,7,0,282.4120920948991,43.47048053703675,2025
1,8,0,293.5149121437757,132.0178007955147,2017
1,9,0,278.5323910784128,43.26750122257896,1985
1,10,0,289.489011128508,44.70132361732132,2077
1,11,0,272.6158664191362,41.99422278723097,1960
1,12,0,279.293623911203,43.79931036409814,1991
1,13,0,282.7944886695295,43.59551428525088,2032
1,14,0,285.6147909443576,43.79587495766201,2070
1,15,0,321.8275280106968,578.877108218424,2157
1,16,0,294.1878737313241,58.31925047222944,2130
1,17,0,296.91806087233,99.04177991710908,2101
1,18,0,273.3800328285062,45.03861289424305,1987
1,19,0,228.9940215104139,85.83078247120821,1621
2,0,0,173.8829320098052,36.24026529429765,1212
2,1,0,215.0317139947675,34.94642351652428,1480
2,2,0,263.0266286987375,41.63842824938215,1835
2,3,0,291.6871163046832,48.09082569005143,1993
2,4,0,303.371826403917,47.66032442432351,2147
2,5,0,318.4069226734645,85.11076939001087,2189
2,6,0,311.3529884179984,63.29364329435218,2173
2,7,0,303.7265828450755,47.12558531451139,2170
2,8,0,306.1990864253559,47.29402700044145,2198
2,9,0,315.996654617359,48.46217068056809,2285
2,10,0,315.5526155739873,48.15490584769143,2269
2,11,0,310.285281710254,47.51274387180288,2254
2,12,0,345.0532614811564,226.6742195373953,2361
2,13,0,329.574252657671,50.18995921476632,2393
2,14,0,328.3470677740601,56.16837804797199,2385
2,15,0,340.9667419430313,66.42284143227175,2442
2,16,0,337.3643503385152,79.79592875358493,2468
2,17,0,328.0264296409493,50.16362488490074,2387
2,18,0,305.5877653781669,45.9675621172578,2251
2,19,0,246.5319335286715,235.2292691908821,1742
3,0,0,198.7052846154519,43.58752945281576,1356
3,1,0,261.1148272651748,151.3112962095907,1738
3,2,0,283.582061426396,44.20698957517108,2004
3,3,0,295.2852483196244,46.40747999890772,2100
3,4,0,313.9356464275059,48.50143299957171,2224
3,5,0,322.2466754423008,50.52977079281346,2272
3,6,0,333.635930028751,52.18831682500522,2349
3,7,0,324.1473983006391,50.69109870430128,2293
3,8,0,390.0671179834,1697.278875194808,2423
3,9,0,349.9185927039584,54.26950567197935,2505
3,10,0,344.1132543391941,77.68788860105987,2442
3,11,0,331.197137878622,51.16917241150932,2388
3,12,0,338.483723384231,52.15790632474947,2448
3,13,0,352.7912134854257,55.58742565961913,2527
3,14,0,342.4276340159514,96.01621400115243,2445
3,15,0,345.7627163859673,53.24713803393389,2515
3,16,0,354.1059792798076,53.57502360596681,2587
3,17,0,314.1894306566815,47.49838146012485,2330
3,18,0,313.8566730114383,47.09072009723168,2318
3,19,0,245.0357887698777,37.52287351816679,1791
4,0,0,202.9416507119518,32.25614880992691,1418
4,1,0,262.4212667156164,179.6548684283274,1747
4,2,0,290.2479826081845,45.73325885868832,2045
4,3,0,304.5131123280115,47.67046606159661,2145
4,4,0,335.8055618829957,186.3663608585643,2273
4,5,0,347.8802586832034,55.09443827336866,2432
4,6,0,356.2218331957037,92.97037412550266,2471
4,7,0,354.5790370232261,127.3256681358038,2444
4,8,0,346.9618352845251,178.3922540272604,2342
4,9,0,345.9573115212029,54.7930529607836,2470
4,10,0,343.5716908646162,52.57102753631938,2489
4,11,0,348.8164868438727,54.18555170195349,2499
4,12,0,341.15591060147,68.85048306032725,2437
4,13,0,352.306153046478,55.16999641056825,2518
4,14,0,339.4069506804111,51.3100261719643,2492
4,15,0,335.5781625311461,51.41386308913989,2433
4,16,0,372.411311961942,271.8276205451892,2529
4,17,0,346.5004595836609,52.84214517352935,2526
4,18,0,319.609528653809,48.38717222000185,2357
4,19,0,237.2885696557819,36.07075136285422,1733
5,0,0,207.6691952339997,148.7446560824355,1402
5,1,0,260.5790306525095,544.1673740150845,1689
5,2,0,296.4165499596834,82.69750196192479,2042
5,3,0,307.3863975190392,53.03377564841893,2151
5,4,0,339.0951842560085,52.75317824648667,2397
5,5,0,338.978660084876,61.80421684825427,2380
5,6,0,358.0850590300508,209.9414102291168,2456
5,7,0,356.4761994917383,93.61882668968542,2498
5,8,0,344.3808120422188,107.8344999408831,2363
5,9,0,350.9776031311212,54.26828489669293,2506
5,10,0,344.0082490463863,52.61216449492813,2474
5,11,0,350.7335199963799,119.2902767894394,2450
5,12,0,353.8243822219724,57.55404888982333,2561
5,13,0,332.6702899748196,63.50434268636373,2422
5,14,0,340.3140781880001,52.18534395616024,2478
5,15,0,353.9208163242841,193.3508496431734,2458
5,16,0,346.0911650885034,52.13289641096426,2541
5,17,0,336.3666950057076,50.24848387016608,2498
5,18,0,321.4955769947044,67.33179994138933,2341
5,19,0,245.8619392469667,37.18725516638636,1810
6,0,0,194.444412394932,30.18123704555922,1383
6,1,0,267.6061029731351,194.2928393790058,1776
6,2,0,317.729519939246,51.30068729689159,2197
6,3,0,330.792015403377,52.26905138364645,2321
6,4,0,342.7628585034117,54.64044596821342,2392
6,5,0,373.8031611063144,297.4510120448065,2508
6,6,0,356.7316902270515,59.73332098388959,2511
6,7,0,352.4942567913126,54.85616120369916,2510
6,8,0,358.7919019812041,54.84560114536098,2576
6,9,0,331.0902951864094,50.49486047711628,2386
6,10,0,334.3318170352006,52.21467276431177,2392
6,11,0,350.6631493030249,63.68602448986077,2507
6,12,0,350.3873338757313,53.54682826580908,2539
6,13,0,353.2909655771791,54.40815262560749,2555
6,14,0,360.4048361462471,295.1290096893389,2498
6,15,0,356.2799561033574,566.3476938487568,2430
6,16,0,342.1862693700319,143.0936841450972,2434
6,17,0,345.0509312152677,52.54603863477986,2552
6,18,0,321.3104084596189,48.43810031860008,2352
6,19,0,240.0685639024639,37.05057646750254,1765
7,0,0,194.2121406484856,30.39043842252354,1371
7,1,0,268.5482671239851,92.82850454381732,1813
7,2,0,298.1430029997831,46.85714407498651,2081
7,3,0,332.2690408458764,57.21718915291028,2339
7,4,0,345.2273871486201,85.5314054736568,2387
7,5,0,344.086144072775,53.8834345213014,2432
7,6,0,348.0955023269622,54.98102901306496,2462
7,7,0,357.9386837132004,98.29047353241909,2507
7,8,0,353.545869407267,55.00773083306749,2520
7,9,0,343.4239895353639,52.74174077058059,2474
7,10,0,355.4860212682025,180.9794062352912,2464
7,11,0,354.6680938060113,76.75211384844255,2515
7,12,0,346.4710955076459,122.0999633801941,2458
7,13,0,344.389904180915,53.13526854197713,2477
7,14,0,349.209983063632,53.39642003190183,2535
7,15,0,352.2245698875411,99.11117585842244,2480
7,16,0,356.3891334606369,148.850001184426,2511
7,17,0,355.6297482117795,127.4656181363906,2535
7,18,0,313.811709601452,46.97802699009156,2323
7,19,0,238.0580412570377,34.88728387613448,1787
8,0,0,217.674869170807,40.97619851364563,1500
8,1,0,252.531641565986,41.78894647209221,1765
8,2,0,305.7030895588147,47.39435490386462,2162
8,3,0,324.2276614454779,50.70006494611818,2301
8,4,0,329.8602746515129,50.80028908358972,2345
8,5,0,361.4241515124971,262.8695830819905,2439
8,6,0,348.8897442237017,53.87727654139758,2487
8,7,0,357.3746932339954,109.4556352883218,2452
8,8,0,339.954217542076,53.44278217708446,2416
8,9,0,350.2904116136542,54.74813344808786,2502
8,10,0,329.2214360542993,50.18667290034576,2379
8,11,0,353.7940919372203,70.7856746498565,2545
8,12,0,361.4500629952076,202.2475988709687,2517
8,13,0,354.4062351910154,126.7987691068615,2506
8,14,0,327.7913467029229,49.18903300556247,2417
8,15,0,351.367077087825,53.27936956164991,2559
8,16,0,343.2265308840585,51.9942498280521,2517
8,17,0,349.0762781050299,52.42486775399808,2582
8,18,0,308.0254067942699,45.77652474682066,2288
8,19,0,253.1039729916656,50.35826465435409,1831
9,0,0,196.8798787863349,30.99179571057933,1385
9,1,0,245.2211851526598,84.62239478254079,1668
9,2,0,304.6555402138894,48.73411862921412,2118
9,3,0,334.0721288240122,60.24338202459023,2326
9,4,0,339.8508148546426,116.7836203462917,2342
9,5,0,356.4507760175874,61.99273160158948,2493
9,6,0,335.9451956690525,51.69043955802224,2384
9,7,0,353.2222598989886,55.52777101215363,2510
9,8,0,353.6438620651799,55.58172125528296,2515
9,9,0,354.8869654569784,55.46864660312131,2534
9,10,0,344.6569664851079,52.17799821615149,2508
9,11,0,343.2051783717791,52.71219222951481,2485
9,12,0,345.3700558143821,63.878931579443,2456
9,13,0,333.9876135834519,54.19196491720346,2403
9,14,0,339.0938654194163,52.04171181634005,2456
9,15,0,353.2180568480225,89.21597961901986,2535
9,16,0,341.1801095365948,52.45514274026768,2480
9,17,0,338.1956051548159,51.51647038227935,2485
9,18,0,326.6077686084816,121.619056526801,2352
9,19,0,260.0576337316955,65.41832041882958,1861
10,0,0,207.2735841434998,32.3221523275835,1473
10,1,0,250.8386711875745,40.00577828106697,1760
10,2,0,297.8859382768371,47.42926079767696,2081
10,3,0,326.2472311000818,50.55757290358629,2312
10,4,0,348.9152082473191,55.7664346310966,2440
10,5,0,357.5834000603817,341.7001180503318,2399
10,6,0,354.4513662136257,99.35984979366305,2438
10,7,0,370.3227716191297,202.7397723041392,2553
10,8,0,359.2272987784049,54.95411715278005,2584
10,9,0,346.4435118543228,60.28640137579149,2456
10,10,0,362.8257697027229,123.1416232235716,2504
10,11,0,345.4242189030804,52.8089249746483,2495
10,12,0,344.4351254358132,53.1865246156686,2496
10,13,0,392.1921671886911,676.520091687319,2572
10,14,0,352.071736368185,55.09599913093792,2526
10,15,0,350.6543977972557,62.4520880694056,2537
10,16,0,337.300200581454,52.61124765293326,2453
10,17,0,349.8654132386115,54.67953454011936,2550
10,18,0,310.5845246580818,47.83800139373191,2271
10,19,0,258.9143583372232,39.5247401515163,1896
11,0,0,201.83508871114,31.82332058919345,1416
11,1,0,255.0722318242783,41.4076136066176,1771
11,2,0,336.6861971246855,1152.610445039885,2025
11,3,0,312.5800208885374,52.42209121530784,2169
11,4,0,345.9185743281049,54.33895337109139,2425
11,5,0,339.2365752316972,52.66564720621307,2420
11,6,0,365.9085809454201,139.8120327152934,2512
11,7,0,347.9339290474795,61.80031704076428,2447
11,8,0,340.1452664661975,53.05593661619655,2442
11,9,0,377.5860945305039,447.8611777157874,2511
11,10,0,355.108247367224,180.7667415981346,2435
11,11,0,348.3292741782899,54.88074476378932,2488
11,12,0,347.0035860663312,53.21917036504634,2500
11,13,0,357.5412971480953,114.1341931347932,2480
11,14,0,355.4169084455858,59.99963713962724,2551
11,15,0,351.3897981160341,52.82189180792993,2584
11,16,0,341.5782144280461,51.8871793381889,2502
11,17,0,347.2175103031701,56.29796703416284,2522
11,18,0,324.4573459493834,48.7358638861938,2389
11,19,0,248.6246420432558,37.68293972396889,1829
12,0,0,198.8948198013415,30.94874920054686,1399
12,1,0,257.8940299222116,41.17697007801888,1783
12,2,0,300.1912388855398,47.50938705617151,2093
12,3,0,317.3908725942259,49.89886939230838,2225
12,4,0,360.10885803105,446.6430231310653,2370
12,5,0,345.7937253004665,53.64362109866515,2445
12,6,0,342.3001637682769,53.22066312120341,2417
12,7,0,345.2015377955458,80.07804234373575,2425
12,8,0,352.0659790352219,54.88242546215999,2510
12,9,0,341.7101072671117,56.02722079740758,2444
12,10,0,350.8475018886099,56.05600246266717,2479
12,11,0,367.7247305854053,102.7753043515863,2575
12,12,0,341.4680456469274,51.54517124436501,2493
12,13,0,343.0670963555866,60.37592349350838,2450
12,14,0,347.8195439199417,52.6823433554392,2544
12,15,0,359.9349163506419,54.97547234168189,2638
12,16,0,346.8562264574473,136.6636952456968,2464
12,17,0,322.4462948597663,48.2459261039325,2395
12,18,0,311.6742657302046,47.01379641625874,2314
12,19,0,230.1262008679138,34.44628101665425,1708
13,0,0,194.4775746267118,30.34101054659223,1374
13,1,0,249.8887364477396,38.74158037816306,1773
13,2,0,304.6092345955695,66.38314667910025,2106
13,3,0,322.6279392341426,72.51489235316744,2226
13,4,0,346.704690556518,131.4658580424544,2400
13,5,0,346.8193944103216,62.22146516481882,2446
13,6,0,349.0426409078734,54.50640388496627,2477
13,7,0,346.0583107495406,53.32244079848353,2482
13,8,0,371.7877798657302,208.4647271817967,2529
13,9,0,359.6047117605187,107.3844201148883,2509
13,10,0,339.959485495259,54.71451972718951,2443
13,11,0,355.2690175340713,72.6407776604389,2549
13,12,0,346.3351992127755,53.39126903661086,2493
13,13,0,338.0860627528597,51.79952646938164,2450
13,14,0,340.2063113740639,57.99044157089677,2456
13,15,0,353.596786448151,113.4516025295159,2502
13,16,0,353.0083993570184,148.5525489518889,2499
13,17,0,347.5952713224025,59.09899519370764,2497
13,18,0,321.5213521452033,47.98220948140558,2375
13,19,0,241.6022162196267,36.01305215113394,1804
14,0,0,199.2900972578766,32.05408217476176,1380
14,1,0,250.2800520761976,41.42057113086572,1728
14,2,0,296.9250061456867,51.12569335993131,2073
14,3,0,327.6697363356247,52.42128128578656,2295
14,4,0,351.5366701460008,563.62578452192,2325
14,5,0,347.5772580415278,111.2539792737317,2426
14,6,0,363.2880058757892,922.4040292177471,2385
14,7,0,334.7792333763728,52.12127005276419,2383
14,8,0,343.1661840282637,53.84718457089885,2433
14,9,0,350.5489305571497,54.67476438841373,2508
14,10,0,356.2021897611333,55.81343717281507,2556
14,11,0,338.484988985316,53.31564789269031,2434
14,12,0,342.2777319682734,52.60011726441588,2473
14,13,0,346.7117237111087,61.07670008651716,2508
14,14,0,354.6212862936475,72.73785313694373,2514
14,15,0,343.5083169576188,90.52484796409725,2438
14,16,0,356.1167971521799,104.7885203730173,2540
14,17,0,342.4613546139374,51.37418598435364,2523
14,18,0,329.9339975196336,169.0931366544438,2341
14,19,0,238.1780338597255,35.96090405997499,1756
15,0,0,194.4161755714406,30.70825244261443,1371
15,1,0,263.2197729730816,96.88733619140399,1790
15,2,0,300.7959826199811,98.78529023336931,2049
15,3,0,334.8801325817053,278.6017363608624,2240
15,4,0,322.7097817060561,51.24819707757207,2257
15,5,0,351.6938878688688,59.46574446776189,2459
15,6,0,343.0626367965648,53.35396014389048,2421
15,7,0,336.4052208284889,54.0928030760742,2377
15,8,0,347.1402459217713,102.8452757056883,2390
15,9,0,361.8832391956382,89.82892759125313,2525
15,10,0,346.6280410707717,109.9728876927235,2412
15,11,0,344.5249799823625,101.5338192334783,2450
15,12,0,344.6772650591375,51.9951071749204,2522
15,13,0,354.0563146424597,81.0031739719451,2526
15,14,0,338.7599894306486,51.34298857264874,2468
15,15,0,354.3804598868974,87.80708055051993,2554
15,16,0,332.1802966957756,51.08813039320195,2430
15,17,0,339.9853947045879,52.19075738130444,2471
15,18,0,318.7413546398312,50.10209842114382,2303
15,19,0,257.4753920457537,39.09448452085505,1887
16,0,0,192.183681411112,30.65897689168674,1342
16,1,0,247.9883179127524,39.05057769686118,1725
16,2,0,274.1638733446649,42.99254347624566,1921
16,3,0,312.2459414514728,49.80535069711186,2179
16,4,0,314.9141987900641,48.42355843424298,2252
16,5,0,322.403242373927,50.05712888895579,2273
16,6,0,329.4625751473718,51.53260036964919,2325
16,7,0,349.1110353762269,132.7049379780563,2397
16,8,0,332.4298174658775,132.9542998721882,2298
16,9,0,332.72783830667,52.12270074990823,2367
16,10,0,338.1296245568298,52.96531616633777,2440
16,11,0,330.1527993509446,50.60357280784212,2380
16,12,0,333.5569165949847,51.49594763011466,2407
16,13,0,330.589310435584,51.11600781230522,2390
16,14,0,344.7821393248119,51.57611202772323,2527
16,15,0,351.6329961433,93.95208066443408,2505
16,16,0,348.2413272182589,67.97396928366771,2505
16,17,0,336.9401638873991,50.96868206782518,2471
16,18,0,317.8357540112198,49.11296775002923,2311
16,19,0,266.3714211499631,181.1735848296548,1831
17,0,0,174.6630191484541,28.30672827146115,1207
17,1,0,218.2904076513007,35.1607102037562,1518
17,2,0,268.8172836642497,203.5223883221556,1805
17,3,0,286.1677909414469,44.75950137668669,2015
17,4,0,295.3979006359881,45.90545498351541,2093
17,5,0,297.589886990544,54.67320976664104,2056
17,6,0,301.4619822460443,46.26029780231244,2170
17,7,0,322.6836980209407,52.02615385231956,2251
17,8,0,315.9900789772201,68.91205881019246,2226
17,9,0,332.7714369797862,540.5640344882227,2180
17,10,0,321.1090402818448,49.3637634288463,2306
17,11,0,323.7001994381075,52.3765809640518,2327
17,12,0,346.5268167244838,756.2102356890673,2310
17,13,0,312.8592855239172,48.43486200294425,2272
17,14,0,312.8003523642693,48.51476306724466,2245
17,15,0,339.3061922115395,106.8671744722736,2414
17,16,0,323.947577647183,48.84415793205186,2389
17,17,0,325.4708276464987,49.58651362512303,2374
17,18,0,311.0290330111159,46.49930656363973,2298
17,19,0,233.3880988626579,35.73967724410068,1708
18,0,0,144.6347733765844,22.41664924367314,1028
18,1,0,187.931455246987,29.09573060797711,1332
18,2,0,214.5328777003401,33.46459830417032,1512
18,3,0,239.4183124910397,38.03634365760483,1673
18,4,0,263.166667523801,41.95078820119016,1841
18,5,0,273.2841086390227,42.69278126206494,1924
18,6,0,274.5170656155559,158.2149440714837,1873
18,7,0,259.6275336473452,41.25116205894494,1839
18,8,0,267.0150865742656,42.40986171680136,1918
18,9,0,269.0660599271827,43.19357488915897,1914
18,10,0,263.018752687119,40.06836173085205,1904
18,11,0,290.608691271464,93.40887600817868,1988
18,12,0,276.1804005664092,42.0626240364828,2005
18,13,0,287.2426153773077,73.80370816286012,2028
18,14,0,274.9367303426515,41.57179890151097,2018
18,15,0,301.7714354065533,47.46931381038208,2161
18,16,0,297.2528976133091,47.0713066240775,2162
18,17,0,286.8499023306111,43.02900920760514,2120
18,18,0,284.3482829522012,86.27479188930755,2011
18,19,0,215.4796429455885,32.70599925557941,1583
19,0,0,120.6000091188704,48.42195647914318,813
19,1,0,160.6122770141947,56.45723493307993,1084
19,2,0,173.4372524424213,27.72356279379533,1205
19,3,0,199.5892396277048,32.35147746640739,1371
19,4,0,202.5724617772522,31.40449043784267,1443
19,5,0,206.0930687018616,31.87654550150349,1472
19,6,0,231.4970015622799,87.43047066727759,1567
19,7,0,212.1647869432861,44.19476524041782,1449
19,8,0,221.2185487105097,74.11822696531291,1531
19,9,0,220.2242529453389,34.09109861993154,1579
19,10,0,235.0031763618862,521.5283431296918,1540
19,11,0,219.7195104988959,34.09069900807272,1586
19,12,0,213.1327547374939,32.75144947983928,1550
19,13,0,214.2211842075104,32.60918169613227,1562
19,14,0,220.956581507894,65.15002414439405,1563
19,15,0,234.6155609106537,58.74711762999785,1685
19,16,0,225.8557916287818,34.22215687817814,1652
19,17,0,212.5348050993411,31.6946584299131,1573
19,18,0,212.5249158935667,41.40333515181324,1543
19,19,0,160.418628508746,23.94083989048551,1196
