# mesh name: boxMesh_1
# primitive scorer name: doseScorer
# iX, iY, iZ, total(value) [MeV], total(val^2), entry
0,0,0,113.5831286056012,22.8072295112777,618
0,1,0,131.6355400488955,26.59441487981948,713
0,2,0,159.5953601708984,173.390974762104,783
0,3,0,162.103223788582,32.0615432340918,881
0,4,0,181.8004566340362,36.06386062417729,996
0,5,0,190.0965245999727,37.04641944636989,1058
0,6,0,200.9682101397441,38.38068235010363,1132
0,7,0,201.9241340561768,39.28701890118431,1127
0,8,0,215.4775096578087,41.62590742305752,1216
0,9,0,226.4651296973385,43.56533694960165,1281
0,10,0,208.5789330005117,39.51288736068696,1204
0,11,0,224.3947780428175,180.2343858207226,1200
0,12,0,197.6993008843225,36.77794693892125,1156
0,13,0,209.1202982941098,41.3070858757215,1220
0,14,0,194.9000125114466,37.67496954568831,1168
0,15,0,201.1372712571301,36.66043898207667,1204
0,16,0,173.5401562574519,31.1675429324011,1050
0,17,0,178.4230509495758,32.80934882535146,1068
0,18,0,154.1545386010175,37.9988153419035,933
0,19,0,126.8325486961812,22.62592640424958,780
1,0,0,132.3198778484039,26.93865707359991,707
1,1,0,174.013295836829,298.2310065979369,843
1,2,0,166.3350592318106,33.03885129688536,914
1,3,0,202.7841314995513,40.70548660752002,1094
1,4,0,206.5763690679966,41.01517335493703,1124
1,5,0,214.6943037170169,43.06948120776322,1190
1,6,0,222.6973126889596,42.41651161099217,1256
1,7,0,227.8835518872143,44.54328803808511,1272
1,8,0,239.9513138126891,45.99409839410849,1365
1,9,0,254.7898098182,50.17904445408077,1441
1,10,0,241.9605644478699,45.50692343926374,1393
1,11,0,261.5967460697816,58.73514730305321,1488
1,12,0,244.9703656568564,46.21540793562774,1408
1,13,0,239.5332732283899,44.51791319086979,1408
1,14,0,235.1037308080731,43.43851904229936,1381
1,15,0,226.4059096521704,42.38454032535943,1337
1,16,0,220.0393331657879,39.76959292649082,1312
1,17,0,199.0559342477728,35.56100055363383,1216
1,18,0,176.2613068373842,31.47240702660154,1073
1,19,0,145.9081304288915,25.66108500246017,903
2,0,0,141.7416918149564,74.76098307888535,734
2,1,0,174.7556897270579,36.27756133699403,938
2,2,0,195.6945938606032,38.57574706689939,1061
2,3,0,219.6079486196752,125.7312760025509,1147
2,4,0,236.827833667518,72.59876787815976,1260
2,5,0,248.7257674048092,48.75223167358106,1379
2,6,0,251.7444609205275,48.89577553643089,1404
2,7,0,268.6734776828504,122.3701501995114,1451
2,8,0,276.1552163134505,53.41413536621825,1548
2,9,0,291.2981678843583,102.3703471741358,1612
2,10,0,280.4907223623055,51.91079376621953,1629
2,11,0,276.3255926472528,51.76886376842046,1602
2,12,0,272.9693628294581,51.04024334482587,1586
2,13,0,283.2472599555903,53.40863904462512,1635
2,14,0,258.760944854712,47.32173833641344,1541
2,15,0,252.9576641404464,45.69218391308458,1516
2,16,0,248.1560181587395,45.63061274713498,1481
2,17,0,215.2212728362583,38.56651062374684,1303
2,18,0,197.5117012699244,36.10110087160668,1179
2,19,0,174.0272857902397,31.51232847397919,1047
3,0,0,160.0651475274463,32.16090184396578,864
3,1,0,191.4455606440067,38.25453481718114,1027
3,2,0,210.019677553318,41.82493174625203,1147
3,3,0,234.5763580910491,46.652297017286,1271
3,4,0,250.7221417077912,49.88085283225147,1390
3,5,0,266.0782024310879,53.18003624258149,1467
3,6,0,277.6000931871177,53.47104547285353,1556
3,7,0,280.641146161198,64.86406174026831,1568
3,8,0,304.244971505394,57.96102072432823,1715
3,9,0,303.1072117817809,61.73723269498669,1698
3,10,0,296.1259970436078,55.76867042767863,1701
3,11,0,310.4308257307418,57.60106583143992,1802
3,12,0,307.8629212734952,57.32285220563238,1788
3,13,0,309.7002236829284,340.506588713131,1702
3,14,0,286.2809774704143,52.12172604147057,1692
3,15,0,285.2673091849981,52.30786303960453,1691
3,16,0,273.2009650651511,56.85038990997867,1609
3,17,0,251.9389458653617,46.2927396810667,1498
3,18,0,212.3688635320551,38.69330046169672,1274
3,19,0,186.0883933569987,32.97553524458782,1147
4,0,0,179.4830261303693,52.7004190272386,955
4,1,0,207.5326964443233,41.14396456038511,1121
4,2,0,222.5466720549973,43.88838781278621,1211
4,3,0,240.3871881491538,47.36673790825265,1310
4,4,0,281.3916883126648,155.245220659376,1483
4,5,0,280.2422981212007,54.83722199932898,1552
4,6,0,314.7008141683912,60.74576577464035,1757
4,7,0,317.482971641285,61.81888888015854,1782
4,8,0,334.641122009494,63.99896825811445,1888
4,9,0,331.3893200738283,153.281691522934,1844
4,10,0,330.3555113117529,81.76088413723912,1860
4,11,0,334.8531846000457,167.5077091822338,1871
4,12,0,330.2231469776896,62.23156994633238,1909
4,13,0,326.7797438883097,60.77834093562024,1905
4,14,0,307.9831571452443,56.73099789153856,1826
4,15,0,314.6540661092888,57.12499503141939,1874
4,16,0,289.1362496488771,60.84937636125472,1710
4,17,0,263.6481191430854,48.12478339900904,1572
4,18,0,221.2240334659519,39.5241072755955,1350
4,19,0,216.9540257296347,363.6037534864399,1182
5,0,0,179.4083514351431,35.66353085296649,981
5,1,0,206.0385446175364,40.83618049560663,1126
5,2,0,253.7222164218732,50.35185242273339,1381
5,3,0,279.2390247089474,98.62285117424547,1487
5,4,0,283.292740176778,56.73717943133592,1528
5,5,0,304.0234987068438,60.15709671976852,1664
5,6,0,317.8794014501044,61.63572600051865,1767
5,7,0,336.7222478594736,64.71757585197994,1891
5,8,0,326.2774065403387,62.39990473641993,1847
5,9,0,351.5400091650289,135.2750208526779,1946
5,10,0,349.4090520503318,65.0027232816862,2027
5,11,0,355.7826064448826,82.69033226713134,2045
5,12,0,337.4503944999474,64.16455340813214,1959
5,13,0,337.6042905527668,62.47199844085135,1973
5,14,0,341.5524331023439,62.5834363125154,2022
5,15,0,341.5523648260209,358.2209252226457,1902
5,16,0,291.2389131221663,52.68055534145267,1734
5,17,0,282.9453477713925,124.0142140956229,1642
5,18,0,253.3132071025593,429.1345598566712,1427
5,19,0,207.8228529952964,43.77386100274684,1257
6,0,0,196.4342953166823,47.84487962102667,1045
6,1,0,231.004884479983,46.98819617109617,1229
6,2,0,262.0084772102704,51.83398816972836,1431
6,3,0,283.0700284661871,84.51802416596617,1529
6,4,0,293.7289823244827,58.44791683469752,1596
6,5,0,344.7000055816741,143.8713830309678,1835
6,6,0,336.9950720114598,66.25467238572057,1869
6,7,0,340.7029337862905,65.84129773156302,1912
6,8,0,358.0002756801762,70.29309109808875,2006
6,9,0,385.1259022426102,126.7300275619357,2134
6,10,0,368.4593789948265,69.22841697416408,2123
6,11,0,369.3636737617335,69.89450987052861,2108
6,12,0,380.5066253614006,555.2627727884411,2098
6,13,0,346.9172392618121,74.8675323083143,2028
6,14,0,367.4726171219966,182.4438511639994,2089
6,15,0,345.4673343257572,165.8058839967041,1963
6,16,0,321.2257611428666,59.9110239477719,1893
6,17,0,283.7949968601525,167.6863195675948,1658
6,18,0,261.6212957754813,50.48914768001317,1569
6,19,0,218.9500059941882,111.1830934692283,1281
7,0,0,220.1989125264397,490.1886669490844,1076
7,1,0,221.4120189144933,44.67120944096494,1188
7,2,0,248.9894865250335,48.68090197090424,1362
7,3,0,285.3118008170919,59.45761970190129,1535
7,4,0,296.9811521821483,58.98146742895653,1617
7,5,0,327.1174145900401,64.45010459643306,1804
7,6,0,340.4661746792835,65.95586161220282,1889
7,7,0,345.2795998651474,66.44791018622603,1922
7,8,0,357.8801641757439,68.9179997336109,2012
7,9,0,381.3280279991976,103.6057286786396,2120
7,10,0,378.4989673288279,146.9326532647961,2085
7,11,0,370.5424786646949,67.73638590885108,2180
7,12,0,373.8228897705612,70.18824316782181,2152
7,13,0,377.1556749181682,99.15273340759465,2182
7,14,0,347.0119090808026,63.6817685544143,2049
7,15,0,352.4351067642384,90.5292387337342,2058
7,16,0,318.3822953211651,121.0403794113406,1891
7,17,0,300.7408999033991,55.78411210607468,1805
7,18,0,273.2457475041249,180.5410769824559,1608
7,19,0,217.9349835200023,39.08821255911565,1324
8,0,0,204.4770402191639,40.97453430752714,1104
8,1,0,218.0450502632041,43.25903691113771,1190
8,2,0,262.0654772602175,52.91725623793497,1397
8,3,0,281.0165910625781,188.4687400281288,1486
8,4,0,330.681655499526,114.0377609531466,1767
8,5,0,350.9497854019955,73.92828175952511,1913
8,6,0,360.0922108705708,79.65795048274707,1989
8,7,0,349.0044342595679,66.951817138096,1956
8,8,0,355.0695172786514,68.85249382628568,2005
8,9,0,374.5521949849174,70.89790303100904,2141
8,10,0,373.1323574301931,134.9468927212694,2102
8,11,0,369.0751568586912,69.10825548678933,2126
8,12,0,367.5820670646085,67.97289137154439,2149
8,13,0,360.128131522212,90.21214183743301,2075
8,14,0,368.3023595514991,81.80193255036427,2154
8,15,0,353.1917621732516,69.75212095941498,2071
8,16,0,334.3617837535851,75.0620217810666,1982
8,17,0,302.6118290951861,54.59513391397686,1820
8,18,0,255.2117960137696,46.46783877181305,1542
8,19,0,219.3089313391743,39.40957941783047,1337
9,0,0,224.3293877643285,361.691192687577,1128
9,1,0,230.3396380702875,46.11565111721488,1241
9,2,0,261.3196062682491,98.36010105596314,1362
9,3,0,290.5796020477747,73.08109958390827,1560
9,4,0,318.6044997597423,62.45211398491841,1748
9,5,0,331.295484475113,64.56523129294249,1834
9,6,0,337.0746778476418,71.99064987672691,1828
9,7,0,364.8809979196375,180.2798599519608,1966
9,8,0,359.8910016714833,68.64019396954522,2031
9,9,0,367.4416306891832,75.20980215742233,2091
9,10,0,384.052999571053,102.4093959790572,2173
9,11,0,405.6061778081395,353.8652018313446,2222
9,12,0,368.5681877338893,69.21577058963051,2133
9,13,0,390.0534319966642,98.98801982753746,2232
9,14,0,366.4860816030764,67.66744320186851,2152
9,15,0,325.4146864113288,59.67262062520041,1926
9,16,0,332.890661411654,69.31865253259895,1999
9,17,0,299.1895496818665,71.96386370969751,1790
9,18,0,264.0245600736162,65.85015486528044,1593
9,19,0,212.8409702141113,38.64374239643637,1288
10,0,0,204.1001741406561,54.33165192351446,1075
10,1,0,231.4949943464661,45.73854196085261,1252
10,2,0,268.8601495820566,64.70163490245096,1432
10,3,0,290.890016568923,58.21528784050254,1566
10,4,0,314.9428275582871,61.90458719502939,1723
10,5,0,326.7524439128629,64.28659979523503,1795
10,6,0,353.8743130577159,85.1270494086618,1926
10,7,0,366.7558193606016,70.4352275297484,2051
10,8,0,384.8471972525037,172.3474040579169,2088
10,9,0,376.3539916471327,72.556557424098,2123
10,10,0,369.4755130408786,70.01061039360152,2107
10,11,0,382.3473642291345,85.53549324237559,2163
10,12,0,366.488664690236,67.52731698303394,2157
10,13,0,381.4224738550669,71.21562391320886,2228
10,14,0,352.4298953041829,65.01210299522363,2072
10,15,0,342.9048185163176,62.78499510246988,2043
10,16,0,326.3607227659988,66.19203942025156,1941
10,17,0,286.8767592351998,51.56876675589048,1732
10,18,0,266.8684754598401,48.12163221224679,1620
10,19,0,222.6313613580313,38.51348800685875,1394
11,0,0,199.1577840201216,40.01816725917669,1073
11,1,0,239.1164875352901,75.85631115545921,1261
11,2,0,264.5579429774297,81.65874907268552,1405
11,3,0,287.7658718900865,57.31578484083028,1561
11,4,0,317.2539327765137,63.27238173511629,1730
11,5,0,335.3660499388607,66.3359713840081,1841
11,6,0,348.3958892079486,68.47621378457613,1925
11,7,0,361.7664641928116,69.71588934566844,2006
11,8,0,375.1671912278738,72.61019775423385,2097
11,9,0,358.1994205543394,72.78826040049699,2042
11,10,0,369.1279047185197,69.21319770086623,2129
11,11,0,380.9449420000335,77.0209661244934,2184
11,12,0,364.7671043620783,67.98287008674107,2117
11,13,0,370.0645811006243,68.16830555776875,2180
11,14,0,350.6582023525563,63.8664382894432,2097
11,15,0,335.9538537038997,60.65587673317541,2016
11,16,0,322.7486385124978,60.04182474194601,1915
11,17,0,300.6405990783571,71.43517712014467,1793
11,18,0,255.9573366373772,46.17603659790257,1548
11,19,0,221.6858471032669,39.37216885869614,1362
12,0,0,194.6643766268299,38.68648702531583,1060
12,1,0,252.9187227632869,401.1604668322377,1254
12,2,0,257.4034116344428,51.56930487592785,1387
12,3,0,291.5628114108002,57.04202153332153,1601
12,4,0,321.4959553646979,375.13083280584,1671
12,5,0,312.3044298832436,60.61620623491125,1719
12,6,0,336.7041806049148,65.19502104057659,1873
12,7,0,356.1427213149087,68.1803887228624,2011
12,8,0,371.848328962658,71.56783317786305,2082
12,9,0,375.3362202958081,82.49783448150424,2118
12,10,0,367.0366077137794,69.67249343954109,2104
12,11,0,353.5737972768657,66.42486568745309,2046
12,12,0,360.6394856621683,81.58547427809793,2086
12,13,0,361.1949873739011,76.31638589246215,2123
12,14,0,358.197689031792,115.8171357703189,2081
12,15,0,344.6053570173664,92.89443506484984,2015
12,16,0,318.7149438335974,56.97286565767627,1928
12,17,0,288.0873750526348,51.71621748785837,1761
12,18,0,250.1907265145359,44.79533207520814,1526
12,19,0,222.8681615612517,39.29756538098841,1358
13,0,0,189.4637490319673,37.86527990729483,1030
13,1,0,223.9780891291393,44.65493331439172,1206
13,2,0,251.6246476335926,49.71598776071497,1374
13,3,0,274.3512802845308,55.00384937628354,1501
13,4,0,306.3984987163016,60.12460584622234,1679
13,5,0,323.2079807204648,64.22986576289212,1770
13,6,0,342.7649194882702,66.56974139823778,1903
13,7,0,342.1685096584604,65.87141566515653,1914
13,8,0,359.8013802510203,68.35289316431547,2051
13,9,0,352.3000767473193,70.65074731625431,2001
13,10,0,354.6769865828556,67.40523030848959,2031
13,11,0,358.4829850810414,67.31068383443899,2059
13,12,0,335.666408170448,62.61880213004571,1945
13,13,0,352.9171183280832,65.34962678127874,2054
13,14,0,340.8433255982841,63.29951255109486,1991
13,15,0,325.4362968463467,69.07976405678326,1912
13,16,0,312.3329510895562,55.87546543421239,1876
13,17,0,294.4043610244307,60.62117430295777,1777
13,18,0,247.1985663344625,44.21962651134566,1511
13,19,0,212.8798399432892,39.96677987622541,1285
14,0,0,179.5036308858447,36.36904070290963,971
14,1,0,226.4571123473352,45.48398530292579,1212
14,2,0,240.367355205818,47.82894357890096,1304
14,3,0,256.4685982077236,49.99658584981378,1413
14,4,0,279.6288483080425,56.86947920828535,1531
14,5,0,293.3574424031536,57.68150614886527,1620
14,6,0,313.4429103677306,60.12389635174118,1756
14,7,0,330.2193723352171,64.70860743788126,1824
14,8,0,340.8158804187483,82.05665775831255,1880
14,9,0,334.6742131106219,63.46704401012369,1909
14,10,0,345.3793381820739,64.53024479288365,2002
14,11,0,336.4149195375891,63.11690352089465,1953
14,12,0,341.5891955207771,63.9240221653738,1979
14,13,0,362.8848525976931,327.2958063733654,2005
14,14,0,323.0226466363152,60.04460232870576,1911
14,15,0,334.2619186087003,489.727376472291,1818
14,16,0,299.6436736262883,54.76356832010495,1792
14,17,0,277.3830105390068,50.08450577302754,1675
14,18,0,231.6955814275974,41.33316134904477,1411
14,19,0,201.4030292642475,36.23713730974844,1220
15,0,0,180.2382778421652,36.15847270775337,972
15,1,0,190.7654271363808,38.03360459090072,1033
15,2,0,214.9639443256326,42.7284666271255,1173
15,3,0,266.4085996121496,53.64116081655176,1439
15,4,0,273.824555277212,53.98326195098121,1510
15,5,0,286.8489173596306,55.74608430027652,1582
15,6,0,302.8475810347783,60.20019692718309,1670
15,7,0,324.6822228278579,62.24018413635669,1827
15,8,0,323.5891208658994,69.29757945253692,1795
15,9,0,332.3492454487618,126.4259104425543,1859
15,10,0,323.427628362621,86.43679347888865,1806
15,11,0,329.4591935044342,61.42541754950938,1912
15,12,0,320.5679943796161,59.71908990690356,1876
15,13,0,322.0981583156698,63.10435791076125,1866
15,14,0,300.0734617558688,54.3537531933932,1794
15,15,0,291.9756167962976,53.72544626716728,1740
15,16,0,294.9445778603352,54.28175027481108,1745
15,17,0,260.541624054487,86.42166107449583,1524
15,18,0,238.1189867406114,42.82463330000415,1445
15,19,0,186.7239455062578,33.18598140318935,1153
16,0,0,164.106033481193,32.72601515817533,882
16,1,0,193.1414643918757,38.34251854371947,1049
16,2,0,213.0686767004673,42.08072557192701,1166
16,3,0,234.6249876218541,46.37721262184284,1277
16,4,0,247.7725952345118,48.3895093562134,1376
16,5,0,266.6391491282024,52.35281955597318,1454
16,6,0,265.3714230786863,51.59934061862725,1467
16,7,0,293.8961645501114,56.82769204398085,1643
16,8,0,298.8618596953208,56.75911984104683,1701
16,9,0,297.5641220730682,56.7647496214485,1683
16,10,0,305.7686660371064,57.57186395110787,1753
16,11,0,301.2789839646787,56.84367273223971,1733
16,12,0,302.4401991487766,55.63005808063711,1772
16,13,0,299.510236669829,73.8515263810248,1718
16,14,0,288.7432740798144,53.43184856733037,1696
16,15,0,283.6910922161653,51.83716069025543,1688
16,16,0,277.6717521491062,183.0325090664346,1601
16,17,0,246.2592539391054,44.26827345847813,1479
16,18,0,212.9711499256502,37.92283337017982,1293
16,19,0,186.5688377460659,33.21510450368226,1140
17,0,0,151.0916792114094,30.54009240650326,815
17,1,0,184.8283634866273,99.19719379000189,947
17,2,0,185.7158988366286,36.83943577033,1006
17,3,0,224.6325282746415,45.07798142617441,1213
17,4,0,223.7704170435405,43.43563269427055,1235
17,5,0,238.504417743557,46.44512008907085,1315
17,6,0,265.0632222175158,52.29527322266006,1451
17,7,0,270.3085399369216,51.79102471816079,1520
17,8,0,277.7537989419006,53.11010337541697,1581
17,9,0,278.7043739588327,54.6129484808713,1579
17,10,0,280.7329608102336,53.12705741850262,1608
17,11,0,288.1905630948115,59.49608218985991,1640
17,12,0,274.0897410932287,50.95735953554706,1597
17,13,0,274.1912414627156,49.96519843258343,1634
17,14,0,248.2912742596902,46.33570211107321,1477
17,15,0,263.2749402867103,176.0879292821302,1482
17,16,0,241.6249301952314,44.37772996199952,1428
17,17,0,228.0710574016366,40.95805861128288,1374
17,18,0,196.784492315336,35.62795491660416,1196
17,19,0,202.4215618025438,269.2680897866584,1083
18,0,0,130.0708486607562,26.09440851079705,704
18,1,0,143.6974036561596,28.25697497484522,795
18,2,0,176.0117807310535,35.3871044868465,958
18,3,0,185.4079192383232,37.89762086432093,1024
18,4,0,198.684702571683,39.59499896216054,1074
18,5,0,219.6472580676691,48.32421644557299,1190
18,6,0,228.2277961007052,44.38035877388354,1265
18,7,0,225.8391807254689,43.58620149901083,1271
18,8,0,246.080076917376,47.85541727944079,1372
18,9,0,248.3331394031961,118.0891452041534,1379
18,10,0,257.389726092269,49.32010056772699,1478
18,11,0,239.9554878756357,47.73954417589182,1393
18,12,0,242.1805329880097,45.96658841938745,1415
18,13,0,250.9311144138419,98.20833359695872,1441
18,14,0,249.3097895540043,118.729394936291,1442
18,15,0,255.938406773935,704.4703725097195,1363
18,16,0,200.0623193079828,36.02314622299215,1212
18,17,0,185.6984317591409,33.49293549308858,1117
18,18,0,169.3054003201194,30.73348391310168,1019
18,19,0,148.8739903300602,26.650420503496,908
19,0,0,125.526798853243,108.6958020744919,639
19,1,0,143.9147717495913,28.4498793322914,792
19,2,0,151.3850657749878,30.0573884636773,828
19,3,0,166.6344906462292,32.75746732764147,918
19,4,0,182.748528278022,171.9948402504298,949
19,5,0,191.8608260174523,55.41096245536127,1043
19,6,0,198.7973828924115,40.64633793065131,1110
19,7,0,200.2187448541273,39.47266032379203,1116
19,8,0,208.4789274498272,40.15498624050222,1174
19,9,0,210.2331384776146,39.13925661223881,1223
19,10,0,235.4473462186954,277.313014893995,1280
19,11,0,218.3979468416197,114.367313287596,1205
19,12,0,210.0761380535926,38.86212233963165,1233
19,13,0,234.2331105613432,315.4063090590211,1277
19,14,0,199.1688644155498,36.37468744243585,1187
19,15,0,209.2682026207933,160.6342950882297,1186
19,16,0,181.2082447220363,39.04401593670762,1067
19,17,0,159.4710268103002,32.18981875212668,976
19,18,0,164.4729678111565,247.7057380344443,920
19,19,0,120.085378363299,22.2218517687382,743
