# mesh name: boxMesh_1
# primitive scorer name: doseScorer
# iX, iY, iZ, total(value) [MeV], total(val^2), entry
0,0,0,111.7489516732814,18.23769140762314,770
0,1,0,144.8795518739994,23.38480648994307,992
0,2,0,166.5545933070888,26.86775112836968,1140
0,3,0,192.232107141832,31.42034010591087,1299
0,4,0,197.4458720526723,31.57422407496768,1365
0,5,0,216.6285211102521,44.08244084538107,1473
0,6,0,209.1675809823948,61.33121215021262,1423
0,7,0,209.2029535267124,33.56244070589869,1438
0,8,0,215.0658695413774,34.79619906673017,1483
0,9,0,217.840005401477,35.01472350198818,1484
0,10,0,214.6091610753714,35.24169280006235,1480
0,11,0,205.6298740443946,32.39828387471781,1434
0,12,0,211.9118510141849,34.69235768307223,1450
0,13,0,218.069877741968,128.739795225873,1428
0,14,0,204.3883013180431,68.70073651372594,1398
0,15,0,199.5711653894364,31.15874923266349,1411
0,16,0,202.0926619672572,31.71702086041552,1423
0,17,0,187.7806198121127,29.74317520642142,1309
0,18,0,151.6656386377926,23.92631555358332,1057
0,19,0,119.4686340654132,18.53645411191287,847
1,0,0,145.0658082559179,24.06856406126883,976
1,1,0,173.6327093600688,27.83336031761202,1187
1,2,0,200.3461939510951,32.83037101812575,1359
1,3,0,245.40307533577,288.3169903734178,1566
1,4,0,247.54271049044,39.5251154226257,1701
1,5,0,279.2092344709712,549.6233091565846,1749
1,6,0,257.3122980497489,42.19392244805312,1741
1,7,0,253.6472071330085,40.97745428915983,1728
1,8,0,268.9175344931069,46.38627437285346,1820
1,9,0,271.8028596664251,43.38152724526707,1884
1,10,0,254.5911835355475,40.67595423339453,1762
1,11,0,253.5269721109093,41.24370135608261,1730
1,12,0,257.9176332024919,59.28470434381018,1784
1,13,0,253.0394397923189,40.19221674697118,1764
1,14,0,260.7531113590695,40.97479540555143,1824
1,15,0,270.005145386451,44.43720269301473,1859
1,16,0,246.5889930863062,41.89730254371569,1730
1,17,0,247.5806632441702,56.75960867768384,1695
1,18,0,223.7110490037462,417.0300466467197,1427
1,19,0,155.7722796645968,24.03229530960709,1112
2,0,0,165.4516595794722,26.59381302553838,1138
2,1,0,218.2551746323726,128.1428497247541,1401
2,2,0,227.7653224358003,36.45860462650548,1559
2,3,0,261.2830424984336,49.70632507793994,1748
2,4,0,286.6211124442858,46.5839182795178,1945
2,5,0,296.5954959419463,48.87850227800458,1992
2,6,0,301.4072494713992,78.51547144466416,2026
2,7,0,311.428096521331,198.0859209562954,2046
2,8,0,310.8576521145775,80.98168167514216,2093
2,9,0,301.5483081925976,48.35093910998012,2072
2,10,0,306.6515050081075,49.41901244327128,2117
2,11,0,284.1655687778311,45.33823228485306,1963
2,12,0,303.9770177101173,48.97610871113645,2089
2,13,0,306.7659485293758,48.8583866367075,2126
2,14,0,316.2110357910389,50.16158665050322,2203
2,15,0,300.2550815554639,48.87876032007925,2096
2,16,0,284.5857686081353,43.95413980261555,2002
2,17,0,264.2427174094063,41.09720936945203,1858
2,18,0,233.5441922379854,36.72781376484096,1636
2,19,0,187.4008910109138,29.31926358877132,1329
3,0,0,181.1256275822373,29.00540726970997,1250
3,1,0,239.9450313066751,376.0305057297774,1515
3,2,0,294.0646505681363,789.5172409888658,1815
3,3,0,302.3752883216654,555.552658857401,1930
3,4,0,317.2980827801991,211.5785633284713,2073
3,5,0,322.8788370688661,51.31091440523974,2222
3,6,0,323.9114131172602,51.64554539569295,2239
3,7,0,325.8822258678825,53.13130738563059,2241
3,8,0,337.2989402643332,54.65637173837301,2314
3,9,0,331.6517782504982,53.2578846809531,2292
3,10,0,317.2867656506943,50.02723869541331,2217
3,11,0,329.3772353691066,53.23014741944395,2259
3,12,0,339.5475890920512,86.07663441215938,2294
3,13,0,336.0257722186786,108.4868017774816,2256
3,14,0,346.9731750452856,108.4648135108421,2335
3,15,0,319.6389692032516,51.12791649613223,2219
3,16,0,343.5675961437161,637.5126986915317,2221
3,17,0,295.9715451742321,46.70125658469129,2056
3,18,0,259.4220888787877,71.24648542933227,1781
3,19,0,207.1873911223136,83.22137562667409,1403
4,0,0,196.6674348447948,31.21699762800354,1354
4,1,0,236.0070298001824,79.83134554486485,1563
4,2,0,271.1167040351057,43.78558370028647,1857
4,3,0,319.1348143534245,73.53644778517446,2119
4,4,0,314.6846381991479,50.02861576684459,2154
4,5,0,341.3543437392252,55.15859685805759,2334
4,6,0,349.2350502856318,118.5427871463339,2304
4,7,0,355.3003393831004,102.2792303097024,2372
4,8,0,338.1005081430178,54.51281666420411,2311
4,9,0,341.3064822315469,54.29471610928495,2350
4,10,0,340.1286046595393,56.53010698615803,2348
4,11,0,339.6162208729521,54.37823270500825,2352
4,12,0,349.7487641850132,132.9027151087374,2408
4,13,0,345.2494778271166,54.94952833536745,2420
4,14,0,332.8116390982146,52.66388478602012,2312
4,15,0,335.7649920635592,53.15499043097501,2334
4,16,0,323.2809411148767,50.50520404016207,2277
4,17,0,308.6857876321993,51.22486220978396,2135
4,18,0,265.1856976097527,146.0497285436171,1777
4,19,0,204.3034792454891,32.57307982033925,1432
5,0,0,194.1143400745878,30.83533168947262,1340
5,1,0,255.7026841651017,42.12657219920091,1723
5,2,0,293.7198652142583,48.8959315934219,1989
5,3,0,318.9168861653332,59.26465853648212,2173
5,4,0,325.4078999817081,52.60965587684584,2212
5,5,0,343.7524833289672,55.79257804236528,2345
5,6,0,355.9867241641611,60.52958130569828,2441
5,7,0,347.950689842806,66.41303382673362,2395
5,8,0,348.5469300818781,56.46080327924432,2407
5,9,0,365.1791328465217,104.1695179237298,2460
5,10,0,355.9747432676014,57.54310070023861,2457
5,11,0,354.6534178047692,90.3849755273953,2418
5,12,0,366.9823983496976,157.5630831492287,2465
5,13,0,357.2641142275751,57.87490239769782,2459
5,14,0,350.639583786361,118.5405241977422,2380
5,15,0,329.2441014122989,51.7121916053675,2299
5,16,0,331.5395902280525,52.37364790349142,2316
5,17,0,329.2679195030701,153.2884728889008,2213
5,18,0,271.261844463815,42.68982086086685,1898
5,19,0,218.29996307214,34.70142150519451,1535
6,0,0,194.8012068681001,31.62144750954643,1318
6,1,0,254.1003708656062,41.47141294712043,1711
6,2,0,290.0455748558177,47.83947098653034,1960
6,3,0,324.0869769185267,72.99225613943004,2182
6,4,0,323.9144083264097,52.59739984043001,2207
6,5,0,335.8730135845612,53.4825949269516,2307
6,6,0,358.4594867320467,58.09506997857201,2460
6,7,0,343.8278686669341,55.37235508713942,2358
6,8,0,361.3844803193984,58.75058242655186,2479
6,9,0,352.886581828551,56.7275347825957,2434
6,10,0,352.8147662053576,55.93722451798003,2459
6,11,0,350.599940836866,56.36134517190147,2402
6,12,0,340.4381735244447,52.86951275048266,2391
6,13,0,369.6630791239138,255.7168439385322,2414
6,14,0,346.388118355938,57.86593217084031,2393
6,15,0,334.5815066601538,52.54271577584329,2332
6,16,0,351.4888320691474,479.231334086648,2308
6,17,0,308.1946088867027,50.6880900735656,2166
6,18,0,278.499929800324,43.68252342821679,1958
6,19,0,218.6090653680226,34.36609138459482,1545
7,0,0,205.5097171464359,33.12102284810186,1404
7,1,0,250.036936574334,39.88249545363502,1709
7,2,0,297.1036523102431,49.87689330368601,1973
7,3,0,322.9525791939257,53.13237262491613,2196
7,4,0,337.0618483990957,53.75111111357931,2305
7,5,0,354.6473712520275,61.77604375466749,2414
7,6,0,356.8623821689141,57.51233827913043,2436
7,7,0,346.218395427371,57.17905589178102,2360
7,8,0,360.6150751877339,83.52857490449549,2453
7,9,0,357.0701983709302,56.88537150799318,2474
7,10,0,345.4643372666657,54.55619638381379,2413
7,11,0,359.7494296374259,83.14319525910226,2460
7,12,0,347.1757216519802,58.86365736029313,2413
7,13,0,353.9438971492213,55.81157884915291,2481
7,14,0,352.4818426510575,56.71202652406894,2424
7,15,0,343.0121916660053,54.78390530293944,2382
7,16,0,333.9571662397602,52.8214600690284,2313
7,17,0,320.1070190415888,51.54243475918273,2204
7,18,0,284.0926091211574,68.4869150692613,1947
7,19,0,215.1818052131079,33.87836893776201,1534
8,0,0,205.5949644183429,33.28106792996113,1400
8,1,0,237.0289242564374,38.25000013142861,1628
8,2,0,287.6487519240121,45.89681884506069,1966
8,3,0,325.3582044762271,93.84278985232983,2176
8,4,0,332.5188581427681,53.60875642617147,2261
8,5,0,354.807477486063,57.27553292099328,2435
8,6,0,354.4734896988215,77.37296599378165,2359
8,7,0,365.9442217427041,185.6233312131394,2429
8,8,0,367.2916986833864,59.95247372450242,2506
8,9,0,377.4697246103507,148.8271469690261,2565
8,10,0,350.4434534634943,56.05002312403271,2415
8,11,0,353.9325848862839,55.88902974312679,2477
8,12,0,358.8858949646641,61.64416787725491,2518
8,13,0,366.1719199097677,158.6810060999818,2474
8,14,0,357.1974097950848,57.51796817554317,2468
8,15,0,343.3289380103216,54.09225958312825,2404
8,16,0,312.1923540035004,50.13973651662291,2176
8,17,0,313.1189384405337,49.15457076657073,2215
8,18,0,269.1864997053222,42.45115753285689,1895
8,19,0,211.9814239341909,33.26883452158883,1495
9,0,0,204.1916309244203,32.84580993338314,1392
9,1,0,250.1012324935274,40.32486695682198,1704
9,2,0,294.7052051250534,47.82713701741005,2006
9,3,0,318.0398585382371,51.90041985203097,2176
9,4,0,329.3935179876582,56.77557006545572,2242
9,5,0,347.8913235097585,56.27433022950732,2379
9,6,0,345.2124842209276,55.39061533252831,2388
9,7,0,389.4553957674055,288.4712571986009,2540
9,8,0,365.2650874970954,58.19308486471299,2532
9,9,0,343.9673102720295,54.35245853166028,2385
9,10,0,368.0699203358519,287.2993006321506,2438
9,11,0,367.3876040564732,210.4962926527753,2452
9,12,0,354.0840005189233,56.14233151700842,2481
9,13,0,350.3423092328235,57.07777131901759,2433
9,14,0,364.3282668098384,58.68848312635055,2512
9,15,0,344.8127512770961,55.38894869614967,2405
9,16,0,355.585240153186,418.4086562326353,2345
9,17,0,312.2812926072972,81.70962992108488,2169
9,18,0,274.4211725769971,43.53973876708752,1909
9,19,0,207.8182630206847,32.34253798261282,1468
10,0,0,191.1473013028153,34.45091713940809,1282
10,1,0,255.2491021496581,46.41523817476497,1719
10,2,0,293.0232211409811,71.54540849627347,1964
10,3,0,317.8896682271309,50.37355817057082,2193
10,4,0,355.8241836947805,75.48474470748539,2407
10,5,0,349.7281645742472,59.68559217154725,2383
10,6,0,349.4666003692037,55.57136284138556,2403
10,7,0,366.6273554565171,74.00820146022406,2482
10,8,0,360.2701578873321,78.83010461684405,2447
10,9,0,372.750772077892,92.58199562294283,2556
10,10,0,359.7126627294218,133.4313991146606,2400
10,11,0,362.4825328994208,140.2108147471222,2425
10,12,0,349.2929762046496,55.48413621299173,2435
10,13,0,356.4047920289314,66.11105733923068,2453
10,14,0,351.319844162286,59.44755623233469,2430
10,15,0,351.490352704805,99.1037208342925,2448
10,16,0,320.8032416725492,50.20377512625075,2259
10,17,0,320.4944641468154,50.68537090244355,2236
10,18,0,264.7181653217698,41.33911812671046,1868
10,19,0,217.2528962779722,34.52456880669103,1521
11,0,0,196.2104234724504,31.79005910253844,1330
11,1,0,256.7465022801629,41.60140056089648,1756
11,2,0,300.3694811197441,49.15923173558027,2035
11,3,0,332.2771459023015,114.5770390542829,2182
11,4,0,344.5908679309702,130.1953976080132,2269
11,5,0,360.4444202857607,66.02580566951296,2433
11,6,0,358.3609879597086,57.78690053327076,2444
11,7,0,357.8212769829982,143.4265095289492,2365
11,8,0,355.1121558561987,60.0399879333214,2416
11,9,0,369.2508971819976,65.99341400870263,2519
11,10,0,372.7144420760288,339.6241474452351,2438
11,11,0,346.0900230993574,55.5035469406165,2400
11,12,0,351.8602072641897,56.3800891508439,2446
11,13,0,353.1623998190913,62.99087159725494,2452
11,14,0,360.6096834597818,56.22556848869452,2526
11,15,0,361.3876876161218,132.2436916434958,2441
11,16,0,349.6606619215388,172.021681565414,2357
11,17,0,314.9939783226361,49.80960284745769,2205
11,18,0,263.8573351686623,41.05858250320555,1866
11,19,0,217.575709602531,66.3992748128405,1485
12,0,0,210.0510098433018,162.6959608141506,1369
12,1,0,243.4085638486546,39.47138234836628,1662
12,2,0,287.2067537758042,45.75587887939403,1975
12,3,0,310.6576733443258,50.33378425697483,2116
12,4,0,349.1301581762795,120.8947084352368,2351
12,5,0,334.6463425706633,54.29083894092308,2271
12,6,0,345.2277419672939,63.39793690925073,2334
12,7,0,354.0832321951006,56.99388855810677,2436
12,8,0,356.971110249253,57.08077671916259,2458
12,9,0,351.9901542078577,56.05248936903742,2445
12,10,0,366.2796966775265,108.1355345029116,2485
12,11,0,366.6046552966428,77.10146399859262,2531
12,12,0,345.3879376029537,55.44251336525317,2384
12,13,0,349.1800107012023,114.7700982386619,2398
12,14,0,346.5410749591462,54.64038156184661,2433
12,15,0,349.6081231052876,56.39713261755632,2417
12,16,0,335.4622224795491,52.98591977506911,2346
12,17,0,304.0504040898379,71.57865668203159,2093
12,18,0,270.3501762814971,42.27805746410733,1902
12,19,0,207.9639421152457,33.11952249440121,1449
13,0,0,211.5467432675831,34.88109144825791,1430
13,1,0,245.139494155044,39.71086861873582,1665
13,2,0,284.8685946757829,46.00360563383034,1944
13,3,0,325.2442535968483,72.14333745561467,2186
13,4,0,332.8067399478973,53.3302094068569,2276
13,5,0,349.6695441629007,56.69628693405424,2383
13,6,0,361.1072001012821,62.32227721062883,2464
13,7,0,374.8778856978641,548.6580982838177,2431
13,8,0,365.4714900230275,59.15322339942461,2504
13,9,0,355.8365944408395,56.69154830176126,2453
13,10,0,359.4956216424645,57.92401548734424,2464
13,11,0,362.4838156558741,127.2500923337369,2438
13,12,0,350.8482008891294,55.01239335287985,2436
13,13,0,342.5046468766782,54.52600113035837,2366
13,14,0,367.6203700551357,165.2789458395151,2484
13,15,0,347.5181752813953,55.54302509597868,2420
13,16,0,325.0714134046274,53.22114452972728,2272
13,17,0,300.6104000810723,47.72605629686333,2100
13,18,0,262.9482695566645,41.29692950131075,1856
13,19,0,206.8477295545112,33.26082161833413,1459
14,0,0,192.7918499343689,31.61702478906413,1307
14,1,0,253.7716182312976,57.32676287206304,1683
14,2,0,295.7410633940135,47.69373197278482,2011
14,3,0,313.702311370636,90.5729131681483,2087
14,4,0,328.297333115921,52.16359569865715,2260
14,5,0,340.2839448847205,54.13711123427623,2345
14,6,0,348.2126067355626,55.24555861008182,2390
14,7,0,333.1309189881779,52.13466894240363,2323
14,8,0,348.9978447737815,56.05145917416474,2400
14,9,0,342.589893188533,55.95638678819415,2367
14,10,0,361.8070342439573,73.26789110361209,2462
14,11,0,362.2702712947412,459.7637451934634,2375
14,12,0,367.8173763914943,126.520260992768,2455
14,13,0,344.1796445742227,55.11672326237058,2380
14,14,0,348.7935230732281,54.72757729831079,2440
14,15,0,342.1664574551523,53.07645891139546,2417
14,16,0,320.7875695991326,50.25296266177511,2258
14,17,0,299.4226660967776,47.31298489261926,2084
14,18,0,277.8340521594243,46.87322027167008,1935
14,19,0,210.7698271084873,32.53989627586143,1508
15,0,0,192.5209539434701,38.62251640766032,1306
15,1,0,236.5523263930314,38.80869857149565,1596
15,2,0,282.8362138094752,48.22312293280989,1901
15,3,0,303.8999019829267,52.27694251882786,2055
15,4,0,335.0840031839007,62.54361979803701,2257
15,5,0,332.7608569112131,53.55738979902692,2284
15,6,0,335.472460128005,54.25857900633113,2290
15,7,0,353.288842602796,70.52405431009973,2388
15,8,0,352.4684013307235,232.3068982244576,2337
15,9,0,351.4021169553846,55.82204130838223,2429
15,10,0,342.9062468208233,54.64061901775905,2370
15,11,0,342.8197693730552,56.83552547695397,2367
15,12,0,340.9067408513276,55.07165667312147,2355
15,13,0,345.6085853368642,55.30323356964466,2392
15,14,0,389.6423536943996,1139.722923677934,2388
15,15,0,338.6705071394667,53.98290837427914,2359
15,16,0,332.1511399589244,53.108445500142,2308
15,17,0,321.0959747207686,84.05101105518554,2220
15,18,0,257.0619899528903,40.45724318424553,1814
15,19,0,208.4294065544425,32.29962058160725,1477
16,0,0,187.6043451685885,42.19463906690459,1266
16,1,0,229.2122049115154,36.56772208803018,1567
16,2,0,258.8827575888905,41.57847933924467,1773
16,3,0,293.1333149317699,48.973851756792,1962
16,4,0,297.4386067670608,47.85527103509716,2027
16,5,0,310.6076843358363,51.60116483700705,2121
16,6,0,325.8665421598934,53.321383280555,2217
16,7,0,323.9440098416318,106.0075687648604,2164
16,8,0,317.3720906126776,53.65820955280338,2172
16,9,0,333.4166679126612,66.94750985643842,2282
16,10,0,330.5863861038966,94.74712039136494,2240
16,11,0,321.0249935639872,53.11300508967009,2198
16,12,0,354.4980657865255,93.01690282267727,2426
16,13,0,327.4532647103489,52.49503347535065,2259
16,14,0,324.4756210237867,51.06746164980024,2273
16,15,0,323.5454933739262,51.3240967617208,2266
16,16,0,313.3429215073169,49.13250182248275,2201
16,17,0,274.5815487834678,42.54711005965635,1948
16,18,0,242.450959459262,48.6833308912365,1687
16,19,0,212.5974030639073,384.0317818495525,1365
17,0,0,166.6300102507751,26.57026618187807,1138
17,1,0,203.2343749265602,33.13618345415514,1388
17,2,0,248.6768558933627,40.0518539059901,1689
17,3,0,261.4569665460327,81.14182421506567,1739
17,4,0,289.1583154383005,46.59537690268102,1973
17,5,0,291.0112148077141,46.73708998285284,1989
17,6,0,296.9114416051293,47.96193229965836,2039
17,7,0,295.8395613780453,46.72995384029145,2043
17,8,0,308.204927031214,105.89673624183,2068
17,9,0,298.9536747814498,48.27063696246726,2040
17,10,0,295.7153689893661,46.83325961849913,2055
17,11,0,298.8553380416204,47.52029429130084,2082
17,12,0,310.8050400781093,56.75602351369799,2137
17,13,0,306.4330583193282,93.88940180577129,2065
17,14,0,296.254328663522,47.77586054076722,2046
17,15,0,305.856157004743,48.45263584304967,2135
17,16,0,281.1645344197954,44.49262692724339,1956
17,17,0,287.9566115482117,345.7719063438761,1885
17,18,0,244.0549929152206,39.19862010691214,1693
17,19,0,193.2334850155997,30.44021756662357,1361
18,0,0,138.3264804739854,22.21275635470447,948
18,1,0,176.2723088468578,28.49906303407631,1202
18,2,0,198.7240944645984,32.02234943904444,1358
18,3,0,239.2341452955218,53.81020908515305,1585
18,4,0,240.5079372776146,38.1685782995174,1653
18,5,0,255.6363707270815,44.87433095741537,1742
18,6,0,254.3998274579144,40.74394333845201,1734
18,7,0,261.2992709690582,47.80929026940087,1784
18,8,0,268.6330324586256,43.20793218078297,1846
18,9,0,251.6557435829218,39.7583910209277,1746
18,10,0,263.4561779729416,42.72073105799845,1828
18,11,0,277.4157692157322,49.14633722329324,1892
18,12,0,264.5027225690284,66.20239052339593,1800
18,13,0,282.6955982965186,311.303309699968,1831
18,14,0,260.4811311838978,40.54438449725129,1826
18,15,0,254.8881577259553,39.61575854234669,1801
18,16,0,249.392483411443,39.14052928807681,1758
18,17,0,253.0393105043799,86.27527403582091,1731
18,18,0,200.3893154264193,31.6186423356067,1421
18,19,0,165.2786100758278,40.54960788517841,1131
19,0,0,124.8569342479679,20.07093866244645,855
19,1,0,137.572092586291,21.64090581600369,965
19,2,0,167.2097027023598,26.57619157246989,1152
19,3,0,195.6367914362697,83.73171516462241,1278
19,4,0,196.0248362567349,38.7548912970227,1325
19,5,0,205.0865939260551,33.2922392682197,1397
19,6,0,202.7736798097471,32.50859940797025,1406
19,7,0,199.9609836541189,32.24695194166785,1374
19,8,0,204.9755345854011,32.41024669433887,1423
19,9,0,206.7937104297432,33.03713232795733,1435
19,10,0,216.2206249318446,108.8727094520394,1433
19,11,0,212.6661778639871,34.44680822771044,1463
19,12,0,200.6577587100537,31.81384901637156,1401
19,13,0,207.732623274921,37.34919572625216,1426
19,14,0,206.7625495954315,32.64210210973521,1454
19,15,0,204.594754619107,32.50007477126683,1418
19,16,0,190.5307074701586,29.80459294062864,1339
19,17,0,175.392655411202,27.65382546815928,1237
19,18,0,161.2228385502433,26.13374479145469,1131
19,19,0,131.887430488908,20.44670215098738,952
