# mesh name: boxMesh_1
# primitive scorer name: doseScorer
# iX, iY, iZ, total(value) [MeV], total(val^2), entry
0,0,0,48.10725837016649,29.22150474408415,129
0,1,0,54.21763790902101,35.3729928148943,148
0,2,0,84.81853053896118,131.6882028761516,194
0,3,0,90.42031200047451,51.22024772714743,254
0,4,0,88.78370144004711,43.37358264301092,280
0,5,0,100.8976298790422,48.5394904126213,307
0,6,0,130.2798940994275,76.61962515515407,389
0,7,0,142.2596722588199,80.1271108512931,451
0,8,0,157.3127836689891,68.42919551487857,536
0,9,0,178.9929992220129,90.72379707198219,607
0,10,0,167.1859600343801,57.91094586668324,638
0,11,0,206.3838701637911,84.20591994532309,785
0,12,0,217.8077086144544,106.9658072781595,817
0,13,0,228.673800169598,118.6044310325991,865
0,14,0,214.7044980726083,81.66543425879436,869
0,15,0,233.1814553199015,121.4972162487774,937
0,16,0,227.3356921380043,87.55481790362016,953
0,17,0,209.8865353058463,66.28749786850338,908
0,18,0,199.7869079040761,73.15573569685515,872
0,19,0,177.8919944951448,50.0015328737594,833
1,0,0,55.42570057138995,33.2797769155689,146
1,1,0,68.53486727098034,41.03963710950838,178
1,2,0,72.14958209647068,34.21089752155299,211
1,3,0,99.2634211770761,64.55456257676035,283
1,4,0,98.71086243902099,56.43383219808675,284
1,5,0,106.1113643759784,49.85678374205023,334
1,6,0,133.9507976618964,60.81665489980168,421
1,7,0,167.3285121470672,79.71803323193446,528
1,8,0,180.975222153791,88.62948393499826,581
1,9,0,182.8457838858451,65.41737988849253,661
1,10,0,224.0491055560367,115.169102366111,751
1,11,0,214.3175987831015,86.39884275220541,808
1,12,0,225.3617864103432,79.73443236402798,888
1,13,0,227.3941356749559,75.37181821327756,923
1,14,0,268.711912836656,96.68946793653956,1080
1,15,0,259.0765306353283,106.7968622899891,1053
1,16,0,253.2801335815819,92.5494298669477,1078
1,17,0,223.9491621475084,75.88065006931441,985
1,18,0,219.6745095414198,68.19462768803315,985
1,19,0,192.2134195749492,61.49283842592432,878
2,0,0,58.58972395128718,42.91291302600762,146
2,1,0,71.90775518584771,42.5867802738084,189
2,2,0,78.42107447262779,42.69473100003217,222
2,3,0,102.421616862314,61.63714139583489,273
2,4,0,113.1545513070007,64.56714751588264,333
2,5,0,136.7859466440817,71.53781426756326,398
2,6,0,161.0309239623364,97.83013192050061,475
2,7,0,162.6700611488575,68.82814692091293,544
2,8,0,192.281042144393,82.1910917005161,639
2,9,0,211.4412605985998,102.9062880507448,736
2,10,0,216.8504470086201,91.3930977158338,788
2,11,0,259.2031799003022,103.0907624390215,943
2,12,0,241.9222965131992,99.9472622570056,942
2,13,0,252.465444315822,79.32486714002685,1048
2,14,0,267.895143265048,104.9856772700285,1102
2,15,0,256.7456767037384,86.12272019852448,1090
2,16,0,265.9310717114806,96.78902797340082,1154
2,17,0,263.8272338010467,93.10983541326674,1137
2,18,0,246.3510325983991,94.7158738420173,1102
2,19,0,203.7688271627458,65.33270688407437,939
3,0,0,58.1305666124962,45.10633060467828,143
3,1,0,68.8828505317074,36.97423006545474,191
3,2,0,84.20308990255469,40.50050142784949,237
3,3,0,96.73956910796046,63.23679461547293,268
3,4,0,135.3833656154113,329.5104750203702,364
3,5,0,160.2581913236701,105.7156306934881,455
3,6,0,150.6720178575889,75.56171884969585,469
3,7,0,184.2797620256248,81.79917791561456,598
3,8,0,196.0762202357209,81.81035292555499,663
3,9,0,216.6883115313588,93.09447655428575,752
3,10,0,248.3289348499824,132.268906732982,891
3,11,0,275.9230890131935,250.1519329576294,993
3,12,0,283.3176002440113,245.2406105678324,1038
3,13,0,280.9316246696407,119.9363229406208,1085
3,14,0,302.0752217759941,149.481079654005,1223
3,15,0,321.4976025639797,370.8063833276715,1290
3,16,0,284.6981905833815,102.0819497516412,1221
3,17,0,284.6884549323154,93.35091295134099,1251
3,18,0,273.8028444249117,161.1795253203098,1215
3,19,0,232.9005691781981,79.32539734450914,1089
4,0,0,62.50868398762032,34.14306161045045,170
4,1,0,79.34378200261769,47.14630134169207,212
4,2,0,79.66508167991236,35.85087798529556,243
4,3,0,97.01505966818532,44.17586833889453,299
4,4,0,130.9317425980605,72.42427077546863,379
4,5,0,140.8620400487828,80.70923511097003,421
4,6,0,166.1520582831816,85.08277830325264,529
4,7,0,199.7597913969079,102.2424673284153,626
4,8,0,198.5411986264594,95.58690404070724,663
4,9,0,234.7370770023619,111.4401173907482,775
4,10,0,263.3776266177067,124.4288791688098,939
4,11,0,284.5092542232393,118.0467883154901,1049
4,12,0,299.2109705210922,100.0229677373029,1167
4,13,0,301.0293159405558,160.8330679295212,1202
4,14,0,318.7329761447179,159.4316072344232,1279
4,15,0,313.2638817151528,107.1719676120576,1303
4,16,0,318.8889474859887,118.5234425600917,1360
4,17,0,298.0601583808323,86.46161996055385,1365
4,18,0,272.582127032606,92.2528477715685,1246
4,19,0,247.6109382350005,83.65570861047412,1151
5,0,0,59.97479024103849,43.02462464239488,158
5,1,0,92.43292014535746,80.69746941440988,242
5,2,0,113.9251869983604,84.58895918362877,284
5,3,0,114.586934202506,59.67574027549981,319
5,4,0,143.9422101830825,85.09725424519202,402
5,5,0,165.6370393789988,88.508085937906,486
5,6,0,174.1341164928359,97.55509039561494,565
5,7,0,217.3878211748071,142.1644896701316,659
5,8,0,217.3951322206073,114.4397408633241,711
5,9,0,234.9466540912219,97.28020851440249,826
5,10,0,282.1808093125516,144.4013257712488,992
5,11,0,280.6573466266016,130.2247201968157,1044
5,12,0,300.2814002182778,111.3250877799361,1193
5,13,0,336.7342962313765,168.1715889681876,1296
5,14,0,328.8080517158263,112.4066984129414,1332
5,15,0,327.6219221617765,121.7365889675735,1368
5,16,0,315.5139257329649,94.94056406983999,1400
5,17,0,314.6744315614436,112.1816741252069,1386
5,18,0,300.4039792696434,109.2808432529929,1340
5,19,0,265.1271102297477,76.97018876952679,1230
6,0,0,86.31761525682549,92.75311527336677,199
6,1,0,82.37316259499703,48.23937711817893,223
6,2,0,107.71963348636,76.34132845441863,282
6,3,0,127.1627290182728,66.0173008604427,373
6,4,0,137.7375203424046,83.1113509005252,389
6,5,0,163.180848565513,72.45788119618732,501
6,6,0,184.8443687087895,88.26958338489101,580
6,7,0,208.7939691311819,129.1389886030988,660
6,8,0,269.6652882675493,161.2212522721621,862
6,9,0,272.032114053325,195.8378894657424,922
6,10,0,302.616216892264,363.1744810609727,1056
6,11,0,310.2482993408236,184.7964605765349,1151
6,12,0,316.2229627653468,115.4959853730148,1230
6,13,0,333.1342340650224,125.3855260661182,1321
6,14,0,355.7787633053067,145.6685865352985,1429
6,15,0,370.5153153292316,122.6604098869779,1581
6,16,0,345.8237956959159,186.0850930512582,1499
6,17,0,335.220689671301,107.4082163673584,1481
6,18,0,297.4036846617948,109.5234542710033,1310
6,19,0,287.7006414706328,145.3221243580072,1268
7,0,0,75.48319174925179,47.5309732037689,204
7,1,0,87.61212752889979,56.61715861252841,238
7,2,0,97.84885614652401,51.65609282203378,283
7,3,0,139.3302054421906,95.27319158309781,368
7,4,0,146.3205524166711,82.61259262035257,413
7,5,0,165.3357848980114,78.02197889944892,503
7,6,0,203.6514103067802,106.7018719984088,645
7,7,0,212.9854098548089,100.7667928872759,691
7,8,0,257.5220697000474,120.0036656661406,840
7,9,0,253.6190423899093,114.7657627385394,895
7,10,0,284.0907640911284,112.4254306070523,1046
7,11,0,292.7135901521631,133.2650145798,1100
7,12,0,338.0391650859339,130.9718942161036,1348
7,13,0,355.5633000841833,134.373852383125,1399
7,14,0,368.5341553256704,141.8523470369609,1525
7,15,0,361.643248129907,166.4758536390906,1484
7,16,0,372.7955118448233,148.3467894156277,1579
7,17,0,339.0109669979609,206.1298741593275,1481
7,18,0,323.6208629623521,132.3256564953543,1444
7,19,0,289.1313932383106,93.31936313783098,1331
8,0,0,77.86428282653193,58.54417589874178,194
8,1,0,83.75819286487898,52.32991048219303,240
8,2,0,102.388388477466,54.21250072217689,299
8,3,0,134.5722582430966,86.22386814278725,359
8,4,0,132.0467301240198,82.21277427263819,397
8,5,0,164.5902699477247,82.49820243379833,502
8,6,0,188.5622188581424,104.0702075790135,591
8,7,0,211.1976659673962,101.2877065524854,710
8,8,0,268.1474440926454,119.3886222212946,889
8,9,0,263.0688794722649,122.2052329831088,903
8,10,0,290.0749508773525,133.8948489516184,1059
8,11,0,313.5119879936221,126.8451182617809,1178
8,12,0,341.9730594493735,127.7476053470833,1351
8,13,0,344.9640520561746,115.0325733138979,1415
8,14,0,381.1329691426423,371.0347218485197,1499
8,15,0,355.5790942789653,134.9263741938308,1507
8,16,0,351.2431770523161,156.4746976096395,1539
8,17,0,357.7488970685578,124.9969565008786,1600
8,18,0,322.0218239552729,104.279771638918,1456
8,19,0,295.1653815998837,138.8211866096649,1332
9,0,0,73.22848730124289,53.54993547137138,190
9,1,0,89.81926871344049,50.79987857537778,227
9,2,0,112.8424706002609,71.14271633918109,293
9,3,0,135.1933739876054,75.04177185491777,388
9,4,0,149.0720658535464,91.53104179033147,430
9,5,0,182.4161349592688,98.99895179478824,545
9,6,0,200.6666916606366,102.0597392181487,636
9,7,0,220.7632420684497,90.61459617144548,736
9,8,0,249.6963249893656,117.8386509988664,841
9,9,0,248.0762911519988,105.9684745313601,887
9,10,0,310.3098871446124,165.363655372831,1097
9,11,0,330.0652134359685,133.4771189028096,1240
9,12,0,341.2166788494036,131.6014785943064,1313
9,13,0,366.3786237809092,147.1286277119342,1471
9,14,0,354.184704167577,133.0445888853214,1449
9,15,0,365.7584236309489,126.3701654683558,1561
9,16,0,369.8475691502892,123.9715215072062,1623
9,17,0,344.0514025945722,107.7265526869025,1541
9,18,0,319.1836836958764,108.8252953723065,1464
9,19,0,303.7965394437047,108.279914498545,1383
10,0,0,63.83191360610665,35.00015547685632,180
10,1,0,80.65888924650497,41.63482140991488,217
10,2,0,119.82391863224,69.78494482698943,314
10,3,0,111.9727593415357,54.92430196221124,344
10,4,0,148.8496465156677,77.43153813798007,426
10,5,0,170.5713480220965,104.9760238223724,518
10,6,0,202.9806133294476,98.11173617296697,650
10,7,0,209.3601664385185,95.06302407736058,691
10,8,0,244.5165647448371,104.5952693642983,854
10,9,0,304.0203700978485,188.0684802761987,1030
10,10,0,288.8682360624209,127.1271491848037,1073
10,11,0,322.7321810290772,183.8635874358849,1185
10,12,0,349.4525335299836,146.5123805672595,1344
10,13,0,351.768150197298,132.6269507395219,1434
10,14,0,370.9370875043847,242.6012439647242,1518
10,15,0,371.9067085379608,143.0120196189249,1541
10,16,0,363.1433461512939,133.3505001564671,1572
10,17,0,338.0565920589949,109.2747113704222,1534
10,18,0,331.4235644209409,159.8613889486112,1505
10,19,0,287.9576494559479,90.94375675314897,1328
11,0,0,84.22255543897491,58.51426131998458,209
11,1,0,94.00404438844365,57.28482260964581,247
11,2,0,102.2826795401326,54.04097130807936,295
11,3,0,123.4888489247678,69.70394418234977,341
11,4,0,147.0323516439456,90.00790778493619,419
11,5,0,178.1905583758455,95.36152098001733,522
11,6,0,206.8919113679178,111.5400897806547,612
11,7,0,229.0286508003581,125.7548853909714,719
11,8,0,234.6754346051515,101.6788732046835,803
11,9,0,261.1748032540376,125.7217027924864,917
11,10,0,287.674149748003,124.7814634562273,1043
11,11,0,322.9164465944054,129.5669894398836,1222
11,12,0,341.9728507158114,233.8826775000052,1311
11,13,0,357.9034591420077,347.3215283247702,1400
11,14,0,345.8997105265648,125.8862632591546,1434
11,15,0,339.3043253865741,114.1536246427111,1465
11,16,0,372.0424973660095,124.8639432846638,1627
11,17,0,356.4616337642502,132.3842150553677,1557
11,18,0,312.9425642991511,118.3597124022926,1392
11,19,0,283.9779627267948,90.58018055637915,1341
12,0,0,72.53096241158921,37.85863895750344,189
12,1,0,96.58313144034807,70.27889449143751,243
12,2,0,101.864027243558,54.83886790532174,279
12,3,0,108.9780552280305,61.27075766954248,310
12,4,0,133.9390163542505,59.90544386598145,403
12,5,0,166.6294536149504,91.96778995726844,503
12,6,0,202.1805140221017,312.4383374696961,606
12,7,0,206.1111537386872,112.9388509199564,662
12,8,0,239.2601411732497,109.2527940088155,807
12,9,0,251.8705626958018,110.4392949326209,897
12,10,0,274.8686191289735,102.0082491084555,1026
12,11,0,319.0484033190311,137.0867901247156,1179
12,12,0,329.9866667167724,142.2503197776352,1251
12,13,0,340.0375625144627,118.6633014866426,1371
12,14,0,349.2449225268067,125.2585701501842,1430
12,15,0,385.9228235101247,130.0984413411701,1639
12,16,0,364.2471489372633,117.3093727513609,1596
12,17,0,346.8466487534855,262.9476297549327,1522
12,18,0,310.9654553639139,93.0412729915512,1453
12,19,0,272.4331194636133,79.79310993019234,1270
13,0,0,78.68421967052743,70.38076191328551,189
13,1,0,86.17240238672444,52.4770173071181,246
13,2,0,101.4368946961023,53.86092736992418,289
13,3,0,137.6212949137851,103.6084437954575,356
13,4,0,130.0300406592641,70.51943445374347,382
13,5,0,171.8594002724793,95.96857176107572,510
13,6,0,201.4535494798558,102.0030086745777,615
13,7,0,208.6385312458204,96.01659964687768,668
13,8,0,230.0954067363699,92.25470317593442,824
13,9,0,256.636629437625,115.5909267625173,924
13,10,0,297.8662623674721,126.4871653283393,1078
13,11,0,311.3162655024476,123.4578948388179,1200
13,12,0,302.4740069996901,104.7241956801722,1214
13,13,0,336.784151720256,114.5662691584245,1357
13,14,0,340.8623414233492,125.1655622969053,1417
13,15,0,336.8485876513578,106.840339986625,1452
13,16,0,339.0262389743834,107.1063041546357,1496
13,17,0,309.8577182430326,89.44750025977714,1429
13,18,0,295.0280789570139,178.2107573160636,1336
13,19,0,305.4894281089827,98.79121170634832,1386
14,0,0,76.45537599094396,68.28386175057061,179
14,1,0,79.79246111899604,46.92953078732857,224
14,2,0,89.50719543684571,47.18277799006001,256
14,3,0,131.7382617045069,99.41900749648072,341
14,4,0,146.7846423298613,85.01262667837376,420
14,5,0,169.4373727396138,136.2964774466405,473
14,6,0,178.6266692131258,89.58408413380344,559
14,7,0,198.5023601982967,83.96762129422082,660
14,8,0,231.7758658821966,110.7876868382043,772
14,9,0,255.0336172599875,117.242224798248,894
14,10,0,263.7751393830429,98.88813441578809,962
14,11,0,289.3469744556855,120.214187304546,1085
14,12,0,299.7361258458305,136.1111799713312,1142
14,13,0,299.5334348231126,90.93192160007571,1272
14,14,0,325.8517918914568,104.0161889949371,1378
14,15,0,330.5310136222019,175.2927371047194,1360
14,16,0,325.2246490000918,103.9969301367814,1412
14,17,0,312.437909729605,90.36321732856517,1425
14,18,0,302.0772435029745,102.1856538083095,1348
14,19,0,264.2166522515926,89.78246194753076,1227
15,0,0,68.5373774427252,46.75018370018611,180
15,1,0,80.56268445123526,49.79463400593233,225
15,2,0,90.66033513679393,48.92370504569551,250
15,3,0,107.4502524380808,71.61896085422653,295
15,4,0,129.6357549569539,67.45436706887496,385
15,5,0,166.5012548324596,113.3894242216888,464
15,6,0,165.7810780433019,86.95145465884313,522
15,7,0,202.5722722879713,118.7057116255057,627
15,8,0,214.6390107151661,93.6772123634567,740
15,9,0,247.2616941685882,112.9175406417833,855
15,10,0,256.7605444778919,106.26454072421,939
15,11,0,282.4952413059852,120.3834480788675,1036
15,12,0,308.0357475487136,126.5056455376919,1147
15,13,0,314.1338136455375,122.7654910939715,1249
15,14,0,332.4515532040506,180.4566714158989,1346
15,15,0,310.2017408325387,111.7988500042937,1308
15,16,0,312.1344360017457,128.0681883228161,1357
15,17,0,300.9496762146964,126.7986697557651,1313
15,18,0,284.5797965458409,87.16307173063321,1280
15,19,0,255.3525211434699,74.15825908527326,1186
16,0,0,63.96704768439365,37.24340509674894,163
16,1,0,78.42656638654491,38.76209560125297,220
16,2,0,116.1951007724445,90.51904531188868,286
16,3,0,106.0872496664301,62.58263880336684,296
16,4,0,116.445470926183,51.83235334419658,360
16,5,0,122.2252513469834,66.55270983100904,376
16,6,0,164.6099901624844,94.76457692762845,493
16,7,0,188.6385140895474,79.76268261901018,632
16,8,0,200.2000706058293,126.3791416949505,663
16,9,0,229.3121150543993,91.47194830484216,808
16,10,0,242.3601478968985,115.6817636293961,861
16,11,0,254.4756819771379,106.2191666550412,961
16,12,0,263.0513040893758,100.5948577946667,1035
16,13,0,299.1929627675015,105.395420427248,1197
16,14,0,301.7223198362512,359.2001613417244,1198
16,15,0,306.7065634308773,230.6526233446109,1273
16,16,0,286.2864447693508,98.357997569704,1247
16,17,0,276.6431585672496,90.94274190698383,1215
16,18,0,265.5500456031796,102.8918791921233,1154
16,19,0,243.7244348174166,100.0355667865324,1077
17,0,0,69.76879603067765,45.89786981236976,172
17,1,0,68.93586229458319,50.87381120390506,179
17,2,0,91.6593432879005,67.11147861163063,228
17,3,0,95.0279008308319,54.20968021209385,267
17,4,0,117.2278189685126,55.9871115175478,340
17,5,0,124.3965396527211,72.57771211455345,363
17,6,0,151.2964667678293,69.4092705156102,495
17,7,0,161.337445625168,77.14510594159408,536
17,8,0,216.6757372139704,879.3737231978907,631
17,9,0,203.499169300914,92.25677849677753,712
17,10,0,226.4272902225223,103.7396560699531,821
17,11,0,238.3851240235048,120.4070678734724,840
17,12,0,259.5748459686164,105.8264811604166,1000
17,13,0,261.403659421229,91.99294873753992,1063
17,14,0,274.0340859911288,96.12969446755018,1126
17,15,0,263.8681537830634,82.53139294726506,1138
17,16,0,275.0913105951935,170.7159864299704,1146
17,17,0,246.5785663745677,84.80772487476023,1098
17,18,0,232.9561402027175,67.60458425709287,1086
17,19,0,222.5971764573163,78.17275121291448,1003
18,0,0,49.22492968567818,23.02490140730994,147
18,1,0,64.7215911090051,38.14267597913548,178
18,2,0,69.14288375487369,37.79664849581327,202
18,3,0,83.67985869194092,43.26479766170186,246
18,4,0,110.3577094760286,70.17412050744579,302
18,5,0,105.9427932981962,54.95945349386205,320
18,6,0,145.2911508716592,90.37134517541968,438
18,7,0,161.9668383500066,76.54150310888224,533
18,8,0,175.4535259538416,95.97129209374215,568
18,9,0,184.3499738321787,66.06379381784095,659
18,10,0,199.83326907566,78.98075024368949,722
18,11,0,211.1561738806552,70.25892734224472,816
18,12,0,236.0510122004054,81.78838083314217,920
18,13,0,225.5883268968058,77.32672374884396,901
18,14,0,264.2749163703799,105.2421876185523,1061
18,15,0,241.0715036873649,98.11355596485915,1024
18,16,0,255.3435872216718,85.69052486653047,1085
18,17,0,231.3590164729357,98.50178248832586,986
18,18,0,203.8860752676966,71.40511385825901,925
18,19,0,195.1605181363035,60.53169569861654,910
19,0,0,45.29474193354086,34.14683668734686,123
19,1,0,65.12763692392782,34.32414196203051,175
19,2,0,74.76721398528755,52.09238887795152,190
19,3,0,83.78162380961228,51.10469923108542,228
19,4,0,86.7666654460525,47.45801303745457,247
19,5,0,100.170592028538,60.41819274041897,290
19,6,0,120.9074418990036,61.11203683905055,360
19,7,0,142.4490030372841,70.2394546223512,460
19,8,0,155.1927057723506,71.90933770397683,518
19,9,0,176.3682313961623,101.280756894679,555
19,10,0,188.0308012589422,101.7417083640789,651
19,11,0,194.7496651505001,83.23315491440235,730
19,12,0,198.1231456847262,70.42623881997076,764
19,13,0,225.7030739662768,89.19375534562555,883
19,14,0,220.7592653166168,93.80735026502231,874
19,15,0,235.2230434194639,261.1238764225112,916
19,16,0,214.1327971325989,94.61301664147534,900
19,17,0,214.4083157823265,68.45443937866577,956
19,18,0,192.3016791184153,64.98796369538573,874
19,19,0,171.8080784489308,59.8976886580171,770
