# mesh name: boxMesh_1
# primitive scorer name: doseScorer
# iX, iY, iZ, total(value) [MeV], total(val^2), entry
0,0,0,131.0742928161367,78.58817604236071,405
0,1,0,145.7855245878038,65.39589104950481,487
0,2,0,157.796043912197,72.04464223564416,547
0,3,0,162.9482977258571,59.48522602911456,600
0,4,0,189.9764301153869,75.75091946849641,712
0,5,0,200.3070806634667,65.53599573644259,811
0,6,0,220.8732637752457,154.5669272460586,863
0,7,0,210.0016959854619,63.14912861049163,935
0,8,0,222.5136365926852,63.55021929820375,1014
0,9,0,240.5868654883257,62.76882001823025,1132
0,10,0,237.7837022504598,63.72634936687143,1144
0,11,0,225.9473076377492,53.08096099382753,1164
0,12,0,251.4865502084026,207.274689212288,1259
0,13,0,234.9857774526751,52.51318559382451,1316
0,14,0,229.9614319852107,47.94219637729562,1336
0,15,0,221.5311624505445,41.56546725558852,1344
0,16,0,230.7273960906306,109.251847484325,1365
0,17,0,215.1635034484267,93.8135629579198,1317
0,18,0,214.8220349365816,72.27487802634955,1374
0,19,0,163.2878184480011,27.35053679580255,1095
1,0,0,155.0024329739436,88.55572977744499,475
1,1,0,162.3769445965507,71.54483825090971,522
1,2,0,168.4024446256429,70.24661967770787,583
1,3,0,184.7012223001951,70.46263028778613,681
1,4,0,206.5061265474234,69.62178554564741,788
1,5,0,215.4435088058594,77.98048525863587,851
1,6,0,241.3539762248276,86.72051824685737,966
1,7,0,240.3636907236989,73.75642516009772,1041
1,8,0,247.4251032928119,68.57866443444904,1133
1,9,0,275.5828883404944,86.35172239057546,1285
1,10,0,265.2288450623083,67.1975699409364,1328
1,11,0,256.4774650987559,64.36599845318941,1306
1,12,0,278.9113540166426,64.08292023488937,1490
1,13,0,264.6877186839828,78.26920823657042,1453
1,14,0,262.5673903570219,51.14884659405158,1524
1,15,0,262.0413693457083,54.98857056023757,1553
1,16,0,273.3465402875718,57.45174542666263,1664
1,17,0,267.7620404718044,53.92602744481648,1661
1,18,0,246.2558715319676,42.76889840610443,1608
1,19,0,209.9305803953405,36.48806445044604,1375
2,0,0,162.6148415583305,82.16551415419156,531
2,1,0,158.0507335391356,64.0497170879478,549
2,2,0,191.2122494275538,73.2516655417283,681
2,3,0,210.0525053781033,79.23151458061324,768
2,4,0,240.0534215667627,93.18008947919003,887
2,5,0,229.2850152971634,78.71956552288675,919
2,6,0,268.2526391754607,86.22536528173835,1111
2,7,0,273.3723697161305,77.55293779462843,1206
2,8,0,281.4475873222226,83.59176063312763,1275
2,9,0,290.8110691223039,80.8342539478967,1383
2,10,0,303.0280225008507,73.72501047935798,1492
2,11,0,306.8883916876517,69.6925496084334,1600
2,12,0,323.2886507771998,78.23004909900682,1707
2,13,0,316.8825762042437,325.5916837281469,1698
2,14,0,305.9749269185103,62.47527050669083,1810
2,15,0,302.5134059448177,59.08394148966639,1812
2,16,0,310.9739095208518,60.83954296915789,1920
2,17,0,303.0805393155278,53.55557991530316,1940
2,18,0,288.9257870546387,136.4911174866107,1810
2,19,0,226.4686901972362,37.83118991431463,1514
3,0,0,156.2289552575315,59.81122817741893,539
3,1,0,205.0965895855057,111.3701374117055,645
3,2,0,203.3484027428146,79.0805194355099,735
3,3,0,245.3546784669761,108.4337781358416,860
3,4,0,249.0579457222192,87.10078213208406,962
3,5,0,270.5057933313648,101.8033251846806,1066
3,6,0,301.2532232414111,491.7597157068488,1163
3,7,0,290.9920448346082,80.67212844725806,1295
3,8,0,307.5651611027664,82.42804017313908,1410
3,9,0,313.1105300021716,82.82099779979673,1465
3,10,0,322.8467742910967,76.47200102786999,1609
3,11,0,330.2740112355776,74.86605805285284,1700
3,12,0,327.5002692528553,79.1747309196536,1740
3,13,0,336.2136857222333,73.2896358078029,1900
3,14,0,338.7579623051284,73.02168758630845,1945
3,15,0,328.2025756825855,68.46895912395665,1973
3,16,0,327.1509553868586,102.3217149195292,2003
3,17,0,332.2859002544868,64.13447215853326,2116
3,18,0,298.8666461700587,50.6746598440113,1970
3,19,0,256.6076930431844,44.44424380666874,1697
4,0,0,161.0434363184541,62.86871352331062,554
4,1,0,195.1577259972283,98.44674551123819,651
4,2,0,227.1932165950328,91.69097086165111,800
4,3,0,255.1461648061523,127.7324828305418,926
4,4,0,265.9828063577958,173.7533792072149,982
4,5,0,289.7258796404377,93.53935993071826,1165
4,6,0,302.1551368216249,92.32819247607601,1270
4,7,0,315.4414268228801,113.299379917455,1362
4,8,0,341.8920417302618,94.82826129315006,1547
4,9,0,377.623818053381,642.3402117766285,1615
4,10,0,343.1309185301319,89.21760459586348,1681
4,11,0,389.6833099436541,135.6707759407571,1962
4,12,0,354.9910993899447,75.51035421160354,1946
4,13,0,350.4198064357184,71.61151840109582,1960
4,14,0,349.4646654711254,70.14693044756223,2049
4,15,0,347.3986795257965,66.13222711474668,2101
4,16,0,354.4168488811007,72.87783779497374,2171
4,17,0,341.9490051786877,61.09270752701385,2164
4,18,0,316.1412382003971,85.26430781332927,2033
4,19,0,253.1263355509646,42.52143483127253,1687
5,0,0,197.2352919827172,111.436608713636,605
5,1,0,214.7954638517151,148.0025898373115,715
5,2,0,223.6049754116573,93.29596667780743,776
5,3,0,270.8856440440645,107.8368947893422,982
5,4,0,280.8882822196601,130.5566863771298,1072
5,5,0,298.8410425957669,109.2050302485619,1206
5,6,0,319.6088374706046,106.5708564941672,1319
5,7,0,363.7085496997256,349.0631001769492,1487
5,8,0,380.2024205987505,590.785979820597,1589
5,9,0,378.8026042492381,207.7439958078335,1710
5,10,0,383.5031503177026,107.3195686126094,1885
5,11,0,359.0260696586248,84.7752069030108,1845
5,12,0,370.5699797788959,78.94429093170777,1995
5,13,0,387.9217377603913,89.8585443568067,2129
5,14,0,382.4839141671088,76.99699735138626,2187
5,15,0,374.5613577246008,73.13636303249574,2236
5,16,0,406.4797807251866,577.6724946624612,2276
5,17,0,365.5082564935898,69.94643812716222,2288
5,18,0,333.7011301677895,118.70808811909,2153
5,19,0,265.5809879838341,44.19670090258668,1784
6,0,0,191.4686003006704,88.28507513476592,623
6,1,0,226.173460316496,102.6962838581755,730
6,2,0,242.9104533339357,100.9381223163838,844
6,3,0,259.9460186930411,95.54708314066646,966
6,4,0,301.4098827704507,112.7090662186863,1132
6,5,0,316.0206175352839,119.0870762930793,1254
6,6,0,326.0068392855425,100.7967707495027,1382
6,7,0,354.7807267028074,106.033132183127,1524
6,8,0,372.4193468627005,118.4757386042071,1642
6,9,0,367.9754460374226,127.5230552770011,1709
6,10,0,385.1564589446142,106.3851443044532,1901
6,11,0,388.4449557656386,108.916732128838,1972
6,12,0,404.7972980378947,140.4860173363726,2118
6,13,0,366.9199762406899,83.33152311429612,2063
6,14,0,385.0802193048267,79.85212041211638,2196
6,15,0,378.4071970910892,71.652270616151,2282
6,16,0,377.5058900788732,74.84449315785078,2326
6,17,0,354.4538560049386,77.96678564321662,2244
6,18,0,339.4147486346679,59.15185466919679,2210
6,19,0,272.3760359296074,46.05970760748242,1822
7,0,0,194.7116024325992,91.53354571270874,621
7,1,0,232.6396087987483,107.7379035673458,758
7,2,0,250.9532041590616,101.0987094748851,893
7,3,0,297.0297533615632,206.6701977119426,1014
7,4,0,306.377736080187,114.7931795550213,1178
7,5,0,322.9773618011603,118.6827252990161,1271
7,6,0,352.2514937527216,133.5958962078928,1431
7,7,0,353.7768839781955,98.51020629331921,1530
7,8,0,394.1813695157859,481.4836528086915,1699
7,9,0,386.5278426479467,100.4817230291057,1826
7,10,0,388.4806231076279,94.19194913162191,1955
7,11,0,408.2324823138416,154.2149486371229,2050
7,12,0,401.9223258848618,106.4877826310549,2129
7,13,0,404.7491517431795,86.60254995215207,2276
7,14,0,392.0320507690221,80.57495297358544,2270
7,15,0,370.4746486534255,70.24806133749522,2226
7,16,0,380.0906430273058,70.00218644085625,2373
7,17,0,400.2754001279393,404.5631787288632,2427
7,18,0,344.7194554307139,61.84396321281597,2236
7,19,0,281.0225196684357,48.53120610331636,1851
8,0,0,203.1707185352824,103.2498614803997,671
8,1,0,206.1521396722118,99.35445977039926,708
8,2,0,250.6957741373206,89.94752945297165,905
8,3,0,285.2620241106428,233.7342883559032,1003
8,4,0,307.1334678262118,103.8184895692113,1167
8,5,0,321.1333483466096,121.8869728016489,1277
8,6,0,353.9236000819847,120.607578831143,1453
8,7,0,359.325927760979,112.3916889271551,1560
8,8,0,380.4617718421652,104.7860439755988,1701
8,9,0,384.2212382440891,110.9129926386592,1805
8,10,0,409.7389463038347,99.77285076844494,2031
8,11,0,410.9761683650465,194.8016078784066,2061
8,12,0,417.1841411695663,97.54251911988149,2222
8,13,0,376.6731698345897,102.2797900624495,2077
8,14,0,394.3245730649323,84.33745001694561,2271
8,15,0,383.8560888390014,75.19138063479667,2294
8,16,0,391.9232553725163,74.67299853599441,2409
8,17,0,371.3098598908093,71.716952300949,2314
8,18,0,343.5524286809659,61.32099495034741,2210
8,19,0,301.8095698786288,62.62795503333935,1972
9,0,0,202.9365487373348,172.5299919852108,622
9,1,0,222.7999599951433,92.68290477687083,780
9,2,0,270.4932335589977,146.8141126581581,929
9,3,0,286.2396014783836,175.1291276822589,1034
9,4,0,312.1101716139265,144.212887944791,1174
9,5,0,336.7347914591497,149.2473974237791,1323
9,6,0,353.0823127877402,109.0964106094622,1471
9,7,0,385.4235907431075,211.5280490705027,1640
9,8,0,386.8198336392496,113.1653632379742,1717
9,9,0,394.1822927537116,236.0824125373903,1810
9,10,0,410.9822653180793,134.2759378505702,1982
9,11,0,403.212141047549,182.3124346412202,2051
9,12,0,401.879631435978,94.003960120409,2125
9,13,0,396.6918101080737,81.8030469046692,2238
9,14,0,412.3223888136373,196.2973643204157,2344
9,15,0,389.9468117729521,85.69057964105038,2348
9,16,0,400.4157454389673,85.54860186850446,2411
9,17,0,382.5627574661243,94.22590676181136,2375
9,18,0,347.7457253287191,60.02688516250421,2261
9,19,0,300.31341514311,71.15522226801752,1971
10,0,0,193.8842606224774,89.89065582438928,631
10,1,0,239.7668994822516,101.7012053468886,812
10,2,0,268.7677245248885,165.9932994677995,905
10,3,0,304.9502048469144,125.1049528721777,1100
10,4,0,307.329051202409,177.0960816088951,1124
10,5,0,347.4724778734439,166.8933006050523,1363
10,6,0,337.3774793425609,113.0879761137615,1414
10,7,0,369.0774226397523,133.2808200191157,1546
10,8,0,390.2193503379683,124.1725810990445,1755
10,9,0,412.4979678615741,167.2058035081764,1889
10,10,0,388.7445088009064,111.4849768984387,1917
10,11,0,411.7299969476858,103.1458289764273,2054
10,12,0,400.2953796596116,97.95687621611326,2142
10,13,0,398.7350367231821,83.49989516352856,2224
10,14,0,417.5277122935756,100.4751155156725,2398
10,15,0,403.7221289921804,179.7341152735992,2300
10,16,0,383.9508775245492,82.88901223786441,2346
10,17,0,372.2799558244222,93.63554165909241,2361
10,18,0,347.8887740966965,117.8349694757639,2207
10,19,0,280.2321521058471,47.40625011627079,1870
11,0,0,205.8178242878971,109.974553744621,650
11,1,0,221.7337092049726,85.50218864245345,756
11,2,0,255.245757537231,104.8146054541554,890
11,3,0,273.5611544973021,145.5182438747454,1002
11,4,0,316.9835311614112,166.5793302115984,1180
11,5,0,313.6698809863644,96.15227420832646,1273
11,6,0,355.2766111508413,150.4037138273604,1426
11,7,0,374.232190163061,124.1307406454779,1619
11,8,0,387.3292491291857,122.4325326048083,1729
11,9,0,395.5909629096901,108.8550531845926,1882
11,10,0,403.2599683306,366.0478869999666,1924
11,11,0,389.7717304206195,97.65728458736139,2024
11,12,0,399.5970837392413,91.78608946344083,2144
11,13,0,419.6808358146704,280.009155349066,2271
11,14,0,393.525019471756,106.1359552170322,2221
11,15,0,382.5971346793577,73.159092792918,2294
11,16,0,380.5157589492762,69.10914903104964,2365
11,17,0,384.7979553827978,92.78691605232756,2376
11,18,0,346.5735214227707,62.30581007440214,2216
11,19,0,288.2984063525211,50.50109417472405,1916
12,0,0,187.8056344188328,85.40440086622878,617
12,1,0,209.6323389374068,81.43745016668376,715
12,2,0,259.0023386942357,107.0985792371524,883
12,3,0,268.2325903697187,94.55698540969524,1000
12,4,0,299.9296443129385,98.63155194853552,1157
12,5,0,314.0695792033256,93.74587750219139,1291
12,6,0,337.6054027858571,121.3052838854954,1431
12,7,0,367.2793593152767,149.9525633339883,1594
12,8,0,356.5988377329926,104.9367590511935,1625
12,9,0,388.7473822043237,111.9353711555253,1839
12,10,0,405.9951522290947,124.0706367141363,1974
12,11,0,405.8583097853641,97.61284508855202,2087
12,12,0,377.6621226500454,81.23570965526929,2049
12,13,0,392.8894897477706,91.8361914543981,2160
12,14,0,402.8252323914093,110.6750082868536,2272
12,15,0,382.9799297019309,73.67474200922396,2282
12,16,0,395.0901726020343,102.2640391583289,2406
12,17,0,375.6883406088129,89.95697305757395,2352
12,18,0,350.9693340752899,108.4932104947963,2248
12,19,0,293.232567003049,51.800852975614,1911
13,0,0,181.6162211487595,80.52602666233183,587
13,1,0,213.18754327974,86.10181305854,729
13,2,0,243.0962118178741,98.43046079114691,839
13,3,0,291.4425510503452,189.5137361195092,1038
13,4,0,306.7303240503358,106.1721872557253,1172
13,5,0,316.0817322299287,104.5347537121472,1275
13,6,0,333.6327449243258,118.9161713295858,1384
13,7,0,357.108654344943,109.790956279397,1544
13,8,0,373.2098243436987,110.9116290192767,1673
13,9,0,376.2814538111027,101.8403277692187,1773
13,10,0,384.8397279292179,162.4897310688007,1872
13,11,0,376.0090405905878,84.91119923238735,1954
13,12,0,397.7464627586867,87.1508833490221,2166
13,13,0,369.5079846908111,79.8155049609436,2044
13,14,0,373.9841053638405,78.11575472147429,2141
13,15,0,382.5701383142401,77.09459793022808,2266
13,16,0,368.3593000260215,65.27139850482604,2319
13,17,0,393.1984170616017,434.5461462285268,2355
13,18,0,324.8453802133476,60.14829238406917,2092
13,19,0,292.3739795933957,160.1291687435536,1889
14,0,0,191.6956127756046,91.72708764479763,608
14,1,0,210.0580936697856,97.12037896967188,703
14,2,0,232.4528906900861,211.3784930107414,786
14,3,0,259.6132574845786,150.4229472032989,910
14,4,0,288.0409596727426,117.0133826084823,1075
14,5,0,277.0505121203998,84.26748978575094,1116
14,6,0,326.3218982223391,112.3034651684374,1333
14,7,0,340.3504578849324,109.4746690665406,1456
14,8,0,346.1460651322828,96.58942337597578,1575
14,9,0,376.1657925732272,103.194137433605,1745
14,10,0,366.2066355527285,98.83386075414599,1803
14,11,0,364.7943941577216,87.34161194166253,1876
14,12,0,398.5283400488955,133.1967822790991,2066
14,13,0,372.9861844793341,126.3350590453113,2063
14,14,0,372.4291393567723,100.0739288988723,2132
14,15,0,384.2030453643014,323.8533656986341,2217
14,16,0,377.4459720946176,82.15739162129216,2297
14,17,0,355.5344346703172,62.58703186900406,2271
14,18,0,326.0915828640216,56.07453383768836,2139
14,19,0,283.2336544438957,57.51918724877264,1839
15,0,0,171.3239401654387,86.60917823013776,552
15,1,0,208.2883872400511,112.5310505965919,678
15,2,0,200.8061709980738,78.08540914204595,710
15,3,0,239.588702571324,104.8661362587436,876
15,4,0,262.3175098305267,100.7232935233375,993
15,5,0,300.180073569771,152.8315006585333,1152
15,6,0,325.7691610011499,297.7252282959087,1235
15,7,0,333.3324026672061,136.5774970781061,1409
15,8,0,340.8615793168095,114.8883903768262,1530
15,9,0,351.4228231269178,101.6201505415996,1642
15,10,0,339.2088985767226,80.98751654904663,1702
15,11,0,333.4163798442722,74.74228583807867,1754
15,12,0,370.1774109700489,191.9152617830863,1895
15,13,0,355.2231470917123,106.9173067459887,1956
15,14,0,364.4746504794895,87.3586942951774,2065
15,15,0,346.5936784375777,72.45062299230236,2082
15,16,0,388.9911936841446,484.6735600948763,2254
15,17,0,331.6809196387215,64.11565041198381,2112
15,18,0,313.5930996952284,55.34658778459105,2029
15,19,0,271.3972486546899,44.86296403976326,1833
16,0,0,173.4431155214481,115.9490742123085,534
16,1,0,173.4741841787802,68.60202657541129,606
16,2,0,204.9172506041841,81.48609643841,719
16,3,0,233.8920892486094,94.15870744909782,863
16,4,0,257.5945650360065,109.3448547441701,961
16,5,0,265.138507171331,89.32974006782257,1054
16,6,0,279.1730659568728,85.55686110859648,1155
16,7,0,282.509495523232,82.70884894095748,1257
16,8,0,318.6064673096311,147.5906360015892,1415
16,9,0,350.1623734645249,451.7665476676227,1561
16,10,0,322.5591603921482,79.51010731825272,1609
16,11,0,336.9130959234029,86.59939379565851,1718
16,12,0,338.5275547112864,86.34782073446898,1793
16,13,0,336.6249043411545,72.20145448373539,1860
16,14,0,342.737419812987,141.2453062616035,1891
16,15,0,335.7771625197877,62.61803628361704,2033
16,16,0,333.1208361538473,359.8800421496406,1987
16,17,0,322.6563126703593,66.05698333519977,2043
16,18,0,316.9505232320832,298.5723889805353,1982
16,19,0,256.4498778234877,43.37066368418008,1703
17,0,0,143.3439061271947,57.56742380596457,477
17,1,0,167.8157491500145,65.49917314384922,573
17,2,0,186.7834283189913,76.43686368383487,657
17,3,0,217.3912736532436,86.86733729628581,790
17,4,0,235.1556468274215,76.58184023783515,912
17,5,0,245.7968522551695,83.16164393904454,958
17,6,0,268.5965753872292,94.91577091368285,1080
17,7,0,269.9686505653133,88.24478582301973,1171
17,8,0,303.046405864574,91.80022309181538,1341
17,9,0,280.5009742693804,80.35150279355095,1324
17,10,0,300.9658270054189,78.04734024120064,1477
17,11,0,295.2605788195582,84.04453224748165,1530
17,12,0,293.2765132598258,64.68863481311448,1589
17,13,0,317.9160516157272,80.9354864751419,1733
17,14,0,328.4300854158988,173.8613478237207,1821
17,15,0,301.9747981563019,57.91831482026679,1800
17,16,0,292.2370741655139,59.17514466086898,1804
17,17,0,313.8790863603481,566.0957134830824,1857
17,18,0,263.2969221403704,46.46810418847392,1724
17,19,0,238.9561434881066,41.56188776225446,1599
18,0,0,141.1272841564448,66.21489338134126,448
18,1,0,154.0200219755115,71.94390212578239,503
18,2,0,169.1514252031234,66.97762382153901,584
18,3,0,199.3104631930137,83.92847238822522,710
18,4,0,194.8546754931676,63.62817713437995,770
18,5,0,209.1767740791974,64.61773165855915,848
18,6,0,263.0223420485178,184.0055687772596,1031
18,7,0,237.8340994215426,93.02133254704941,990
18,8,0,276.2258576359673,120.1758054122101,1183
18,9,0,245.0336765146556,67.56158263973158,1170
18,10,0,260.3344111570285,63.74668710062013,1292
18,11,0,264.7895633097068,65.28539399505192,1351
18,12,0,276.8162718678023,60.59036857505784,1492
18,13,0,283.9192678255606,177.7557430136201,1520
18,14,0,268.3117130006714,63.77130566751379,1530
18,15,0,287.3857267361419,126.7462623632465,1675
18,16,0,261.0039741890337,91.69133360204513,1587
18,17,0,258.8803535934908,46.29131384161092,1638
18,18,0,237.4757939112617,49.72836321699034,1539
18,19,0,230.0149406244565,185.4614866380826,1456
19,0,0,129.9805081376955,68.61248369567382,417
19,1,0,151.6227686716456,65.40932680264582,498
19,2,0,145.6780290108168,56.80875716031171,526
19,3,0,171.7261265754091,62.23428442565945,620
19,4,0,173.9732509401354,58.66116008953703,676
19,5,0,203.1679992078145,70.4685706273941,798
19,6,0,216.1455322231845,71.99536669031927,893
19,7,0,218.827248327837,72.52638850146953,927
19,8,0,219.2264190198422,62.75443557788734,1004
19,9,0,233.9462552024581,70.65176554481431,1120
19,10,0,235.01884707918,55.69853504637445,1192
19,11,0,230.1894212419103,63.20280558350942,1179
19,12,0,223.175222757607,47.94760565090701,1213
19,13,0,247.7186944712271,54.34160990648937,1361
19,14,0,240.2683288225056,50.62063156438619,1378
19,15,0,231.1283365811253,45.13992858790206,1381
19,16,0,234.7702272754474,84.51177017539533,1389
19,17,0,221.1200709928913,40.15364959290592,1422
19,18,0,197.3002030937157,34.21526161643015,1277
19,19,0,167.4796933458684,27.64436956463723,1127
