# mesh name: boxMesh_1
# primitive scorer name: doseScorer
# iX, iY, iZ, total(value) [MeV], total(val^2), entry
0,0,0,106.5718241429577,21.98904723921211,567
0,1,0,126.6913860359068,26.40466490922378,669
0,2,0,137.9823215443035,28.51458209786421,732
0,3,0,157.2606428290597,31.98914933370158,849
0,4,0,164.1471919797288,32.37960665628675,905
0,5,0,187.2167221839996,37.28846051805572,1031
0,6,0,201.5988092651073,156.0758105443385,1068
0,7,0,198.79527814078,38.25103014716112,1139
0,8,0,195.7191898171541,36.48307573547957,1154
0,9,0,208.2989995488416,37.83844703387689,1261
0,10,0,209.4119778461361,37.37035242586635,1288
0,11,0,210.1881880074085,36.12742212321687,1334
0,12,0,209.7261476974302,86.49383107280518,1300
0,13,0,215.4779358988323,36.25312167865737,1397
0,14,0,212.1536593845092,34.80518972239516,1436
0,15,0,233.2064252042245,322.0702594664089,1449
0,16,0,212.6002935979153,34.22792911736991,1464
0,17,0,266.8591174811597,996.9882532655058,1524
0,18,0,220.1982386316728,34.41264550450619,1568
0,19,0,197.9315466916865,35.33603598794653,1425
1,0,0,154.8896110809314,414.3229763045508,697
1,1,0,136.7815718801315,28.37373015333009,719
1,2,0,151.9018079389519,30.86580731448443,811
1,3,0,174.6656029475313,35.17159050081793,944
1,4,0,195.2288693152557,51.56770835584266,1058
1,5,0,204.4100545367453,40.00419043254333,1141
1,6,0,211.5188598220231,40.02599031426217,1216
1,7,0,224.3213088961807,42.15373494821806,1297
1,8,0,246.6815870877659,46.78040400426308,1426
1,9,0,249.9899615672784,46.01064142007169,1500
1,10,0,256.4522974080231,45.58543210741138,1577
1,11,0,247.0031938775605,43.93052819620086,1533
1,12,0,257.4189481997579,44.84008754401298,1639
1,13,0,254.9841458027373,43.03461970878408,1661
1,14,0,245.0081208940754,40.26255085925958,1651
1,15,0,265.6779646454559,43.24425396204562,1800
1,16,0,275.6259798626808,72.53215126366588,1841
1,17,0,287.9509386081143,118.7239714172047,1904
1,18,0,268.8669240500431,42.06188551751104,1917
1,19,0,252.8862093684969,37.95608601233941,1860
2,0,0,135.0519468913115,28.6175865729084,689
2,1,0,169.5931481345644,35.10968002934216,892
2,2,0,181.5202176710709,37.81237628056575,949
2,3,0,205.2504375162173,41.80661054067072,1094
2,4,0,234.0365736285067,47.33067230259683,1260
2,5,0,227.8691747971805,45.236348934641,1248
2,6,0,255.5705661850456,48.45957514085579,1458
2,7,0,281.6648523834632,206.5551731909451,1542
2,8,0,269.4328881395923,49.6572114368029,1599
2,9,0,270.1357178712343,50.15551336968123,1622
2,10,0,276.552185210883,49.14176817792912,1703
2,11,0,283.2846105021389,50.51270637609548,1767
2,12,0,280.8571372577724,47.95748427571731,1804
2,13,0,290.6998894358798,48.48705333550439,1909
2,14,0,297.8735240926273,48.99993226422187,1993
2,15,0,305.5606465421853,49.96162569419135,2070
2,16,0,310.990030404453,52.25625560086807,2119
2,17,0,309.7578391407786,49.81284502878344,2191
2,18,0,318.795887429321,361.2451988315057,2128
2,19,0,290.6964180104824,150.2259696895671,2024
3,0,0,149.5065406694507,31.64292130409149,775
3,1,0,176.7384337861027,84.00600802913159,891
3,2,0,201.0094759315053,40.70030504070038,1075
3,3,0,220.1757344936669,44.46955529708684,1182
3,4,0,235.1787803734252,46.30991213570373,1293
3,5,0,271.6043064629669,434.4708447314114,1408
3,6,0,279.8498031334368,53.63480652603341,1601
3,7,0,284.6689735846188,53.34301844130609,1647
3,8,0,308.8518553741011,79.98506319240818,1789
3,9,0,300.9886940859249,63.40219435910797,1784
3,10,0,301.403747406524,53.96080217538989,1834
3,11,0,323.6101228777675,57.05212205967628,2016
3,12,0,326.9803383725433,55.67970486487906,2122
3,13,0,318.3960968863394,68.73440001255607,2042
3,14,0,319.5952595979506,53.74479445342973,2102
3,15,0,320.5892280595749,52.14568015651226,2173
3,16,0,346.1301937053505,56.75863407148351,2368
3,17,0,340.4216495254462,213.6215571651375,2264
3,18,0,341.1815143007386,265.5371708039447,2301
3,19,0,304.7608376361538,46.86908570313814,2202
4,0,0,160.7286727808138,33.51662001189381,833
4,1,0,191.9573223239017,40.0484902010395,991
4,2,0,214.6775856812305,44.08782279607304,1121
4,3,0,231.0356346884837,47.31440297713459,1231
4,4,0,256.0777072086215,52.4199193093578,1384
4,5,0,289.0665463137299,56.34724634826081,1619
4,6,0,296.6506581374857,56.87537493179142,1675
4,7,0,309.8860624400365,57.97868930152846,1788
4,8,0,334.7692104155378,125.1947799257719,1907
4,9,0,333.119014665719,61.67203881037467,1982
4,10,0,322.9139684890629,57.27732506268972,1986
4,11,0,351.9017168542088,95.90490443961816,2145
4,12,0,342.5762352701499,84.08151236475254,2181
4,13,0,363.8498014978908,127.0271844040422,2278
4,14,0,358.6574687393548,116.6233424936673,2315
4,15,0,350.4485698190278,56.90306084124633,2367
4,16,0,337.2330632555135,110.3021474925393,2249
4,17,0,348.7136678912062,61.58694114028548,2394
4,18,0,357.1621462394427,59.14953113413834,2511
4,19,0,298.856276142611,46.39713884647325,2152
5,0,0,183.6707258224743,154.8403769083741,904
5,1,0,191.894448436997,40.22066961619301,990
5,2,0,222.4514816885774,45.15716947259977,1179
5,3,0,256.6167960316806,52.27378958513491,1356
5,4,0,264.4668929754324,52.4845529023377,1447
5,5,0,309.7710529615408,215.433420777344,1632
5,6,0,313.1108232814283,61.68823178074259,1762
5,7,0,320.5839135986727,61.22970333962392,1842
5,8,0,350.0214002285357,66.54030718347286,2030
5,9,0,330.9862781686641,72.63816554144304,1979
5,10,0,360.3604659782295,243.8196580558366,2086
5,11,0,376.7607287788425,500.7992086262659,2187
5,12,0,361.9263235535055,62.36687020869481,2308
5,13,0,349.6212032594262,80.86419799618804,2259
5,14,0,368.0472937938084,155.4823932667699,2373
5,15,0,360.1392485887074,208.0634274386476,2355
5,16,0,374.9127147908775,340.9923246726711,2425
5,17,0,362.5502753176274,122.8533026034034,2490
5,18,0,352.288017718176,162.5347581577623,2428
5,19,0,314.6980246907302,100.0215022628155,2199
6,0,0,193.2231798220295,379.882113692449,916
6,1,0,208.3041076556265,43.5115542473894,1073
6,2,0,228.0630002641891,46.21318134587735,1208
6,3,0,276.3846550922203,174.5436309830183,1420
6,4,0,290.2925558086227,58.20212317127034,1578
6,5,0,310.241215400789,68.02887463335701,1699
6,6,0,322.7966195162242,62.26055348604906,1823
6,7,0,339.8382499753897,71.05094911090052,1928
6,8,0,342.6809895619444,63.41426683632564,2012
6,9,0,350.8761685179348,64.41407372581141,2084
6,10,0,376.6133723738145,67.22426337564823,2296
6,11,0,360.206019877147,62.50851489304582,2276
6,12,0,380.0750801093409,187.1781384607402,2369
6,13,0,379.5036588792235,122.7653654985289,2385
6,14,0,384.6749002127207,177.371375794007,2457
6,15,0,374.3583255720612,60.95030368698922,2534
6,16,0,371.3178586687503,377.4465652262982,2444
6,17,0,360.1973971538563,56.93515053345802,2524
6,18,0,351.857375717659,297.9392156884758,2389
6,19,0,333.4711128265708,1161.854595186889,2182
7,0,0,178.4893306411471,37.33794298291259,924
7,1,0,229.8118041118087,49.13230426171323,1170
7,2,0,234.9425954388867,48.91963826170615,1226
7,3,0,277.7667278968016,56.61587270362341,1474
7,4,0,284.6842061748888,91.85542660268328,1503
7,5,0,321.3919951187177,367.1803464721128,1682
7,6,0,318.3417665980777,61.88793155394421,1785
7,7,0,339.9523638497911,63.46744103875398,1976
7,8,0,345.40599073269,64.44539640666169,2023
7,9,0,363.4827784737738,67.21054170036142,2175
7,10,0,366.0419314352692,95.98946713503985,2209
7,11,0,376.9643871884928,66.79636123256677,2330
7,12,0,374.5309648347313,64.93761773911291,2386
7,13,0,373.7447195383068,62.91861502920113,2442
7,14,0,367.813523931631,62.5734651881795,2433
7,15,0,393.7133838892774,262.1971687666856,2521
7,16,0,369.1536519648653,61.77172822654011,2514
7,17,0,356.014089377238,102.4828289926826,2451
7,18,0,345.8863162953599,80.10864082741686,2451
7,19,0,309.4701834364289,47.00018545519306,2258
8,0,0,201.2662654907168,43.52434526775769,1010
8,1,0,212.9364895714527,44.41522155918677,1108
8,2,0,265.339382838085,538.8179588337276,1305
8,3,0,277.7699680430799,114.3626715878476,1478
8,4,0,290.63384406467,58.69095809452642,1577
8,5,0,324.7075109703171,64.22709085762952,1790
8,6,0,319.6116491447453,62.0942162331262,1805
8,7,0,353.868033220093,130.1001948778975,1983
8,8,0,374.1939071058704,70.23147511242946,2171
8,9,0,357.1594166170885,64.26546889012421,2172
8,10,0,389.3821541993535,350.0700562646935,2198
8,11,0,360.8314169544399,63.32700923083893,2251
8,12,0,382.2246688808033,65.58545962951928,2446
8,13,0,360.4224228880793,63.69740137090469,2341
8,14,0,377.5350558266234,87.06676959474979,2466
8,15,0,387.5941006334995,71.80744831320355,2573
8,16,0,354.1419725374685,57.64201723381321,2443
8,17,0,377.6508954154947,152.5988405810222,2521
8,18,0,349.7276176825794,54.38164701019286,2502
8,19,0,314.4122762078609,48.7307568016923,2270
9,0,0,182.817735413075,38.70861228037489,942
9,1,0,213.266556170905,53.00748539303663,1083
9,2,0,243.795039956217,49.88264519490697,1285
9,3,0,285.0335286343433,58.64968081293603,1513
9,4,0,320.4357290262928,114.198066774563,1694
9,5,0,316.7822065628435,84.03937773477205,1704
9,6,0,328.0127790368456,63.74371951807714,1842
9,7,0,332.12108704797,62.57880909684115,1929
9,8,0,378.9651895960406,77.76641713145899,2193
9,9,0,399.6220920748918,410.0891822885037,2192
9,10,0,382.3825664782729,69.68271510053914,2316
9,11,0,369.1128677091391,65.79044179642243,2297
9,12,0,364.2286368166094,62.92867426976165,2333
9,13,0,358.5786789293494,60.9074973173568,2323
9,14,0,362.5974181619625,59.62140829521535,2428
9,15,0,364.0977777213797,58.74184153128082,2481
9,16,0,360.7764061094238,74.35716367200601,2460
9,17,0,376.4007501636395,513.5595466983112,2481
9,18,0,341.4678523820904,76.59562187919198,2421
9,19,0,310.8586916849155,47.16643842550034,2256
10,0,0,185.6630557346488,39.86181297354635,934
10,1,0,221.7442418831667,46.24913920062085,1153
10,2,0,256.3879287634255,53.18776479998562,1342
10,3,0,273.7739290796397,111.3026966337306,1437
10,4,0,295.5531637310664,58.97447104222699,1620
10,5,0,329.7911353737381,64.6918714038349,1812
10,6,0,359.0543158511742,294.0940147402814,1919
10,7,0,371.5461438940146,229.2888813048802,2053
10,8,0,382.1201014252931,448.6850185346734,2099
10,9,0,358.9232614950444,65.74285859615885,2166
10,10,0,369.0141449277109,66.13411165218632,2255
10,11,0,363.456652745505,63.59588564463699,2276
10,12,0,369.6685747548006,86.01408541170494,2329
10,13,0,365.6850931061373,62.10077392496611,2369
10,14,0,365.1803759331398,60.60812842564007,2418
10,15,0,382.2739329779016,151.6465429509458,2492
10,16,0,366.6866165535393,221.779541409689,2431
10,17,0,369.3778746148789,216.1536835086,2487
10,18,0,363.9022391125554,231.1635709998486,2487
10,19,0,322.3196087319063,49.19786024699679,2336
11,0,0,187.8368462861389,39.68302117719349,961
11,1,0,205.9171254511451,73.97748112327918,1054
11,2,0,246.3622231604731,50.91341376867748,1298
11,3,0,274.3696426859506,55.41227094145424,1466
11,4,0,291.4727160573796,58.62966938243173,1592
11,5,0,341.4297979326684,86.58127857303188,1878
11,6,0,339.2739116207946,66.53547953540037,1895
11,7,0,341.4605882058361,65.67092043887428,1948
11,8,0,347.8305596740894,64.36944963627602,2054
11,9,0,362.2597182458618,67.62774952608424,2155
11,10,0,371.722430819568,103.6789641749358,2221
11,11,0,376.1362052833052,74.35025538571008,2314
11,12,0,370.0916513923897,63.2193242570297,2382
11,13,0,370.5296491137767,62.48977704749396,2420
11,14,0,374.9374043461014,171.5860332713664,2420
11,15,0,377.1349461398546,63.30740439181009,2532
11,16,0,371.6047199664377,82.02425460568749,2515
11,17,0,353.0643427963061,55.61669276210201,2479
11,18,0,352.5741709080187,57.44234881088541,2513
11,19,0,336.0463491168974,987.1652628776221,2221
12,0,0,182.5069389455661,38.56773778604023,933
12,1,0,208.5427930514992,43.48002132108865,1084
12,2,0,250.3406370991596,52.65515310724267,1305
12,3,0,267.7835658356303,54.26412431121883,1432
12,4,0,298.8447719265039,81.97464744905885,1570
12,5,0,319.9490835601367,64.0386030075222,1756
12,6,0,339.4494933985551,64.88061227995473,1928
12,7,0,334.8979125603185,62.71070293695039,1948
12,8,0,369.4494602652206,131.2846749429484,2107
12,9,0,358.6329256106093,66.11218002626889,2128
12,10,0,373.269262215575,112.8588345769345,2231
12,11,0,352.2762322023598,62.21793917627175,2191
12,12,0,364.7744100162491,64.66201496196831,2296
12,13,0,357.2727103153375,64.02474178181393,2306
12,14,0,364.8766390046912,210.4569955504587,2350
12,15,0,365.3184355956488,59.55342781958029,2467
12,16,0,367.966233217114,98.93523779361907,2501
12,17,0,350.5996276192531,56.00221931988003,2452
12,18,0,348.4176798049058,108.5681729003371,2429
12,19,0,302.1932161531387,46.86848556592825,2172
13,0,0,177.3751569529198,38.22849798622388,908
13,1,0,208.2646040953814,43.19717027580744,1077
13,2,0,222.1959472384555,46.0044362461288,1166
13,3,0,264.433121764086,111.9963688243867,1379
13,4,0,288.2735192950399,61.90816302003949,1565
13,5,0,302.743515694618,59.52069013067681,1683
13,6,0,323.6030590020011,62.73910985413478,1836
13,7,0,321.8393109974682,60.84262835517559,1855
13,8,0,345.1608651761269,64.41712587320927,2024
13,9,0,368.4912026455913,355.7181379337881,2102
13,10,0,353.3228808751031,138.7444744307125,2109
13,11,0,362.7566004577318,63.89012431677044,2266
13,12,0,358.1129617357597,66.98588722943774,2276
13,13,0,364.9641392902587,65.85268984400254,2356
13,14,0,366.3314185477374,62.22387477853977,2415
13,15,0,369.0690303117755,83.8654569303426,2458
13,16,0,369.7307720247588,60.32986906997602,2535
13,17,0,370.7888200517943,190.8551864768689,2507
13,18,0,358.6850296447057,101.2580693494073,2511
13,19,0,309.1522919442216,57.07360667841452,2218
14,0,0,170.5380594192788,35.75142646930838,889
14,1,0,201.5940906540349,45.28550904401295,1046
14,2,0,227.7123641663707,60.92880419316242,1178
14,3,0,252.4265710745714,53.83144255768418,1332
14,4,0,282.2467784698373,56.32878837102261,1531
14,5,0,294.817655064802,58.34646250433464,1618
14,6,0,303.6037672289717,58.78546696407359,1705
14,7,0,325.0581986366276,70.05679166214261,1863
14,8,0,357.3132808489495,304.2916824577019,2000
14,9,0,329.9687846939992,59.25400890465234,1994
14,10,0,352.8619423739939,129.3498599998209,2107
14,11,0,359.6263168919033,114.9559173109535,2203
14,12,0,354.7695422352298,60.35600551067161,2274
14,13,0,351.6150940531394,59.86831989520427,2291
14,14,0,354.9128381649249,59.27677374815363,2349
14,15,0,366.8492663246518,218.8786517480145,2379
14,16,0,353.5548104973255,69.79540851064733,2388
14,17,0,335.4050007622001,229.1490535311029,2273
14,18,0,344.3321155694125,101.1865772286233,2388
14,19,0,303.0444169913155,46.83972421834329,2182
15,0,0,159.380314352847,33.80309930834236,812
15,1,0,198.1385449240266,40.963164919595,1035
15,2,0,213.1475246573499,43.53564372319684,1134
15,3,0,226.6816861403758,46.87091825038397,1204
15,4,0,261.9770334321655,52.75210187080595,1413
15,5,0,292.4382255190274,159.9363698747043,1547
15,6,0,294.8118041425903,131.0443120188514,1609
15,7,0,312.3632146972577,59.60991102478417,1784
15,8,0,309.2644935877768,56.42157195406602,1842
15,9,0,339.3497255290179,63.02580846550861,2007
15,10,0,327.5779686248642,59.05862532263255,1992
15,11,0,347.3993273101293,60.54562442486938,2184
15,12,0,345.7072994542614,60.56902221264759,2189
15,13,0,358.742723427717,61.10703568147062,2331
15,14,0,351.4735713776368,61.41395184976566,2316
15,15,0,357.2073340209688,58.72484905225885,2402
15,16,0,346.8221566756202,55.85135284492403,2371
15,17,0,344.2573137468719,90.21971849751004,2364
15,18,0,330.2332039280637,50.96910339096608,2358
15,19,0,314.9970244980498,64.54334788158449,2215
16,0,0,161.2002873795436,34.10237589402207,842
16,1,0,182.4168069969665,38.45864475359182,942
16,2,0,193.5441291855182,40.14761947047623,1015
16,3,0,217.1542389993629,44.11090844402558,1153
16,4,0,245.7630464035901,49.60582890691332,1331
16,5,0,277.4982673778011,87.51078325174619,1496
16,6,0,276.1455253627283,77.07707500792547,1515
16,7,0,282.0431901395458,53.68132733539149,1614
16,8,0,285.8336718160987,53.61777458478611,1679
16,9,0,312.3806916540632,56.86910075990951,1869
16,10,0,307.6578746973223,54.99638092952053,1893
16,11,0,320.4364494834392,56.64724613323069,2000
16,12,0,323.2183756167091,56.14474851084683,2058
16,13,0,352.8677021486972,736.6067640752045,2156
16,14,0,327.6475608200609,69.95411924007055,2128
16,15,0,333.7548713425446,54.1169299427595,2264
16,16,0,321.3799323345485,52.24949473245348,2208
16,17,0,341.4531468874035,65.20219108160082,2373
16,18,0,332.1576903943351,51.45087779182962,2372
16,19,0,304.1510769368286,46.43173243816226,2190
17,0,0,136.7875132804526,28.98852962887027,719
17,1,0,155.4077557483069,56.00636883709431,780
17,2,0,176.5236534669652,36.70854133782692,913
17,3,0,197.8163400419656,39.71930004918157,1061
17,4,0,222.3855011256363,44.34894606895929,1232
17,5,0,224.5212665229998,44.14605594951919,1245
17,6,0,257.5896114411548,51.13913020282025,1439
17,7,0,263.1389243778296,50.16237212440977,1503
17,8,0,273.1961238650508,53.95029937299177,1568
17,9,0,280.6485514696959,55.00254669156111,1677
17,10,0,291.7932190619612,108.5249075869044,1733
17,11,0,294.6407975174852,51.17731072659024,1848
17,12,0,277.1649380400331,48.59406303459161,1756
17,13,0,301.2924323291162,50.44555262076981,1964
17,14,0,299.887997305082,49.97156717963202,1994
17,15,0,306.1847194476189,67.44508569755007,2044
17,16,0,313.7259944367395,50.7572273559644,2143
17,17,0,305.762696067218,47.74290519942168,2165
17,18,0,322.4630114973236,179.5144152028971,2204
17,19,0,282.849208447337,43.07976172072528,2052
18,0,0,115.6650964773576,24.95765832403462,598
18,1,0,143.5797240730047,30.4469693782134,737
18,2,0,160.5436156445286,33.32796770680841,843
18,3,0,182.2355612012715,37.62022354822998,971
18,4,0,194.2263310351666,39.81611877726822,1045
18,5,0,222.40488950738,44.72981385563065,1225
18,6,0,220.9884888457813,49.35375323866636,1228
18,7,0,230.4958131390431,43.60947571737984,1337
18,8,0,239.9628314241054,44.7174562261082,1406
18,9,0,238.3305581091723,42.65268197172352,1459
18,10,0,252.4067027472384,46.26509950892476,1521
18,11,0,266.266924909695,205.1768665836286,1584
18,12,0,267.2161494283148,46.9763081700805,1689
18,13,0,268.7173161517189,46.64266932564186,1733
18,14,0,267.3287168843365,149.4600410136179,1693
18,15,0,268.8618878453493,44.77677566513101,1792
18,16,0,268.2979864715886,43.30701449818065,1839
18,17,0,273.7128074327374,110.7184431030237,1864
18,18,0,288.0585615467152,94.13957399024261,2013
18,19,0,263.7035253109069,40.19585827820956,1913
19,0,0,105.1484031440228,22.08230421083093,560
19,1,0,124.3375938580861,25.71062514060356,657
19,2,0,143.7733957742725,30.36016680274606,743
19,3,0,161.2436339114094,32.47618087539193,876
19,4,0,169.939840434701,34.07348116175586,925
19,5,0,179.3648648752221,34.96438847804964,1012
19,6,0,190.4988026243892,37.05180057893888,1071
19,7,0,198.1322590676195,37.21805816930615,1170
19,8,0,200.2091239926273,37.76469166775117,1170
19,9,0,209.9317084549526,38.36295590537185,1255
19,10,0,209.4172179447616,38.80643573646761,1274
19,11,0,207.073593371597,35.80122158806667,1312
19,12,0,202.948248264175,34.25103536887138,1313
19,13,0,211.3233959138263,35.42012993076561,1394
19,14,0,198.5728953454213,35.75430086999462,1313
19,15,0,207.3855152520993,33.81546319791318,1415
19,16,0,204.8004713833547,32.86883820748461,1424
19,17,0,212.8340286978003,34.05238628886415,1483
19,18,0,211.187375649776,32.52587881147358,1518
19,19,0,207.5124558939137,108.96434192592,1431
