# mesh name: boxMesh_1
# primitive scorer name: doseScorer
# iX, iY, iZ, total(value) [MeV], total(val^2), entry
0,0,0,114.8938928822073,22.11987893679882,651
0,1,0,130.564382186419,25.34110417274019,742
0,2,0,160.288341675452,72.95644002837223,884
0,3,0,162.5692865715055,30.57416908927542,934
0,4,0,180.7128848366794,34.29680847113949,1025
0,5,0,190.639825349964,36.28625005516899,1096
0,6,0,196.6266180536485,37.99123844124962,1149
0,7,0,212.1798559571459,39.2756947039517,1237
0,8,0,211.0240910614994,39.96373904333343,1212
0,9,0,212.1707296055472,39.34756315392471,1244
0,10,0,219.8733445121261,40.49123929471445,1300
0,11,0,213.1803994753687,40.16771472629853,1244
0,12,0,210.9058505849092,39.04275285849681,1254
0,13,0,200.012401355098,36.81658334742,1179
0,14,0,197.9725772441145,35.90780154465809,1188
0,15,0,196.2861903996059,36.08523462901312,1184
0,16,0,182.7201867535048,33.31358820869414,1098
0,17,0,169.7835425431331,30.78564422906735,1028
0,18,0,147.6891642203242,26.48444422517741,897
0,19,0,121.5344035147434,21.05291424247999,756
1,0,0,137.8878378007752,25.70877672770729,796
1,1,0,168.3898197339969,83.63623743661246,922
1,2,0,177.033406785454,34.06165929687113,993
1,3,0,195.9770202876653,36.73769594200417,1129
1,4,0,213.5195688620776,40.75293930444869,1207
1,5,0,215.8830515181734,40.67572671551252,1237
1,6,0,239.4880366567931,45.89945075610724,1363
1,7,0,236.048719612629,44.91205133939564,1362
1,8,0,241.6860701208975,45.90313565949676,1383
1,9,0,241.6845026846554,44.30307571142212,1431
1,10,0,244.990104747793,44.5095336041854,1462
1,11,0,259.4363285681497,213.2266282904877,1452
1,12,0,261.7950031876312,539.7249228395132,1413
1,13,0,250.4605846309342,123.0517176981541,1427
1,14,0,228.1685277653993,41.35967904091994,1371
1,15,0,222.2102336626363,40.09238517394346,1346
1,16,0,213.0446063862443,38.88003935464966,1267
1,17,0,207.902652013103,83.68296874965456,1227
1,18,0,178.3663888397824,32.31468249488867,1075
1,19,0,138.0672962901755,24.57418199367513,842
2,0,0,154.7406704532207,29.47755388993437,885
2,1,0,185.5473324130837,35.50549121160364,1058
2,2,0,203.7610663585951,39.24373093644081,1150
2,3,0,211.0465343573036,39.60810212582727,1221
2,4,0,240.7711509086066,45.42547732628128,1386
2,5,0,254.4892572544028,47.94981726803571,1464
2,6,0,267.3483484221965,50.49905425574006,1526
2,7,0,268.6649041591062,51.63042736277458,1553
2,8,0,278.1704727558994,74.48385258925964,1606
2,9,0,280.8820833230075,52.40237007385042,1629
2,10,0,279.2706700758924,51.87732481367312,1636
2,11,0,277.4526158825994,51.50977514258724,1634
2,12,0,278.8329180005919,50.2619335670291,1675
2,13,0,276.855830422763,50.23959068371585,1661
2,14,0,261.9347229473735,47.43084260086507,1576
2,15,0,252.1120847504142,58.49991476929858,1493
2,16,0,236.0813177700227,42.24606957004395,1438
2,17,0,239.2645257486591,388.483554433811,1331
2,18,0,188.8320612440923,34.86955052495878,1112
2,19,0,165.6604486629422,29.45599916089527,1013
3,0,0,170.9175865401799,32.93797571809274,958
3,1,0,196.8316069030205,37.64764724756086,1112
3,2,0,229.6477345222189,71.53777453373732,1275
3,3,0,242.9329141623456,46.92352841867729,1371
3,4,0,254.2804792958744,48.43469513598181,1447
3,5,0,258.3492866071068,48.25787365609705,1490
3,6,0,298.9964496353264,179.8748676503681,1644
3,7,0,289.0045552707996,61.14033202326827,1650
3,8,0,308.758011504576,57.11402309336358,1816
3,9,0,306.9664628620612,57.0564021043137,1795
3,10,0,299.8990090884712,54.93844346299276,1773
3,11,0,316.6425178744267,58.99067289679569,1861
3,12,0,308.1519724989807,56.19671035649742,1830
3,13,0,300.6458666549194,55.27550159481988,1780
3,14,0,296.394095262968,53.59825889553304,1772
3,15,0,274.3631004881356,50.01809889999282,1654
3,16,0,247.7347185066262,44.54291554487185,1495
3,17,0,228.5417523778889,41.2653838453178,1368
3,18,0,216.5545828278403,39.08705217741728,1306
3,19,0,180.7200872792577,32.21175416076658,1100
4,0,0,216.353738898431,1483.148608401458,991
4,1,0,234.1361593769654,431.4357346851563,1215
4,2,0,236.6857690803166,46.53700766557922,1318
4,3,0,250.000888094096,47.99153197315513,1402
4,4,0,278.4575810453341,80.37476177507475,1561
4,5,0,304.8319315607955,68.68165703882954,1738
4,6,0,309.521381332912,58.76905656671298,1770
4,7,0,322.6485129158414,59.86168825703616,1889
4,8,0,334.7421241690829,63.24653958635201,1948
4,9,0,330.6961861661655,61.41771083541939,1921
4,10,0,330.6644350544451,61.33143811145926,1931
4,11,0,338.4562326479917,62.31689600595291,2014
4,12,0,319.4719351003099,58.36821427649466,1888
4,13,0,314.4432297091127,58.17863609664782,1855
4,14,0,297.7794956397258,53.82572467128458,1780
4,15,0,298.5637918452111,53.75753137597323,1792
4,16,0,275.7844398326822,55.25255301296264,1659
4,17,0,260.3478387324025,47.03609321018235,1570
4,18,0,208.6212823097142,37.10462894777581,1276
4,19,0,181.2381382373527,32.1566082286855,1108
5,0,0,182.9462144310173,34.91920411266422,1042
5,1,0,223.1841526649324,42.43786944258324,1279
5,2,0,258.7843408512786,55.23035660871723,1450
5,3,0,287.7421574508827,70.03888032287797,1617
5,4,0,301.689981383436,76.58809881258119,1687
5,5,0,313.9973286549442,61.8444061687151,1797
5,6,0,332.206205584852,76.06690995610022,1884
5,7,0,336.9166959971615,72.14096607792744,1924
5,8,0,337.0060327810602,62.95006929301061,1958
5,9,0,357.0757842993301,742.3497399393676,1944
5,10,0,353.9374291524344,65.72037876562379,2065
5,11,0,343.9060728485903,62.8776114830076,2043
5,12,0,335.6261941862144,61.38501587791025,2009
5,13,0,335.7552917483608,61.35089047002945,2007
5,14,0,340.1008866711824,62.18189035528084,2016
5,15,0,323.2619685886528,82.01200476162309,1921
5,16,0,298.2852680996644,114.7984385306151,1746
5,17,0,260.3554084616197,53.63230235735257,1564
5,18,0,235.9141507890592,42.91558263427192,1418
5,19,0,200.5195506897255,35.46210314134535,1234
6,0,0,199.1998214627403,37.78867989081723,1143
6,1,0,231.0167273051293,44.03320903040727,1313
6,2,0,267.7193032137592,51.22038842891931,1506
6,3,0,288.5920507735827,55.17944266232294,1635
6,4,0,299.5885861638004,65.26807154602336,1683
6,5,0,335.9715030499199,115.7397130553212,1870
6,6,0,350.4610792839791,65.41527861699733,2022
6,7,0,340.114136400079,62.91861276717895,1988
6,8,0,348.4153295470674,64.66090012474416,2031
6,9,0,372.1734369129143,149.0923311920498,2119
6,10,0,371.0404802226369,68.97874393705092,2167
6,11,0,359.7156922013162,95.50955007925803,2082
6,12,0,340.2012488786583,76.41790251864616,1992
6,13,0,348.5667764475621,63.61406651090298,2062
6,14,0,350.3970901210403,324.5754261942969,1973
6,15,0,329.7427271273946,59.39054746436319,1978
6,16,0,311.7636708211548,76.87178807130202,1844
6,17,0,273.4446308204402,48.93930599038388,1657
6,18,0,253.8368776683578,45.34852261096575,1533
6,19,0,216.5663557831493,188.5028132633224,1224
7,0,0,196.4281042008168,37.87445287061577,1107
7,1,0,232.4080744711174,44.47999151918971,1318
7,2,0,273.156663860054,52.53477678109487,1531
7,3,0,302.578937270574,57.05326351103486,1733
7,4,0,324.6719084427723,242.7618574763398,1771
7,5,0,328.4119099656917,62.86897143257441,1900
7,6,0,356.0112486262816,198.3035919187073,1954
7,7,0,351.7873147545488,182.6068354703137,1970
7,8,0,364.5887351318469,131.5197617781518,2058
7,9,0,384.295263686142,109.2973369437702,2211
7,10,0,360.1299174836877,66.88515001996893,2102
7,11,0,361.72538579113,67.94316535505085,2129
7,12,0,370.9181132225592,68.77232912631308,2184
7,13,0,368.3290418783041,141.5785795419188,2127
7,14,0,350.5119753553515,63.75755100325804,2104
7,15,0,334.8847128263495,61.41786759426584,1987
7,16,0,323.2762575534589,260.0872211761716,1828
7,17,0,287.2549315015488,51.1663195259996,1748
7,18,0,254.4111514037518,45.37691041119754,1547
7,19,0,207.9952503431024,37.0358793927869,1275
8,0,0,196.5512083546703,38.12883417006868,1113
8,1,0,239.1545625971175,48.11679793440597,1348
8,2,0,270.8705532876124,77.53780466636029,1515
8,3,0,300.0930817146923,59.11965361221924,1682
8,4,0,330.1449056608105,64.61853862644539,1882
8,5,0,330.4621948136449,85.70052430260499,1870
8,6,0,360.6608573416878,69.43715528557729,2057
8,7,0,351.6697052275615,78.07841806905326,2022
8,8,0,379.7519535995281,171.6048878887029,2115
8,9,0,374.4373347964788,71.77847710734251,2174
8,10,0,381.2296940736597,330.8644990618926,2118
8,11,0,377.344183363635,76.36453996874462,2206
8,12,0,384.7458286740163,80.32036595184312,2261
8,13,0,359.1880794696406,108.8906147570467,2083
8,14,0,374.3722221150826,289.0828134575943,2106
8,15,0,340.1503538170289,62.43348843258239,2037
8,16,0,309.8276136259857,67.44944420030276,1833
8,17,0,281.5256897299602,50.42972463404755,1715
8,18,0,267.7817829868733,359.5121998711765,1498
8,19,0,217.5914366308446,39.18797403868656,1322
9,0,0,210.4143857987948,39.84918182122868,1210
9,1,0,227.7972482162201,43.10819066393405,1307
9,2,0,278.7220694798948,52.3674238610857,1590
9,3,0,289.8661162797071,54.85406693804694,1652
9,4,0,317.152603484939,59.71463930959898,1810
9,5,0,344.9749872180225,67.38479500575993,1961
9,6,0,352.8007239858537,66.17429916230078,2026
9,7,0,360.200596032186,67.05905262576474,2098
9,8,0,380.5488539373511,100.0471737126475,2188
9,9,0,379.8067513914955,256.1845698045188,2134
9,10,0,385.3136376871186,160.151896921283,2215
9,11,0,384.0442057481063,78.43820099052604,2239
9,12,0,350.903504370848,64.64135636473664,2082
9,13,0,367.5912149876874,66.55744217476055,2191
9,14,0,349.359190140771,62.71086808419248,2096
9,15,0,346.2423769344614,63.40837116559084,2075
9,16,0,320.6438878196248,58.14153871305966,1918
9,17,0,291.1979278799311,106.572543277605,1706
9,18,0,253.4081632169764,45.8903916737896,1529
9,19,0,213.7931821433014,38.33645586999393,1298
10,0,0,204.6503430434715,46.5495600743424,1153
10,1,0,245.4598830698999,49.84735808614118,1373
10,2,0,266.6975932214484,51.36666521769754,1517
10,3,0,292.8766566696341,55.13276382192645,1678
10,4,0,344.7860676536819,404.4591591718406,1826
10,5,0,333.6000161245547,63.92111102631955,1889
10,6,0,349.7718661585129,73.45027561869546,1982
10,7,0,356.7508390838994,66.92120233680288,2062
10,8,0,375.2421981176022,75.46135021611009,2152
10,9,0,356.3090366170244,65.48138945744718,2101
10,10,0,386.7585415187009,80.21041116668607,2248
10,11,0,369.3224026459239,68.01270851103436,2177
10,12,0,366.1154705707674,66.02726838916881,2185
10,13,0,369.7463080350663,67.44318022298668,2194
10,14,0,353.7561055606332,64.4303455933846,2110
10,15,0,344.9181661725426,63.24181998183827,2051
10,16,0,310.5486177310436,59.67711991211171,1849
10,17,0,296.8066087378281,147.4127610952582,1745
10,18,0,253.2143274218409,45.7785955130749,1536
10,19,0,213.9895764119123,48.11680569415488,1302
11,0,0,188.0093279911862,42.21616381589523,1073
11,1,0,246.1322693057148,47.84618785483315,1374
11,2,0,275.4525546238817,131.8497984353753,1500
11,3,0,311.0492478005799,216.3562764461245,1689
11,4,0,343.9178388148729,238.9037461430133,1851
11,5,0,348.9715703054255,66.64112209793326,1976
11,6,0,362.875470221687,68.94268220039288,2081
11,7,0,366.9845163482705,68.72491085512397,2119
11,8,0,361.2273789487398,78.541291608842,2094
11,9,0,381.9036871387744,124.6167046556385,2179
11,10,0,372.8090623700529,68.70839483490077,2190
11,11,0,373.13554947126,69.04209140521526,2193
11,12,0,376.0533562529305,113.6246067302467,2170
11,13,0,384.9288356689636,70.38625189196615,2290
11,14,0,368.4617140221013,67.50955293999078,2190
11,15,0,316.9753877369974,56.12028149304494,1936
11,16,0,319.7749422741985,60.78571421536876,1914
11,17,0,290.6846627998862,146.8296396385978,1700
11,18,0,265.5813458410751,150.4414666698863,1542
11,19,0,222.8378061975129,63.88380967300814,1338
12,0,0,207.0984622974845,68.23325777828229,1147
12,1,0,230.801181984575,43.90288704567196,1310
12,2,0,270.666062083132,50.54393471645092,1556
12,3,0,297.4267765347405,56.49088313511878,1692
12,4,0,308.4843245412807,58.38160293431425,1772
12,5,0,333.0571681640645,63.11985642796613,1909
12,6,0,350.5758198654268,85.96144271501943,1994
12,7,0,357.623942319903,66.03841377146541,2085
12,8,0,358.4252398461517,66.89482369372752,2079
12,9,0,376.9155395223459,292.5730919751165,2109
12,10,0,361.0436952854182,68.55183692904552,2098
12,11,0,356.9840296436199,67.63324523244223,2084
12,12,0,377.4595063114606,69.57976167376192,2229
12,13,0,361.6959101465842,66.20807763690195,2145
12,14,0,336.3994028243119,60.0564932278062,2030
12,15,0,316.4921053390478,57.53991281685161,1887
12,16,0,320.4380899001882,57.57399604846435,1928
12,17,0,302.5924106129967,638.8377244270649,1694
12,18,0,234.9826834211512,41.64635034783462,1431
12,19,0,205.2067334802063,36.19820799702567,1267
13,0,0,194.3257443024884,38.59560430836566,1100
13,1,0,222.719732573006,43.57013994369305,1237
13,2,0,264.1420985523614,137.6191622491452,1449
13,3,0,282.6933933460114,53.78862719232962,1613
13,4,0,302.6971101190206,57.11916739000858,1736
13,5,0,319.3494920662766,59.16091221706893,1841
13,6,0,330.6502508354761,61.51833456320041,1920
13,7,0,345.1046338008263,65.54041697082248,1990
13,8,0,369.5944785121405,89.34148158671483,2121
13,9,0,343.5654696840027,63.7953449177999,2001
13,10,0,359.3072421966386,95.1632632696075,2072
13,11,0,387.157714388664,836.5191458265888,2095
13,12,0,331.4359838478142,60.60540367577283,1964
13,13,0,356.5960581741071,66.35283711739892,2107
13,14,0,342.2301241094332,63.30691325088505,2046
13,15,0,333.9079502812103,91.98758848258478,1949
13,16,0,335.783093883254,443.9114110269166,1848
13,17,0,301.0601233973028,82.04747619213174,1783
13,18,0,246.4196467047138,44.59569570658047,1491
13,19,0,216.7419942065569,39.97773365802185,1321
14,0,0,188.2753305215501,35.89584463749775,1076
14,1,0,222.68725945943,45.18412565764642,1249
14,2,0,247.1438544908376,47.26556864172011,1397
14,3,0,268.693751430035,50.41393148905497,1548
14,4,0,294.2814031221075,57.95225142463134,1668
14,5,0,311.7774112903006,58.35114155166298,1796
14,6,0,322.826018759461,61.49921885220517,1848
14,7,0,336.9800312972587,63.49179991659387,1942
14,8,0,335.366399803383,62.77896469172068,1948
14,9,0,329.4559597795251,72.70477884022168,1925
14,10,0,342.4696145882667,62.57152913278625,2020
14,11,0,356.1308536099585,188.8692926048443,2007
14,12,0,339.5974873361542,63.10060431003054,1994
14,13,0,328.9377907749298,61.13528225407865,1940
14,14,0,324.1418467442753,63.78885329472327,1946
14,15,0,317.5231951495108,66.88095531613871,1880
14,16,0,297.7125864494927,54.18102139905184,1793
14,17,0,269.122896248758,48.45283555051979,1621
14,18,0,236.4745138303778,42.62090196723346,1433
14,19,0,202.8267338769208,41.97940687693828,1220
15,0,0,182.1575166228085,35.52941756756405,1031
15,1,0,215.215315692625,129.1129767906007,1164
15,2,0,217.3961290772296,42.46206444965424,1221
15,3,0,262.6342538638116,49.99641846043694,1496
15,4,0,264.1100950710341,50.68513150682956,1495
15,5,0,292.7454693565733,64.00537151517268,1654
15,6,0,294.3640542546279,55.72290771114734,1703
15,7,0,334.5842449709821,62.65983437728803,1939
15,8,0,322.2984751443748,59.68911777433353,1884
15,9,0,321.4705367773941,61.22685884703576,1865
15,10,0,325.5698335930969,61.02080500037617,1891
15,11,0,331.9202441967079,61.48892036533825,1942
15,12,0,326.9138611261077,59.22341919964904,1959
15,13,0,315.5760362433871,57.33523923601964,1864
15,14,0,314.3881737920967,90.46032226345099,1835
15,15,0,278.6738882071077,50.30999503851936,1674
15,16,0,277.115591651683,50.47378432256286,1656
15,17,0,243.6221211432247,44.2686680370444,1472
15,18,0,245.5108379384945,132.6822849026499,1412
15,19,0,191.5713531547042,48.54262535377797,1160
16,0,0,171.8381771840531,32.64601761308948,981
16,1,0,196.1184194358001,37.6493260962387,1112
16,2,0,219.5627943629624,41.87071995239343,1251
16,3,0,248.721947164875,48.18867494282367,1388
16,4,0,259.8721023855622,49.30417388342301,1473
16,5,0,282.2273282792984,52.40169032950123,1633
16,6,0,291.1901533179533,55.94414899396156,1670
16,7,0,282.1922844042954,52.61902450157866,1635
16,8,0,305.7376269592187,94.0575022570866,1752
16,9,0,305.4473132389673,83.48462549879991,1746
16,10,0,306.2665614954115,56.69414103709376,1804
16,11,0,330.8229509252041,780.5806945836283,1787
16,12,0,318.6249933242034,82.68092414564505,1864
16,13,0,287.9022428409726,84.46801215442245,1678
16,14,0,296.8712254913388,58.58354862928156,1747
16,15,0,275.1657189606331,49.74038859524947,1642
16,16,0,264.3547909061773,47.2870151678773,1604
16,17,0,230.6806695374746,41.11547352173515,1394
16,18,0,209.4688187106714,37.05114500099962,1284
16,19,0,205.7294272896029,417.2599846613093,1122
17,0,0,142.9771280169814,27.86299779496764,804
17,1,0,179.3269211893318,34.23246473553347,1014
17,2,0,200.7080362575744,38.61269711414533,1142
17,3,0,218.8156938169462,41.01581793038094,1258
17,4,0,246.2289737703757,157.8398117599706,1334
17,5,0,260.4990804094226,194.0793059414806,1425
17,6,0,268.6932158856992,50.97855398045403,1534
17,7,0,268.207240697149,50.15871421833104,1554
17,8,0,273.47273774783,50.268720048063,1601
17,9,0,279.8431852328485,55.4901390118774,1612
17,10,0,291.8881570216891,54.49459318608939,1701
17,11,0,286.6005482536976,58.84299977871049,1669
17,12,0,275.0869265340172,50.71882947539306,1631
17,13,0,270.9371112832949,89.96756254716544,1585
17,14,0,252.4712786688303,47.48843966079294,1497
17,15,0,253.8954786418689,46.68561181408672,1513
17,16,0,235.6134091025341,43.2380211197354,1406
17,17,0,223.9787409714786,56.10542781686034,1313
17,18,0,190.7945017407505,35.26210789989715,1154
17,19,0,171.4782337714757,64.58838870608493,1005
18,0,0,134.4396487225119,26.40100397162272,757
18,1,0,153.4537471499858,28.99967468258503,877
18,2,0,171.9096534573638,33.35563627724208,967
18,3,0,197.0022455709163,39.45466469611478,1120
18,4,0,206.1704671046365,44.35688463687207,1165
18,5,0,224.7447903817389,43.43800881334588,1270
18,6,0,257.1119495085546,175.6490282486219,1379
18,7,0,239.0290393715229,44.81376153886092,1387
18,8,0,238.3445354801042,43.23946189736017,1415
18,9,0,259.3261979222034,94.44330014948255,1468
18,10,0,259.2220132913363,55.31658118203519,1481
18,11,0,240.5823961572523,44.34066771669995,1433
18,12,0,247.9344002030562,44.40464319859863,1485
18,13,0,231.6335066012853,41.83432890740246,1388
18,14,0,232.6037561194962,42.26065372871017,1390
18,15,0,227.8049419513228,84.21289595727285,1309
18,16,0,189.7326448561778,33.94279780002947,1168
18,17,0,208.1559834531773,406.865807665695,1099
18,18,0,179.8573066951181,78.86643715040921,1042
18,19,0,135.4997810323388,23.98117604160803,835
19,0,0,110.7624168880052,21.48062388492334,626
19,1,0,143.9246285868659,27.59918491019346,822
19,2,0,152.0131679169563,29.13604250541039,863
19,3,0,164.0790420700671,31.3700437742838,946
19,4,0,177.6107821347427,34.04093805178049,1020
19,5,0,188.0231357008898,44.40647312192225,1067
19,6,0,212.3968365378096,151.5069876154315,1161
19,7,0,211.9683637645844,299.9533651880119,1144
19,8,0,219.3929241578165,40.12622513262172,1293
19,9,0,222.1344159340327,41.76050263495461,1292
19,10,0,212.2988690825608,53.64742050909742,1241
19,11,0,208.1804242254671,46.65819487934659,1216
19,12,0,219.8020142316315,108.1978717010838,1243
19,13,0,215.2470362531777,108.7685004910879,1233
19,14,0,201.251278845751,36.74044463585835,1216
19,15,0,198.1771467349857,193.8326213200654,1111
19,16,0,186.5063402594295,101.3278328814334,1076
19,17,0,155.8803627079569,28.40597549445441,937
19,18,0,135.9325151265201,24.74061024522649,825
19,19,0,129.1792286839937,22.8802252172793,791
