# mesh name: boxMesh_1
# primitive scorer name: doseScorer
# iX, iY, iZ, total(value) [MeV], total(val^2), entry
0,0,0,128.5543893114327,50.82068624688267,430
0,1,0,164.3603162780651,66.21051094511385,547
0,2,0,183.8952500467079,65.09294543333999,662
0,3,0,187.0117582649123,121.0428797518405,654
0,4,0,207.1323032474034,67.96546234507089,774
0,5,0,202.4280678966155,61.89082426312478,793
0,6,0,210.51347316894,65.90954748339338,856
0,7,0,222.7544333773551,60.56154831454975,966
0,8,0,237.7748222615991,72.61108017469871,1030
0,9,0,233.6660216222406,61.30214963127045,1065
0,10,0,219.8185597409676,54.27909720997151,1054
0,11,0,250.6038044647252,101.7555918870313,1189
0,12,0,239.3747802984125,53.68815438177847,1231
0,13,0,232.6464199635037,49.68839611497982,1236
0,14,0,236.2002717129012,395.2482369153553,1195
0,15,0,229.4524924494936,155.6917155655145,1234
0,16,0,207.8061470525092,42.62947349774844,1191
0,17,0,202.9045816008343,63.57916921105409,1146
0,18,0,203.0667813227369,359.1348381300683,1115
0,19,0,142.3120058680582,26.13144930366836,865
1,0,0,142.613573932123,57.63514283647238,467
1,1,0,154.784867580013,55.93769623127977,527
1,2,0,192.2151399036766,116.5927405519511,649
1,3,0,198.5537609281881,67.00513538272023,723
1,4,0,208.1315064750791,89.89967035209571,769
1,5,0,227.9606495258178,73.31759808712881,891
1,6,0,232.7608409268575,74.84104543398706,957
1,7,0,264.3612380987292,162.2211041896152,1067
1,8,0,254.3308726851666,67.27253279497724,1118
1,9,0,259.6390252251509,65.9215678284492,1195
1,10,0,279.6425712783694,68.2151546106243,1328
1,11,0,273.4296412787347,61.08489445020721,1368
1,12,0,255.1325846195854,59.00791036771938,1290
1,13,0,255.3023390647475,53.4539094335916,1362
1,14,0,275.2595149652576,57.15126537302621,1495
1,15,0,267.0054325417852,152.4811068010326,1410
1,16,0,263.0483374712415,90.75550620854678,1451
1,17,0,227.4411347193475,43.81229766922973,1319
1,18,0,209.3288606509918,47.29008091553131,1237
1,19,0,179.6643143424469,118.1260113232089,1040
2,0,0,167.3549220315598,59.28524611282834,580
2,1,0,179.854139051889,64.54450414596671,615
2,2,0,198.7077473136467,71.58458724219655,712
2,3,0,216.6171086274756,71.92008053449705,789
2,4,0,251.0456142949164,87.80148719498642,936
2,5,0,248.2150080592022,77.21629762375463,977
2,6,0,261.2391637952417,77.91770464198227,1059
2,7,0,271.5920545196885,77.26848710239871,1159
2,8,0,290.2706961195058,89.99695153092227,1273
2,9,0,291.4016599805678,79.10262820888219,1321
2,10,0,290.8740141088183,69.71973354584622,1395
2,11,0,299.3025440755757,71.35230878964681,1474
2,12,0,304.1310991952876,89.22719836451071,1509
2,13,0,310.8290810551627,67.90141756322267,1610
2,14,0,287.4889358923497,60.37246393231773,1573
2,15,0,293.2360827649286,63.378183404774,1620
2,16,0,264.7852736235355,51.79568272699102,1510
2,17,0,263.2745237476357,50.48698786020646,1532
2,18,0,213.4726897055962,41.54590081203148,1258
2,19,0,188.4608614563906,34.52817564247963,1148
3,0,0,165.7429398806985,61.64188740013871,567
3,1,0,196.5807791914102,70.71636136180663,680
3,2,0,248.0767935386404,293.6386239936524,831
3,3,0,235.9163498988362,79.44804190140808,851
3,4,0,260.8420424142519,190.7654927498521,947
3,5,0,263.2252714836068,81.38697146822302,1041
3,6,0,277.5912659834703,85.83812427677999,1145
3,7,0,312.2176489157003,174.827747039567,1285
3,8,0,304.5788337781033,83.10287069368593,1343
3,9,0,319.6951692128689,79.3192092710718,1476
3,10,0,315.026575452866,76.25034295521071,1522
3,11,0,326.6746281953519,75.86819471803976,1610
3,12,0,332.9329476167066,72.4349223277263,1711
3,13,0,330.6785501367137,72.61268507768808,1719
3,14,0,318.4381606430366,81.77065166197575,1724
3,15,0,310.3408508426364,67.1084640112454,1736
3,16,0,311.807735261321,79.85252537693448,1769
3,17,0,274.4493648399436,51.14662897946765,1630
3,18,0,251.5885145099976,46.92260992583324,1493
3,19,0,215.6994254517239,39.94214521949757,1312
4,0,0,189.1928504018727,69.40138882035515,643
4,1,0,207.720366112951,169.3898649131989,688
4,2,0,254.5610961144405,134.1865991679152,879
4,3,0,229.0158187401117,73.43129270222704,859
4,4,0,257.6752994556142,97.70296379298614,951
4,5,0,318.7630248141695,229.6741940874096,1167
4,6,0,312.7532777023488,132.5218888069783,1251
4,7,0,307.5159305276099,83.83415308095174,1327
4,8,0,330.1770732181328,90.90470149181583,1449
4,9,0,346.3566749307923,87.42220631563745,1589
4,10,0,352.5059296858549,85.16277340752164,1688
4,11,0,355.40294980172,123.3113868493154,1713
4,12,0,369.0567277731939,129.2985473692638,1844
4,13,0,338.03886796248,70.57427340190738,1810
4,14,0,350.6330853622359,74.31669168529947,1897
4,15,0,332.4286490614704,65.56984942359593,1885
4,16,0,328.1138666169834,90.74974778015547,1842
4,17,0,307.9280264608841,58.74273804578155,1783
4,18,0,260.7190928928392,47.4299719848292,1574
4,19,0,229.8912355644599,41.70045322072056,1413
5,0,0,194.7485212540164,71.96744939965053,653
5,1,0,206.9263980264311,73.98538484405653,724
5,2,0,271.2538627055459,365.1426623916834,899
5,3,0,257.9807732493787,86.57207557151148,953
5,4,0,304.3374540291485,96.25535753583479,1172
5,5,0,310.1809497384517,89.15307822591858,1253
5,6,0,330.0279140483034,187.4677748252113,1300
5,7,0,324.5703800473788,102.1329042285161,1366
5,8,0,354.0175777504809,97.10273744047235,1556
5,9,0,335.6620404219489,82.24015959338578,1576
5,10,0,370.5313013692776,211.2565777512665,1708
5,11,0,364.7854540141092,82.68670676700924,1810
5,12,0,368.6200653513804,80.93107323464388,1889
5,13,0,379.9404658904072,234.7815506638395,1932
5,14,0,367.1830427401279,75.81909046684068,2007
5,15,0,344.9880228596599,68.46193339791911,1959
5,16,0,340.8291879946407,67.3122385755649,1941
5,17,0,318.6835759386472,60.35760090811542,1870
5,18,0,276.9853524386414,51.13052698546259,1667
5,19,0,253.8754814920744,46.38588145010476,1533
6,0,0,209.6100605403007,82.10942593745466,685
6,1,0,225.7322947906564,84.07372025725867,777
6,2,0,251.5813151767937,85.26629211881693,922
6,3,0,274.238408693495,99.67798518976248,990
6,4,0,323.9573193298102,113.1173979718595,1217
6,5,0,323.4762873298541,108.02588921591,1251
6,6,0,350.465988830778,102.3726715006651,1428
6,7,0,333.1663770793712,88.71295625006906,1454
6,8,0,368.4046215911532,98.90217535874929,1611
6,9,0,395.3107020030594,221.4395199682032,1726
6,10,0,387.2285436947566,215.6907694961926,1813
6,11,0,414.8559929042798,422.042060632111,1875
6,12,0,382.3489616361692,85.19590770966836,1964
6,13,0,377.836197751169,80.24631992487586,2014
6,14,0,389.8065888186073,112.8595271667582,2085
6,15,0,363.7670426117817,101.8900902426988,1988
6,16,0,333.6838372839412,64.37097675873517,1918
6,17,0,347.1832681755587,109.346604593142,1989
6,18,0,282.0003156473372,57.45560882368656,1689
6,19,0,260.1535969417852,188.9259755098378,1480
7,0,0,215.1197670711603,100.5088937207693,689
7,1,0,230.985772111071,96.20635751837858,781
7,2,0,247.7320043437704,85.66383744464784,864
7,3,0,278.5734978249826,94.33426303748902,1029
7,4,0,323.0062573100313,220.2674379548359,1169
7,5,0,329.3800802802475,111.8098207268631,1303
7,6,0,349.848486076162,101.10716914198,1425
7,7,0,357.118099215187,111.2812870518932,1517
7,8,0,372.6481039794021,100.9615255921734,1647
7,9,0,378.4594377536138,96.36936814778217,1742
7,10,0,401.4231820195225,96.86826546737555,1927
7,11,0,417.2964744542386,507.308603568369,1937
7,12,0,414.0315025876219,188.2802542121978,2062
7,13,0,399.3294309537968,93.74151440202687,2062
7,14,0,380.6962884333337,78.72135158307202,2078
7,15,0,369.6100954045646,77.43881571727387,2064
7,16,0,344.6554903047278,66.08806635134444,1995
7,17,0,360.3053181445006,208.3435111932736,1996
7,18,0,309.6025556281865,108.1429036861347,1784
7,19,0,263.4152937753623,50.01785096320329,1597
8,0,0,202.4065051559827,99.36957165108244,660
8,1,0,228.4251819045409,85.52945344319393,788
8,2,0,252.2749809681467,88.24070204189873,886
8,3,0,278.817761725805,303.7156234091032,986
8,4,0,304.104007219581,97.5928340273404,1158
8,5,0,325.3379243728929,93.64499639755843,1322
8,6,0,337.1462916480584,96.06384830382402,1412
8,7,0,364.9006373491329,102.8845689279433,1540
8,8,0,370.2449665543555,94.19337719028709,1669
8,9,0,385.538244535012,101.7794699249533,1738
8,10,0,401.6472134952404,107.800948052655,1896
8,11,0,386.0895477899639,146.4794278137954,1865
8,12,0,388.1510089840971,87.00788376008158,1978
8,13,0,412.5492875425302,188.7799238653031,2110
8,14,0,380.193417963541,79.23237542265797,2050
8,15,0,375.3087120105136,73.8044106719953,2114
8,16,0,391.8692200509989,208.0412877104299,2175
8,17,0,326.2818417534411,64.15785386677851,1905
8,18,0,314.3478577006041,70.18231544851078,1841
8,19,0,288.5640672591364,285.9098018466868,1600
9,0,0,222.9761870929488,84.0661538300413,745
9,1,0,248.0536537162203,96.61930161679376,834
9,2,0,271.831788009208,102.9175238470542,963
9,3,0,291.2156047788235,118.4036855492693,1054
9,4,0,325.4899609058498,104.7896956625281,1238
9,5,0,324.448170379498,96.83607248257947,1293
9,6,0,352.7268938973025,101.1050358090001,1454
9,7,0,374.8659658009749,100.6991870044692,1617
9,8,0,396.9712741541677,116.8631553562564,1727
9,9,0,397.2434767592761,97.47504673593058,1855
9,10,0,399.8446673000084,94.72625486175383,1906
9,11,0,414.4718461658173,94.24560018939613,2058
9,12,0,393.7135238163446,87.77577140372964,2013
9,13,0,397.9262932523477,84.67721748279912,2102
9,14,0,389.2914356004769,82.72252293160768,2099
9,15,0,386.0156184566761,110.3979814144152,2143
9,16,0,375.0560683002922,72.88690230407711,2161
9,17,0,343.0037605273631,69.77353442777545,2028
9,18,0,306.2122938335501,57.95251347675877,1804
9,19,0,265.4998082598191,50.44074687756625,1583
10,0,0,209.9074054254663,82.27342471656658,712
10,1,0,252.9193840405606,183.3777737846324,843
10,2,0,280.4683980958353,125.3045194396746,958
10,3,0,283.4210903392934,92.88993954376643,1038
10,4,0,319.0885394640701,98.85927847550263,1239
10,5,0,338.7418238826569,103.3016623212614,1321
10,6,0,344.218738879795,97.33530311175892,1418
10,7,0,371.2207428168362,103.5239115714506,1581
10,8,0,386.5381369774094,107.1717132588883,1689
10,9,0,431.1048694221691,292.8315810563846,1871
10,10,0,373.4978360883984,95.96802157317407,1779
10,11,0,404.9621814497874,93.2485308874991,2007
10,12,0,391.5633240250899,84.96496771098845,2035
10,13,0,402.6603457326357,85.19884973899413,2144
10,14,0,389.0793656693107,113.4074397493625,2084
10,15,0,397.846543143913,147.1985579676196,2182
10,16,0,365.5238586953275,70.32406702075212,2106
10,17,0,339.2956577137995,124.0044904176565,1946
10,18,0,310.2716363850417,65.67833658865671,1815
10,19,0,257.3090668412186,50.55831662913032,1561
11,0,0,218.164650981718,81.00083395408952,728
11,1,0,256.8000173343194,97.50686376285464,849
11,2,0,284.0217400858031,239.6502934340689,935
11,3,0,275.0003489882046,89.80037497867713,1037
11,4,0,298.2771157180382,91.51055405451233,1158
11,5,0,323.9568628123703,96.11352434696862,1298
11,6,0,357.21324940569,108.5902512170293,1434
11,7,0,370.8113613880915,139.988748333441,1583
11,8,0,381.1735930010054,102.7716255197223,1675
11,9,0,397.5774305376287,123.178956659642,1800
11,10,0,401.8733880939241,127.3830919586517,1885
11,11,0,392.2305742278251,93.32864006622567,1950
11,12,0,404.2465811431068,115.778779570814,2023
11,13,0,388.4370915578109,81.90271456661313,2071
11,14,0,397.1663512489488,374.0719597894432,2065
11,15,0,387.9561337419223,173.0535983684589,2111
11,16,0,368.414241204135,103.1649406754169,2079
11,17,0,338.9967221000005,63.93638238721674,1990
11,18,0,298.606748561717,55.46755708558062,1779
11,19,0,262.4371222890038,49.81426661629471,1583
12,0,0,208.9713033684392,88.09911531728356,686
12,1,0,222.525708468019,81.81820370697913,772
12,2,0,251.0969423077154,84.52604000820047,914
12,3,0,295.5677731085152,248.884396192268,1044
12,4,0,300.3707187845343,105.8129986251114,1147
12,5,0,317.3294941590426,104.2868409738889,1271
12,6,0,345.0137792306981,100.5386009860932,1399
12,7,0,360.3471282079516,109.8492602765764,1519
12,8,0,372.321286691326,215.2052262791691,1598
12,9,0,389.4994685581665,106.195024441363,1774
12,10,0,400.9322365934636,177.1462866733691,1868
12,11,0,393.0389032892648,310.5584612832585,1868
12,12,0,382.3743946648243,84.73582811017714,1970
12,13,0,375.9058321289455,81.48934726542305,1978
12,14,0,384.9585987301487,103.9348849765989,2044
12,15,0,385.9077817396664,76.87523337893076,2152
12,16,0,358.6604376341705,70.07693950618737,2064
12,17,0,355.5065550517606,195.1144620718452,2035
12,18,0,292.636718716415,65.58905710339805,1745
12,19,0,267.0770604172347,51.24379073885937,1613
13,0,0,212.9724759561394,80.79184166034331,696
13,1,0,222.8051656773872,81.71680822417996,766
13,2,0,248.150260988721,85.44351030259301,887
13,3,0,266.9585920597982,87.70028083362529,981
13,4,0,304.0092108887396,96.85507182116993,1176
13,5,0,318.036268517487,94.55414232029433,1285
13,6,0,325.6142563437846,109.2568544922498,1355
13,7,0,352.384699182873,103.0599640508285,1484
13,8,0,362.4947125943416,136.9915457263346,1575
13,9,0,371.0660182061533,226.1205568872117,1675
13,10,0,368.1538191294704,89.5303599902154,1751
13,11,0,372.6111654322854,85.55912550694462,1841
13,12,0,385.6961666255668,94.94775850519058,1964
13,13,0,387.3125706637853,82.31009183549439,2057
13,14,0,375.9918622698512,76.82698540800016,2068
13,15,0,359.6260097795536,72.24010092480822,2014
13,16,0,360.8541537110312,71.022731389372,2062
13,17,0,332.4200561659922,64.14634217247297,1922
13,18,0,297.468693316254,56.86203984912197,1757
13,19,0,270.9540321666937,215.3036888285935,1561
14,0,0,178.1506947903719,65.84392023823885,596
14,1,0,213.7082932574583,82.15128026439837,718
14,2,0,233.5006903641718,76.91673255724045,871
14,3,0,263.7324257267298,87.49441482433963,967
14,4,0,282.1062217580184,88.53953168003521,1120
14,5,0,307.3872533665198,97.88399024117298,1235
14,6,0,312.7342912577994,91.99509585006778,1280
14,7,0,337.3844543683028,103.7065700516672,1410
14,8,0,333.6375516037886,99.74928351948239,1473
14,9,0,352.7901457986027,87.2909850546196,1639
14,10,0,409.7969296934772,270.8370885296436,1842
14,11,0,382.2205084974842,158.9226446760428,1855
14,12,0,368.8154555008306,107.7766411824961,1873
14,13,0,357.47043367033,76.19099534368526,1895
14,14,0,349.6367992295527,75.90544548511566,1900
14,15,0,345.6694900380965,71.8071264932355,1935
14,16,0,337.657636510554,66.15039118845071,1920
14,17,0,303.4954240734522,57.09423130272262,1794
14,18,0,278.6310950536184,51.76361548361485,1651
14,19,0,249.6290221875412,83.59630995948457,1478
15,0,0,187.7875119578314,90.25435812485605,621
15,1,0,179.4708849963558,62.5789173728079,632
15,2,0,239.2373298169212,97.07971285644071,809
15,3,0,245.6428696789167,83.65055865596368,892
15,4,0,267.2658406761354,84.0473955098914,1042
15,5,0,294.7550753183833,93.09013376936963,1165
15,6,0,310.248350983788,90.25293625145645,1255
15,7,0,310.864631188685,86.70036823466522,1309
15,8,0,333.7667945873184,98.91938142423979,1444
15,9,0,335.2340311095285,83.94763013429552,1563
15,10,0,345.7032515382638,84.49775764808308,1634
15,11,0,347.9986011207563,80.20391133454731,1723
15,12,0,355.9089156176065,78.99120156871481,1835
15,13,0,341.8291586294392,81.54845954231865,1802
15,14,0,342.2619622030321,71.4109752470852,1859
15,15,0,339.2385683823009,112.9340367315888,1848
15,16,0,310.6341117704879,60.37708849563751,1792
15,17,0,285.0094265512066,52.89431313104449,1694
15,18,0,273.5600721687387,72.2118843635554,1618
15,19,0,226.7660243705721,40.93537934972625,1383
16,0,0,183.4355974461369,76.56803554517535,581
16,1,0,203.6834897840647,84.14878074965944,680
16,2,0,208.3939196183108,71.28500160723118,735
16,3,0,226.8748859050853,77.44054882869492,832
16,4,0,239.2068471589756,79.84107730974065,910
16,5,0,261.6944788100461,78.70344483890491,1046
16,6,0,284.9658727481632,81.05070766835644,1185
16,7,0,302.4201421000358,91.54851139204358,1288
16,8,0,307.8334339287092,86.03226323984845,1343
16,9,0,325.9845536761133,82.85326820887433,1489
16,10,0,320.6407410224635,101.9251157842762,1510
16,11,0,336.3424627020701,139.8053319963063,1599
16,12,0,333.2852760538831,79.10783468326568,1694
16,13,0,321.9243178350417,67.17093443942633,1728
16,14,0,325.8997194432066,79.59413185114718,1768
16,15,0,320.2605198203094,63.71000565705008,1787
16,16,0,294.0868392658178,55.86788351903787,1706
16,17,0,279.4248805390208,212.0396106977899,1564
16,18,0,268.6142074234008,50.03473165933179,1599
16,19,0,218.7547026910522,40.69909143753077,1301
17,0,0,160.1189858945478,69.19677274255173,516
17,1,0,182.0319208259183,68.85982701473338,633
17,2,0,194.7733796080286,66.66047178343773,700
17,3,0,213.8464437799419,68.63256051498156,787
17,4,0,225.6385605754814,69.849765263294,877
17,5,0,256.6147227333816,78.62188245870412,997
17,6,0,262.8132947248415,76.0402270792911,1070
17,7,0,284.9586528194847,85.21139632613031,1173
17,8,0,282.129819585737,73.14279570484459,1262
17,9,0,282.3175690717743,75.472261985355,1296
17,10,0,278.8020066603594,66.83620061767216,1324
17,11,0,311.9928126787144,210.4018325303178,1479
17,12,0,305.8848998138172,282.5950274287483,1476
17,13,0,290.9060779225609,74.17622259596162,1546
17,14,0,295.6022513265316,60.40898879512737,1609
17,15,0,277.6270433275385,55.55248147211245,1560
17,16,0,267.3772963945378,51.69770520485972,1547
17,17,0,238.7081687226969,44.76913787833612,1413
17,18,0,214.3065628093356,42.78599743334128,1267
17,19,0,202.7649854241544,43.14665500445545,1241
18,0,0,131.5026926935543,49.14847016393146,451
18,1,0,161.5426244735137,60.42257798419976,550
18,2,0,175.2895565789721,68.13184075440427,612
18,3,0,206.6063009062939,70.50079266235286,740
18,4,0,214.63632795456,74.51584398458974,833
18,5,0,214.8486935618538,63.82914322044044,861
18,6,0,224.2807813576381,64.10111794163048,927
18,7,0,250.6492479605892,76.00084315064782,1058
18,8,0,260.6112677821177,68.13466446879947,1171
18,9,0,264.4318785450216,65.36462326711255,1221
18,10,0,260.5292358883293,63.00265398248776,1250
18,11,0,283.7457494777636,104.324266523108,1377
18,12,0,264.6896746929151,60.77599867508879,1338
18,13,0,265.0705804558006,56.7170834686525,1391
18,14,0,262.0341971065141,53.43437495087453,1443
18,15,0,247.512871489379,49.64995670324979,1382
18,16,0,251.267001190364,295.4182697744973,1341
18,17,0,222.0975716041085,41.64238556009484,1324
18,18,0,211.3388822213648,65.69527007842458,1221
18,19,0,171.7041893518721,31.24179298225619,1039
19,0,0,128.9591593802676,53.48353632198018,448
19,1,0,143.2170803566982,51.35927062526277,497
19,2,0,147.7268945535137,51.79899187340169,529
19,3,0,182.1208233998628,77.51224029775931,635
19,4,0,192.7475726884423,60.94409057475412,750
19,5,0,214.602341765764,100.6185760258036,797
19,6,0,219.6989660035201,69.34837820596984,903
19,7,0,224.3571446180765,61.57237494313073,948
19,8,0,240.7401070184203,77.78428252963465,1044
19,9,0,247.6786876041323,403.6672678322101,1052
19,10,0,221.9123144113428,52.98138827703992,1064
19,11,0,248.5944673059025,60.50486780231859,1215
19,12,0,233.4582844521453,52.3944438311072,1180
19,13,0,240.8189063829674,51.07407632396258,1297
19,14,0,234.2078074552713,47.37869761389149,1308
19,15,0,228.8949444351576,46.04903584471595,1279
19,16,0,204.869396507318,86.89373127927212,1139
19,17,0,201.6343632368315,67.72987134172644,1144
19,18,0,167.8946486084583,31.41418581780055,1011
19,19,0,138.4134365069589,25.29930938851754,845
