# mesh name: boxMesh_1
# primitive scorer name: doseScorer
# iX, iY, iZ, total(value) [MeV], total(val^2), entry
0,0,0,93.99288029356532,18.45686821966586,546
0,1,0,112.9892635739973,21.70735246403368,641
0,2,0,134.46521875058,25.85869867240309,765
0,3,0,145.4828009976589,27.33771405532194,836
0,4,0,171.6222736126313,70.68396097908588,959
0,5,0,171.2243619452291,32.30243375573469,1013
0,6,0,177.9803170861307,32.26462617623748,1079
0,7,0,184.2204441135486,32.79936735220188,1141
0,8,0,194.2813441828604,50.65989668409702,1204
0,9,0,202.0762371589232,35.70549683534574,1273
0,10,0,200.9525582107634,33.73777803453307,1319
0,11,0,209.7244081170972,37.1624663372258,1368
0,12,0,203.9035496838903,33.6070670773966,1366
0,13,0,199.6976693742954,32.85546135059455,1352
0,14,0,193.9122336170644,30.34852245167126,1382
0,15,0,200.7708906380275,112.8155104419661,1384
0,16,0,192.4830380116718,30.5270343052159,1376
0,17,0,181.3447489093018,27.86990106948675,1328
0,18,0,170.8598994616136,26.3697352897479,1244
0,19,0,137.9042948713371,21.14580101859123,1020
1,0,0,120.7131593619777,23.51727734832075,674
1,1,0,133.3481701340243,32.05946129757122,756
1,2,0,153.1298094970261,28.96925976669446,881
1,3,0,170.9893330946771,32.12333137231992,990
1,4,0,197.8252621235095,261.4921989135934,1067
1,5,0,201.0844985725356,37.10863626233451,1194
1,6,0,200.0993637802168,35.70611974031471,1223
1,7,0,213.3487532187282,37.86458483845826,1324
1,8,0,219.0232490338867,38.42305716404594,1378
1,9,0,226.9696584155114,38.97975958472991,1454
1,10,0,223.0330100771075,40.73654834926723,1431
1,11,0,251.5840820813849,285.7036839335966,1568
1,12,0,242.1446054620218,48.26665457084707,1619
1,13,0,249.334981521545,39.54122323302471,1727
1,14,0,248.3200588474558,56.37324511111526,1692
1,15,0,245.5066528008182,37.98043640092705,1744
1,16,0,226.2329505770624,34.68096845382681,1633
1,17,0,219.5890300703329,33.55355859922938,1608
1,18,0,221.7533133103873,34.18042729668232,1623
1,19,0,183.1045572217937,27.73637368343967,1363
2,0,0,123.5512412905455,24.33194312579836,691
2,1,0,152.4048250141391,30.6074987181342,832
2,2,0,182.4012918239316,38.66260712754707,1020
2,3,0,203.9441953495687,39.37601168641881,1142
2,4,0,218.0795411014244,42.38938755270252,1269
2,5,0,244.3042141407,44.80216745857953,1447
2,6,0,241.4499981608135,57.62736834911065,1429
2,7,0,262.6702958245082,307.1863677333276,1500
2,8,0,288.5685599185373,559.5327495642327,1658
2,9,0,271.5423584586276,88.65980254191659,1694
2,10,0,310.7862401010067,511.9152630049053,1777
2,11,0,257.2593711116193,42.6868250373226,1707
2,12,0,280.8135906144118,45.82102876204308,1895
2,13,0,276.5685267746261,45.1421642830291,1877
2,14,0,272.0464548915068,43.99619789722387,1873
2,15,0,268.9546317669267,42.37101015733973,1895
2,16,0,287.8070168197647,44.91184155241576,2083
2,17,0,258.72434403682,39.10564208681062,1907
2,18,0,245.2066869206826,37.25892345197334,1801
2,19,0,199.9922619968538,30.88884937045998,1473
3,0,0,135.193246796357,26.25141811734026,760
3,1,0,164.3051701391604,31.49927778565766,930
3,2,0,199.9416271422051,179.8814292936734,1063
3,3,0,213.7512577469569,55.25509310058851,1206
3,4,0,231.7951503700601,43.13841963459984,1365
3,5,0,239.0801162572391,44.4978990537273,1416
3,6,0,240.7489588980165,43.33905678294799,1463
3,7,0,282.4786162729793,63.48260641280937,1717
3,8,0,277.6266465850081,47.49009662413908,1760
3,9,0,289.2937217619178,50.09263390140266,1835
3,10,0,297.3744100104931,104.5376902495634,1895
3,11,0,293.2844866302613,47.79188444446781,1972
3,12,0,298.7464804504996,58.60102634387835,1995
3,13,0,294.9229326555579,49.04918417915359,2020
3,14,0,324.2117223045988,367.0480400848681,2134
3,15,0,306.766269912487,47.15579339097825,2197
3,16,0,302.9249851787708,47.04381989893296,2183
3,17,0,299.0272544202876,63.15813842075684,2150
3,18,0,263.9537490346542,39.99494933619704,1949
3,19,0,226.2059638242835,51.05521787388489,1653
4,0,0,149.9961615087233,29.36019986683602,837
4,1,0,182.3667047028232,35.51238216810412,1030
4,2,0,203.9150774482267,39.2674678697879,1156
4,3,0,230.6387709718784,43.7550509674047,1322
4,4,0,245.0008265000822,46.92975075460971,1420
4,5,0,279.6834980872445,252.7419462879575,1581
4,6,0,287.7320963529364,128.3294329423582,1684
4,7,0,286.862534839432,50.64865958124066,1779
4,8,0,306.0756963922155,54.4054222133634,1921
4,9,0,294.2228334175935,50.47448383226141,1897
4,10,0,304.8869614883907,54.01572584966034,1965
4,11,0,317.5930578253036,52.47968876062877,2129
4,12,0,318.486923160366,51.87218940219091,2162
4,13,0,315.0927006963931,50.82289583561561,2156
4,14,0,334.1289645742319,311.2883862940164,2195
4,15,0,314.5028539024621,49.89077205093521,2240
4,16,0,318.9404978609101,49.33453035703519,2309
4,17,0,338.8380945112266,607.4487742104365,2309
4,18,0,275.7922292683268,41.48030875177388,2044
4,19,0,254.5624238778784,877.9419146069744,1691
5,0,0,173.3511440354774,35.47195291577244,947
5,1,0,192.6763511368227,37.43372058537305,1076
5,2,0,210.378500121244,40.63420521964009,1196
5,3,0,232.0287436342344,44.10716232818577,1346
5,4,0,271.3141952206474,136.3665019615607,1528
5,5,0,285.3834953948545,51.95025297767955,1700
5,6,0,295.8799257488803,53.47610842818314,1780
5,7,0,306.1598478158519,58.41239322730774,1883
5,8,0,315.103984403831,78.95520961907408,1913
5,9,0,328.3003544409854,56.49862290428337,2096
5,10,0,327.4148403399943,104.1134714416518,2085
5,11,0,331.2492771862686,61.03999299634611,2198
5,12,0,332.2155488975616,54.2885545987992,2248
5,13,0,330.0872881486928,53.72255524660545,2279
5,14,0,360.035479715266,1176.355285812466,2307
5,15,0,325.6809888001358,60.00707654905992,2270
5,16,0,328.8912427854622,51.49149723995367,2354
5,17,0,312.9389855384603,71.65886711072555,2265
5,18,0,312.0660415558424,157.3322630464517,2215
5,19,0,225.7141227780535,33.99296951388918,1687
6,0,0,173.6582652505927,34.25244433879174,962
6,1,0,211.0557843944419,41.87536409147748,1166
6,2,0,220.5733040892553,42.05658715879341,1258
6,3,0,251.5750293568214,85.87823287201238,1412
6,4,0,278.3502150266271,55.04486114080414,1628
6,5,0,308.0807149401101,112.3799820472763,1791
6,6,0,290.2017937173105,52.65648857351606,1757
6,7,0,336.813693068844,60.20903071058117,2066
6,8,0,313.0092510296083,55.15617669055641,1952
6,9,0,348.7833448797527,649.7098462636239,2056
6,10,0,335.1253200738017,79.06793316629246,2152
6,11,0,345.3939857306302,148.5868784606623,2196
6,12,0,330.2511051978336,145.6715236876856,2155
6,13,0,347.6817106932381,184.0477511584954,2284
6,14,0,334.1794115213316,52.91877556700045,2343
6,15,0,342.0476356979816,54.00937609517658,2429
6,16,0,335.3350617506713,51.665385181073,2419
6,17,0,321.390408468358,49.40922614275564,2354
6,18,0,291.3135598680057,43.78102120043086,2161
6,19,0,241.0919562742055,35.50307984325348,1823
7,0,0,163.0004293947588,31.94285901063745,917
7,1,0,206.9937422407599,42.94167970539688,1158
7,2,0,229.0579261948037,43.68738055488667,1306
7,3,0,265.0736072994167,57.50210868256118,1517
7,4,0,275.6318388824894,51.50172619975334,1596
7,5,0,300.3616888401394,55.22292181514558,1782
7,6,0,300.72354684884,54.03701741459136,1846
7,7,0,316.366734734966,56.73901884466081,1935
7,8,0,339.9804794686092,189.1835247522206,2076
7,9,0,338.1377907374855,58.35147788905493,2144
7,10,0,340.5400583393207,58.06361639363752,2207
7,11,0,347.658534372204,58.01737092072174,2296
7,12,0,354.5214853524031,433.9250726536947,2249
7,13,0,339.1888121399527,54.88948381929663,2337
7,14,0,363.316161973049,265.581487180329,2399
7,15,0,341.6326274676032,82.09456388421643,2382
7,16,0,344.5817130134271,53.14435629345722,2487
7,17,0,325.5625219220856,50.40300099598446,2360
7,18,0,288.9696587321244,73.43485315535364,2092
7,19,0,236.4658690175421,35.19202672389279,1778
8,0,0,182.683638518117,35.83108109041621,1021
8,1,0,216.7528635731759,141.5647451854511,1156
8,2,0,230.187414234514,44.0424905014799,1311
8,3,0,257.3757043528698,51.62905346460531,1467
8,4,0,290.2486263514695,55.24058367887844,1671
8,5,0,311.6778894619598,58.00649170144324,1840
8,6,0,309.3025207109499,55.63285289996509,1877
8,7,0,329.9726669319743,59.43261134942456,2003
8,8,0,346.5675564341367,60.99607133278575,2163
8,9,0,352.0053627085385,61.62277591894327,2217
8,10,0,349.4090533832621,62.66826270984254,2270
8,11,0,364.0254960533823,328.5762402034381,2296
8,12,0,344.3714291857524,55.65124304503123,2350
8,13,0,357.6624237347665,68.43218514448738,2424
8,14,0,343.8529499961812,62.61054289643517,2385
8,15,0,342.0175737385135,52.87213660695513,2427
8,16,0,328.6712790042635,50.09528497647558,2395
8,17,0,327.7088739322633,49.97227855951962,2393
8,18,0,298.7019522477674,45.5464222980051,2191
8,19,0,250.2344160256696,73.03707357904707,1818
9,0,0,167.4424914046959,32.59794634971794,936
9,1,0,201.9931475126448,38.96911680364726,1138
9,2,0,218.9294971264738,42.10186332084213,1256
9,3,0,255.4406604715119,49.52817291704777,1459
9,4,0,283.1562068329999,53.30377165904071,1652
9,5,0,294.413794508545,54.00449380455741,1761
9,6,0,300.1379986166992,88.40637755902674,1802
9,7,0,321.8294096442525,58.94761652830061,1968
9,8,0,349.763251630713,61.35790726869121,2176
9,9,0,354.8402691465443,139.8225616691765,2197
9,10,0,355.4098046961847,60.94111728780935,2292
9,11,0,349.8611568991856,58.60124032688815,2305
9,12,0,377.5627743440012,890.1852551694864,2315
9,13,0,352.7693564910169,94.51539417598556,2379
9,14,0,364.1179120983655,181.552288648914,2394
9,15,0,344.0668064802208,112.5815655539656,2399
9,16,0,335.9672675324267,50.92659669504708,2433
9,17,0,326.3669025618817,67.51532788090019,2360
9,18,0,288.0155880218886,47.81084400621906,2143
9,19,0,237.662938875323,35.62175343272871,1781
10,0,0,179.8450092715909,35.38251376087272,1009
10,1,0,207.2402012585447,41.29133309357837,1158
10,2,0,232.2225374463985,61.82062789902805,1307
10,3,0,246.6743743480213,48.01002984171392,1399
10,4,0,273.2571981703999,51.00990620304034,1601
10,5,0,315.2916265505681,79.85481567201178,1819
10,6,0,333.6099779681098,60.7994937743194,1990
10,7,0,321.7271044722979,57.18089966561141,1982
10,8,0,328.4477185331664,57.69904387082303,2050
10,9,0,337.1638938670111,57.57587612820902,2156
10,10,0,358.861247435919,197.691532532117,2241
10,11,0,344.0547210261013,173.7685310586104,2204
10,12,0,354.426623381962,67.76664670116797,2357
10,13,0,341.2477852547453,65.29041996841335,2308
10,14,0,350.4819144565357,57.14198802747809,2408
10,15,0,339.4469029837541,54.11104615777703,2398
10,16,0,351.7209701954978,118.4299105301787,2451
10,17,0,329.6824706420998,51.6972529386052,2382
10,18,0,303.2532316099878,106.7382034655161,2147
10,19,0,246.8633726686008,55.07416578392497,1798
11,0,0,177.5108767223868,36.34287838027652,985
11,1,0,202.9286829576256,39.08864344241109,1138
11,2,0,248.4598149695246,48.19850744859876,1401
11,3,0,266.8027556689617,74.99179823500782,1500
11,4,0,286.5111414792674,89.65792219343307,1622
11,5,0,287.7746993767626,52.55928198259786,1709
11,6,0,324.0440321804035,77.95135708100797,1920
11,7,0,330.7205683207322,60.03213421111799,2005
11,8,0,344.2593909400367,180.0843937083209,2056
11,9,0,333.7674420181012,58.13797470680707,2113
11,10,0,337.3961693107967,59.07598981434222,2154
11,11,0,350.7596529649299,60.5710974560111,2296
11,12,0,337.728486543349,55.49147072395476,2272
11,13,0,343.3218100097148,74.47505004574928,2314
11,14,0,379.8461070127578,507.0757294798423,2429
11,15,0,336.6651173170816,53.03523252761367,2383
11,16,0,341.139611570725,52.79535955186768,2456
11,17,0,333.0636260392984,52.88681514615816,2420
11,18,0,295.8863606152997,60.84431898689771,2176
11,19,0,248.9457362331944,103.9236324357497,1804
12,0,0,170.5628518026161,33.15929550791549,959
12,1,0,196.6231089831807,38.81676584134539,1095
12,2,0,238.5031325627239,254.0308001976266,1266
12,3,0,263.1952401991785,56.53116342659414,1476
12,4,0,284.5749789187723,52.48491158713906,1671
12,5,0,306.3887259877588,70.65941247615801,1784
12,6,0,323.7648104829037,186.7464609836823,1902
12,7,0,332.9981711280473,59.25793850373429,2045
12,8,0,343.1096837704393,65.50716930494507,2136
12,9,0,342.8881621645783,149.8874902812552,2123
12,10,0,348.5307282675269,98.37960949324304,2217
12,11,0,362.0832574970571,60.23854136378117,2397
12,12,0,333.2226107092379,55.80574375234302,2222
12,13,0,361.435725619184,60.30965427276942,2468
12,14,0,342.0094744062103,104.6515184230881,2306
12,15,0,334.7228623070478,52.78539784011,2361
12,16,0,341.2015726479953,53.18397470350992,2445
12,17,0,314.9343015193015,59.17843612377313,2278
12,18,0,307.9530231865084,56.8813489529188,2225
12,19,0,248.6174896953209,37.27772932532767,1854
13,0,0,161.8235308380794,31.63755083181877,906
13,1,0,205.7751354706927,40.91398588603397,1128
13,2,0,218.6653750638896,42.15424291360349,1250
13,3,0,253.9395734073482,222.0964623418496,1387
13,4,0,278.7747034355228,52.42568285459502,1630
13,5,0,292.1266155623054,54.06179293958252,1733
13,6,0,308.4426446143403,91.32616149581911,1814
13,7,0,318.8868685900745,56.75031385471572,1950
13,8,0,316.301675828699,54.99401152064629,1989
13,9,0,328.2381072814488,57.74301728561082,2087
13,10,0,334.9333601165032,57.0529652038675,2162
13,11,0,347.5897723271455,57.8947620229867,2299
13,12,0,335.7046402958958,54.13668559983484,2274
13,13,0,329.2357016346288,53.37728130259582,2265
13,14,0,347.1564459214266,110.1933036342943,2338
13,15,0,339.3874591041625,53.10343824250735,2421
13,16,0,329.6380509736143,51.27887523665979,2423
13,17,0,326.0175435116437,90.23780278543173,2321
13,18,0,294.2641154740845,52.11326290130744,2138
13,19,0,237.7506968341014,35.96631217640309,1765
14,0,0,165.1765259591167,39.67139705569092,907
14,1,0,191.7822108878867,36.85927923935058,1084
14,2,0,221.8821602933575,42.29968526969574,1262
14,3,0,243.6257948064449,46.46446511847392,1383
14,4,0,270.3947670723423,53.13945005118844,1569
14,5,0,282.2351037855516,51.30347083858275,1687
14,6,0,284.2251396083523,64.18807012240494,1689
14,7,0,291.7740742357056,52.632551622842,1768
14,8,0,312.6126412526572,55.19054180146484,1955
14,9,0,317.8708791588897,66.2701850540946,1998
14,10,0,341.5942703978509,66.90435066220751,2185
14,11,0,340.0206473194667,253.1380842627183,2161
14,12,0,329.4079290834507,54.05798111457545,2230
14,13,0,343.9859095252955,351.8784292197712,2250
14,14,0,326.8792240655736,51.41651773851707,2303
14,15,0,327.0244108766509,51.35732705284867,2320
14,16,0,318.0421972560954,48.61256307351504,2298
14,17,0,318.3226361265758,48.623123027189,2313
14,18,0,314.4130997022285,348.9756660524397,2148
14,19,0,248.3003025860003,438.797179015228,1727
15,0,0,153.7988968493533,30.50692048713896,848
15,1,0,182.1118891153679,61.70410873501718,988
15,2,0,206.3190378870944,40.09870918426569,1141
15,3,0,252.1331662179526,970.1470535655793,1277
15,4,0,233.0954707209333,43.16052351201472,1367
15,5,0,254.5264362382846,46.88559247644683,1515
15,6,0,269.1349819529388,50.02337684301072,1623
15,7,0,285.1065557084585,51.05866205051681,1741
15,8,0,292.3684839694355,51.47424254657567,1821
15,9,0,335.8824070529405,848.0800759985699,1981
15,10,0,307.7916240944859,52.75650312590049,1986
15,11,0,322.4267382914446,53.26014847189691,2145
15,12,0,311.1015820859267,50.83621432175794,2104
15,13,0,302.5523908452885,48.38177048550627,2089
15,14,0,329.6012792366812,113.4060142438878,2238
15,15,0,332.8347499695658,51.94200680439196,2368
15,16,0,330.5823943280445,503.3675030988996,2215
15,17,0,310.7509296219857,46.58972454417142,2273
15,18,0,291.7683805172294,325.2691444002804,2061
15,19,0,225.2622085218627,37.35514719458691,1690
16,0,0,141.1928139334368,27.92654271415501,780
16,1,0,165.5381623332037,33.0272679662301,926
16,2,0,197.6173037200328,72.0127283180308,1087
16,3,0,212.0849878519848,40.30973829393094,1220
16,4,0,218.5051850972802,40.61859904175473,1273
16,5,0,251.5918711963622,46.43866884370986,1482
16,6,0,256.5849418791959,46.74416834221214,1551
16,7,0,257.1661242275939,45.28037643797462,1591
16,8,0,277.8825034136302,99.2691584714284,1684
16,9,0,274.8647223390013,47.10324896311214,1771
16,10,0,291.9678760030721,66.09917468165632,1873
16,11,0,298.0552048433958,48.99523515434016,1984
16,12,0,293.7937900730068,48.11006502594797,1983
16,13,0,294.2262045072918,47.86989872537706,2009
16,14,0,295.4777259577123,46.56792853266259,2072
16,15,0,310.5813272159901,48.65701067289841,2201
16,16,0,300.2932242731475,50.91057913200931,2121
16,17,0,288.9108509456738,48.70001425477155,2128
16,18,0,259.9965904751078,39.00712621375707,1935
16,19,0,220.9614814835224,33.36201190493907,1652
17,0,0,130.5046204504316,26.02714830191555,722
17,1,0,165.5707659234413,273.6238846562451,842
17,2,0,162.9758119494641,30.26980748741664,950
17,3,0,184.7611543845759,34.89975673374168,1077
17,4,0,204.3289862652267,38.35598622028211,1193
17,5,0,229.7012854126261,42.57415471559413,1358
17,6,0,227.9618391747883,40.46869174693015,1392
17,7,0,267.5086166440841,290.0319933960977,1500
17,8,0,255.5089822246417,50.30982769464308,1583
17,9,0,254.0695059673359,43.17755238812241,1629
17,10,0,267.7473917181264,46.99352210534121,1742
17,11,0,258.3558442203428,44.0685997507554,1678
17,12,0,276.2087720720981,46.16618214082344,1839
17,13,0,284.2112897852945,193.1464195484906,1862
17,14,0,277.8476681474048,209.3864900002726,1842
17,15,0,282.4456331335867,47.27410183245969,1985
17,16,0,280.0279557924388,45.83024288085892,2017
17,17,0,267.8527837647801,45.01318844346132,1947
17,18,0,249.2097194149463,38.49078842581416,1854
17,19,0,196.8595607493702,30.57449155375766,1478
18,0,0,108.3974889790885,21.4827793641951,595
18,1,0,131.4871647583314,24.90154387753435,753
18,2,0,149.4247366282332,41.94816087893625,816
18,3,0,167.6020582433064,32.11251635908248,955
18,4,0,190.5349983877977,36.00961269152268,1102
18,5,0,201.1669663003308,36.8607428392425,1199
18,6,0,219.7887845466747,243.087257716649,1237
18,7,0,213.1568575672394,37.75005553025268,1319
18,8,0,220.1354357530025,38.14319704454364,1381
18,9,0,243.6847106309825,47.66394838419565,1526
18,10,0,231.391449727598,45.76197768990299,1477
18,11,0,243.9234362057644,76.27998164074684,1580
18,12,0,239.1482975097375,39.53229991773998,1605
18,13,0,236.018521099815,48.13537661686822,1588
18,14,0,225.6255485991639,35.5201973687787,1582
18,15,0,243.2179461018552,38.00857835168512,1729
18,16,0,246.7901146297775,37.9078304565108,1785
18,17,0,229.3512564644912,34.39183847755367,1688
18,18,0,211.2382550347905,32.33447946549153,1566
18,19,0,179.1383019713162,26.63228159687772,1346
19,0,0,100.6148679933002,19.28018037549878,574
19,1,0,122.5043013443237,23.96047739651292,680
19,2,0,142.6384586780015,26.91626660653871,825
19,3,0,144.9832048487549,28.35662158366607,821
19,4,0,157.3993171643851,29.7729088250667,923
19,5,0,172.7874383200018,32.79135106690841,1010
19,6,0,177.7206183448203,32.02605255141874,1077
19,7,0,178.6179949522799,37.90373444773468,1108
19,8,0,185.7410117922566,32.33098175421722,1169
19,9,0,207.2318154874549,109.4185570414399,1244
19,10,0,203.5053934078924,35.10668417068867,1317
19,11,0,200.7861977466135,34.47764677405247,1311
19,12,0,203.7809505285768,34.35859005714562,1369
19,13,0,190.7339189935678,30.23960182165907,1334
19,14,0,199.1354748940487,31.5475102627255,1400
19,15,0,195.1938771804299,31.00501597379012,1376
19,16,0,195.8942689723663,31.13169258991089,1403
19,17,0,202.497276297554,42.34523831274586,1450
19,18,0,164.370058863342,25.13079033070749,1219
19,19,0,142.6276744802871,22.0140451532002,1059
