# mesh name: boxMesh_1
# primitive scorer name: doseScorer
# iX, iY, iZ, total(value) [MeV], total(val^2), entry
0,0,0,117.5640434366588,56.62506454635671,614
0,1,0,123.8386230199747,23.37606295574825,705
0,2,0,134.429111968495,26.14423865888711,753
0,3,0,159.758150334552,31.3797139182556,896
0,4,0,163.144166692041,30.42985070748902,944
0,5,0,185.3131183542851,35.20069786294024,1068
0,6,0,180.6114093711413,34.12417259075727,1042
0,7,0,208.8839684689419,252.6439905919658,1098
0,8,0,200.4534801097996,173.9467683130893,1109
0,9,0,200.4162301118847,55.9932599688942,1171
0,10,0,200.5677710504279,66.81489447138075,1182
0,11,0,208.3947246549956,262.6751336463626,1184
0,12,0,203.7229862312563,104.8149847433002,1202
0,13,0,196.7870578182701,34.19224798528542,1233
0,14,0,178.3236050167775,31.52792644213151,1122
0,15,0,225.8787372114049,1341.435455999256,1138
0,16,0,168.4767281805668,36.11674508889301,1059
0,17,0,150.9316112434404,26.68054278482875,974
0,18,0,132.3859476722827,22.46466727720508,857
0,19,0,120.558733877052,21.03315194085278,768
1,0,0,130.8240755148022,32.36270411478141,714
1,1,0,137.4993383342389,92.78292525456202,727
1,2,0,154.0291257833575,29.7493608988526,872
1,3,0,171.9074034973027,32.58804709736722,987
1,4,0,190.0135592338379,36.46603756608731,1078
1,5,0,193.6080778151999,37.17356425525517,1105
1,6,0,206.0829669222225,38.65707104409549,1185
1,7,0,222.1766279118,78.58442170721068,1263
1,8,0,224.3067102466244,42.74113137398995,1318
1,9,0,230.6156157506474,47.57546502224111,1343
1,10,0,229.0308403762313,41.95781179663503,1378
1,11,0,224.3585566809247,40.34527614777919,1368
1,12,0,229.0672124123984,41.79999988348128,1381
1,13,0,231.4593678436448,40.94342973135716,1425
1,14,0,218.598456007839,38.02907046721395,1372
1,15,0,214.6998562226014,52.94380681934183,1322
1,16,0,201.9256639686261,35.18185649432861,1281
1,17,0,190.8840739054976,32.98446951164861,1212
1,18,0,159.4239776201166,28.11531386168437,1006
1,19,0,131.5343164801688,22.41673123115649,845
2,0,0,130.9806820735471,25.56457508128601,734
2,1,0,152.7894106543057,29.58237552644256,864
2,2,0,180.2188779114063,34.76796103545146,1008
2,3,0,209.6823309138039,40.89123930271968,1161
2,4,0,207.6928364804038,39.80411264861632,1182
2,5,0,241.619948166172,48.85316165028183,1371
2,6,0,230.8322082487847,42.85394317381935,1340
2,7,0,251.6204847442705,46.3875797639355,1474
2,8,0,260.9242536059307,64.14112564657867,1484
2,9,0,251.6190453610998,75.83681258570641,1483
2,10,0,269.6345781292937,52.96345465492307,1608
2,11,0,258.5189850611154,51.46179872158888,1547
2,12,0,255.0469649831471,45.78895941965435,1554
2,13,0,259.8025818421709,66.4966088209414,1580
2,14,0,250.4492910476676,45.69034189323614,1541
2,15,0,247.3585264541638,43.33890239701651,1541
2,16,0,228.0930570607233,76.81893325749431,1412
2,17,0,210.0931552462445,36.15839161547063,1338
2,18,0,187.8344711308633,32.55193051949961,1187
2,19,0,149.7576882643872,24.98962538413745,977
3,0,0,155.0230985786995,31.4306229289386,856
3,1,0,173.2158992492545,33.80713822065231,965
3,2,0,195.5754907094093,38.17460225871405,1092
3,3,0,211.310454489527,41.58121223514256,1182
3,4,0,230.4595390292942,44.80088567553842,1298
3,5,0,242.7828585888044,45.55509041658608,1390
3,6,0,264.8319181987881,50.89199142365769,1495
3,7,0,269.7059760807882,50.81996447488685,1566
3,8,0,277.7690869008218,51.85872174308018,1627
3,9,0,295.8094815581378,67.72741153222779,1721
3,10,0,289.3967420749317,52.20872814663979,1751
3,11,0,299.5765348722973,54.21019225968451,1797
3,12,0,275.3150879119971,51.64414421490581,1686
3,13,0,275.1113320187562,48.44950743968852,1713
3,14,0,266.463196928381,56.06890495200889,1653
3,15,0,257.9709967565444,44.39026434026356,1639
3,16,0,238.8061480702944,40.95416190153061,1517
3,17,0,217.3627660372624,38.29414050827246,1359
3,18,0,187.895516948042,31.93584127070987,1215
3,19,0,180.4690141349956,137.4756611326199,1087
4,0,0,150.480682156362,29.04289215171301,848
4,1,0,188.2530608562094,36.15559204209252,1051
4,2,0,214.278437931001,41.81972495065637,1184
4,3,0,230.8238352889289,44.65944020878567,1291
4,4,0,248.4379258322148,53.14455879081788,1382
4,5,0,282.3758999635809,149.871729447465,1565
4,6,0,289.293831399926,54.3099596525806,1680
4,7,0,302.6851424196439,76.15260655666425,1741
4,8,0,306.8494504058985,57.88044010376489,1783
4,9,0,311.7644228344741,157.906104226133,1763
4,10,0,304.8671044819936,54.80122886231201,1837
4,11,0,308.141870619237,55.93192368037067,1855
4,12,0,310.3821982073185,59.75504532124101,1875
4,13,0,316.0406802839967,89.87890861662581,1892
4,14,0,296.6696377845542,54.98704413019817,1834
4,15,0,287.5077194567796,50.79763341433268,1780
4,16,0,255.755809159917,43.48959184562878,1630
4,17,0,236.3671422216647,40.65926013096728,1502
4,18,0,198.7142758636243,45.17246044751135,1263
4,19,0,186.9020303748998,31.60090495987514,1217
5,0,0,180.1031375734729,35.40202462129598,989
5,1,0,206.4622719094094,40.01230215144581,1155
5,2,0,227.5043445130318,149.3095024962039,1201
5,3,0,245.4325606979021,47.98499716796576,1364
5,4,0,255.5269116478484,48.13696034350147,1453
5,5,0,292.9100667885359,56.65246960461915,1654
5,6,0,308.388095762737,75.12250880161797,1737
5,7,0,289.1559580646884,54.80860473443717,1687
5,8,0,328.0193896644959,61.22656192095502,1927
5,9,0,323.500345925048,59.17658759860405,1922
5,10,0,324.5309960285573,59.43935356776272,1934
5,11,0,312.4319983026274,54.68920167177397,1937
5,12,0,331.1089390461764,58.48083886324284,2027
5,13,0,329.5501295472315,59.04383787970635,2032
5,14,0,333.6364784096681,222.2466242583088,1980
5,15,0,294.224219099042,55.61522139278245,1820
5,16,0,293.3767011372788,281.0536389641351,1727
5,17,0,276.5225918951593,261.2697581666988,1652
5,18,0,223.7002077139437,37.72999704013653,1446
5,19,0,188.0690473826762,31.92558690828228,1223
6,0,0,180.5655568682833,35.26854635690137,989
6,1,0,212.4397367620571,41.19585742069724,1183
6,2,0,235.1475760905885,48.61510823666737,1306
6,3,0,249.9991191367072,48.51929474837034,1422
6,4,0,283.0745510958272,54.36235308705898,1605
6,5,0,290.9616720597741,55.72049829516732,1646
6,6,0,304.2249006226025,103.6194420816431,1735
6,7,0,318.7337044893358,131.9301758793936,1812
6,8,0,324.0584974579547,60.93175350127981,1869
6,9,0,337.8494139628975,61.99632718246938,1997
6,10,0,336.6587375002022,120.7077704688509,2008
6,11,0,341.983705193973,61.78632958491872,2061
6,12,0,350.4258167208281,150.8598413268147,2055
6,13,0,341.0621112147011,141.3724649469203,2029
6,14,0,317.3073518177142,96.13517277053543,1930
6,15,0,302.0197195512588,52.07245976576563,1909
6,16,0,288.4346149078487,50.82089530824402,1806
6,17,0,269.0794843578852,58.66447630239446,1691
6,18,0,230.9963480236009,39.86292926909525,1469
6,19,0,191.9308273494547,33.88857343177224,1220
7,0,0,189.4062219004405,37.08789518711349,1052
7,1,0,212.6947116327388,41.08584962259076,1179
7,2,0,237.7247494322069,46.39323123982637,1320
7,3,0,256.066042033474,48.87208646774103,1453
7,4,0,305.5028942238354,169.3040775355309,1647
7,5,0,295.0654321041397,55.91938627093139,1702
7,6,0,305.9711266621641,58.00156066928238,1750
7,7,0,337.9545403701393,62.98323885779268,1961
7,8,0,350.6624783732328,65.74611413776178,2033
7,9,0,344.3603981892439,173.6934104705348,1981
7,10,0,345.3831348849492,62.52593004635493,2076
7,11,0,347.487824719576,99.89602102331578,2049
7,12,0,355.4120968149952,81.20408626738036,2136
7,13,0,345.4371562840208,136.0452270614022,2070
7,14,0,347.9310311509958,100.3345986284697,2109
7,15,0,321.6858499534983,56.36341420383494,1998
7,16,0,298.6113957130289,52.50707898334878,1865
7,17,0,266.7583002108413,64.92093426634511,1676
7,18,0,239.8544843857306,41.2197193146936,1536
7,19,0,197.3883470984787,32.94066030464223,1282
8,0,0,192.0411544515655,45.28623825841712,1032
8,1,0,239.1035535120208,259.617494436789,1250
8,2,0,231.3367787011758,44.70511591986244,1292
8,3,0,275.014490919356,71.55518578963745,1516
8,4,0,306.7428585614304,59.95679174388236,1707
8,5,0,308.0394264744269,58.75293515717257,1752
8,6,0,327.5434043224223,63.61789601178899,1877
8,7,0,332.3509841351184,62.20006490394717,1924
8,8,0,343.7175176297394,64.51532665176452,2014
8,9,0,346.7578397119746,64.53880059210728,2031
8,10,0,352.8681407099862,64.65197388028176,2117
8,11,0,345.4199287213035,62.64361132289292,2097
8,12,0,353.6354542216328,62.63890537697144,2157
8,13,0,347.6501704978323,91.93140268025863,2100
8,14,0,329.4748877694394,83.59561719305479,2037
8,15,0,309.6648170181443,90.03305125041089,1927
8,16,0,298.236643279646,52.35517214551606,1886
8,17,0,283.7209249568779,55.29791338591462,1789
8,18,0,237.747504703755,40.39611170332551,1522
8,19,0,206.021965724193,39.70670470130579,1314
9,0,0,202.1187903837128,93.37791059139575,1069
9,1,0,237.9754412112633,248.3276992797513,1241
9,2,0,232.2904515074568,46.22143366253101,1303
9,3,0,269.9743455903419,51.9118757043194,1509
9,4,0,282.9388705737599,53.54067070243337,1610
9,5,0,310.1856713273495,73.54682573498566,1745
9,6,0,313.1740843402201,58.47045051915251,1817
9,7,0,338.5221225741005,65.63458167447624,1967
9,8,0,346.3499263453199,63.21636444315811,2039
9,9,0,336.2394606905599,64.56628357817053,1976
9,10,0,349.3007417522122,230.7845458766181,2006
9,11,0,362.746075057901,65.7613788135537,2205
9,12,0,374.2285937521953,288.3285573310003,2132
9,13,0,340.9269067319896,60.82037856739522,2094
9,14,0,325.2747034591166,56.41274243095449,2031
9,15,0,320.902123191523,110.4830254439946,1954
9,16,0,305.3448581413069,52.9540716883602,1938
9,17,0,266.1329732407789,44.83315614597658,1719
9,18,0,244.0278096417871,42.09072350032282,1560
9,19,0,206.8406070739642,34.67151026396947,1341
10,0,0,207.2340925225655,84.53472731362524,1106
10,1,0,222.5030643399399,43.44063324199739,1237
10,2,0,235.6704889082188,45.5014315039555,1324
10,3,0,283.64023559812,272.1032485800391,1506
10,4,0,289.8281095112561,55.95301723587912,1628
10,5,0,323.9722554192686,186.8063073800994,1786
10,6,0,338.6378174069333,71.990094349253,1947
10,7,0,337.5162350393198,68.80990778813981,1955
10,8,0,349.5455587191005,67.67815470856124,2052
10,9,0,337.0327448175515,61.54575420430424,2000
10,10,0,349.1933588863673,62.18657563361632,2123
10,11,0,365.1860996893757,65.61015991307818,2210
10,12,0,342.755582904107,60.87806682084701,2099
10,13,0,369.7384219671152,335.5508349019841,2173
10,14,0,339.5584043036481,59.03469752223575,2124
10,15,0,325.281596964396,57.31568861420899,2021
10,16,0,305.0401583087757,53.42184212487491,1925
10,17,0,273.302554732093,46.93060922119211,1744
10,18,0,248.4325841771357,42.53556947361346,1596
10,19,0,207.4679737451801,35.58207537458497,1344
11,0,0,203.3141054370824,134.5865089834096,1078
11,1,0,220.6309372755294,42.91273350828894,1218
11,2,0,251.9627746857695,48.47868200767875,1403
11,3,0,276.6766774659098,53.28161981121711,1550
11,4,0,300.9270644826969,320.1733444606949,1597
11,5,0,314.7419489458578,59.5775579738678,1797
11,6,0,320.7211927480171,63.13117154693358,1826
11,7,0,334.9483389433796,62.73411979686867,1954
11,8,0,349.2137606478344,64.71782003727181,2053
11,9,0,355.9762965561156,66.11683906436123,2098
11,10,0,350.537372366075,119.4642316708463,2068
11,11,0,357.2561684398684,107.4763155724,2106
11,12,0,356.5909041274377,75.63900978438897,2139
11,13,0,336.5066060279318,184.6544924847156,2027
11,14,0,324.1124079734424,56.49222443206552,2016
11,15,0,329.3513903883928,58.65655586453621,2046
11,16,0,341.5339896498247,751.4936032822146,1913
11,17,0,287.6553800137066,49.39435136433678,1830
11,18,0,250.4801329417648,46.6231634737305,1605
11,19,0,216.5208394003804,37.18407409497964,1394
12,0,0,188.6073901445541,36.75136877939966,1045
12,1,0,226.5678772022405,44.8492867185155,1253
12,2,0,236.7011376194277,45.48881801654516,1324
12,3,0,249.3613751845868,57.59017422359403,1368
12,4,0,291.9844579431999,56.22906476257414,1648
12,5,0,312.7485005971558,89.46920877730976,1766
12,6,0,337.8228326808971,80.13377644978543,1912
12,7,0,319.6361962049944,59.73253278550297,1855
12,8,0,340.0649893107688,63.24769749415184,1990
12,9,0,335.0170611055676,61.46384019546155,1984
12,10,0,351.8630144935332,115.8693536901926,2064
12,11,0,351.2908657815161,64.04577697754679,2102
12,12,0,352.084516007172,63.22944192940667,2132
12,13,0,337.9521373508839,60.45612032655274,2072
12,14,0,326.0662037311823,57.41258720060291,2028
12,15,0,326.0850848001898,120.3794376564438,1974
12,16,0,322.2915502186373,626.1551706370551,1919
12,17,0,260.3599574186428,44.36235779208994,1663
12,18,0,237.2980469870205,40.43677217360997,1534
12,19,0,221.538949564697,282.8793291414963,1335
13,0,0,175.3919142581883,34.95849006287722,955
13,1,0,209.0040927560402,49.93210427696454,1154
13,2,0,223.9903240506704,43.67793355523149,1242
13,3,0,262.6563836531473,79.17820688217436,1440
13,4,0,273.3014702313096,52.3479698760592,1532
13,5,0,300.7932903463075,130.6898179141475,1657
13,6,0,316.8520405113927,293.3297868983012,1746
13,7,0,320.0840481710312,59.81884391967376,1871
13,8,0,337.5828083031363,61.05527937637659,2012
13,9,0,349.3081527269106,468.3489864629838,1939
13,10,0,336.1065505392928,65.0529088128573,1982
13,11,0,354.0248772242669,103.8920497261807,2087
13,12,0,328.5816562708177,58.98847955505516,2016
13,13,0,318.2810208162139,56.51727220366984,1950
13,14,0,330.7764010742167,57.19805058717814,2084
13,15,0,295.0462296557372,51.53998916608,1854
13,16,0,290.8040815267724,50.4521051784027,1822
13,17,0,271.4002723058496,46.22765766637549,1723
13,18,0,243.2409506247893,41.66024635562275,1545
13,19,0,203.1793244118614,34.66785466902869,1298
14,0,0,169.2899195344672,33.04592524505313,938
14,1,0,200.1693922140016,40.25372170530662,1102
14,2,0,223.7512980601203,66.53331485781391,1217
14,3,0,258.9073989111657,61.42227444987731,1441
14,4,0,263.3083987279309,49.65294387527523,1521
14,5,0,279.5575949408958,53.2618874029384,1591
14,6,0,283.9520579752577,53.21704378373244,1642
14,7,0,307.4505645453127,57.95996418528635,1782
14,8,0,299.26603606759,55.03139499166511,1763
14,9,0,325.9602747228037,59.69142440407056,1937
14,10,0,313.222043909428,56.25149916010464,1893
14,11,0,324.5077777890723,59.78039147585621,1958
14,12,0,324.5666003419278,58.13826975723407,1977
14,13,0,333.2283448511523,69.24777781292644,2018
14,14,0,313.3770584314821,60.21371200084806,1939
14,15,0,294.5787150573158,65.42014966063724,1823
14,16,0,276.9515835805846,87.56756566243692,1696
14,17,0,258.2758371083493,44.56351975858345,1634
14,18,0,224.9527819885482,39.02335057516044,1440
14,19,0,203.9339514761691,50.20774545792351,1296
15,0,0,172.2165621768736,54.81693296655985,935
15,1,0,192.5927614528683,37.22407540057312,1077
15,2,0,207.5155640302825,56.7749831274371,1138
15,3,0,244.0991890129533,175.4705513212612,1314
15,4,0,247.4791589443299,47.02546736234216,1411
15,5,0,252.1697054660329,47.96847422471279,1445
15,6,0,280.570922799779,53.53156564847468,1597
15,7,0,298.0941271058193,55.62143581740134,1725
15,8,0,331.0850489859063,273.585737573543,1833
15,9,0,294.2933246115621,64.40445957468773,1718
15,10,0,300.8676564791769,55.47072048932806,1783
15,11,0,304.0331203502099,55.89895484719682,1833
15,12,0,315.9833443075851,56.48339046632357,1927
15,13,0,290.7134928808827,50.88454278537496,1800
15,14,0,289.0587826682548,50.34660186462559,1802
15,15,0,277.3303635321525,49.16517820905489,1741
15,16,0,265.7182532249663,45.25994230074541,1688
15,17,0,248.5791222046336,42.15140148904717,1601
15,18,0,207.2588271895866,35.65594651088085,1318
15,19,0,183.394989182501,37.13780589560076,1173
16,0,0,153.4179509548529,30.08644483944708,857
16,1,0,170.5992470310102,34.65234756321964,948
16,2,0,184.91802782336,35.69594289110686,1041
16,3,0,211.0936154263129,40.56516153518383,1183
16,4,0,238.2041014763537,45.63245406467938,1347
16,5,0,242.6967207660389,46.27525970499475,1386
16,6,0,254.4431558682317,48.521703939121,1460
16,7,0,270.1472004463271,69.08201158666432,1578
16,8,0,284.9138033981429,62.64517219032199,1660
16,9,0,283.9376624378829,58.80295597887467,1655
16,10,0,281.7598287665583,50.97303540733538,1697
16,11,0,285.3730334783444,51.64419011293774,1718
16,12,0,283.1575141321485,51.27307599576449,1726
16,13,0,278.0767086588696,48.50542322164984,1738
16,14,0,269.1052247489251,239.9433940193938,1596
16,15,0,269.2297710818956,46.48767994232981,1702
16,16,0,227.2191156530774,39.7742265878884,1431
16,17,0,221.2239347959565,37.41660356948685,1422
16,18,0,199.2323109042856,33.92048080087496,1269
16,19,0,170.6940741602454,29.03816345993787,1103
17,0,0,138.286918567536,27.28389159742042,766
17,1,0,152.5029108609487,29.34381706980499,858
17,2,0,187.3754861898658,37.10624533912477,1027
17,3,0,198.9741760502074,38.30331156521515,1114
17,4,0,214.7823136265654,40.97022305279354,1218
17,5,0,223.8669169628323,42.91010562320794,1278
17,6,0,242.1544745679842,45.83733395815301,1389
17,7,0,243.6023431987353,45.40153497039671,1423
17,8,0,243.7891861940188,44.93039002893716,1442
17,9,0,257.1989291722134,51.52577294134551,1516
17,10,0,253.6283830406541,46.17063083257926,1520
17,11,0,250.1969968813599,46.27126471507069,1520
17,12,0,255.2526352761177,45.02239579027554,1578
17,13,0,256.1363628227684,45.28700768552481,1584
17,14,0,250.7163344818729,43.1925958595314,1569
17,15,0,240.5892520209583,44.59309655312357,1485
17,16,0,213.3311734630584,36.47835645968686,1365
17,17,0,204.8889384526285,35.62608904522423,1294
17,18,0,192.0964555863484,153.3393353853671,1157
17,19,0,161.965024128663,31.05053607203579,1033
18,0,0,124.5350146469155,24.29839058054988,694
18,1,0,145.2200678349848,70.04616791043954,768
18,2,0,172.1994909017252,48.63580375907959,941
18,3,0,177.038309554063,34.35195811866443,985
18,4,0,181.0051189282224,34.33249707967146,1040
18,5,0,202.8986485872266,38.21236471865923,1161
18,6,0,219.212085093456,40.95394108391201,1264
18,7,0,229.8134472065233,111.8114767047804,1284
18,8,0,232.5414940101506,43.55453693207888,1353
18,9,0,239.2574767243292,106.0467111463353,1383
18,10,0,226.2731277036023,41.30076724872978,1351
18,11,0,232.7702596511139,42.52713409333177,1393
18,12,0,231.5013531563127,41.42221277498695,1418
18,13,0,230.3475760403623,47.65037942378238,1394
18,14,0,237.2970818835149,381.4303551475047,1323
18,15,0,212.6917887911456,37.20421319868483,1334
18,16,0,189.3899332079782,32.7789697486289,1203
18,17,0,181.6292499673949,32.03728405795558,1154
18,18,0,154.7755167064935,25.89455219343748,1001
18,19,0,137.1097303725028,52.64923821977936,849
19,0,0,107.823875010319,21.21461896623334,597
19,1,0,132.6323098957946,49.74162956237505,701
19,2,0,139.7540541947662,36.86066350561589,773
19,3,0,147.5653028776416,28.44645040163678,834
19,4,0,165.1192693607918,31.60854291288553,941
19,5,0,178.5222238521607,34.4010577796313,1014
19,6,0,179.9142246260591,33.89056822040985,1046
19,7,0,197.2716342535082,211.0026655112902,1100
19,8,0,180.2145905602781,32.84903081816879,1075
19,9,0,199.1801918660461,38.55877501486489,1190
19,10,0,198.2962478517994,35.45408720679009,1212
19,11,0,201.6849753332683,36.09630432230519,1237
19,12,0,199.0792922964119,36.91888554497984,1218
19,13,0,183.1656519229707,32.116995812801,1150
19,14,0,188.4894399924436,32.16812449973406,1200
19,15,0,178.9504330163636,30.71666283185654,1149
19,16,0,170.1006922546283,29.40900338054683,1088
19,17,0,154.2925196545001,27.03272159389297,976
19,18,0,138.4816749587552,25.85236519148586,880
19,19,0,122.0724175317747,20.96057386476046,791
