# mesh name: boxMesh_1
# primitive scorer name: doseScorer
# iX, iY, iZ, total(value) [MeV], total(val^2), entry
0,0,0,18.5977978804361,19.62928447369503,50
0,1,0,18.37883005590827,9.500623637717979,61
0,2,0,23.29821956080006,13.04670736667469,77
0,3,0,34.40928766768582,19.15145566653863,122
0,4,0,58.7171889503851,53.21850789605311,151
0,5,0,58.93187268386564,27.78436913695479,211
0,6,0,55.70102774682799,20.95710601385477,213
0,7,0,70.66462426446233,27.53579111207299,269
0,8,0,90.13632400649558,35.01590682599478,339
0,9,0,111.61836618782,48.51660421457544,420
0,10,0,105.3599186143257,29.56566248259342,475
0,11,0,132.927304483725,48.10487190513116,591
0,12,0,166.0012393433031,74.67796302892349,682
0,13,0,159.6432906523722,59.67716462395911,724
0,14,0,197.7831990003723,247.3570668043807,889
0,15,0,175.172457734456,47.50947714446734,883
0,16,0,203.9286406197684,376.1629670472272,998
0,17,0,184.2789934782757,60.71519433479533,981
0,18,0,184.397685340633,62.72910237300063,977
0,19,0,175.7912546851554,83.79913160216444,942
1,0,0,13.46913014326599,6.757019620595104,48
1,1,0,21.91622613259135,12.85357466757923,64
1,2,0,26.05181218624671,12.4668783494554,89
1,3,0,37.27098478208905,19.38006550536921,120
1,4,0,41.06101106734251,15.02983715738022,154
1,5,0,72.25249747369925,62.75759127638474,196
1,6,0,64.02148314455837,22.57890687280497,247
1,7,0,80.72401145650022,34.38635989293565,282
1,8,0,96.20754554195135,47.63938450709747,349
1,9,0,118.4260021438576,54.95504680854624,453
1,10,0,136.9359414191011,49.83044698383235,542
1,11,0,157.2646543177323,57.00127189014515,678
1,12,0,175.7456824613836,61.83363627886131,798
1,13,0,178.9898020860978,53.30900934581573,857
1,14,0,196.8860739969198,66.68646176131466,936
1,15,0,204.4417042484549,63.78895545168523,1006
1,16,0,213.3915889127634,71.80006516320394,1099
1,17,0,222.2442058320525,107.7830481491771,1140
1,18,0,256.0559704575686,557.3844366470229,1189
1,19,0,185.4975198406849,46.46708976919624,1042
2,0,0,22.10709179614986,16.64816839214057,59
2,1,0,20.32804070521384,8.862469190709721,69
2,2,0,28.32849826635966,13.66731607062123,91
2,3,0,34.88426105172385,14.71131668476248,115
2,4,0,62.17266812447797,133.8673727825131,162
2,5,0,53.66229337656944,29.61611916961869,186
2,6,0,80.20151515686754,38.15009709614531,279
2,7,0,92.08791927535628,34.15188135073598,342
2,8,0,92.93961418768845,34.81669560151359,364
2,9,0,117.1538269506126,39.43039110005097,478
2,10,0,148.5699913174296,120.7499458643361,591
2,11,0,181.6047833026663,398.4137455705493,704
2,12,0,200.2870927789804,143.8743829696735,820
2,13,0,192.2865610201199,61.35353469004334,932
2,14,0,218.8729447839337,70.45682144073091,1057
2,15,0,243.454579123225,127.827738078218,1188
2,16,0,230.3078417465203,98.5736899972985,1183
2,17,0,254.5059553663039,379.6293811920411,1285
2,18,0,235.4448594578599,94.77787500152434,1271
2,19,0,195.9560655778233,44.4865331945426,1142
3,0,0,24.56124267688975,20.06843123364286,64
3,1,0,20.18796565798381,8.784170248012062,72
3,2,0,32.12990088870293,17.17804189867398,93
3,3,0,44.46910523834929,20.673017399094,137
3,4,0,55.27967032712794,27.6225135153502,182
3,5,0,58.72626781931269,27.42507549610626,201
3,6,0,84.89490252006958,38.33069958742311,286
3,7,0,85.7170251888018,30.98734605529105,319
3,8,0,131.7864236808498,61.45258859890527,493
3,9,0,129.3117098151978,48.69869869434593,517
3,10,0,154.0930040791312,58.48814689376227,655
3,11,0,182.5451820589063,60.30050942662775,776
3,12,0,202.3491730428337,67.57576244908938,909
3,13,0,208.6972822761254,64.10639007984251,990
3,14,0,244.2107230885057,121.3143992821472,1178
3,15,0,245.815826053624,74.019758264815,1242
3,16,0,278.6181485727682,173.3950491916549,1357
3,17,0,249.0277918436249,60.36191022653432,1400
3,18,0,251.8295116746783,69.09938552158803,1408
3,19,0,242.2139435370739,71.55603175133169,1323
4,0,0,23.53066196407563,15.16340497841396,70
4,1,0,25.09937237342697,16.98844806751137,69
4,2,0,39.84471799406015,23.59185918134115,120
4,3,0,44.18101353855494,19.91157843896571,153
4,4,0,53.30152072687134,20.12390372195166,182
4,5,0,69.20051011489754,26.49286669354671,243
4,6,0,85.90414312710533,35.60986709036221,314
4,7,0,99.18360769249473,47.99070783966489,369
4,8,0,121.0794886985071,52.30687657322465,458
4,9,0,143.9552290775497,65.14628928588874,573
4,10,0,170.7626209344139,95.63217236557621,696
4,11,0,195.7071905052911,70.17795537191279,834
4,12,0,224.3486606780917,84.72148378636808,985
4,13,0,219.8561844666912,64.89134582708051,1053
4,14,0,257.8698441654253,85.37613608989939,1239
4,15,0,268.1389046824544,99.34661064232544,1312
4,16,0,273.6443397182968,90.09401333086767,1434
4,17,0,288.4197754344498,80.5019026070613,1540
4,18,0,277.0130436985702,73.56999324902186,1516
4,19,0,256.8496528955452,76.21953537027609,1438
5,0,0,17.70975632084645,12.44198130337032,59
5,1,0,28.96098380449828,15.26110895740123,83
5,2,0,42.74257522722397,24.1207609056063,124
5,3,0,38.64828674616002,17.23064434176993,130
5,4,0,52.3092937658072,24.64844583643502,174
5,5,0,76.45644746627812,52.74709071561065,241
5,6,0,83.99139377826715,41.40960467700643,296
5,7,0,106.4338856374724,46.37699742414704,396
5,8,0,128.8893352697046,53.36356369408481,500
5,9,0,152.678771528052,71.30646897274609,582
5,10,0,176.0038916622832,76.78636708034924,720
5,11,0,198.760541555006,66.22261040250827,866
5,12,0,212.4096236385078,59.93061574795489,965
5,13,0,252.4901153203763,94.76373685750853,1158
5,14,0,272.7158545796094,74.48607724455442,1334
5,15,0,300.3739222459947,211.062665033042,1415
5,16,0,285.8385110441126,81.95011624287382,1498
5,17,0,292.4350634370355,71.98667194609796,1637
5,18,0,285.0651445870051,81.65958084534954,1558
5,19,0,259.1001093824167,67.49430928059992,1450
6,0,0,21.82487016006213,13.11417659184936,59
6,1,0,23.80047388605929,9.233734762424431,84
6,2,0,38.44474977339905,20.09205651606024,115
6,3,0,56.45965395144528,39.64006215735292,165
6,4,0,62.73639716829317,28.17190656877067,219
6,5,0,72.53105174130532,29.38961709540649,253
6,6,0,93.64454943972424,35.28330831151327,359
6,7,0,103.4481746452555,49.60149791017093,384
6,8,0,143.0485105588481,80.19883880129117,520
6,9,0,147.9526133537498,52.49680785406824,613
6,10,0,184.8104259366887,64.16389209051084,773
6,11,0,210.4072877548734,81.25633751735108,893
6,12,0,213.9335773134871,67.40482335239027,978
6,13,0,264.7904567287078,105.6892115402551,1193
6,14,0,276.2710937742161,91.27553755781683,1315
6,15,0,297.5783843637114,88.13634685555951,1464
6,16,0,311.8711437916718,251.6260397131437,1563
6,17,0,316.7337079706737,95.33627026146394,1654
6,18,0,320.1794330609238,351.0523181364333,1660
6,19,0,282.5051244994659,92.13623815674642,1525
7,0,0,30.07662654438474,31.92131651498729,76
7,1,0,27.75909664022922,10.52303763571682,99
7,2,0,40.35194688854346,28.92794994428294,114
7,3,0,41.19690708170042,16.38255686264922,148
7,4,0,54.96794795635349,31.76524487442086,184
7,5,0,69.72481551235924,24.42623051620122,263
7,6,0,100.4540560906612,58.55243668012854,335
7,7,0,113.2308666237597,57.05534158474526,413
7,8,0,138.6683790761988,55.24098518550791,523
7,9,0,157.5176122596373,59.50388719695183,649
7,10,0,188.8079557037804,70.32712246252596,776
7,11,0,224.6190530089218,83.06110775409127,982
7,12,0,227.1397171062289,71.71444247846078,1049
7,13,0,259.5547302856788,93.18443535949926,1195
7,14,0,270.1973951367784,71.00303671885747,1360
7,15,0,287.9924519444301,71.75939124683086,1484
7,16,0,325.8487533833697,340.0354553502098,1591
7,17,0,317.1770279164024,90.48350409518484,1672
7,18,0,301.9551713557746,85.5260945498774,1608
7,19,0,269.4915561328406,65.43771851425078,1545
8,0,0,17.16570604180644,7.156676310286363,61
8,1,0,30.35802351620413,25.99451459521022,91
8,2,0,43.98939618186559,30.14222174041174,128
8,3,0,51.92339576723612,31.89490232375281,156
8,4,0,53.31061951742966,23.2486024374614,186
8,5,0,80.59303699470821,38.51107382125898,263
8,6,0,95.01915439931879,46.57969302951435,345
8,7,0,124.6957473006127,62.85346251203674,440
8,8,0,153.7427091437877,59.48028915770066,590
8,9,0,165.4473225267164,69.09153802494659,670
8,10,0,209.078294784377,65.35972641946215,884
8,11,0,219.5014741943502,93.54799490379429,938
8,12,0,238.8164414897655,65.32036962393684,1124
8,13,0,254.5061251614285,132.5672386072148,1179
8,14,0,283.1119568490544,104.1509614440971,1358
8,15,0,308.6472317169867,100.8996432496483,1544
8,16,0,315.689829709204,118.1772900027775,1613
8,17,0,311.0724978260232,86.48993199559247,1688
8,18,0,299.8404082276093,100.0190971298721,1628
8,19,0,286.0566804711892,67.33882983734388,1607
9,0,0,23.27967932379692,20.01145319579018,66
9,1,0,35.40529213682584,18.42042458736616,108
9,2,0,34.3994311737853,16.97399312341165,115
9,3,0,53.62002171164517,33.84776645276081,163
9,4,0,65.15546919597435,34.14063416854106,208
9,5,0,81.17256850067162,50.03054564281694,256
9,6,0,99.16793198051302,46.11295036383318,346
9,7,0,129.3591330849157,89.85542022381853,433
9,8,0,147.6389051306316,79.43879291523082,543
9,9,0,170.2464540917078,74.06565286858184,690
9,10,0,188.0158307523229,113.2677045994088,770
9,11,0,213.3058833461308,67.36429174738183,943
9,12,0,236.7690818936909,67.75817021221775,1113
9,13,0,269.2037076613972,87.37596194368898,1251
9,14,0,282.3194886809013,80.05527638769064,1430
9,15,0,303.6221428068322,80.46627031790015,1601
9,16,0,310.5566041155935,73.56195144371084,1661
9,17,0,294.6494887878366,66.02854076163291,1646
9,18,0,313.0592960085472,84.60576091386875,1725
9,19,0,287.8343751790139,77.61451939344013,1610
10,0,0,20.17462320236747,11.37494294002436,54
10,1,0,27.54241891401855,21.68937409981321,87
10,2,0,37.37400690424001,16.22725524194663,125
10,3,0,55.17085784758233,39.25538518596979,163
10,4,0,57.84631415062842,25.73876634393291,193
10,5,0,91.92464511102666,57.10574403255521,293
10,6,0,101.5377155185195,47.6248054723907,359
10,7,0,125.3450020193873,68.61817517511791,448
10,8,0,121.1095517254398,49.74889888092965,493
10,9,0,183.3850843590016,420.0497510028625,677
10,10,0,186.2839024373314,70.19224298483866,785
10,11,0,220.1943980021959,82.09014223447191,948
10,12,0,240.2734181476715,71.96147168147712,1103
10,13,0,272.3942125764908,74.81026594724362,1300
10,14,0,291.6670062055023,79.47028289916746,1453
10,15,0,317.4934196523919,84.63603262110627,1611
10,16,0,309.8927244565299,83.054418116709,1647
10,17,0,314.379383116767,94.42888002264101,1717
10,18,0,334.8480157318989,953.0454952394865,1695
10,19,0,276.7225519648331,85.60617208093792,1542
11,0,0,26.90306354974926,20.90444088182357,72
11,1,0,30.63662019485091,12.72230043897799,105
11,2,0,44.23109542106052,42.81620624835718,124
11,3,0,43.26969798271193,21.91537728302913,142
11,4,0,63.51112577509465,33.96725287523999,209
11,5,0,69.34129643362351,35.72825048471667,249
11,6,0,95.81364445095421,41.99974726112482,339
11,7,0,115.7264057386796,49.54185519293143,430
11,8,0,147.6825575598485,68.19097220220979,541
11,9,0,185.6255193900835,195.0255248893092,672
11,10,0,187.4062199348897,69.25747322343587,783
11,11,0,227.7664121464258,77.01739308140969,987
11,12,0,250.1778436727641,191.4323899738886,1083
11,13,0,282.7773188376663,93.74421529332393,1287
11,14,0,290.2996778781955,81.23616875661517,1435
11,15,0,309.8711794342454,160.9758803857662,1520
11,16,0,342.5397370047009,202.4493666737713,1693
11,17,0,319.3366350098098,78.93273944089553,1760
11,18,0,325.6572514440094,83.61424304866148,1761
11,19,0,276.0661107791013,74.86050314369781,1585
12,0,0,18.43828271821734,11.73795343709185,58
12,1,0,24.1281222964706,12.53858729483125,72
12,2,0,40.20264214844816,18.75932456645275,122
12,3,0,40.89261213558213,14.47953103762738,150
12,4,0,56.64857316470142,32.43431466973317,195
12,5,0,80.94001713243534,34.46728193190995,285
12,6,0,93.46259030113423,139.0756297763523,315
12,7,0,119.6774249568709,59.25496815033102,420
12,8,0,124.4645293297749,41.23303070132375,514
12,9,0,173.87815280864,72.96328544259971,681
12,10,0,180.6566469886605,77.53355888513632,731
12,11,0,211.4674722064132,72.17467824129913,918
12,12,0,243.8087944635556,174.753636901636,1036
12,13,0,261.3677688402234,84.876515803963,1228
12,14,0,286.6536754146616,89.11722457906401,1411
12,15,0,295.7640027954531,80.31051426730562,1504
12,16,0,318.2388139261446,92.99750103731323,1631
12,17,0,313.7848664043733,83.40544195361197,1669
12,18,0,287.7404373600571,190.9636258780148,1535
12,19,0,282.772247114296,127.6704452275481,1534
13,0,0,26.05794680551683,13.72362424007856,78
13,1,0,24.44064788001358,9.367902158253784,87
13,2,0,39.24489414626457,20.23441535641518,121
13,3,0,45.39735890083227,33.0660157223626,140
13,4,0,62.28097324403242,46.0147921950802,195
13,5,0,73.99587744758988,33.1933334931942,250
13,6,0,96.17987827385025,40.23656171278424,361
13,7,0,117.2028921058046,57.39865320759357,408
13,8,0,122.5913317956862,45.89544380549865,487
13,9,0,162.7405802458931,56.16083425006365,659
13,10,0,188.4768962844091,72.4907187046992,790
13,11,0,197.585728862102,61.31382039865569,888
13,12,0,243.2939894292,102.9881690326087,1027
13,13,0,250.8540715980543,77.96707039232682,1199
13,14,0,270.5891714431161,75.33765346413293,1340
13,15,0,289.3307254555755,74.11270696573436,1508
13,16,0,306.4558115678673,101.8559297206879,1576
13,17,0,310.7507557416152,86.95139371512232,1656
13,18,0,295.2458017092903,88.69032002246102,1616
13,19,0,267.4182338209392,57.71608989071414,1543
14,0,0,26.00424031892478,16.67671247745964,72
14,1,0,31.67088587598964,13.25561935935407,105
14,2,0,34.68517986105716,25.88445034430066,98
14,3,0,48.19459139741449,28.03419412628936,146
14,4,0,57.28360362615685,45.82926623181879,172
14,5,0,69.68648389874883,34.82928607487696,232
14,6,0,91.23620125581117,39.56304447273761,328
14,7,0,102.6376263603718,43.34649731613243,390
14,8,0,145.3329162972574,161.7428452678348,511
14,9,0,162.6593584275427,70.77646816182035,625
14,10,0,176.0791869144931,59.46541780423007,741
14,11,0,202.410028235233,64.72299423299565,887
14,12,0,235.2484855339734,89.04802674793427,1034
14,13,0,240.2943652605384,81.5828311550128,1123
14,14,0,277.9266917028573,93.23713640956555,1322
14,15,0,289.011950607891,83.2384574685543,1444
14,16,0,298.8102725424911,89.17555023425672,1536
14,17,0,312.9729384273543,209.6098969715072,1605
14,18,0,284.1172853295853,68.10212065081706,1576
14,19,0,264.8453401200829,82.63864300055366,1447
15,0,0,23.37986788366426,20.60081990418127,68
15,1,0,31.75772833286798,16.98992818811336,96
15,2,0,39.64461573731872,25.07915423114478,117
15,3,0,46.30655592408365,22.72918572639124,153
15,4,0,56.80345411210914,30.69703881375753,178
15,5,0,70.42753611146591,51.98028388361195,221
15,6,0,81.50617404656104,44.22602428384463,297
15,7,0,106.9222655820679,51.62425497012349,388
15,8,0,106.0624713474275,35.3573900672084,440
15,9,0,137.4331796920238,43.45843889128605,588
15,10,0,178.3651935485518,61.8665623206163,728
15,11,0,187.3138423081748,68.96760126470517,809
15,12,0,205.7976257032626,75.75489674667256,901
15,13,0,254.3310470887239,93.87527406136633,1135
15,14,0,239.7974641285879,75.03529932991124,1174
15,15,0,272.7903744058952,71.44972293832144,1383
15,16,0,288.1446460236653,117.5319527516296,1447
15,17,0,272.8132303843821,67.94088309455289,1484
15,18,0,266.4179252058251,70.84767485959487,1487
15,19,0,230.0167649324194,52.20084593835281,1331
16,0,0,20.33856397308174,15.24136643586296,65
16,1,0,29.87472330473285,26.22657554251149,77
16,2,0,35.38399348119004,22.93385229598029,107
16,3,0,43.29834389488607,22.46081350099856,140
16,4,0,59.595055026788,43.94013663515131,192
16,5,0,69.08197035835676,30.62089070090656,230
16,6,0,79.32042473208425,34.681226572247,280
16,7,0,101.125408670327,43.74048908409556,380
16,8,0,104.9284530792133,42.77315168309724,417
16,9,0,145.1933113794196,64.4226898661003,555
16,10,0,153.9297434206141,50.48531247657132,665
16,11,0,186.3234484325173,74.07648393890165,763
16,12,0,199.2091517741753,68.03952409061961,911
16,13,0,216.0168327633316,58.12605348909996,1052
16,14,0,236.3208981269514,76.77728766601037,1136
16,15,0,257.0452036546026,79.0722812665626,1304
16,16,0,248.7258347986662,67.6499612673172,1303
16,17,0,261.2597836147789,69.631058061724,1412
16,18,0,257.5441365164649,70.40020397858143,1433
16,19,0,239.2070675748474,62.30270573229747,1334
17,0,0,17.71034574649422,10.58789285539896,54
17,1,0,28.54323993631196,16.8766929902399,78
17,2,0,26.29676717689596,10.64166766223219,88
17,3,0,31.7415102883049,12.21302176360828,115
17,4,0,40.75062698841603,18.21148300558918,133
17,5,0,63.73268585168218,34.32215221608911,213
17,6,0,76.52045447049099,34.5972344063555,281
17,7,0,87.68806659260059,31.91976519035041,337
17,8,0,112.0700502628281,44.96312854376232,433
17,9,0,120.6204983288566,48.11257315239818,479
17,10,0,141.6582392636276,52.38327586479983,590
17,11,0,154.9565383749482,49.21515406139132,674
17,12,0,162.0762364576409,51.50232920852557,760
17,13,0,202.7783904157909,66.67346528817451,949
17,14,0,221.8037465823022,62.16278562099423,1076
17,15,0,232.4039370350695,75.09437612293408,1167
17,16,0,254.642042657393,111.3100209957242,1286
17,17,0,255.2351923054614,84.81724424800286,1329
17,18,0,220.8902018755779,64.23594062412423,1229
17,19,0,224.1698192984172,69.00533153266736,1234
18,0,0,18.0657904441249,10.68294619298454,55
18,1,0,31.71384581811135,18.11472410499659,93
18,2,0,25.57501067392433,11.63835470867755,78
18,3,0,35.55244342308175,14.98169105774616,124
18,4,0,41.64229418443078,28.01265588395914,135
18,5,0,63.1538474895127,38.88787130801958,184
18,6,0,72.85492012887289,43.46192368884135,246
18,7,0,81.06850059671278,29.2227187328715,306
18,8,0,111.2826953509703,70.4532253728503,394
18,9,0,133.717552632318,61.78564853362216,507
18,10,0,150.2191953737631,252.5645730048058,568
18,11,0,136.0424279986576,43.85579160393503,582
18,12,0,168.1219863526641,53.4580307969908,744
18,13,0,199.3522282919022,124.2589443333131,869
18,14,0,212.1341160267183,88.77848370993439,983
18,15,0,223.1704942192972,71.73352388113501,1108
18,16,0,226.2573613204667,65.42881050051751,1147
18,17,0,206.0082111839107,65.45204377487194,1106
18,18,0,200.400979887165,47.6382458435644,1105
18,19,0,185.6985854382714,45.036414127717,1043
19,0,0,13.99153833633007,16.0239088237319,36
19,1,0,18.6079354057855,12.642529860924,58
19,2,0,30.26044017684966,25.15825438540713,87
19,3,0,34.33177298081272,24.25222409203587,110
19,4,0,39.45930588774475,16.14158442262834,136
19,5,0,61.59398583993035,29.5915638181194,211
19,6,0,62.0129528466353,26.08955856953711,232
19,7,0,76.64065934540835,34.74858630951396,283
19,8,0,96.43219465780662,47.82160935441996,346
19,9,0,105.6522173917081,47.49797688313227,420
19,10,0,122.1092198002197,44.473063602088,514
19,11,0,144.2570184740697,66.35710374532744,570
19,12,0,145.7850756949059,50.03989447042689,661
19,13,0,157.073801739902,53.99219418154204,734
19,14,0,175.5071474422222,53.84331163995128,843
19,15,0,195.4172698953506,68.35758539636838,938
19,16,0,199.6315070943532,55.34400385343003,991
19,17,0,201.3734846229836,87.02013427556727,994
19,18,0,172.3449226418078,42.0044111418032,954
19,19,0,175.3247796664607,43.43808476487525,977
