# mesh name: boxMesh_1
# primitive scorer name: doseScorer
# iX, iY, iZ, total(value) [MeV], total(val^2), entry
0,0,0,96.66547070333364,16.90502517203219,618
0,1,0,120.2360599461468,20.93410973627855,754
0,2,0,135.6503757258366,23.22382994395022,864
0,3,0,157.0070288048952,27.24150741147906,1001
0,4,0,169.0701318614843,28.9144093400104,1089
0,5,0,172.4352597616947,29.25554081936672,1113
0,6,0,195.136980089708,165.0232843187222,1181
0,7,0,182.8720223389284,30.83478268416373,1197
0,8,0,197.4988045931339,47.27482337034149,1279
0,9,0,191.043689814426,31.35249123966751,1286
0,10,0,200.2697068346498,32.96547819692036,1333
0,11,0,195.5924310966399,32.72692435410195,1315
0,12,0,198.3990392286789,32.149889974305,1352
0,13,0,191.9242329452202,31.06013954615669,1315
0,14,0,192.9181085781482,30.18764673971476,1359
0,15,0,187.0789721760331,29.32274546028423,1317
0,16,0,174.1907108763225,31.69581686447702,1196
0,17,0,162.0246537762948,25.65962987969595,1137
0,18,0,149.604990465956,23.33706799957551,1064
0,19,0,119.6592479735459,19.74660895089677,823
1,0,0,125.1429417633749,21.76875610810747,778
1,1,0,138.8993328433876,24.65683480404207,864
1,2,0,158.3735000867235,27.45150308101994,1005
1,3,0,179.7703914737329,31.60158366992991,1127
1,4,0,195.4158416745049,33.41618335272674,1238
1,5,0,203.4359083854033,34.57540757178033,1308
1,6,0,216.4650422655228,36.50561632421142,1398
1,7,0,224.8068688208404,37.98499707753554,1459
1,8,0,238.0261325438937,70.28385824714969,1520
1,9,0,249.0026735307772,251.080530326279,1517
1,10,0,240.0958436317111,83.3922677667223,1543
1,11,0,228.1515889241514,36.83694816845863,1539
1,12,0,242.2713602075248,40.47317964250796,1612
1,13,0,224.4125790593813,36.46186867026698,1539
1,14,0,235.4567253078044,38.2621845102205,1613
1,15,0,221.3661728312731,34.57208827408373,1551
1,16,0,213.0479341145428,58.09736968407276,1467
1,17,0,201.9757915963743,36.5502584476741,1385
1,18,0,168.0390487348922,26.67014561531015,1178
1,19,0,154.4132620182409,62.75481354606553,1048
2,0,0,142.6054125105854,26.1621934841234,875
2,1,0,166.9163663270898,47.07433951417676,1028
2,2,0,192.3391387416874,34.21084172102386,1200
2,3,0,214.0810924378894,140.9993971416261,1292
2,4,0,215.8210465630159,37.13435596298052,1369
2,5,0,226.0744929264337,38.17314299034446,1451
2,6,0,258.663774651063,132.6846396329745,1611
2,7,0,245.671419758584,47.32066637403108,1596
2,8,0,281.202155549375,136.3626153214931,1750
2,9,0,265.8271299080549,45.29609576286063,1738
2,10,0,266.1681712826483,80.64829405913235,1710
2,11,0,264.3735384240871,44.50758176499565,1770
2,12,0,272.6162421009342,44.92105928633542,1828
2,13,0,265.4488745584366,44.11010874187325,1784
2,14,0,262.4748441207892,42.47266660750861,1798
2,15,0,246.825808077092,79.79980468677924,1679
2,16,0,248.0093292357904,39.78974910334578,1716
2,17,0,217.4553438043563,34.5769306185594,1532
2,18,0,195.8681603660846,29.97880936900999,1403
2,19,0,162.0837213042041,25.15837721737759,1151
3,0,0,163.9388597578403,28.7027616218021,1025
3,1,0,183.1228547596685,60.81360775042145,1111
3,2,0,200.0844576200552,34.57914160427678,1264
3,3,0,226.1075163220105,39.13304447522702,1434
3,4,0,250.0954470588221,42.72605268774729,1593
3,5,0,278.7869987848313,213.26175630817,1636
3,6,0,272.5217066702003,44.96066172038417,1789
3,7,0,286.9271964470979,88.08918919758919,1832
3,8,0,284.5946597800408,47.3903991252411,1864
3,9,0,299.8129341655355,51.12040681147498,1953
3,10,0,286.3534412146266,47.2434756263784,1917
3,11,0,290.9568503218758,48.06427071880848,1955
3,12,0,319.3375714898015,56.70907895798884,2166
3,13,0,314.229026504609,215.6685340125731,2036
3,14,0,292.8422687988594,46.90593212267783,2014
3,15,0,287.4903468001273,46.30132947758958,1982
3,16,0,270.5092014770402,57.50795838521913,1857
3,17,0,258.1887077112177,41.16149994361166,1806
3,18,0,217.9335080331483,33.92430803647716,1541
3,19,0,179.0000630951058,51.4111394605379,1221
4,0,0,176.4882790182133,32.11411519479082,1081
4,1,0,187.2874070050857,31.88204748070085,1192
4,2,0,218.5341062227897,38.20697147264788,1378
4,3,0,263.9964496645424,430.1684488184815,1530
4,4,0,270.5664479250863,46.75204168210859,1714
4,5,0,287.1077830624721,131.7463071096611,1782
4,6,0,294.5564521295465,64.35718356130562,1884
4,7,0,314.4980115379237,92.13314087614457,1993
4,8,0,311.9039405705201,52.29060223652949,2045
4,9,0,317.0600752476627,53.02886664524276,2096
4,10,0,302.871231644873,49.1836598615282,2030
4,11,0,319.5089414155924,307.9237690249127,2034
4,12,0,324.8697806082151,70.98928394091237,2146
4,13,0,300.1747868709184,49.07136531460934,2044
4,14,0,303.282201123529,48.42025257889328,2093
4,15,0,322.6065955300139,127.4082214227957,2134
4,16,0,294.9989530959909,169.3817704022052,1960
4,17,0,262.4884154281498,41.12974486567872,1828
4,18,0,230.6760837978823,36.0777245390716,1637
4,19,0,195.6429468390969,30.29393846701003,1392
5,0,0,178.658899624905,195.1230527468816,1060
5,1,0,198.6145694412748,35.17274468996372,1237
5,2,0,240.6834007010184,86.13501936249968,1467
5,3,0,252.7511755215207,46.70877619605577,1601
5,4,0,274.1360280954493,46.95277885722216,1749
5,5,0,283.1372149302604,47.7857120816831,1816
5,6,0,319.2811701364486,54.60613191925682,2039
5,7,0,317.854608591524,76.34611430078078,2042
5,8,0,328.8314634343616,56.19853852220675,2128
5,9,0,325.1016661690962,54.84533807647918,2135
5,10,0,314.3197623867842,52.04052589581944,2095
5,11,0,321.3629585436958,52.00869597453334,2188
5,12,0,319.7017367086751,52.81695550883711,2167
5,13,0,331.3373428325666,55.00234145179547,2257
5,14,0,315.9829592182894,51.38138015905594,2154
5,15,0,310.6420501019232,49.15268851327694,2161
5,16,0,302.9069302425365,60.74510959375548,2091
5,17,0,271.6879805873396,43.30228919850796,1901
5,18,0,243.8464940179431,38.54845398532978,1699
5,19,0,208.1298118620647,72.99392133865864,1433
6,0,0,186.1677209321076,32.83197710286694,1163
6,1,0,209.0900287622849,36.73323966770755,1308
6,2,0,237.1986345770619,41.53051904596425,1484
6,3,0,263.1089133745056,45.95984492710163,1647
6,4,0,280.5531255382675,47.91055898871055,1801
6,5,0,310.7696333381807,150.3014648908234,1940
6,6,0,325.9995680143942,54.87526495425448,2116
6,7,0,329.9298173839978,68.35496803079002,2107
6,8,0,322.6296087376273,60.86788429793223,2081
6,9,0,327.7117594118546,55.07036458778042,2149
6,10,0,331.3966802889274,55.66165344914603,2196
6,11,0,347.852583015909,117.372924444978,2261
6,12,0,353.7259569031269,424.5083759914484,2232
6,13,0,331.4843742284006,85.88741120583795,2237
6,14,0,343.3030195908256,55.48957132721007,2356
6,15,0,315.1196287440569,51.74036474647637,2169
6,16,0,292.5842157323454,46.31505445207587,2049
6,17,0,279.2880308981867,44.23307580696777,1947
6,18,0,247.7133860374942,70.69588821494376,1690
6,19,0,199.9664862817008,30.49960070363691,1434
7,0,0,172.794018053058,32.86350325125191,1077
7,1,0,230.0231604550449,193.0819233618821,1363
7,2,0,229.8008338790237,39.9459581227369,1433
7,3,0,269.9628967018213,47.26012344608986,1694
7,4,0,293.3402190811215,50.21163432153393,1876
7,5,0,306.7315826717486,53.25272907797336,1946
7,6,0,324.552443731551,63.69814162237982,2099
7,7,0,332.3894155607897,56.46053725059192,2163
7,8,0,342.4334941054113,130.5214669570093,2199
7,9,0,336.4174848720439,65.08712528327254,2223
7,10,0,348.8989292030252,58.19231413202801,2304
7,11,0,329.0858595423109,53.0676694769619,2229
7,12,0,338.0876206580866,54.99489188468397,2303
7,13,0,357.1585716671897,207.9590993401177,2318
7,14,0,324.3178662524596,51.58944247120424,2237
7,15,0,325.807616027188,52.73582470328861,2239
7,16,0,317.6600386568189,53.05830294894758,2198
7,17,0,284.6607787524605,44.83595013695953,1988
7,18,0,245.776347535465,38.67147694708343,1728
7,19,0,197.6544675363797,30.06715481736554,1406
8,0,0,181.9545100674495,39.39050429849982,1141
8,1,0,219.4702817817472,38.45768161073363,1360
8,2,0,246.0441608229675,66.06636809317408,1556
8,3,0,273.61682635938,47.10181437161785,1722
8,4,0,297.5648080132362,51.05602563526986,1896
8,5,0,319.0837944372713,54.33526720498869,2056
8,6,0,309.5386111181594,52.4226170790245,2003
8,7,0,336.0248682852112,60.93205546424537,2164
8,8,0,324.5029258042552,54.44504619011089,2131
8,9,0,350.5999235781032,58.6631870201369,2296
8,10,0,362.93729045066,63.51361178251288,2382
8,11,0,340.91994276828,77.62243633051894,2248
8,12,0,358.524402028789,59.01060919355094,2412
8,13,0,343.0068341016718,56.00622787662972,2312
8,14,0,339.696272835151,125.3066317855865,2283
8,15,0,330.0537588608909,53.27481039266245,2262
8,16,0,305.6309645033999,47.77853964983692,2147
8,17,0,284.1755393846604,64.85250041082566,1972
8,18,0,249.4525638460483,40.4005611416415,1725
8,19,0,213.2312998840373,75.21961086431963,1463
9,0,0,187.2742715382304,32.32640362697369,1192
9,1,0,218.3553681732131,38.10505178442526,1368
9,2,0,247.4711035752763,43.79711093212877,1573
9,3,0,273.5677258371198,47.47189193407142,1716
9,4,0,323.3442671146778,354.3310039111056,1927
9,5,0,311.8689340659503,54.46805940688147,1978
9,6,0,320.7300587768572,54.11447778557781,2055
9,7,0,326.2985005838273,56.1639991192683,2104
9,8,0,336.9091104366429,55.59701534883619,2225
9,9,0,351.6081999406737,58.46951497248001,2317
9,10,0,342.055743232962,55.98043806952181,2285
9,11,0,366.0748472498435,249.696031245492,2351
9,12,0,351.8670707450477,57.43194111069386,2376
9,13,0,342.8640101244095,62.13576270110244,2335
9,14,0,338.771225266775,58.64001189026999,2298
9,15,0,328.6688434818852,52.61686454303803,2260
9,16,0,329.8568007492509,168.6830974569703,2185
9,17,0,284.5659462979427,45.559423616712,1981
9,18,0,255.2512402215443,40.45779442983659,1792
9,19,0,211.6801083260432,32.59740875960934,1524
10,0,0,173.9252493646721,38.8992081992731,1090
10,1,0,242.2600621401639,513.8840846728423,1368
10,2,0,248.3125296578023,43.23007524033291,1562
10,3,0,264.3965196540881,45.43291399151713,1684
10,4,0,307.2353716331551,52.6409312195664,1960
10,5,0,308.2777163661718,52.85365218283351,1978
10,6,0,351.702876122244,90.86116415475992,2202
10,7,0,346.4902494225422,119.6804343433672,2211
10,8,0,351.0786349541511,109.3973210611271,2259
10,9,0,349.4609218544726,88.98545173538838,2250
10,10,0,354.9087714127643,58.84716094333578,2355
10,11,0,349.1581641191938,66.11759798704342,2334
10,12,0,329.3185954383705,53.35839798796081,2239
10,13,0,342.4937486159252,56.2231664154251,2309
10,14,0,330.4757562226902,53.00081603017628,2286
10,15,0,330.4265407811225,53.56232549095913,2266
10,16,0,326.2902407637852,538.0857440234164,2094
10,17,0,302.4127897701216,53.54655045683149,2089
10,18,0,245.5268580852702,43.68859860963927,1713
10,19,0,199.6635261318705,31.38029354578322,1412
11,0,0,178.6887082525812,33.41251608823633,1090
11,1,0,213.4356740064977,41.32126284146992,1345
11,2,0,246.7792452525947,42.86972087492795,1557
11,3,0,271.9133937477539,46.71734905549992,1721
11,4,0,287.9542845681228,49.95996462292312,1852
11,5,0,316.2653244512874,54.09232298054711,2027
11,6,0,326.1879336293194,203.4309194169634,2031
11,7,0,328.6632831495028,57.90315544174933,2119
11,8,0,327.1527643519591,55.58805880339143,2122
11,9,0,340.7988782865634,72.3051492694149,2227
11,10,0,352.6989802214173,62.49901462722273,2304
11,11,0,369.0770124993074,380.0503886417915,2313
11,12,0,341.8457880897592,55.79553155801322,2310
11,13,0,348.5668002012579,56.45952148541136,2364
11,14,0,332.1126381518102,52.77959682375445,2293
11,15,0,329.4399531855698,53.0646348145677,2272
11,16,0,313.8058633743652,49.73057589828191,2190
11,17,0,301.130851828952,47.39568373388089,2118
11,18,0,253.5949278427719,39.69699424425865,1777
11,19,0,211.5808103380179,33.42584814281695,1486
12,0,0,197.2715489520143,80.82614743675528,1196
12,1,0,207.9521983081178,36.39821726719158,1299
12,2,0,270.0795800643964,606.6418396428852,1548
12,3,0,262.0465922586999,80.41505333662272,1608
12,4,0,304.7514665813115,58.66760859263773,1919
12,5,0,298.4171821843908,50.29378220031374,1930
12,6,0,316.4950659802972,64.2419143722793,2020
12,7,0,327.3470964438098,66.77245341392995,2105
12,8,0,338.5548312923498,68.33678561844525,2193
12,9,0,348.6325690354855,212.6975955562383,2210
12,10,0,340.2668375236045,56.49121306303914,2277
12,11,0,352.0289797952241,61.53149280478548,2344
12,12,0,341.7387245603039,61.26394896152073,2294
12,13,0,335.0952894327264,112.6488122639605,2233
12,14,0,359.352018593087,794.0794693119798,2269
12,15,0,317.2454356482208,81.24749356037002,2179
12,16,0,312.1771959819901,195.4414012043487,2121
12,17,0,282.0546938193251,45.02863546331051,1969
12,18,0,237.6572535051824,37.23489041774788,1672
12,19,0,212.7230157446309,32.9741778476923,1514
13,0,0,184.0160016854491,66.29877621189392,1113
13,1,0,221.4767372406614,57.61515896885346,1354
13,2,0,235.3702751220105,41.28765212643047,1476
13,3,0,265.0998905893528,45.98141649966015,1674
13,4,0,313.4620385550322,519.4793590136172,1821
13,5,0,302.9584343008281,121.3587983547401,1884
13,6,0,316.8709441420696,53.72223136178982,2060
13,7,0,327.36053270064,69.83033163205799,2094
13,8,0,316.5966066894281,52.71848083388988,2088
13,9,0,330.7511823074848,55.58303145048719,2182
13,10,0,351.331397034308,221.0779618270248,2225
13,11,0,343.4105331385898,64.9146274627122,2275
13,12,0,334.3715379394339,55.12530024615968,2254
13,13,0,373.6372655572441,537.8446350141062,2285
13,14,0,347.1635726640122,320.9347080697815,2230
13,15,0,306.5988146987774,48.32645237607878,2136
13,16,0,314.061869150394,81.36573296562318,2134
13,17,0,282.8377085552235,44.64570440236805,1980
13,18,0,237.4528600046808,37.0594008747501,1678
13,19,0,208.7104421836783,32.66109243660446,1482
14,0,0,167.6339295891991,29.26374293688289,1053
14,1,0,198.4112964549311,35.9250377104182,1245
14,2,0,223.8523815524122,38.7888993116384,1403
14,3,0,262.342789735997,45.59146158104915,1650
14,4,0,270.601256445433,45.55307572197601,1745
14,5,0,294.262103807508,50.79567541519685,1877
14,6,0,310.0343142553293,52.93306834935755,2017
14,7,0,327.0093504643625,58.62891657100744,2114
14,8,0,319.4852785363945,53.66566179773931,2084
14,9,0,331.5574668270749,55.34738517006894,2164
14,10,0,309.4135808845021,51.07748813024332,2055
14,11,0,326.8489041878915,53.21707855674383,2206
14,12,0,325.6864207115929,54.58992768862753,2167
14,13,0,328.1714478461013,58.61631338858749,2201
14,14,0,319.0482447563558,51.75195681341358,2187
14,15,0,325.5979959503027,57.58833672578283,2211
14,16,0,308.6336248914831,320.3914518301969,2029
14,17,0,283.6294390586531,45.16444856606368,1984
14,18,0,252.6780195209277,52.53644588537604,1754
14,19,0,197.3883199799233,33.50810070843079,1400
15,0,0,164.5093946471898,29.19978427026881,1019
15,1,0,195.8581035755012,33.76072620895273,1230
15,2,0,219.0199700743104,37.44192459417449,1393
15,3,0,239.6924435137451,40.89710702176109,1523
15,4,0,274.4041426331071,101.8631170237697,1698
15,5,0,278.9494876912788,47.62088704104951,1781
15,6,0,270.3234858744747,46.150176243081,1742
15,7,0,285.8333650120847,50.45131693681657,1851
15,8,0,305.3988738983477,189.9124080019424,1931
15,9,0,306.216147433342,50.84013287469482,2034
15,10,0,326.5773798046793,54.27288691672088,2165
15,11,0,319.3291532213123,217.3760075224158,2059
15,12,0,329.5647849936346,143.6465931574879,2163
15,13,0,306.008759986946,49.27372232805901,2100
15,14,0,327.5972487332837,205.0502869687094,2148
15,15,0,323.1583978816141,220.5658914907736,2147
15,16,0,284.5148880268492,74.54910982005946,1959
15,17,0,283.1093003843476,516.650810142766,1819
15,18,0,242.2653751928947,263.7618724908024,1608
15,19,0,193.100644384707,30.76305291821083,1368
16,0,0,155.3308224251024,27.38617907980871,972
16,1,0,182.9312720634932,31.19548542190602,1157
16,2,0,201.5132916855466,35.59359665729406,1254
16,3,0,221.1613919477177,38.36041689796336,1400
16,4,0,249.1731854540512,68.56308683372306,1550
16,5,0,263.2282266576566,45.69587150545069,1677
16,6,0,272.0332061359945,46.22294388880176,1748
16,7,0,288.2089192034342,196.8672271664564,1798
16,8,0,297.5680618579317,50.6021225235097,1954
16,9,0,289.9079551614961,87.70998424398442,1848
16,10,0,300.3004543190136,161.3013115313021,1940
16,11,0,295.2329236297732,49.06824465160506,1965
16,12,0,285.8852263215079,49.42508953261429,1949
16,13,0,290.1815868874144,47.94030771941746,1965
16,14,0,270.4610259170762,43.80205379243469,1848
16,15,0,286.721398659164,46.4609184021113,1976
16,16,0,261.2529775516107,44.42193890392343,1827
16,17,0,242.9454567156682,38.06069018559311,1719
16,18,0,220.9861640389408,35.09692992913079,1542
16,19,0,195.9885584136769,413.2189017391095,1199
17,0,0,145.0203215997809,27.52083881406497,888
17,1,0,158.5168370599544,27.5012753239726,997
17,2,0,198.6022423201574,394.2164762065428,1134
17,3,0,207.2663086411089,36.85951442652028,1303
17,4,0,218.6706955553167,36.84579037955809,1415
17,5,0,231.6735779627224,46.34849174821414,1481
17,6,0,249.8310019549139,42.28753096744031,1603
17,7,0,253.8899831148205,42.49459368475657,1654
17,8,0,258.5956331346834,43.32396181535815,1689
17,9,0,259.9881438988884,42.66582034447412,1731
17,10,0,273.8204412079949,63.74228341699229,1793
17,11,0,260.6265062276198,42.7915075048241,1747
17,12,0,254.983031324652,51.17535972090546,1715
17,13,0,284.3300924383753,88.35085595227665,1891
17,14,0,264.6196175902978,43.40126497840689,1803
17,15,0,261.5422420719804,43.15007134106615,1802
17,16,0,236.8236634047481,37.74820363325765,1651
17,17,0,238.6402235832381,184.9906128921081,1577
17,18,0,196.8425870827146,30.89650825452415,1386
17,19,0,175.4028867861481,65.42429751716941,1186
18,0,0,116.6503628456765,21.71107693504906,730
18,1,0,142.9302804923608,24.9316719825586,895
18,2,0,163.9485511573413,27.86508099768495,1046
18,3,0,183.243925347539,30.87489862063212,1174
18,4,0,204.9989727803872,39.578804182077,1272
18,5,0,197.3705891757734,32.97028477954461,1285
18,6,0,227.0672939296196,39.17279246905227,1446
18,7,0,223.7913417127535,61.50050232049504,1443
18,8,0,231.1118769771348,39.12420900726967,1508
18,9,0,230.3495665436789,38.09018507411272,1521
18,10,0,248.4952906226482,98.0403262498738,1615
18,11,0,234.8109784386528,38.25762578833261,1577
18,12,0,232.3131681339073,65.23083976776996,1525
18,13,0,233.9725917719828,78.27348901759213,1570
18,14,0,234.3833877319811,38.6521556395404,1589
18,15,0,224.2779251504333,36.47993354649456,1552
18,16,0,208.442219965507,34.14344118081797,1426
18,17,0,194.0817355783184,30.19254064729238,1372
18,18,0,171.1734640040456,26.71744514563615,1227
18,19,0,163.5424518523681,26.0470397006357,1150
19,0,0,112.9228872352926,19.84329043238257,710
19,1,0,127.2765058611253,22.28000784752199,809
19,2,0,138.9098222066542,24.35039991682844,875
19,3,0,144.1499755986503,24.72021161522323,929
19,4,0,164.0687260391941,29.03355487717967,1033
19,5,0,172.1001202161525,31.00424947165496,1099
19,6,0,171.0541075542631,28.46230926608387,1114
19,7,0,194.5490959493416,38.79705954496643,1255
19,8,0,191.000658889374,31.62909885055794,1268
19,9,0,197.5578548866773,32.79993341736798,1309
19,10,0,191.8783747941234,31.84053371890731,1283
19,11,0,201.9097634756959,32.71449628153442,1357
19,12,0,201.3952334071468,33.40774347796089,1352
19,13,0,197.8526130802369,31.20892838314522,1370
19,14,0,189.2038077409654,29.76064926921617,1317
19,15,0,180.4876888363126,29.80907249040183,1246
19,16,0,177.1234009317622,28.0418737459759,1250
19,17,0,163.0882933537526,26.07162463144881,1137
19,18,0,142.7939471739985,22.76953763820794,995
19,19,0,120.8526847251737,19.54823521384366,837
