# mesh name: boxMesh_1
# primitive scorer name: doseScorer
# iX, iY, iZ, total(value) [MeV], total(val^2), entry
0,0,0,120.1261638909422,30.76259753590191,525
0,1,0,124.8402690066153,31.75023263914681,537
0,2,0,151.6230144217027,128.2271184034049,645
0,3,0,162.5457128894813,40.02775982139116,743
0,4,0,167.4747165941916,39.63140126484408,778
0,5,0,168.2049367276404,39.41614995925208,800
0,6,0,185.7245149654785,42.15169220180407,893
0,7,0,199.3511999571713,44.63699978717094,973
0,8,0,197.7606628866433,43.74554232722999,1000
0,9,0,214.5541310137031,46.40322026700107,1093
0,10,0,240.5949072276426,1266.599262404758,1066
0,11,0,208.5739212735871,42.72842273069067,1118
0,12,0,206.488172460311,41.53822784614779,1120
0,13,0,201.5357269051033,39.91011934458563,1121
0,14,0,209.8628850464733,41.76519308587108,1161
0,15,0,188.2118852716002,35.34850967952178,1093
0,16,0,181.5100932901615,35.34562715156419,1052
0,17,0,172.8070868652657,31.68882842203612,1031
0,18,0,140.1032818222311,25.61258541241275,841
0,19,0,140.9717036970556,157.7943138527769,776
1,0,0,119.7971248582459,30.73065165694012,518
1,1,0,151.2872079329059,37.72245838368914,666
1,2,0,164.5523683958961,41.10671142968272,730
1,3,0,180.7304868262532,44.34908555935813,817
1,4,0,195.2110145956238,46.9046159000879,888
1,5,0,197.2976295683912,46.22686317191254,919
1,6,0,221.9718062750468,51.09968852891651,1051
1,7,0,224.0143460984083,50.48187791247883,1089
1,8,0,228.8851207908382,50.03270163959849,1148
1,9,0,226.6593605802542,48.68481149113828,1148
1,10,0,258.7888181791948,142.4446923261006,1290
1,11,0,232.6042669595245,48.00651335620802,1239
1,12,0,237.845586522525,47.61827793373695,1305
1,13,0,227.1781707438781,45.4848638835814,1254
1,14,0,243.3933124364709,65.87388236943451,1361
1,15,0,215.7424801586052,41.1182986006495,1241
1,16,0,207.0223198393629,39.30902450831,1222
1,17,0,182.1775775156783,37.384428121489,1068
1,18,0,164.4308630232094,29.14859655855943,1014
1,19,0,149.166099189493,27.48519227137247,905
2,0,0,141.0736035511887,35.83152464544813,613
2,1,0,156.9909104622489,40.21398079948027,675
2,2,0,177.7211421328134,44.81181988633353,794
2,3,0,198.7517736780083,49.16080810208924,892
2,4,0,217.5634646441339,52.34157322612745,997
2,5,0,229.4186603965926,54.93537518773816,1074
2,6,0,245.6660890672977,59.78653493050633,1159
2,7,0,240.2083414995035,53.47053360280461,1170
2,8,0,263.1394754668082,64.25574661930854,1297
2,9,0,260.8740981071956,56.88628375864521,1303
2,10,0,269.065828845739,91.11247609766158,1374
2,11,0,274.8924986893934,56.41575062660519,1470
2,12,0,269.8509408346657,72.77683410132867,1449
2,13,0,257.0390133914063,51.19412310434155,1413
2,14,0,249.7616705305355,48.83186974113475,1405
2,15,0,242.6254614279028,45.46067855630307,1412
2,16,0,223.0263491593368,41.03391721626308,1317
2,17,0,216.5000403089657,70.8984076602121,1249
2,18,0,206.6887016834414,50.63528722296175,1204
2,19,0,178.6888970335196,32.47322015719719,1083
3,0,0,148.0488208803511,38.21787868313454,636
3,1,0,167.8334098883408,43.04790924394485,724
3,2,0,176.2428914724076,43.71000643250105,783
3,3,0,208.2640629457485,51.1204136273,933
3,4,0,232.9619262209222,59.47456410003431,1049
3,5,0,245.5044903416031,57.79564267435141,1139
3,6,0,262.6395824381804,68.17185470759438,1250
3,7,0,275.7855578656929,90.81251896123054,1302
3,8,0,271.3955863567413,59.55539102994082,1356
3,9,0,283.4541860654286,60.2907726746125,1450
3,10,0,291.265276065444,61.87200073027005,1522
3,11,0,311.6232848162085,98.18235995205116,1635
3,12,0,291.2539244139792,58.68011796686657,1591
3,13,0,279.8857016821066,54.68264406146009,1564
3,14,0,280.496636233688,54.44394842949519,1594
3,15,0,273.5560894754249,95.3054190009741,1544
3,16,0,275.5841855284232,422.3223949820052,1487
3,17,0,237.28883874738,43.98410214992167,1397
3,18,0,219.5320386743999,40.33223779967967,1317
3,19,0,179.7013056562819,32.57908928441366,1089
4,0,0,173.3313022727557,50.14151808064233,727
4,1,0,194.7117588509489,57.48059141256128,836
4,2,0,207.1636480118484,58.50558821959035,890
4,3,0,233.2389036070934,60.13873534446142,1028
4,4,0,239.8274294059226,56.64672490829756,1116
4,5,0,267.3208932059465,63.28386687883568,1232
4,6,0,279.9663378555662,64.27798373301763,1340
4,7,0,301.962842982126,69.80605937389487,1434
4,8,0,293.8737034078885,64.19779258095085,1469
4,9,0,318.3658631215657,248.5881301896148,1550
4,10,0,302.6423398993765,64.96538121988752,1580
4,11,0,314.6077504226533,65.40975758468204,1675
4,12,0,300.5593354201382,60.56522547972163,1635
4,13,0,301.0500271366898,58.98935749265968,1675
4,14,0,304.46424151781,113.3547637612389,1671
4,15,0,287.4270908273522,55.21449199976438,1672
4,16,0,267.7136765697988,50.27504449114673,1559
4,17,0,254.1516028887551,47.06333907123155,1506
4,18,0,218.5391054553085,40.59850958225613,1303
4,19,0,186.939932080704,34.69786816406037,1132
5,0,0,175.552816795938,45.57471205825077,741
5,1,0,193.5606778063803,50.35678764290374,832
5,2,0,230.8731227625311,56.97336785106476,1017
5,3,0,243.6565162668205,60.97191234767975,1070
5,4,0,242.9223500480436,57.02976331050623,1127
5,5,0,285.7948759082265,279.2106785794559,1275
5,6,0,295.0856814058449,67.59356021179853,1409
5,7,0,299.379145755063,66.60681907557655,1465
5,8,0,326.1878984630578,122.1619149078258,1619
5,9,0,302.7572191667918,73.03053157890091,1550
5,10,0,331.9670270925841,69.59961163372874,1717
5,11,0,328.5632324630517,67.24045466661737,1759
5,12,0,342.4531536047588,149.1247854528277,1808
5,13,0,315.0962122657107,88.63749752914096,1723
5,14,0,321.9256761389429,62.07592335701958,1810
5,15,0,309.339325562605,58.60692563033496,1790
5,16,0,283.0647472709335,53.0942251029801,1665
5,17,0,266.865812596153,49.05658351809998,1593
5,18,0,241.0689624731845,43.40581887833014,1458
5,19,0,214.6733823559717,40.6499165217331,1306
6,0,0,180.6527611593435,46.80642734509873,770
6,1,0,198.852464532572,50.04543262861751,869
6,2,0,231.5241373069721,58.2888720263561,1007
6,3,0,257.3823227371253,158.6694231021798,1127
6,4,0,275.0675374474948,72.49158691182599,1247
6,5,0,283.8818568633414,67.04384263202958,1320
6,6,0,312.7222356671404,72.29211502178063,1471
6,7,0,330.3704965507388,73.88554532016936,1610
6,8,0,334.3614105337245,74.02519210608426,1658
6,9,0,338.7262102165233,74.64868859772849,1709
6,10,0,346.265927661902,72.77725997572841,1808
6,11,0,339.4508655129021,73.75073756704975,1793
6,12,0,326.8928969054577,64.65994883690428,1789
6,13,0,333.6085433874801,143.1086795367739,1815
6,14,0,347.5184865716147,67.74483756928083,1960
6,15,0,312.9965405458775,63.67327232399125,1788
6,16,0,289.8473335149774,55.65971293908346,1669
6,17,0,271.9880336089268,50.41462942204708,1613
6,18,0,240.5117195235933,43.72076880665941,1453
6,19,0,211.8601009808411,38.05635122034026,1307
7,0,0,190.7092429682534,49.67369208822482,803
7,1,0,195.9546564799481,49.51065350843912,859
7,2,0,216.2749904106257,53.06335464455768,969
7,3,0,251.0864572499449,61.17929324190441,1140
7,4,0,289.3633468656548,68.58403163892478,1345
7,5,0,296.099815524842,69.18985780108193,1391
7,6,0,322.5285526737817,73.73743854287125,1544
7,7,0,331.7746186159067,74.60401185631778,1595
7,8,0,328.9301460240124,72.35228371039798,1646
7,9,0,363.354013689994,109.4180599775269,1824
7,10,0,348.7080921604326,72.99163384064009,1829
7,11,0,346.4140930750267,71.17418153950497,1837
7,12,0,360.2373331702163,72.98072161744027,1956
7,13,0,373.2321245262112,340.8123390864716,1994
7,14,0,327.9113903455749,62.92051000781363,1867
7,15,0,346.540148139024,261.0776338091562,1891
7,16,0,309.1232646730507,57.14532632028691,1821
7,17,0,277.5030375503462,50.92803967766321,1651
7,18,0,262.5821681984445,187.033762321816,1468
7,19,0,234.4640776356766,626.7714299681236,1287
8,0,0,202.3383876469394,52.26350874783824,863
8,1,0,217.2462625227277,57.65412114873438,942
8,2,0,249.2435507973289,61.90214263416533,1089
8,3,0,269.6977996988084,65.84812770437441,1208
8,4,0,284.6886030457928,68.42023208866451,1291
8,5,0,312.8897035914057,75.31018293207899,1442
8,6,0,311.9922100069545,83.13593487939028,1472
8,7,0,322.6651872680423,117.8970149720724,1544
8,8,0,355.8235974870321,88.58696748883196,1763
8,9,0,351.2610544960858,97.77458322994691,1780
8,10,0,336.171301236495,69.47205220626877,1775
8,11,0,366.0376302313434,75.65198423735123,1923
8,12,0,347.8568729281429,68.62112658855705,1919
8,13,0,351.6099489217908,67.56857968663475,1985
8,14,0,361.1721273482897,152.3759811207806,1981
8,15,0,344.9395650800221,262.2613052196306,1882
8,16,0,308.6060652713112,57.38974598334131,1818
8,17,0,296.5233191343098,230.6898278908751,1694
8,18,0,270.6252800055606,49.34185076334921,1626
8,19,0,223.9460501549483,41.32449720535521,1347
9,0,0,188.1099433077561,48.28441977760745,812
9,1,0,211.2541711495512,53.46793767615659,921
9,2,0,236.3765192012518,58.07247756666533,1042
9,3,0,275.1727785045534,67.03258685155382,1236
9,4,0,292.493004539693,86.08595711146452,1324
9,5,0,310.4968474030605,94.61880229502094,1416
9,6,0,347.8481611408701,143.2254168395359,1607
9,7,0,337.7546894488946,76.03790086948129,1651
9,8,0,348.4981075924344,76.53638322199015,1739
9,9,0,347.329488071035,75.07292704387532,1765
9,10,0,373.8326084146119,79.25691408844585,1941
9,11,0,366.1543695254818,74.97743350423518,1956
9,12,0,376.6476413956178,76.32058354302508,2052
9,13,0,349.8554501678246,69.02181165894456,1964
9,14,0,352.5790618227432,133.4192227406432,1934
9,15,0,350.4852045323474,253.3150587510009,1919
9,16,0,317.3844611564605,58.79320347866785,1879
9,17,0,287.0218913442657,90.81800554119312,1667
9,18,0,254.1164880621877,45.71571398933581,1538
9,19,0,221.5839681196053,39.6468077380112,1352
10,0,0,187.2081863431963,47.95553098934052,802
10,1,0,225.2358644252475,56.94102508902195,974
10,2,0,248.4188465330421,62.3688402707636,1076
10,3,0,277.2129767806174,82.75771789150731,1222
10,4,0,299.6696918326471,250.1485293407343,1300
10,5,0,307.9977214825659,77.83381453541402,1428
10,6,0,343.7919167072866,190.4923092693112,1586
10,7,0,371.7479344644107,346.8234982838918,1687
10,8,0,353.3106178320411,77.88943061488972,1772
10,9,0,363.2099766690099,123.968400906025,1822
10,10,0,360.1341009270307,78.14533033222243,1880
10,11,0,349.3834028552727,95.62111161387678,1856
10,12,0,368.1779288241271,132.923753484277,1970
10,13,0,360.8405304021543,70.01207488969803,2033
10,14,0,347.7456253782673,66.89688599199084,1975
10,15,0,330.681112838514,62.11373248476038,1914
10,16,0,321.8414340184245,184.2910750224663,1817
10,17,0,294.6836897455577,63.57442620446627,1720
10,18,0,249.296236972039,51.34099528351086,1507
10,19,0,217.7990875585987,39.26299337734829,1328
11,0,0,185.6946178615331,48.34984954888488,787
11,1,0,205.530652019534,51.7846915886602,902
11,2,0,228.6146759312987,56.26520800389656,1023
11,3,0,279.2526592980936,68.48027568930355,1244
11,4,0,277.7991423992671,66.78895562602479,1264
11,5,0,329.0320765629712,298.3009560684153,1421
11,6,0,310.7992474947445,72.05782246933589,1466
11,7,0,337.0579981607559,75.32520363922599,1650
11,8,0,335.7905118110493,73.45745953783546,1681
11,9,0,353.3561923058931,76.19545566489445,1808
11,10,0,340.680625015466,69.97677074729069,1807
11,11,0,364.3435398835483,121.2346393076779,1904
11,12,0,358.6035512784298,71.61678943861209,1955
11,13,0,366.9237050470959,237.0877821537387,1941
11,14,0,343.2964442069571,66.28521692687642,1937
11,15,0,329.3537529062263,64.49894929067202,1884
11,16,0,305.9118275039695,56.40109529574305,1811
11,17,0,282.2537150560963,52.40740514428198,1669
11,18,0,269.4586354589611,49.42701277176516,1607
11,19,0,221.418035088862,39.51030795486773,1353
12,0,0,184.5598937937197,48.35526721751183,785
12,1,0,212.5190339085762,53.19929101453737,926
12,2,0,227.7543437666588,57.09963506236687,997
12,3,0,254.1016627316592,61.90379108070878,1138
12,4,0,276.2961343725649,65.6717264676104,1269
12,5,0,292.0905770202493,68.40072948131676,1360
12,6,0,310.6493225408576,70.72517079442201,1479
12,7,0,318.0744298767743,71.93399335286321,1553
12,8,0,336.5153595388237,73.37497306356535,1706
12,9,0,352.5165136092286,78.95400277332922,1782
12,10,0,359.8439837626844,114.3293161646503,1860
12,11,0,350.372371812974,78.13249074686333,1843
12,12,0,356.8531607402242,71.64928731328055,1940
12,13,0,353.4738696195442,68.9129860732331,1982
12,14,0,318.3286566951508,62.47254687188697,1807
12,15,0,339.9713432995592,404.6218810616829,1869
12,16,0,297.0127647411575,55.87732722408847,1727
12,17,0,295.7967708535359,54.69979211554818,1741
12,18,0,265.5521576507291,73.28704549891312,1558
12,19,0,223.6909589412931,41.15888222831291,1350
13,0,0,174.7819502114383,44.84889058634543,758
13,1,0,203.2529603926865,82.58089511166186,851
13,2,0,232.165931292468,57.40863103880933,1024
13,3,0,248.8978708921066,61.33299498040819,1110
13,4,0,263.3639304919564,68.69460532859773,1197
13,5,0,296.164315211474,70.86693677706231,1386
13,6,0,281.3600455715499,74.78173018492588,1334
13,7,0,296.277843637973,66.61659386747024,1444
13,8,0,326.1690178980539,71.49968061613144,1626
13,9,0,328.1159188896153,70.14119600532646,1674
13,10,0,349.0077980963595,370.0773070487861,1739
13,11,0,337.1452831802057,68.88203565291896,1803
13,12,0,346.9025111893156,188.8092053256504,1810
13,13,0,341.47007298119,67.51752862797206,1882
13,14,0,340.2757416310617,65.73422836087101,1931
13,15,0,320.736692968781,60.23296395801212,1856
13,16,0,300.106204064366,56.31174832497558,1752
13,17,0,276.1645080433621,50.20577254069986,1656
13,18,0,265.7153864565016,82.08441499674682,1566
13,19,0,210.1540644185825,37.33122122118263,1299
14,0,0,176.6677523197019,45.66765462920364,763
14,1,0,188.1690840522886,48.59191756929621,809
14,2,0,201.5743580783053,66.69158224402311,864
14,3,0,237.9449177434138,57.84706486314477,1071
14,4,0,269.9877671315816,65.32479636446929,1230
14,5,0,288.1764659656944,69.72065308655567,1337
14,6,0,306.6153689903859,270.3935998953571,1379
14,7,0,299.8173832638899,67.34500214510011,1467
14,8,0,303.239207867379,66.30930799143987,1509
14,9,0,345.6161886797529,309.6654381797618,1685
14,10,0,340.1104454179568,113.4392802424775,1708
14,11,0,365.7111781329694,871.6327953944087,1778
14,12,0,333.1564548597119,67.61995095377505,1841
14,13,0,327.0314876073714,64.42004575302265,1806
14,14,0,314.2782593147191,66.66911368861165,1786
14,15,0,308.629839829679,59.31491207523417,1777
14,16,0,289.5779238450055,65.637495166272,1661
14,17,0,271.5903639281294,92.5172338270481,1569
14,18,0,268.1749599198158,452.2331433438383,1455
14,19,0,195.4570670746481,34.71349272297454,1218
15,0,0,162.0276147962394,44.99594478618314,689
15,1,0,190.8476711670772,227.1844047734094,778
15,2,0,202.4292318837168,50.39053563433157,890
15,3,0,247.3600484582763,255.1100087246284,1038
15,4,0,248.7630005177019,70.22992433447288,1141
15,5,0,264.916365080903,62.17053923657588,1241
15,6,0,260.5769965068022,60.01876437556333,1242
15,7,0,289.7054369126981,65.22958089896251,1422
15,8,0,315.0863134850478,123.6644754730794,1516
15,9,0,302.0295893768408,65.79005383640575,1525
15,10,0,307.2066475658722,65.34597414719413,1590
15,11,0,310.5759314437788,64.02498410943969,1649
15,12,0,311.3109621880997,62.18413811162479,1703
15,13,0,309.7762659147575,60.92620719406729,1723
15,14,0,295.2641301519812,57.06370954596706,1670
15,15,0,308.4463127115316,354.9287097708084,1689
15,16,0,265.5711066047045,49.46683697213336,1556
15,17,0,248.9608067452263,46.06497055360281,1473
15,18,0,219.158955269245,40.07585338634997,1320
15,19,0,197.7675726445265,35.68296942239954,1200
16,0,0,163.9829518769271,57.78673497246277,687
16,1,0,165.6333202663398,42.13672298822073,715
16,2,0,180.8753995878633,44.49711102370401,815
16,3,0,220.8428313520938,236.6005955848895,923
16,4,0,227.0054250060649,54.85527196162496,1026
16,5,0,243.3848770630039,56.62927178204827,1140
16,6,0,253.9556210574187,57.77737118963843,1216
16,7,0,282.9648103912931,214.2695685207876,1316
16,8,0,285.6496113172125,93.85698310275791,1396
16,9,0,290.7778589679784,63.11551394825049,1475
16,10,0,301.6794769276253,154.1296496604375,1493
16,11,0,282.9448615683669,57.6971330489646,1521
16,12,0,297.151986011846,85.89142371861308,1577
16,13,0,287.7826268057859,56.64709011904643,1600
16,14,0,277.0727216182286,54.30236731692856,1551
16,15,0,257.0192621027197,48.58852702990207,1480
16,16,0,264.8943354368301,194.0421835571045,1466
16,17,0,230.0074435711959,42.18876120551367,1368
16,18,0,208.5399237651664,38.14558477354831,1244
16,19,0,188.4092287906112,48.74049794631579,1139
17,0,0,142.4637068145149,36.32213173524666,616
17,1,0,170.2951189035201,49.9356377167336,738
17,2,0,188.1434927722189,51.79701358926345,816
17,3,0,190.0947624594525,46.0591167646884,858
17,4,0,215.1200290663962,51.49519786957696,981
17,5,0,237.0516131830854,60.59846137143893,1113
17,6,0,243.56831215201,56.84377962697254,1140
17,7,0,237.2781491910236,53.82618322739612,1164
17,8,0,244.0632002009664,53.79041505024604,1240
17,9,0,267.782485762569,128.0439867740837,1320
17,10,0,265.7690696679838,76.50129907032502,1370
17,11,0,277.5457948377891,57.55598920042618,1465
17,12,0,269.7568480080541,56.24099137612337,1451
17,13,0,256.6950698868469,55.12975064049311,1429
17,14,0,281.5336934143469,847.8036204883288,1436
17,15,0,247.5209576454844,65.20380940280359,1400
17,16,0,224.649997512943,41.89271086341682,1322
17,17,0,212.6467386031266,39.77811644934261,1242
17,18,0,200.0074422359705,578.4301389203648,1062
17,19,0,154.01102011436,27.2406231081995,952
18,0,0,122.5764050274992,31.1467564069043,532
18,1,0,139.8348971988283,35.19345044087995,614
18,2,0,169.1948342963326,42.01751389827344,762
18,3,0,173.8245039586115,43.68274911098031,785
18,4,0,179.3920837195361,43.69871695277944,833
18,5,0,201.0857943514185,47.67482122150793,929
18,6,0,216.4783616023418,50.11105503186114,1029
18,7,0,221.3356270661298,71.96941919304666,1035
18,8,0,234.985642531185,53.26169307496188,1167
18,9,0,228.2212040361914,49.7018915866321,1152
18,10,0,239.2530585963996,63.18210548263784,1242
18,11,0,215.4926802856859,44.16871473571879,1162
18,12,0,250.4456214402944,100.5200711508902,1343
18,13,0,237.9804011226116,46.64988118120569,1328
18,14,0,247.9706623026949,115.2060326617463,1335
18,15,0,223.5169799065927,43.02282971942454,1272
18,16,0,201.5184083641343,37.95121688531842,1177
18,17,0,199.1998254135676,37.99860973152133,1156
18,18,0,165.1278997645002,30.59468211761653,977
18,19,0,145.9652494532843,26.33232445769646,880
19,0,0,110.1343316098429,28.36987410833089,485
19,1,0,141.1028961190107,36.53460551056569,618
19,2,0,148.1469622012722,39.95157188907225,659
19,3,0,174.5611606395765,43.80498991496298,772
19,4,0,166.0089116863149,39.62378204664049,765
19,5,0,188.3663026461661,46.44098536962292,868
19,6,0,195.4720213015165,99.85307006778474,902
19,7,0,192.7883628624191,43.04176909828852,947
19,8,0,195.8670924813898,42.84440154702551,982
19,9,0,203.5037374278534,43.89027874125775,1043
19,10,0,223.9641513819649,54.31010961655316,1137
19,11,0,206.4317887147768,46.45448975423016,1091
19,12,0,210.6889486100379,42.13577429100406,1156
19,13,0,200.6738334640518,39.40039416127105,1125
19,14,0,210.8611387329144,65.64452453597228,1165
19,15,0,202.8273018705226,95.79685541217852,1126
19,16,0,172.3936850961863,32.22575665407129,1010
19,17,0,177.0770876318845,189.511411705553,934
19,18,0,159.3407220735148,80.39008617923776,897
19,19,0,129.4584349466114,24.11577253500765,788
