# mesh name: boxMesh_1
# primitive scorer name: doseScorer
# iX, iY, iZ, total(value) [MeV], total(val^2), entry
0,0,0,120.4001084153655,30.07936319671177,538
0,1,0,126.4450576887334,31.02988654412647,577
0,2,0,147.0435956450915,35.14728627258026,662
0,3,0,161.4206798519938,37.96816617236686,754
0,4,0,161.1539619779097,37.15187334767943,765
0,5,0,186.1485817497081,43.23599301083348,884
0,6,0,189.4448647267977,42.44713444992551,931
0,7,0,190.6548555175784,41.5110827531681,962
0,8,0,202.7659290011638,42.75546892719061,1058
0,9,0,215.9659334263249,47.52389852501898,1122
0,10,0,212.1041675408613,48.10207154883154,1114
0,11,0,215.6763295543579,51.67911461588629,1148
0,12,0,195.9580996975689,39.18867404648766,1097
0,13,0,201.3142831468677,41.03301540701069,1137
0,14,0,204.7985385233756,64.52188801390648,1168
0,15,0,201.329314947963,92.21299851757752,1144
0,16,0,183.0126491561476,38.26528354061719,1085
0,17,0,168.2614977661415,66.42863086647935,991
0,18,0,149.9293040445392,31.92545423523047,920
0,19,0,129.8893716713245,23.29553182764335,804
1,0,0,127.9464705954682,30.94358008571511,577
1,1,0,153.0586829327884,37.58819689230616,693
1,2,0,162.5694989278914,41.73471415265654,730
1,3,0,177.4013681461024,41.96920524921203,815
1,4,0,194.0175131358137,44.69353452327537,923
1,5,0,205.0911113421173,47.51593784408142,965
1,6,0,209.6015438370195,46.53258030398111,1026
1,7,0,220.2276395304934,48.31809427698512,1101
1,8,0,233.0759631029011,49.41616559606778,1202
1,9,0,231.2027688971664,48.25265210689826,1212
1,10,0,231.3256057720749,59.88564701023127,1225
1,11,0,227.5137515494951,45.27791532152929,1252
1,12,0,240.8998957568888,47.3866621571533,1338
1,13,0,220.3512201850411,41.76504887089794,1259
1,14,0,212.1213575118371,40.7537082304253,1236
1,15,0,239.0159567039646,300.5148929789962,1295
1,16,0,205.1309572670352,37.04773548834996,1239
1,17,0,184.979792137387,34.16916756046476,1105
1,18,0,161.0124535169784,28.63807604973929,994
1,19,0,149.6368597221013,27.87130177437638,904
2,0,0,144.4263809545344,35.81787518255043,646
2,1,0,152.6045469779964,36.85977489510562,689
2,2,0,179.7481833635927,42.65064161262936,821
2,3,0,189.9415941108366,44.76359188488852,875
2,4,0,212.9637654984483,49.60595464928676,1000
2,5,0,228.251203865833,78.17606633572164,1068
2,6,0,237.8375558100305,53.33819672133021,1159
2,7,0,241.0599838940222,52.58500198520444,1211
2,8,0,253.8782679433943,53.36271644221824,1318
2,9,0,249.6155136568723,93.9617869519429,1272
2,10,0,256.2711574287292,51.95879959511762,1383
2,11,0,276.6572160120357,55.97117002414878,1507
2,12,0,257.1131156654011,50.51145816137834,1432
2,13,0,257.1524521118417,49.76365885805654,1458
2,14,0,254.7618641948872,48.39717444837596,1468
2,15,0,245.1913728974603,95.10000698893741,1415
2,16,0,236.48859158632,108.1546121380865,1372
2,17,0,210.1310090880428,38.28439613892579,1280
2,18,0,192.2325464468633,33.72812974478286,1196
2,19,0,164.4800981367412,29.24710706682665,1023
3,0,0,154.4350304842509,38.47390510794049,691
3,1,0,158.0054178142992,38.9994257570934,710
3,2,0,190.9882161834986,45.54286021366241,877
3,3,0,203.8742960339114,48.13758074819911,944
3,4,0,220.5987109349339,51.18605865512426,1044
3,5,0,242.8391813358524,56.14314243010659,1164
3,6,0,258.7769739547966,58.00129089324733,1258
3,7,0,266.2711431192952,58.50653245012871,1335
3,8,0,275.7413418636149,59.50770589885165,1404
3,9,0,289.8540615820018,62.28662084645036,1518
3,10,0,290.8463643571081,62.12936528954775,1550
3,11,0,311.0456899017103,91.59722795687213,1655
3,12,0,297.1870079386546,85.89817265525473,1616
3,13,0,273.7170167572021,52.60074584053458,1564
3,14,0,279.0645218028836,52.61822111752747,1620
3,15,0,270.4407957199386,50.53547259766232,1586
3,16,0,271.255564324405,141.566758622591,1534
3,17,0,225.8345182262964,41.01804626983705,1362
3,18,0,211.9080541053873,38.03833348693519,1294
3,19,0,175.8702914997827,30.79763154820517,1107
4,0,0,161.9513856098998,40.43407000514113,713
4,1,0,191.2817429990832,47.01378037041579,846
4,2,0,196.698555172821,47.23472901289893,902
4,3,0,231.0036420512071,138.2683032461785,1006
4,4,0,252.1924936075076,113.494320624914,1153
4,5,0,282.8044842289169,95.4340126369315,1314
4,6,0,283.1292785014711,64.72232208291226,1367
4,7,0,291.3944789780727,65.96325775389857,1456
4,8,0,311.414011810515,66.19223188677636,1601
4,9,0,292.225716761233,60.77496819116504,1540
4,10,0,318.0923277983665,64.51780369724136,1711
4,11,0,307.3595553664006,60.77962080782113,1690
4,12,0,311.0792045098769,60.96641095357115,1736
4,13,0,302.1323832817635,58.38988624183028,1720
4,14,0,297.486968133149,55.92729022333634,1721
4,15,0,281.9335757563088,52.0756296292972,1670
4,16,0,268.374102283365,48.71128538148604,1610
4,17,0,249.6522734313068,45.12941493869678,1511
4,18,0,216.6503251864634,38.83690408198633,1320
4,19,0,189.6691896550591,34.18008553842725,1172
5,0,0,176.104341249011,42.86805745752624,797
5,1,0,194.4146611713384,47.2903605292117,872
5,2,0,208.5051732669193,50.81810484878204,932
5,3,0,251.1658526178384,59.7745413848663,1167
5,4,0,262.9447854394772,60.2403280657898,1248
5,5,0,275.295562720672,121.1240659281931,1294
5,6,0,280.5600530831863,63.39376132784597,1374
5,7,0,309.6912127149423,146.3418965646425,1530
5,8,0,311.1286655152559,66.82485263054235,1582
5,9,0,317.426833549383,69.62740635460015,1665
5,10,0,315.7143531940638,69.42045251334216,1663
5,11,0,319.0908207559235,74.97469380388274,1749
5,12,0,316.1403704344439,61.54280043947981,1765
5,13,0,316.0465165598947,60.86768984558903,1795
5,14,0,332.3466561917264,261.1855341796162,1855
5,15,0,301.2052880797971,56.09027805787996,1765
5,16,0,277.4534186963151,51.12786262867106,1658
5,17,0,253.2661597397637,45.24522970302261,1544
5,18,0,240.4210958572962,46.29443843825884,1456
5,19,0,206.3026061849077,36.83482202427096,1283
6,0,0,162.7616917493434,40.2543391825558,719
6,1,0,211.2493209078899,52.40511984818585,940
6,2,0,225.0858805590428,54.14749922902315,1026
6,3,0,242.6909280930178,58.18281957176936,1103
6,4,0,264.608546392127,61.7550568550005,1235
6,5,0,290.3457179920949,67.61964691203779,1383
6,6,0,304.83739084062,67.75927685072197,1479
6,7,0,317.490787156866,70.7773705307963,1575
6,8,0,331.1970916725138,70.50684025724134,1698
6,9,0,323.2201728489857,68.71421756994602,1714
6,10,0,355.6855576602323,132.4134540239081,1849
6,11,0,353.0215293591248,71.26508384513068,1909
6,12,0,340.9949447097196,67.83934475441141,1884
6,13,0,353.2357184283831,141.5743552123357,1922
6,14,0,342.6318552354148,65.39697633584778,1964
6,15,0,317.9723177178174,59.5929678008771,1849
6,16,0,298.1575192091489,54.8550392076212,1766
6,17,0,262.9399925852065,48.03635703178082,1587
6,18,0,235.670592799113,42.94891529566622,1428
6,19,0,225.6125466821761,258.3539152882815,1296
7,0,0,194.1266497003197,48.21694136769621,848
7,1,0,200.2779877491163,48.76619348282774,908
7,2,0,231.0306007931591,55.80356737547604,1051
7,3,0,256.9091237332858,62.96911943519376,1166
7,4,0,266.3241783263968,61.43505545341843,1249
7,5,0,296.6119962731432,68.52122664995179,1440
7,6,0,333.8210387599417,127.5786591059004,1571
7,7,0,338.6510756860668,74.60527447680666,1686
7,8,0,337.3813884452392,72.05090689036957,1722
7,9,0,348.9963826525229,72.71291859374827,1824
7,10,0,358.368028745834,85.58672727810963,1897
7,11,0,355.0948942223845,72.37841243730418,1919
7,12,0,359.4280271784239,70.98104845853649,1986
7,13,0,357.6598252300939,80.07001911939092,2015
7,14,0,334.3978503993798,83.332678324461,1924
7,15,0,323.3110446884513,59.36387700072909,1909
7,16,0,317.4302409363458,59.27544425826601,1901
7,17,0,280.7573055410779,51.32312690000797,1696
7,18,0,259.2636636447601,61.81811928773259,1549
7,19,0,231.9328199794492,296.691418985928,1338
8,0,0,199.8311849889107,49.22861638309734,887
8,1,0,212.8941767633476,51.84665509538534,961
8,2,0,250.1405321362158,133.0200473797045,1103
8,3,0,269.6133993956669,63.93311316335558,1242
8,4,0,282.3022785296343,65.32732092804321,1328
8,5,0,310.4124428450082,71.27655762266453,1483
8,6,0,313.0700395086135,68.67952832600695,1549
8,7,0,360.3165609003799,574.3445675663381,1679
8,8,0,339.9359572215011,74.09499545974167,1729
8,9,0,349.4968235775659,72.31189004805753,1828
8,10,0,350.6127432595373,72.23149032585988,1887
8,11,0,360.678494862401,71.71537156922255,1977
8,12,0,367.4753612400472,73.42275516960321,2023
8,13,0,350.4594470593528,67.14238464771788,1998
8,14,0,354.5419894426511,92.03626654653335,2033
8,15,0,335.0693114223721,63.58391227051868,1975
8,16,0,306.8218923175083,57.01636471107565,1835
8,17,0,290.5343570671603,139.7221569419333,1718
8,18,0,265.8730525569986,48.65405683476288,1610
8,19,0,217.7119139300187,43.31114542374698,1345
9,0,0,189.9955761407369,49.28713336660388,820
9,1,0,217.4675888621402,53.39427993351566,965
9,2,0,232.7110358349964,56.05606628725261,1055
9,3,0,267.483219621104,64.123670190301,1226
9,4,0,290.7251788014652,67.97239757675089,1381
9,5,0,324.5504826379667,111.2037096549642,1515
9,6,0,323.5422511060401,94.23712351817063,1573
9,7,0,341.841817199881,79.15522186183664,1693
9,8,0,353.9365831884555,75.36215954188999,1822
9,9,0,335.2298691757911,69.68253394766572,1759
9,10,0,360.8401618579769,74.26698728759517,1917
9,11,0,341.3744648191768,68.2625958685181,1875
9,12,0,389.178201837185,137.3020054627875,2121
9,13,0,355.0394111167234,67.67099960910578,2032
9,14,0,350.1909402957328,74.40527189032328,2008
9,15,0,320.3143153831456,58.92310762889701,1895
9,16,0,301.1253703223219,55.65470501218848,1792
9,17,0,292.9415799746533,53.53480511848566,1770
9,18,0,262.9802538720485,47.89099243527691,1606
9,19,0,224.9640327023762,40.13372593780824,1400
10,0,0,180.6875096156761,44.62265693650609,807
10,1,0,223.5237287684828,60.71762569274395,994
10,2,0,243.8959743255631,78.24315696007736,1104
10,3,0,266.897898263477,64.65398208449784,1220
10,4,0,283.8789226945995,65.04406766523755,1352
10,5,0,308.5121722871332,70.59539461055006,1483
10,6,0,332.0685709843589,74.32605176398013,1622
10,7,0,334.1419035455913,72.37034535753949,1681
10,8,0,343.0821050219411,80.99877812147267,1721
10,9,0,352.8328844305029,73.94769815619426,1849
10,10,0,354.1634438010115,71.23420730890189,1911
10,11,0,373.0911988980296,305.6180844649874,1965
10,12,0,356.0253689405267,69.71752143211221,1983
10,13,0,353.054141877308,67.39813670936032,2020
10,14,0,344.2778788153516,64.29928397842224,1996
10,15,0,358.816489102881,505.3942235921168,1996
10,16,0,328.1366122685995,68.14267319626407,1918
10,17,0,288.5810974877238,52.68928699586331,1737
10,18,0,245.8449248221665,43.4628974645013,1512
10,19,0,213.3019931826534,38.36340208069944,1323
11,0,0,187.5520689761672,46.57857690613867,828
11,1,0,212.2384708986108,53.65247834908378,942
11,2,0,246.2856212503855,165.939530796243,1069
11,3,0,266.4118429829323,63.46338802157695,1219
11,4,0,292.6548880746923,71.09385341757215,1373
11,5,0,309.9480866915587,82.26685978749121,1477
11,6,0,320.0381225530887,71.65996539166402,1547
11,7,0,315.0815362936002,68.47424609906878,1577
11,8,0,350.0500442556869,74.64763965039008,1795
11,9,0,339.4802756841561,70.72270094386263,1785
11,10,0,343.9191548050658,80.54964422149639,1835
11,11,0,335.9866494352223,66.38659023659585,1855
11,12,0,379.4078782537135,495.2079441113996,1996
11,13,0,359.5457046403288,76.75636141820256,2006
11,14,0,343.4263812806819,67.22881901829136,1977
11,15,0,324.9531838998671,60.85395374237212,1897
11,16,0,317.5167336971054,59.20334116359852,1875
11,17,0,284.1103828779663,51.63069642611736,1707
11,18,0,285.6354876891326,727.2187797561641,1599
11,19,0,223.8672135891734,39.90565709210649,1372
12,0,0,180.6448490562575,44.82968490380863,807
12,1,0,218.3810282505046,53.81619890316215,962
12,2,0,218.5591912540814,51.62558632312647,1008
12,3,0,248.6428387273781,59.00073428093959,1153
12,4,0,286.1474463671437,66.35574683753649,1353
12,5,0,294.7225270452981,67.06577580888742,1411
12,6,0,298.1261812564245,66.24324379341822,1461
12,7,0,322.3243595879709,70.33956748934565,1610
12,8,0,326.4422179295851,68.74617564697675,1691
12,9,0,339.4979076074047,70.78001728393079,1780
12,10,0,352.8687833187886,71.01358723404704,1898
12,11,0,352.9626420980775,69.96313680340405,1944
12,12,0,346.0372452146589,68.58301809678433,1927
12,13,0,336.1725764276104,64.27900867075357,1905
12,14,0,334.8914564695631,64.11029340499589,1914
12,15,0,324.9172248721355,84.12291473420036,1894
12,16,0,294.8215134534882,53.70777687822319,1769
12,17,0,279.6403878753482,50.62265796479581,1703
12,18,0,247.1110839200564,44.2213801504878,1517
12,19,0,219.7604332853369,38.97936496736592,1362
13,0,0,188.2745447439165,46.98428245785154,828
13,1,0,214.9611713191761,54.58908381575253,956
13,2,0,223.3643390749904,53.32744354800567,1030
13,3,0,267.0995855412376,248.4546662429094,1153
13,4,0,272.6979868288166,62.15065242007579,1305
13,5,0,286.1834946401662,66.19673204328161,1363
13,6,0,295.1227698739926,66.15662093830376,1426
13,7,0,306.0826811491792,66.18056173173328,1541
13,8,0,323.5650767867616,68.87896505022239,1654
13,9,0,330.8290037707134,68.86136397795299,1733
13,10,0,336.111551640523,68.66994781243203,1789
13,11,0,336.8608980465367,67.39515056451647,1853
13,12,0,357.4260063983279,72.54416524790835,1952
13,13,0,339.2384795648296,64.35869555346746,1944
13,14,0,334.2737624365607,63.53486673372251,1927
13,15,0,321.4572379878609,66.30378256136386,1872
13,16,0,306.5875699241249,60.39846266680742,1818
13,17,0,299.5673289781642,157.9482658913109,1746
13,18,0,245.5767211639937,44.19448894926293,1494
13,19,0,209.6731428107161,37.44294839876604,1285
14,0,0,176.8473322794663,44.00516555793007,784
14,1,0,200.0910545351215,58.56816983559726,881
14,2,0,208.6221218702784,49.74067768794671,956
14,3,0,230.1868772264893,57.22941054377372,1057
14,4,0,271.7962827492735,63.22106652916749,1264
14,5,0,270.2227135093059,62.08280750677943,1306
14,6,0,292.4085294495057,65.32716656128866,1427
14,7,0,309.3951305371676,71.50125212072884,1540
14,8,0,318.4985497932929,128.0714554956475,1586
14,9,0,345.9276999028388,298.3707214629665,1714
14,10,0,328.6482698738574,77.49029882690436,1718
14,11,0,319.2415032700189,63.62679331552211,1755
14,12,0,328.1956439307354,64.96419147799335,1823
14,13,0,321.7086949362512,80.42222692073209,1799
14,14,0,304.6116806442544,59.38363886882208,1787
14,15,0,332.5575407320801,519.0589509255092,1828
14,16,0,282.0200530265299,52.27282673677425,1662
14,17,0,262.8413843938097,47.20922211510396,1595
14,18,0,233.3698936743651,41.88919771398057,1428
14,19,0,204.6508751432224,37.832516214845,1254
15,0,0,167.7563995824605,49.63339835631836,730
15,1,0,176.5990495427062,42.52609377199787,801
15,2,0,201.6331995159574,48.73296237804746,913
15,3,0,239.7717754121644,792.8423468995853,981
15,4,0,256.9539355831765,62.2471424569488,1192
15,5,0,257.7697653890209,59.26394301933151,1231
15,6,0,269.4434239338885,61.68455405053975,1300
15,7,0,279.5839223272228,63.44431720191705,1403
15,8,0,305.4740690094696,145.8759682348693,1511
15,9,0,311.2658229597814,64.61781415034076,1643
15,10,0,297.6730001886197,71.29806452038028,1587
15,11,0,316.8141675096155,64.76791288568494,1716
15,12,0,328.0108124396286,64.63452819141749,1830
15,13,0,306.521668230175,60.71747738463257,1759
15,14,0,299.2112164725878,55.88268775530565,1750
15,15,0,298.0705295927646,58.04431466320919,1753
15,16,0,279.5295264349599,78.07452728096261,1662
15,17,0,255.2917518180311,45.98417563706051,1537
15,18,0,218.4992701855691,39.7356166739147,1323
15,19,0,194.8103045542337,54.56872172660412,1175
16,0,0,160.6924117287791,40.23711915810227,705
16,1,0,160.5720539292043,39.63189593446744,724
16,2,0,188.8127458511558,44.2166760356859,878
16,3,0,215.0869546739041,132.9133211043534,941
16,4,0,239.3758425813637,158.3089827258425,1082
16,5,0,251.2895456170917,60.97628890174569,1174
16,6,0,260.4372759354925,69.34588770638778,1258
16,7,0,287.6052714358643,76.20213110354777,1413
16,8,0,275.7177171367249,59.0103470669636,1409
16,9,0,300.332377886442,376.3694820354091,1496
16,10,0,285.6299998660028,58.98018430592931,1510
16,11,0,294.9017991930871,77.49313289284034,1583
16,12,0,274.9779082350184,53.59485243832782,1539
16,13,0,286.4249466621492,92.24804844116554,1610
16,14,0,271.3152946970457,61.26561156736574,1536
16,15,0,264.3844240219697,54.20896250239867,1542
16,16,0,254.4392435099098,46.64434077375835,1520
16,17,0,243.5156385463667,43.73373179584132,1483
16,18,0,205.4729791056936,37.07409731062526,1256
16,19,0,179.6687643250334,32.14056756235605,1110
17,0,0,140.4775005164023,34.91039833480288,620
17,1,0,165.2918013228235,40.20717631651446,750
17,2,0,183.0715981506004,52.31091129812453,809
17,3,0,189.5376344234094,45.02420477172745,867
17,4,0,208.3783995364409,48.28176591156149,984
17,5,0,220.2933417918528,52.7913985432728,1069
17,6,0,231.2885380608253,52.09503579540702,1134
17,7,0,232.9602406524616,50.54191266724018,1173
17,8,0,254.9897986312311,54.26404831108273,1302
17,9,0,260.754281432511,55.09628678002492,1359
17,10,0,272.6723580680706,101.4335004716275,1409
17,11,0,251.5729554622619,54.72244484003848,1385
17,12,0,271.9120786702502,53.37213577422726,1521
17,13,0,273.6322718017161,53.63703509742526,1535
17,14,0,264.1068013613065,50.47946721185386,1525
17,15,0,228.5772437462073,41.93748963597145,1371
17,16,0,221.2474159311535,40.79460435037781,1321
17,17,0,205.5515659579395,37.5734954271451,1239
17,18,0,189.7342372811858,97.62448309876235,1131
17,19,0,161.6163987075782,30.46127120433264,986
18,0,0,115.6114752306519,28.77450118202941,511
18,1,0,135.9694377650565,32.99743314914657,612
18,2,0,168.0849190259916,40.78081018431648,754
18,3,0,180.7626453400332,42.56304643416911,846
18,4,0,197.2779144433489,46.38516664587423,920
18,5,0,188.3175658388385,42.7496225769632,913
18,6,0,217.9707529824865,49.27163318512409,1063
18,7,0,218.0102643400882,47.545147139216,1103
18,8,0,224.6646477838979,47.91362448792911,1157
18,9,0,216.9191842922293,44.88558491571363,1145
18,10,0,234.9486584386289,47.74817795170882,1258
18,11,0,239.3823957391631,49.69155773808907,1282
18,12,0,233.8876342481008,45.42358241101209,1317
18,13,0,233.2450531356009,50.76379804612681,1298
18,14,0,222.961118711791,56.80003421228628,1272
18,15,0,218.1567618849447,57.20947531487645,1274
18,16,0,201.6629474503016,37.51978804774095,1225
18,17,0,193.139611419617,36.22251683658018,1152
18,18,0,166.04092263609,29.81838706944154,1012
18,19,0,145.6300604488907,25.76056771026977,921
19,0,0,117.9621081249042,28.87420067923552,527
19,1,0,128.5399514498526,31.5331592252324,575
19,2,0,158.5036162470461,146.9697455561763,674
19,3,0,155.1034705521243,37.54686894672255,705
19,4,0,159.5520903722885,37.03009764097048,767
19,5,0,179.3492532514536,61.78349498773201,850
19,6,0,181.4906285946715,40.92007699608818,897
19,7,0,193.5662004712059,42.38193692814067,980
19,8,0,195.7486536380336,41.00735878847671,1029
19,9,0,192.3578299261477,40.67397794628845,1002
19,10,0,199.8381603401837,42.91807986313337,1074
19,11,0,199.5601316585507,40.62445930306867,1078
19,12,0,218.3206087836383,43.6248032069665,1204
19,13,0,204.3186443162988,40.31905332362567,1155
19,14,0,186.5590057281356,44.62691363110098,1066
19,15,0,192.7802771178178,36.08171741625758,1133
19,16,0,179.373206567121,39.51579197702653,1037
19,17,0,166.9858003058723,30.68089018809631,1018
19,18,0,145.9627743261566,28.42771501683523,892
19,19,0,135.6748118228227,24.19769722165058,837
