# mesh name: boxMesh_1
# primitive scorer name: doseScorer
# iX, iY, iZ, total(value) [MeV], total(val^2), entry
0,0,0,114.544552363151,29.67570876795596,498
0,1,0,121.192041329568,30.67441382567954,538
0,2,0,147.3609647431313,36.44557552823542,669
0,3,0,145.2307886986123,34.87727646173871,672
0,4,0,169.8326741613649,40.91075296885212,780
0,5,0,175.0142492323078,41.64658454136309,836
0,6,0,187.0893170457747,42.07972170262917,922
0,7,0,192.4143101317968,43.07093431111262,987
0,8,0,196.7582294025834,42.18635768590098,1037
0,9,0,210.8024752512435,60.16413948646154,1115
0,10,0,199.9833376388883,40.72393468332359,1093
0,11,0,207.5021134145841,40.5009872491043,1173
0,12,0,194.6889644611142,36.89884718716209,1138
0,13,0,209.0515661572237,39.27437821356898,1232
0,14,0,217.4727863476515,458.9017833080212,1195
0,15,0,199.8564548660785,52.05392352254621,1219
0,16,0,195.47197909883,34.89156043387116,1221
0,17,0,175.5319778308011,57.33145216248204,1079
0,18,0,158.8659019795868,28.81741645864828,1028
0,19,0,129.797638969564,24.82578854903804,860
1,0,0,141.49255994263,36.42525447134522,617
1,1,0,137.9334643419667,35.14618445546883,611
1,2,0,166.2212791288404,76.81103072739069,724
1,3,0,186.0416420683317,45.38048179686593,832
1,4,0,207.3135046426802,49.47281276527003,956
1,5,0,197.2978795173059,44.23634238691888,978
1,6,0,202.107644773711,45.42193446476494,994
1,7,0,227.4279728934723,49.24192162296995,1149
1,8,0,235.7693343082076,50.55930850765978,1206
1,9,0,240.4448876268085,50.01290295007467,1264
1,10,0,239.7234506208742,135.7217906922101,1250
1,11,0,244.6507389367347,61.3641140593255,1337
1,12,0,230.0112015367741,43.4051250456638,1349
1,13,0,261.4504652773007,579.0086178175624,1410
1,14,0,233.7041102238429,42.80571371362952,1405
1,15,0,225.6286024165477,39.63118944205473,1421
1,16,0,214.0722287076224,37.79663531908867,1351
1,17,0,208.6072589713188,208.3788435221138,1253
1,18,0,180.5188010511768,30.92618570903637,1155
1,19,0,145.1009129395596,24.15514760199296,967
2,0,0,140.731145782193,36.27460812153478,608
2,1,0,160.730634085897,40.72343975659335,707
2,2,0,162.5030476019046,39.56739183411307,736
2,3,0,187.9965177651407,45.90064146825219,852
2,4,0,208.3089614808956,98.75589012163323,950
2,5,0,212.3351163524082,51.46477034229453,1008
2,6,0,238.0810122943888,74.2366099984788,1163
2,7,0,277.3759365177617,506.7641184304102,1261
2,8,0,252.6321441582227,88.03670650151329,1285
2,9,0,261.8155685350555,54.43559160413514,1390
2,10,0,259.4862226309921,53.77961048453599,1399
2,11,0,273.8842235412452,70.433357359608,1538
2,12,0,262.6139070913365,49.81655016797404,1524
2,13,0,262.0249183443473,50.47992860571031,1530
2,14,0,273.9316360857931,82.59926181989874,1643
2,15,0,254.0567307358529,45.90875987300985,1558
2,16,0,232.1224739936546,41.75521609065001,1434
2,17,0,222.2394404664144,38.36661045953401,1424
2,18,0,203.312757470361,34.73231752783893,1311
2,19,0,202.171016425683,254.6630912875085,1190
3,0,0,152.3634567425635,38.93654164497934,655
3,1,0,174.6889988370777,44.33767174824508,761
3,2,0,178.6592998753038,45.74360617507566,806
3,3,0,219.7615695073488,53.13558587120261,1002
3,4,0,231.0634560642924,55.33601700779774,1060
3,5,0,250.5103871146179,74.51834414657779,1173
3,6,0,259.6394107455466,58.41541884964646,1270
3,7,0,264.9462000658121,57.70339867447927,1335
3,8,0,286.7441218686326,183.1146194592493,1428
3,9,0,292.9914425678328,68.16635325053431,1560
3,10,0,288.8112629622156,112.6800620410358,1555
3,11,0,308.103863127699,60.828369231812,1723
3,12,0,296.0691184466132,57.30095618247648,1686
3,13,0,281.6501642720805,61.05467723614631,1634
3,14,0,302.8419719251853,240.0943205933679,1734
3,15,0,277.4183128116923,49.00929791997851,1717
3,16,0,276.1578799364651,50.09210794482679,1735
3,17,0,245.1748430130047,76.78005083665597,1548
3,18,0,221.4279739900661,41.26228126490123,1428
3,19,0,178.5133507139375,29.78443883674039,1181
4,0,0,159.4849821309976,41.86907518380256,680
4,1,0,194.6147349184587,69.11032307076754,831
4,2,0,207.0642311056769,107.6671306954791,895
4,3,0,229.0410783190511,55.81076542544991,1044
4,4,0,250.9279654142837,96.24625921173985,1121
4,5,0,282.8561793230283,103.190534743329,1327
4,6,0,279.7807287506417,63.29305035994643,1349
4,7,0,292.1538003159699,66.30737342740953,1460
4,8,0,305.9416520825995,65.30417014143526,1580
4,9,0,319.2483501890064,139.9569576645007,1646
4,10,0,314.2068211155924,63.28522158665973,1709
4,11,0,299.3184661265728,58.22718714015519,1706
4,12,0,315.5660961101583,75.43866176828855,1786
4,13,0,319.0306959355545,59.36550448814205,1869
4,14,0,317.1805086192868,65.61311260421424,1897
4,15,0,312.4293964582063,215.6936942247934,1857
4,16,0,328.9928293430252,1344.675902499763,1822
4,17,0,274.8657850415735,48.77530048767376,1744
4,18,0,233.0165123256038,40.43406073371573,1526
4,19,0,213.0264264368649,40.03152401502336,1376
5,0,0,172.6567406228805,44.68099207782796,745
5,1,0,194.075636544448,50.20476788775072,827
5,2,0,221.1189359994497,77.07619388695278,959
5,3,0,228.2676612359718,55.61569146299617,1036
5,4,0,259.5517487294335,62.560350909698,1208
5,5,0,282.6085101544662,72.87064552441447,1325
5,6,0,301.8997533034466,66.90560197874112,1498
5,7,0,298.7558138121119,65.62781041421745,1510
5,8,0,320.3511072023908,68.83046024746864,1658
5,9,0,329.038497761899,278.3137560880531,1670
5,10,0,334.3096783240949,79.3143920061511,1814
5,11,0,325.8493885823592,64.51871379929547,1809
5,12,0,339.681157464501,173.8106798512017,1907
5,13,0,331.6537528539361,62.45256501608489,1955
5,14,0,333.666974502986,76.53916065968414,2006
5,15,0,317.5930749442362,56.65625153510101,1961
5,16,0,305.5913781219064,54.83794567804109,1893
5,17,0,281.1136182942107,53.35448462873879,1784
5,18,0,245.3899316579604,42.10013336006755,1572
5,19,0,223.3875285991228,57.28697460582019,1440
6,0,0,168.1366448104424,43.78237306734935,720
6,1,0,194.9606933964535,49.86607733414911,844
6,2,0,233.9907598455945,58.67888307381544,1028
6,3,0,254.1652141530407,63.09702176601533,1141
6,4,0,256.1904276655385,60.80812399408745,1192
6,5,0,283.9580079748493,65.04029716700288,1367
6,6,0,311.4610372487372,71.264059793144,1523
6,7,0,333.6406540038452,206.6317505661572,1623
6,8,0,331.012274135402,147.6999175097733,1674
6,9,0,324.7987887739836,71.57436131154192,1728
6,10,0,334.9270174532369,68.23021244070154,1832
6,11,0,349.9458587789662,116.0752241858025,1917
6,12,0,340.5769345254303,96.85177152791304,1934
6,13,0,364.6532845846387,279.9210543549067,2051
6,14,0,351.2781186674762,64.38605233362388,2119
6,15,0,323.2317111751149,58.14472487457736,2016
6,16,0,324.162372276346,248.1291715317809,1961
6,17,0,296.1128858178665,61.85751843206298,1878
6,18,0,263.6526994390373,140.5583286737487,1645
6,19,0,225.384835848457,97.20442386327501,1419
7,0,0,167.5346357331675,42.7505739377559,731
7,1,0,189.4449310813746,47.51091029519495,840
7,2,0,227.5462000995453,56.28964646421041,1024
7,3,0,257.4837584922445,64.15007291598309,1150
7,4,0,265.4727988134755,61.42932188724558,1270
7,5,0,294.5644486272609,96.96424054883356,1392
7,6,0,305.6308761378657,69.79105161341397,1490
7,7,0,333.9453046667228,81.26314023563287,1659
7,8,0,346.4827938100235,73.69399554283454,1788
7,9,0,335.3214222954877,77.58950198286756,1788
7,10,0,382.8918554529423,159.9314611856927,2026
7,11,0,380.8489580477261,341.8545369425883,2029
7,12,0,354.0556781834839,85.4312733219017,2013
7,13,0,359.2328867706685,84.65498299724752,2082
7,14,0,350.7843654672627,63.56135829690582,2127
7,15,0,329.0246346518735,58.685521974858,2049
7,16,0,323.163484273903,137.9746260022428,1973
7,17,0,310.6072181280844,139.6990069530107,1901
7,18,0,273.1578579204812,76.88224192464126,1706
7,19,0,230.9271856212427,54.81582430021905,1479
8,0,0,196.7893385977639,51.21363708443126,847
8,1,0,221.2981557474892,86.27553911321137,935
8,2,0,258.3592851504603,64.12302050318341,1144
8,3,0,260.6770182717569,63.95524475791347,1158
8,4,0,294.889403192453,72.1592473759581,1368
8,5,0,314.1452382570949,77.5337225263266,1484
8,6,0,309.9435392033668,70.8247952205875,1507
8,7,0,339.6892239211442,74.96401510005944,1708
8,8,0,324.1120897302394,69.62412528324616,1666
8,9,0,349.3043457256442,74.64202794570807,1831
8,10,0,357.7074826635692,71.5438391491702,1952
8,11,0,365.4846273474767,334.9274104444088,1940
8,12,0,364.5050818581972,161.552748357895,2059
8,13,0,349.7885000939166,65.16550363240897,2073
8,14,0,359.3659603475874,66.45948582534213,2164
8,15,0,358.4518218590117,64.16593516680997,2190
8,16,0,320.2948064081951,55.75556785885429,2025
8,17,0,323.5270998190101,167.9711487195572,1949
8,18,0,251.0923284784028,42.64962548819852,1623
8,19,0,235.0937296766969,39.34052916040525,1554
9,0,0,196.7059703020995,51.36109917757132,839
9,1,0,216.7524503032021,55.03762385892958,953
9,2,0,232.5318181277745,57.27555693159233,1041
9,3,0,256.8486323983294,61.6053027987268,1181
9,4,0,290.6126277246441,70.68305425772391,1336
9,5,0,295.4676913346927,68.47500951389775,1405
9,6,0,313.1114234766373,70.52806877334743,1531
9,7,0,348.8362075981785,76.69482119324752,1741
9,8,0,349.7734486425873,74.72040498280431,1816
9,9,0,356.1154791080585,73.24846905345262,1911
9,10,0,347.9232275437773,70.55405501328563,1897
9,11,0,379.8683248257599,545.7272443250523,1989
9,12,0,375.007353188221,73.02458836441834,2156
9,13,0,348.4178315405211,64.19117452479918,2077
9,14,0,352.2700620181589,65.57615105972302,2123
9,15,0,342.0076237505884,61.60858366643769,2090
9,16,0,334.8225845000213,139.4010545061236,2044
9,17,0,314.22787126548,99.72474900682946,1934
9,18,0,271.2724113675139,46.72731822519212,1752
9,19,0,237.8096810990977,40.4672137568573,1546
10,0,0,189.9485852126622,49.18945660941684,804
10,1,0,215.9979432102627,55.71852770019727,925
10,2,0,234.4814819116134,75.30470982732538,1026
10,3,0,275.5135925558532,66.57069223693227,1247
10,4,0,281.9851131898687,66.99414958610087,1303
10,5,0,319.2058464387329,73.43023598645645,1517
10,6,0,314.4179692582346,70.13340493477423,1558
10,7,0,340.5775159002026,75.48723690635032,1702
10,8,0,346.9417505194386,74.37671073285914,1795
10,9,0,348.9793242015547,71.34866849576414,1885
10,10,0,363.4069032960606,250.8064830856531,1912
10,11,0,363.6994387766115,72.12332031689439,2025
10,12,0,357.1269187077377,68.15176827346441,2049
10,13,0,359.7357341876376,66.42717544238327,2137
10,14,0,364.5896706910184,66.62613615263561,2186
10,15,0,363.1266113009045,259.9308782271908,2160
10,16,0,314.8316233383952,76.7008016434059,1950
10,17,0,312.032692298129,135.9305093101292,1929
10,18,0,273.7466168418346,68.30436555910035,1740
10,19,0,231.2521095895299,38.24367666921469,1535
11,0,0,183.0090553165293,47.78796231063257,769
11,1,0,197.6447903411536,50.19815191006575,852
11,2,0,243.9002711180687,60.57528845036855,1081
11,3,0,243.9938717860906,59.04235834276908,1119
11,4,0,281.2094109141492,66.21876285842556,1326
11,5,0,292.7876357990984,69.66788766212193,1401
11,6,0,312.0610296941605,69.99455784962608,1535
11,7,0,345.6822320774804,315.2924614595238,1675
11,8,0,349.3151767476243,75.09511082989529,1804
11,9,0,351.4613025890775,75.02549962655517,1856
11,10,0,355.1966206446826,71.61241751064054,1942
11,11,0,357.4346246825601,69.70855499994306,2017
11,12,0,372.8142853707109,71.1521191349604,2142
11,13,0,349.142688390901,65.51262738235063,2047
11,14,0,361.0545902536245,70.95427146306876,2140
11,15,0,332.8860444148922,59.36894639950832,2052
11,16,0,330.1480520066627,82.863700086124,2039
11,17,0,299.8372414235368,51.85365296284062,1916
11,18,0,255.8429997936413,43.53610571590501,1669
11,19,0,235.0908753990531,39.6972285754378,1544
12,0,0,163.7458506795085,42.08315706913108,710
12,1,0,222.3932306547028,404.5470302609407,884
12,2,0,227.3513816758213,56.64425563419783,1007
12,3,0,245.9399463391802,59.95533228555698,1127
12,4,0,282.3683533470497,66.31197860029459,1318
12,5,0,306.5242272165222,71.49792985871329,1454
12,6,0,307.8513751791405,78.43937178775911,1489
12,7,0,310.1298917804251,67.62743038045309,1573
12,8,0,323.4198226744255,70.54616748099249,1665
12,9,0,342.085460006204,71.43860739156082,1809
12,10,0,365.8146473180643,198.5726914546714,1942
12,11,0,350.235792394694,67.58021726911051,1982
12,12,0,373.1207508568778,950.3243770242216,1974
12,13,0,338.5480254479427,65.81000330617847,2000
12,14,0,352.5534705305443,64.14578301535948,2121
12,15,0,334.3583231059728,65.96183536556313,2034
12,16,0,317.4125524218884,55.10880274715191,2001
12,17,0,309.9765713196491,54.25853127292863,1966
12,18,0,264.5432843578625,49.31385792216904,1699
12,19,0,234.6861321169008,40.16328566400772,1523
13,0,0,177.5526589747242,45.89311291515564,758
13,1,0,206.2587454000225,80.76442176036187,880
13,2,0,227.5374455499323,59.16867008043884,992
13,3,0,240.2042360327032,57.13596948363006,1109
13,4,0,262.4221267955033,62.27677982772998,1221
13,5,0,286.3054836677588,66.12266457564407,1372
13,6,0,306.6664082791339,67.50862671517632,1521
13,7,0,328.5445665088484,409.7563164511963,1562
13,8,0,334.4137014092119,70.70376420735792,1743
13,9,0,323.1462054868733,66.8552055783173,1749
13,10,0,346.190676319306,120.6192852492053,1858
13,11,0,351.8939097570031,382.0158936752072,1866
13,12,0,354.8094625099154,250.2178897789072,1967
13,13,0,341.8765452976477,72.67636796152578,2006
13,14,0,363.5385181087526,65.97411697104488,2204
13,15,0,321.8180248402481,58.05449480764689,1976
13,16,0,313.1783774010215,55.46489295221851,1950
13,17,0,286.0376899047551,49.70477931937383,1824
13,18,0,258.6768965177939,43.90140303699871,1685
13,19,0,220.3012135083328,44.8072592951859,1427
14,0,0,194.2802985311736,172.6690309578509,759
14,1,0,194.9866188801247,50.51554485844554,838
14,2,0,222.0301458724552,55.12754424453208,974
14,3,0,235.6817121964718,56.99155495668411,1070
14,4,0,261.3603213051437,62.46135539994268,1198
14,5,0,262.9401111410667,60.53023058053248,1252
14,6,0,274.2621714124838,61.95707122379582,1363
14,7,0,284.3455225315089,61.61526554128077,1442
14,8,0,307.747819519025,65.71949768469068,1596
14,9,0,317.2990008650529,66.84845864874336,1674
14,10,0,333.1738779922644,67.30363294133339,1827
14,11,0,346.192456256975,106.4751147396715,1906
14,12,0,329.3823372347103,63.00817581299527,1894
14,13,0,337.0332631395147,62.73188191155101,1987
14,14,0,334.9656774803898,166.4302185433434,1967
14,15,0,315.5044656510256,56.52838008823637,1937
14,16,0,308.9783246783142,58.33625019714174,1932
14,17,0,282.7862503685265,48.1547884079196,1824
14,18,0,234.1359609596409,40.17972490094868,1525
14,19,0,219.1959418613987,37.7425941381025,1417
15,0,0,159.7001570722406,41.03526881432341,694
15,1,0,191.1169296350947,48.89568737087,824
15,2,0,201.0205883559973,49.89572547739355,897
15,3,0,213.9439288933846,52.10416250449251,975
15,4,0,241.9302248748998,57.11363032674342,1124
15,5,0,257.8209366066934,60.16132891704583,1237
15,6,0,276.6979474337462,62.35158216085126,1353
15,7,0,275.241306665489,61.54440964211661,1398
15,8,0,286.2969263155487,60.69178719209044,1489
15,9,0,317.9959381480535,147.205288180001,1652
15,10,0,297.4583309629216,59.05561625767212,1648
15,11,0,319.8661897215516,72.01869582632438,1758
15,12,0,336.1918661895395,138.4664814521511,1873
15,13,0,307.3961034066996,57.42377224225909,1809
15,14,0,301.2640404051421,54.45027245039111,1838
15,15,0,281.3405476382612,50.39904634879593,1732
15,16,0,283.3846735267035,50.25832355029836,1793
15,17,0,267.985422866955,47.47988314625822,1679
15,18,0,250.328860443786,64.12262101254946,1564
15,19,0,199.2570153575249,33.6300774056639,1306
16,0,0,149.0595122378325,38.44411183811251,644
16,1,0,152.7802596534313,39.05749132387337,675
16,2,0,208.0697341478968,130.6399016761735,864
16,3,0,222.0198747063564,83.91106185220309,997
16,4,0,226.1568733088048,53.86775825580816,1044
16,5,0,250.7762534029492,76.89655156429359,1169
16,6,0,250.0994623883219,56.80267178606687,1222
16,7,0,266.4730422078409,58.4574399610566,1328
16,8,0,272.4296442301697,57.31963343346629,1428
16,9,0,279.1272297328893,58.7544892618937,1466
16,10,0,283.7361164857704,57.98964912688318,1548
16,11,0,286.763237113807,57.43835785056937,1590
16,12,0,298.9666416175381,57.84924214158521,1708
16,13,0,293.7134208823467,171.8653424114036,1666
16,14,0,295.1402223875155,54.25702291880931,1777
16,15,0,275.228125100524,49.34194630562532,1693
16,16,0,285.3011846030363,167.9204564634419,1706
16,17,0,277.4088765149082,450.9355292664627,1635
16,18,0,207.8946441188498,35.4343084453451,1345
16,19,0,219.4778371503418,373.794686072972,1306
17,0,0,146.2021785759224,37.78391336963621,632
17,1,0,151.0449162114248,38.51533370362256,667
17,2,0,180.4514315888736,44.03152522944646,818
17,3,0,194.1320091518106,47.55154192234505,878
17,4,0,209.6047206346622,49.87126740500432,983
17,5,0,234.1016340514057,53.85212703656337,1120
17,6,0,227.1094534156511,50.61936841170005,1118
17,7,0,260.1512947763527,179.4630462435568,1267
17,8,0,264.3919476460825,139.734563357081,1312
17,9,0,284.4858458829847,295.6087635768404,1427
17,10,0,262.8016336124427,53.80726876338663,1419
17,11,0,261.4628759498084,61.80358958334444,1441
17,12,0,273.4891100200629,52.60684593797689,1570
17,13,0,273.7763191301299,51.43474586543209,1608
17,14,0,261.0270679064893,48.21031706828718,1573
17,15,0,254.796544190249,45.82914413678749,1573
17,16,0,240.8917569983925,42.24678003243677,1515
17,17,0,222.813407361427,39.67398054101189,1412
17,18,0,209.5440626880793,35.68276856223434,1351
17,19,0,172.2565284416376,29.28018061167141,1124
18,0,0,117.0925355519942,30.21035766450546,511
18,1,0,143.6719260913838,36.28053237546346,632
18,2,0,155.5837081003104,38.7435871421041,696
18,3,0,166.4258489238417,40.10798570583712,764
18,4,0,197.5326038662213,47.84210645086922,922
18,5,0,204.3718136584731,48.81007455209003,960
18,6,0,222.7773834137867,53.60225319146517,1097
18,7,0,219.2922711696308,48.03839829436598,1110
18,8,0,220.8105588047812,46.73883645176752,1139
18,9,0,226.3296810532188,46.67008780550044,1204
18,10,0,271.8020201960408,1168.785188196324,1285
18,11,0,233.9887591628037,45.75464067438401,1325
18,12,0,247.0525392220427,47.41070902701272,1418
18,13,0,229.0249463301842,43.24429932354538,1346
18,14,0,223.6142964070505,41.40008685126681,1361
18,15,0,229.0139120025644,41.04086326214577,1406
18,16,0,211.2569580077032,36.62373341312068,1330
18,17,0,190.8211460398015,33.35645953138139,1206
18,18,0,181.5443283200994,31.02834441499311,1167
18,19,0,157.57515192209,26.7653102851655,1040
19,0,0,121.4254519775443,31.83097628023453,517
19,1,0,125.9417615815581,31.61419287943963,566
19,2,0,143.5425793266074,35.27171508924556,638
19,3,0,146.2896857995698,35.9985942038864,663
19,4,0,166.2547590936554,43.08056888894804,760
19,5,0,188.7976128169371,64.84644970872638,875
19,6,0,181.3803394018597,41.35618229486533,887
19,7,0,195.7048252261209,42.84018409441078,995
19,8,0,191.324733515747,40.20524177059871,1014
19,9,0,209.8983120319847,45.4254541234614,1107
19,10,0,203.2338871472406,42.95397366587031,1099
19,11,0,196.1524332769619,37.96060158847101,1117
19,12,0,201.5765364562488,39.32494479143229,1158
19,13,0,213.9204765086604,99.97238395345943,1230
19,14,0,196.7122590085277,35.45279048674826,1212
19,15,0,188.6746226287329,33.73292964047953,1167
19,16,0,182.6245334151093,31.57981907726834,1165
19,17,0,165.6471030430937,29.36409705183409,1051
19,18,0,149.611047078736,25.88121490531185,977
19,19,0,138.8248180126451,24.29660935532642,890
