# mesh name: boxMesh_1
# primitive scorer name: doseScorer
# iX, iY, iZ, total(value) [MeV], total(val^2), entry
0,0,0,113.1654411170184,20.45135612740435,685
0,1,0,117.5659779982017,21.87535155441089,705
0,2,0,133.6352581649929,23.87523560546814,821
0,3,0,154.8638444356442,31.81425529758835,942
0,4,0,190.1551333272579,454.9875916633504,1013
0,5,0,168.5560535883829,29.34617865760592,1055
0,6,0,175.4415070660129,29.97997904181092,1113
0,7,0,177.097915227028,30.95057368146812,1144
0,8,0,192.7325222661292,32.59623479602843,1250
0,9,0,188.7855713305908,31.78815586601902,1238
0,10,0,202.0645617244198,58.89884365527281,1318
0,11,0,194.0460092179505,31.8260884591521,1308
0,12,0,198.4426506377129,32.15118770225133,1355
0,13,0,190.4344581276881,30.38387825629408,1323
0,14,0,194.7520590865147,30.36714456611412,1380
0,15,0,192.977317205118,29.96617747962402,1377
0,16,0,200.556171927577,114.9593111130677,1369
0,17,0,169.4362746141205,26.32000678248694,1222
0,18,0,164.5627144284191,36.62410965872821,1178
0,19,0,128.7977155481845,21.11109187357535,927
1,0,0,115.5029406639167,20.76038518735318,706
1,1,0,134.6923921340787,24.21718513065499,812
1,2,0,151.3447751339827,27.32970522520469,917
1,3,0,173.4913535011547,30.88515703196491,1061
1,4,0,194.2156690069382,34.15760333298568,1202
1,5,0,208.9784546772111,99.69235129377977,1257
1,6,0,217.1646038389005,37.21798873160282,1378
1,7,0,218.3426861463132,38.52420343668147,1384
1,8,0,236.218114784321,39.3248170675193,1550
1,9,0,227.2171010251301,38.31398030851938,1493
1,10,0,234.9260569520924,54.04565798571344,1549
1,11,0,245.3618939298206,144.0965384807239,1596
1,12,0,248.1913850725564,193.32072387645,1614
1,13,0,241.1958952576968,79.44055929431374,1606
1,14,0,242.5277081728741,84.45014704695552,1639
1,15,0,237.1073171228296,207.1921314621297,1573
1,16,0,234.917985943633,48.26052382391106,1653
1,17,0,212.6618208013224,33.33043277564029,1520
1,18,0,192.2210751964172,29.19076649983945,1401
1,19,0,153.8082591571915,23.30692896600554,1133
2,0,0,135.2582470018913,24.17183569843538,830
2,1,0,179.3483089618297,126.6822471290491,1027
2,2,0,180.0076987810277,32.57884895781385,1101
2,3,0,194.4693832792193,34.39686486419274,1195
2,4,0,217.5063413735477,37.90067445389078,1365
2,5,0,222.2202654577595,39.01079999423676,1387
2,6,0,248.1991075009423,43.03702954086786,1566
2,7,0,234.6866394906021,40.2780204097762,1505
2,8,0,262.2221873928459,44.50079295634913,1690
2,9,0,268.0981714654321,62.00308908924273,1728
2,10,0,258.9821013427595,43.3220357640934,1706
2,11,0,258.3256753139262,41.890829038238,1753
2,12,0,276.6610348500876,49.91867607618941,1851
2,13,0,286.0611493092973,257.7236554778492,1849
2,14,0,270.8615949195709,43.42673640077229,1882
2,15,0,274.1056686256424,97.67591763170809,1859
2,16,0,296.181001617333,389.3318381992556,1935
2,17,0,238.1920845618795,36.62433260800422,1723
2,18,0,212.8555500161313,32.99541091508831,1538
2,19,0,184.2401767135491,28.6293441877101,1336
3,0,0,147.0326110349865,26.6585872792253,888
3,1,0,166.7794911333263,29.77957468532712,1022
3,2,0,202.0460810236362,36.28765002870678,1223
3,3,0,222.5581534267351,39.91862368461647,1352
3,4,0,242.0196526164568,46.42501513090594,1482
3,5,0,277.5378814327683,389.3748506708894,1590
3,6,0,273.423157975098,105.3897954460731,1643
3,7,0,275.8313194315094,50.2406732584945,1764
3,8,0,292.7489395102307,49.03505896687527,1898
3,9,0,297.8311158429277,51.28860660656765,1928
3,10,0,282.8646839750683,47.32947807437203,1883
3,11,0,294.4712459119083,50.31425618058201,1945
3,12,0,309.9416951211578,54.87996282414508,2108
3,13,0,294.096191954244,47.42044972908183,2034
3,14,0,327.5506447378376,357.0615826680981,2098
3,15,0,302.4812502780506,71.82284754746669,2095
3,16,0,285.0235905269569,44.61011555413763,2035
3,17,0,268.7879470975803,41.46581273591916,1926
3,18,0,241.4173028579704,37.91823540887464,1725
3,19,0,200.0560683799158,57.90038149548521,1429
4,0,0,158.8130207216454,28.8270608526949,949
4,1,0,192.0126549427127,35.35263586329455,1161
4,2,0,217.3356134362237,39.60357427478807,1307
4,3,0,252.1664799058264,49.38773281340693,1526
4,4,0,264.6520865506195,86.05488971200576,1574
4,5,0,284.9346645580373,49.76580400092124,1788
4,6,0,302.1051047808082,86.34808958187338,1841
4,7,0,302.9471508687425,51.62086834455509,1954
4,8,0,299.7659691574209,51.88274924563271,1929
4,9,0,318.1625926266105,53.43209806723222,2089
4,10,0,310.0818902587492,115.852625150124,2005
4,11,0,300.627287143806,49.16274123750413,2020
4,12,0,337.3631017361985,236.162570644396,2204
4,13,0,329.488970471579,141.3783070755211,2170
4,14,0,320.6835549994693,51.15885348726165,2234
4,15,0,315.5608489375765,49.47581351733326,2224
4,16,0,296.7708997140905,56.22910473155584,2113
4,17,0,293.7337515870392,110.7611607876619,2033
4,18,0,248.043760861639,45.38912334367463,1776
4,19,0,202.1161509497916,31.43317581013815,1460
5,0,0,169.8801227957945,30.49061438092996,1031
5,1,0,189.5841263235323,34.9424111762094,1138
5,2,0,217.25023276289,39.50671974397504,1310
5,3,0,253.4066920957862,45.73564374286492,1540
5,4,0,285.6139458897123,56.77884361577335,1754
5,5,0,279.386572961108,49.60863333211135,1754
5,6,0,322.3535080442832,171.112981787775,1941
5,7,0,320.0543812079633,130.6564971307587,1970
5,8,0,318.5182772850085,63.96614570432823,2046
5,9,0,315.6481214437921,52.52840076146321,2087
5,10,0,355.9129004806097,915.4844508783331,2098
5,11,0,329.0096542523005,92.35468780400195,2178
5,12,0,326.777968894286,77.18316166161237,2175
5,13,0,330.1460775715499,52.89896685067557,2283
5,14,0,324.9767423047454,57.38814562259417,2227
5,15,0,318.5671868141059,50.59069189127668,2242
5,16,0,306.1724873184381,47.30439678519749,2182
5,17,0,306.8708386252664,59.44759534462204,2186
5,18,0,277.2367048735857,42.69278684825899,2010
5,19,0,210.4372917939683,32.02937692600339,1546
6,0,0,185.6922568042408,85.81399450056601,1070
6,1,0,203.1918192619282,54.52367585717847,1198
6,2,0,221.9320046827277,39.44439768665174,1348
6,3,0,267.3502052432576,132.4532086019431,1554
6,4,0,285.2716672607119,71.79896275809705,1756
6,5,0,287.60713053269,49.13756580641884,1817
6,6,0,317.7854312330712,55.00724162288048,2015
6,7,0,321.3837425317935,55.64386009744749,2060
6,8,0,324.6481058701654,55.07168591493338,2091
6,9,0,332.4949896284536,82.74541300071444,2137
6,10,0,327.3472161288952,81.4914777387625,2141
6,11,0,334.4667884853424,54.6558005587124,2249
6,12,0,340.1599625076792,58.16040053089791,2293
6,13,0,326.3563735430954,51.38636311736344,2274
6,14,0,342.0171817394339,63.38592895840842,2370
6,15,0,330.8540378404623,69.78993515495975,2281
6,16,0,332.9217290153541,59.71476474596238,2335
6,17,0,293.6907517011705,44.79546029997481,2124
6,18,0,258.28716190798,38.84694855478505,1884
6,19,0,217.0057558578402,34.29402104102394,1592
7,0,0,187.5600942786655,94.05608653593902,1084
7,1,0,214.5583089652353,38.64624901288485,1296
7,2,0,232.7102172273182,321.2209413004434,1318
7,3,0,264.2548269943434,47.13103028039465,1620
7,4,0,269.5410734713513,46.73843151780695,1691
7,5,0,300.8546972856705,52.612882059234,1879
7,6,0,339.0260669162283,137.3963405148419,2082
7,7,0,319.5219706688402,55.410806650647,2033
7,8,0,332.9957684681127,56.23791653239955,2148
7,9,0,331.802714701727,55.35056560456307,2179
7,10,0,347.7563757530567,64.63969921215418,2268
7,11,0,337.3159481911857,100.8458077552403,2234
7,12,0,334.6757217959735,53.83703973567722,2289
7,13,0,347.2123835811494,56.34057521186244,2372
7,14,0,337.9929021171565,62.56394288690227,2321
7,15,0,347.5105630886997,132.347201000623,2346
7,16,0,315.8986219824419,49.51837677273537,2239
7,17,0,299.656226110763,46.94049690771075,2137
7,18,0,280.6796492040377,91.85275217907197,1957
7,19,0,213.278639487206,32.36992729935011,1564
8,0,0,178.2572484342787,32.52422375626625,1073
8,1,0,211.5148858884993,44.25720603278706,1261
8,2,0,242.3554424326563,43.67317189952789,1469
8,3,0,265.0102224525085,47.45919893007066,1617
8,4,0,287.4637666835224,62.49711543207464,1777
8,5,0,310.3576236502524,54.4341699463008,1920
8,6,0,314.7901644264753,54.89704096655192,1984
8,7,0,324.99414744694,56.73335011916637,2067
8,8,0,327.6974470262344,60.28212149705807,2106
8,9,0,350.0077605827664,66.30905534317829,2254
8,10,0,352.3219211091945,59.85892027317144,2329
8,11,0,345.3220084448316,93.7618335045823,2267
8,12,0,351.7295023371603,57.19041284445289,2393
8,13,0,350.7771346610498,56.32332575861017,2402
8,14,0,337.5909304767159,54.29806870646519,2325
8,15,0,338.650244551905,53.07320993197558,2377
8,16,0,316.221437585488,59.76886005141273,2247
8,17,0,298.0221064424217,99.50695215993436,2109
8,18,0,262.6185043362452,41.26285355351357,1882
8,19,0,221.8675641728861,47.454926978659,1585
9,0,0,193.0873499338549,35.0121527516332,1167
9,1,0,209.763010407408,44.61233230377229,1245
9,2,0,256.6188771532021,45.85033285159552,1566
9,3,0,259.9833515681009,46.78547923711623,1593
9,4,0,292.9646143747537,52.21274569539022,1809
9,5,0,334.5318358185074,333.3765124810254,1953
9,6,0,327.0018319253778,56.5947141216663,2070
9,7,0,343.850234787211,173.9607872329446,2103
9,8,0,351.8047601082823,92.43566049490374,2232
9,9,0,339.8300164771263,56.70963418102435,2240
9,10,0,360.6690539725004,61.44608081128906,2382
9,11,0,347.2359737451732,56.84140469505964,2336
9,12,0,349.2445249857444,56.66583028042785,2379
9,13,0,349.8789803537223,64.58774117157427,2394
9,14,0,345.1733814519708,54.88670422984411,2407
9,15,0,330.7172473620788,51.69867439228894,2345
9,16,0,336.9854055441692,74.61227880958812,2352
9,17,0,311.0782652563204,48.83982381679877,2210
9,18,0,268.9696556445573,41.34649558455149,1940
9,19,0,228.7029498261551,35.37790728018527,1656
10,0,0,188.9262572566494,84.95156078263466,1097
10,1,0,219.1557842813261,43.02299033017654,1316
10,2,0,238.3027263460905,49.28711634875651,1440
10,3,0,265.6717966440305,46.54915801897668,1650
10,4,0,289.597582432708,51.46358010433403,1790
10,5,0,322.5602773605197,67.42008017591323,1981
10,6,0,325.368861153748,76.35472076914367,1996
10,7,0,344.7740350008208,109.4376243166992,2165
10,8,0,346.8956040341163,66.75928602269192,2221
10,9,0,347.0426551776538,58.36763006252371,2270
10,10,0,355.7443477651339,58.74459991578844,2360
10,11,0,333.4374238343115,54.51846425618063,2238
10,12,0,333.114467214615,54.82173262341217,2251
10,13,0,339.8874545506018,54.76237439649172,2337
10,14,0,338.7531039086043,54.38481294579627,2346
10,15,0,340.3577227656896,53.78675364920652,2390
10,16,0,320.7269696901923,56.79956596709044,2252
10,17,0,308.867967094144,51.05794734280403,2191
10,18,0,285.7254917401783,59.11147709878035,2004
10,19,0,230.962408896198,180.5745880026244,1604
11,0,0,182.3159539917985,110.3081518026931,1024
11,1,0,210.7993633581554,43.41960792795873,1274
11,2,0,242.0400952820503,43.3290741818837,1478
11,3,0,262.2795161726511,52.00830316519296,1606
11,4,0,304.0783012156558,131.9543170625932,1824
11,5,0,324.3023250830396,279.1230332117321,1877
11,6,0,321.2776630238318,55.98544361912647,2030
11,7,0,325.9688126939055,56.42701966674976,2069
11,8,0,321.0008917502686,81.51478610017026,2032
11,9,0,326.1359803957255,55.25051277936185,2132
11,10,0,351.2103823042841,59.09595047981939,2306
11,11,0,347.3871374831579,57.61426723746628,2325
11,12,0,352.5213287157562,235.6189062921932,2306
11,13,0,348.2576304075424,67.30656602720795,2370
11,14,0,327.6816676213021,53.11500480544043,2283
11,15,0,330.2276119447625,52.27992426600338,2323
11,16,0,323.1219284062494,51.28679474572099,2282
11,17,0,303.8390424823721,49.47082325994777,2175
11,18,0,288.2440437153184,252.6756699261703,1965
11,19,0,227.068691213502,49.61712011086595,1604
12,0,0,194.8896881722,47.44896839525685,1137
12,1,0,213.0767876215121,89.2616866959945,1252
12,2,0,222.7986155934501,39.64076794106371,1363
12,3,0,260.0822455103453,46.11685186562659,1594
12,4,0,294.455859594688,52.67067486158139,1813
12,5,0,307.9826186320873,53.66013098476629,1934
12,6,0,309.3316838304178,53.15736567443365,1963
12,7,0,322.562300227469,54.78318800756428,2076
12,8,0,330.6821216425217,56.72052918937955,2129
12,9,0,341.3864045881503,59.1412147413348,2246
12,10,0,338.0698341990565,58.63141944444957,2225
12,11,0,352.7658201668441,69.96778804591025,2349
12,12,0,336.1001955057504,54.17544696375531,2289
12,13,0,338.634798852547,55.66406821607651,2334
12,14,0,330.5280040436418,52.33185518902725,2310
12,15,0,320.264416753306,50.35748345425706,2266
12,16,0,329.7370166837887,67.3040083915544,2331
12,17,0,292.6507618477128,45.05127992045662,2111
12,18,0,279.2131480796607,54.79319489421948,1977
12,19,0,235.1719286697035,125.8722719100664,1607
13,0,0,171.8386039902568,39.58239492859856,1013
13,1,0,203.8701805400452,37.92239178740726,1223
13,2,0,238.2803344815449,41.94882628927169,1455
13,3,0,258.9880648069184,46.78160039457021,1588
13,4,0,291.8400478685954,261.0755729944744,1722
13,5,0,285.009571714002,49.31386543375855,1792
13,6,0,312.4152600077678,148.5800399568055,1947
13,7,0,316.8407633793115,55.79443369500009,2022
13,8,0,318.2118473820297,53.71560910459674,2063
13,9,0,323.6888955325972,55.81693894480418,2116
13,10,0,335.6762620057375,63.05240541998582,2207
13,11,0,329.986297717196,54.60967298864315,2212
13,12,0,333.9167798136681,62.74052489243104,2279
13,13,0,375.4873237527739,1349.765549480568,2259
13,14,0,348.2414351187106,166.5652909866693,2326
13,15,0,330.3074258066512,58.00675921502851,2318
13,16,0,326.8205307480048,50.36722519763278,2345
13,17,0,310.1646891409313,55.66483955543614,2213
13,18,0,255.7557605277858,39.70600712890488,1840
13,19,0,218.2636158281384,33.82218323385203,1575
14,0,0,167.8710552582041,30.87335615998913,1015
14,1,0,199.5976972939079,147.3286510855426,1144
14,2,0,215.2964076425178,40.11088117959122,1294
14,3,0,254.1501709262278,44.64810047445622,1577
14,4,0,274.076537255035,48.7330373299569,1689
14,5,0,268.9800915846171,46.8789244857636,1694
14,6,0,309.3089602055877,53.7291605172345,1953
14,7,0,322.0790448406852,55.07601528217555,2064
14,8,0,338.3384640750593,202.5572469867326,2092
14,9,0,342.509925789623,206.2272689462761,2145
14,10,0,319.2235244195795,70.88486402381851,2085
14,11,0,327.2108505920502,53.05932546664021,2214
14,12,0,326.4037493568699,53.55606324323072,2202
14,13,0,341.5038937682575,234.5178651561805,2249
14,14,0,332.7624609924045,56.8677539521471,2293
14,15,0,322.9728710052886,51.2264048685999,2271
14,16,0,306.9381721217845,47.82809294722616,2193
14,17,0,314.177230599494,137.4794875109558,2133
14,18,0,260.3268442840387,40.09529600211623,1881
14,19,0,212.2335300354606,32.79975698633137,1542
15,0,0,169.5747181705099,81.29751681171919,963
15,1,0,184.0192113580902,33.26857112982236,1116
15,2,0,212.2336588223242,37.98192133019184,1289
15,3,0,242.4890560535092,81.82037026003322,1455
15,4,0,252.2638108216045,44.38456994946236,1569
15,5,0,267.6634995092249,47.16905400815995,1665
15,6,0,282.0042779909407,78.15467302999289,1756
15,7,0,270.4244128588918,45.94496868240873,1726
15,8,0,286.2065748857179,48.83510451025861,1856
15,9,0,312.6062036043533,52.16440803109251,2055
15,10,0,319.2248970503366,52.23492904746762,2146
15,11,0,310.8471667294203,51.52304496586062,2101
15,12,0,312.449042879309,51.02125829919174,2128
15,13,0,314.7757314374225,50.37068510284426,2160
15,14,0,316.724044773188,51.32241676293653,2175
15,15,0,328.2027202879773,83.85176873632373,2281
15,16,0,322.5330931911918,261.1629047379293,2148
15,17,0,279.6658835225663,42.55226213388053,2024
15,18,0,265.71709934886,120.894343427095,1866
15,19,0,208.7407575647621,31.96641540441221,1523
16,0,0,146.0146403051488,26.89340899227907,870
16,1,0,178.3240863849603,40.01320024680835,1063
16,2,0,195.5728050072947,35.17719953829415,1187
16,3,0,221.4323357022711,39.10699698108703,1368
16,4,0,242.6784008308346,43.02673678702302,1492
16,5,0,253.0957635125398,65.04864758273993,1554
16,6,0,273.5537416659922,51.84968777250309,1723
16,7,0,276.070717258372,47.34787834000853,1777
16,8,0,297.2156020095172,99.7227465016348,1883
16,9,0,280.2223374081731,61.57409354813959,1829
16,10,0,284.4890347315484,47.17726791921513,1898
16,11,0,296.5735088123244,50.22272470075335,1962
16,12,0,296.1343041354711,47.78159326268833,2024
16,13,0,283.3764136692399,46.17989823925287,1935
16,14,0,298.5336072434906,48.37679919936529,2059
16,15,0,296.9192448109177,47.24277763663953,2074
16,16,0,284.9034523083216,48.39050040696645,2004
16,17,0,267.1218504627394,40.75298460968691,1928
16,18,0,245.0206921552957,38.16057258269525,1744
16,19,0,213.2561887954706,345.8055646051898,1415
17,0,0,134.8090609468066,24.61700304774179,803
17,1,0,170.6432030287587,83.44221282367087,977
17,2,0,175.6616178813986,31.22102010475691,1076
17,3,0,196.7488581952953,35.04553828890358,1201
17,4,0,213.3181884180954,37.41135694215087,1329
17,5,0,230.998121188915,41.43334821765133,1430
17,6,0,240.2274302245219,41.39484620537515,1522
17,7,0,270.1296725243067,47.53288034689228,1699
17,8,0,254.6682669261751,52.57459032426584,1627
17,9,0,255.417400235306,41.95409676241999,1702
17,10,0,271.3347704295156,70.29680924234016,1790
17,11,0,263.1482906653354,71.87457835339595,1706
17,12,0,265.0507595800864,43.61618455423362,1790
17,13,0,266.6359425606124,42.76819972511087,1836
17,14,0,273.9548516194549,44.79228597246271,1890
17,15,0,261.8434038101963,41.41040420590219,1832
17,16,0,264.6287731739893,43.06805341069951,1868
17,17,0,259.1261033754421,545.4488226459728,1697
17,18,0,213.8626432509645,33.65338658243395,1539
17,19,0,194.6469513956245,141.6670850596882,1334
18,0,0,106.9289996667399,19.14685215750995,654
18,1,0,139.5356367952755,25.19989743078785,841
18,2,0,152.8204612640539,26.97710034630207,941
18,3,0,184.8522857275505,32.57303611088594,1135
18,4,0,183.7506948199059,32.38088629362787,1138
18,5,0,209.7787035643044,36.47549570230317,1317
18,6,0,214.5837033067768,37.01279645219341,1352
18,7,0,228.889623380343,57.3460523802915,1431
18,8,0,224.4988186648793,38.29441129801665,1463
18,9,0,237.0492969263878,40.59125069499634,1548
18,10,0,242.6479125839058,41.07212064267618,1606
18,11,0,231.5653940841079,37.64903186132627,1566
18,12,0,229.3637274019009,37.56924342100052,1570
18,13,0,243.9231341385435,62.29139206942357,1662
18,14,0,231.8978928634982,37.13197656948367,1610
18,15,0,228.412110975479,37.07326473700515,1601
18,16,0,235.7469474935684,193.7116998218544,1605
18,17,0,215.5719666055868,33.96302534558175,1535
18,18,0,193.6482187749167,41.73271988559122,1388
18,19,0,159.7757346598831,24.99915616803105,1148
19,0,0,104.1255955232748,46.43973136379685,600
19,1,0,123.9814217248821,23.25654658095167,754
19,2,0,134.487597685454,24.28335736434533,826
19,3,0,148.0760299724019,26.63284217664362,904
19,4,0,161.4452640151693,28.44705998099041,1005
19,5,0,158.9531879725412,27.57039621554837,1005
19,6,0,177.9815759215605,31.1531779548214,1115
19,7,0,184.8711636319363,31.47348308692357,1184
19,8,0,187.3132165079649,31.9132991443978,1224
19,9,0,210.6100009209156,103.6630795538662,1313
19,10,0,187.4565505898283,31.00471448550043,1252
19,11,0,204.228355323753,33.33663063402479,1377
19,12,0,202.7530992827293,33.00467036783275,1378
19,13,0,196.8339154948785,31.84429711865963,1348
19,14,0,199.5502662080662,51.09408185858586,1369
19,15,0,200.5492260269286,31.81090122869788,1412
19,16,0,188.7543419380519,29.65862387059527,1348
19,17,0,163.6773086313932,24.79894995254142,1196
19,18,0,148.6103770750533,22.90878769245868,1072
19,19,0,128.7859414981666,19.90558959673821,939
