# mesh name: boxMesh_1
# primitive scorer name: doseScorer
# iX, iY, iZ, total(value) [MeV], total(val^2), entry
0,0,0,96.97476127959447,19.58863373896128,529
0,1,0,117.776207628163,26.74314252709467,621
0,2,0,128.8815256672039,25.37428760674054,704
0,3,0,151.6809126476284,30.07776874155298,834
0,4,0,156.4679313838303,29.81468718401781,886
0,5,0,174.5994471057259,34.61729714276287,989
0,6,0,175.983907881789,33.02702092352371,1026
0,7,0,191.3491575301698,44.22267511061562,1075
0,8,0,192.8958391677648,36.02073996995348,1118
0,9,0,208.974964701226,44.04230477389518,1223
0,10,0,191.6419558121587,35.27199501217452,1147
0,11,0,198.8109410387998,36.41619337117201,1198
0,12,0,190.2711804348341,33.6322811892278,1177
0,13,0,192.7746005987227,34.44136687929133,1196
0,14,0,194.4412784006266,33.8173521944601,1227
0,15,0,183.7445017166475,33.86728513874629,1152
0,16,0,178.0918260069539,49.81997566652352,1119
0,17,0,162.278947041591,27.83147586307705,1049
0,18,0,140.5578949715459,24.17786771206966,903
0,19,0,123.0974166426016,20.63456209930661,817
1,0,0,122.1996143123143,24.87372904686246,648
1,1,0,135.6349847427344,26.987876089577,735
1,2,0,155.0280642703842,31.64528415432138,826
1,3,0,166.1254680507003,32.62781959779927,913
1,4,0,186.8671981746022,38.92782594844749,1011
1,5,0,193.9465955161122,37.55538295395754,1088
1,6,0,212.1130060525145,46.99726575502569,1177
1,7,0,232.4633897054248,142.7644519635019,1268
1,8,0,219.6511528265009,41.36220916321318,1266
1,9,0,224.833113904241,41.23412733569664,1320
1,10,0,233.0842603898499,41.47882661264723,1410
1,11,0,234.2545331725914,43.07547306807095,1402
1,12,0,228.9754706078345,40.48638896370073,1412
1,13,0,235.7661261947843,54.37500124318226,1433
1,14,0,223.8146968306291,39.67676592503339,1396
1,15,0,232.8938926718308,342.8414487276057,1375
1,16,0,209.9246176541521,36.15797995993598,1341
1,17,0,189.8488845938965,31.80956042121554,1227
1,18,0,172.2680781018681,32.83090772685635,1106
1,19,0,143.5326471958328,24.52416343196153,951
2,0,0,129.6310389346898,26.43690345796315,689
2,1,0,150.9592054619264,30.36443544570539,814
2,2,0,175.4420265626107,36.13818705456278,944
2,3,0,204.2925341060398,41.15626084201465,1107
2,4,0,194.8494175746211,38.22010413198066,1079
2,5,0,235.116534346667,51.79739562707326,1301
2,6,0,234.7093346968645,45.18570373413813,1329
2,7,0,241.8954438882119,45.77281553513713,1394
2,8,0,242.6799048134192,45.90998123361395,1404
2,9,0,256.8593455610434,48.18733407860559,1492
2,10,0,263.4510562168694,47.73942743041863,1583
2,11,0,257.2383753396478,71.67427668379625,1524
2,12,0,265.9051797077475,47.83583664878485,1615
2,13,0,273.3683470592124,114.36921230429,1638
2,14,0,250.8930447427083,43.85348730315646,1583
2,15,0,249.9832224309658,43.19598550401623,1580
2,16,0,220.6150789909714,37.7524274027848,1408
2,17,0,210.8765831054358,35.85973810115541,1358
2,18,0,200.8306871252712,70.58963711119863,1234
2,19,0,172.6691018470367,121.2438994439177,1069
3,0,0,146.4357412690568,30.72275085789327,768
3,1,0,167.8257522391241,38.2431193707578,893
3,2,0,174.4776794838693,34.98023188724363,944
3,3,0,214.6252754953578,42.43886574675294,1166
3,4,0,230.657846981922,101.3725330422995,1229
3,5,0,259.102464632798,77.36764429886253,1414
3,6,0,252.4340180502768,48.61038124122901,1425
3,7,0,265.5197854735085,51.63972804907045,1525
3,8,0,282.1011356820463,52.74412844599776,1631
3,9,0,286.5663629767002,59.53590771170243,1664
3,10,0,318.9904903148012,623.9919571321902,1699
3,11,0,296.4996070282821,53.53902839541711,1787
3,12,0,290.0249289419201,51.69096119360629,1765
3,13,0,292.1108727200362,68.90248456096629,1790
3,14,0,270.8857689949145,52.02326702922688,1692
3,15,0,279.2028394561991,227.5972631259774,1686
3,16,0,249.2042902178829,43.24991850769788,1593
3,17,0,227.7627241600019,38.19569584178299,1474
3,18,0,197.2397766113582,32.56351550258074,1306
3,19,0,192.3205105802197,124.3864952867277,1199
4,0,0,156.8098570593058,31.58793280310541,842
4,1,0,190.9377215728383,38.57218047690638,1024
4,2,0,207.4962446264167,41.2953244382176,1126
4,3,0,232.2701170760768,45.47874229869498,1271
4,4,0,238.817786113143,47.0394471757029,1305
4,5,0,259.2317878881669,53.10742200052039,1454
4,6,0,298.4950951412314,171.5383109738026,1629
4,7,0,293.4018231892867,55.85673076590754,1681
4,8,0,318.9889231795386,169.5844449923464,1769
4,9,0,307.747063003273,58.03939146177096,1800
4,10,0,311.7301078793005,71.00732394084113,1823
4,11,0,302.7461357700195,55.09747099636848,1820
4,12,0,318.1571820763189,67.43675047546662,1918
4,13,0,304.4323498473676,53.7767221199627,1883
4,14,0,293.308080022281,50.81768917205387,1846
4,15,0,297.2620188539537,52.27615197405225,1855
4,16,0,276.1656933525191,50.86108123953145,1768
4,17,0,241.2035677413678,40.73586822278817,1562
4,18,0,224.2964519744696,37.08590661794626,1479
4,19,0,195.7522276746979,32.81570053307657,1288
5,0,0,173.5263751105806,35.67353110936326,924
5,1,0,192.0410239911126,38.62581640078407,1045
5,2,0,234.0344766777056,169.5505795041062,1209
5,3,0,252.2534638660223,103.1659290159521,1333
5,4,0,255.4029405880766,66.33313249501205,1399
5,5,0,281.5761868298463,54.15798825993825,1580
5,6,0,289.1880619927848,55.26378203527276,1642
5,7,0,303.6553191600984,57.41260489954692,1748
5,8,0,317.5654101146239,58.8246428252554,1863
5,9,0,311.3768444243148,58.17760013102002,1824
5,10,0,329.324130842175,61.03751192358672,1937
5,11,0,331.1748388944138,123.5773698198356,1937
5,12,0,330.0788725021856,58.49436645103653,2024
5,13,0,332.2690231445688,58.94760293394408,2050
5,14,0,322.0453388312404,168.2612805020886,1941
5,15,0,306.3717719250428,53.21507485739316,1949
5,16,0,284.1936422821904,67.19597498807059,1816
5,17,0,270.4549715856742,49.23839757065524,1742
5,18,0,227.096603625282,38.04904919405317,1484
5,19,0,189.5136273892872,32.18916722885933,1242
6,0,0,176.8098382926952,36.11437297958903,938
6,1,0,210.8797043774013,42.6738923554791,1135
6,2,0,228.7240197368103,45.33669902061808,1252
6,3,0,255.5463039533921,50.92685337878694,1392
6,4,0,273.5361764733502,54.08131227997148,1500
6,5,0,279.5582316417957,54.46555294708772,1551
6,6,0,316.0520903612515,110.6541213893675,1744
6,7,0,305.5140275586933,57.48257600882131,1748
6,8,0,324.4860351143066,61.0110560328765,1879
6,9,0,341.539597467721,65.44251130349009,1997
6,10,0,340.6490314824816,62.46722980803563,2023
6,11,0,348.2223002033435,62.65916615627335,2108
6,12,0,342.4299256749135,61.72962476098476,2084
6,13,0,336.4676652737773,79.00527601009797,2035
6,14,0,335.1172522064588,59.04559386386821,2084
6,15,0,306.0824117814201,52.51454433457151,1948
6,16,0,313.6460035425465,231.1955182348283,1937
6,17,0,268.8664360763079,46.05071441224214,1729
6,18,0,243.9942986278226,41.45618823877627,1581
6,19,0,198.0067142079217,32.79017386663005,1318
7,0,0,182.977138045474,37.14167354367939,975
7,1,0,219.3107322917329,87.67809515567657,1145
7,2,0,230.3421623970825,45.6501314357162,1250
7,3,0,259.5538808534648,51.65780478609483,1414
7,4,0,285.1422627148496,80.39297145052255,1566
7,5,0,294.7387404180233,57.69935825158198,1639
7,6,0,305.0597525771108,59.51574830712688,1699
7,7,0,329.8635052792015,63.38875116915505,1876
7,8,0,333.6436370353043,69.42191240065064,1904
7,9,0,342.0822030982997,107.9310260450492,1958
7,10,0,347.6500447244661,109.4796813422658,2014
7,11,0,334.198992740815,60.39570225890636,2007
7,12,0,345.4619009850321,61.17695564621922,2122
7,13,0,334.1435986943043,59.59560734266761,2046
7,14,0,348.497534893955,60.42744255408819,2191
7,15,0,329.2575532618627,58.41674504233175,2075
7,16,0,287.8223711941179,49.87314613978967,1831
7,17,0,273.7252171568817,63.377386296891,1731
7,18,0,246.7844721934312,94.05832903934933,1576
7,19,0,211.1791669676759,43.93654053441944,1359
8,0,0,184.0772231023657,37.75119000675785,968
8,1,0,213.8058751190639,43.16677735134675,1151
8,2,0,238.8158231548701,60.24904005750361,1270
8,3,0,250.8180231527603,50.21840712765066,1351
8,4,0,288.5135945431237,57.17186124352223,1576
8,5,0,305.9659536208624,79.09690368053941,1677
8,6,0,318.6175072283678,64.34998608695555,1799
8,7,0,320.5459130113815,60.7382923018234,1847
8,8,0,349.3178651863977,64.83512661086074,2028
8,9,0,345.1283611015384,64.20056055888726,2027
8,10,0,354.1750190143616,64.87010558091576,2110
8,11,0,347.6541809298957,63.77336105310459,2093
8,12,0,355.9953027503186,63.54850990380609,2173
8,13,0,346.812039351424,60.87901992499616,2137
8,14,0,327.4183261081237,62.84820434170823,2028
8,15,0,315.8597253005381,54.61656284607498,2005
8,16,0,309.2636095255419,53.64283884195265,1994
8,17,0,279.2381681364409,46.44499544762056,1825
8,18,0,259.0443159903363,134.1177993367232,1622
8,19,0,222.5477004400215,158.9505863201958,1394
9,0,0,173.9924841273391,35.46261882128189,926
9,1,0,212.0636512420799,43.51317037557308,1128
9,2,0,226.0070165154536,47.79266440217719,1210
9,3,0,264.2624317085504,52.47526156812332,1435
9,4,0,286.7140364802857,75.13072717945983,1548
9,5,0,311.4086960473603,62.68556467892053,1718
9,6,0,319.8774736092611,60.91294270617367,1818
9,7,0,327.075670009206,61.93899965631301,1895
9,8,0,352.6590397897126,107.425927767438,2010
9,9,0,337.2287678194068,63.15421140757667,1979
9,10,0,347.4331871178571,62.79797895897218,2089
9,11,0,367.1494897888866,66.68972426789151,2226
9,12,0,346.1730222031069,65.59092719751018,2099
9,13,0,345.286965424113,60.87554486891291,2130
9,14,0,337.1872854895097,58.53909042895415,2108
9,15,0,333.3646592285502,98.24339273839809,2066
9,16,0,312.6488561161985,53.31166743231613,2007
9,17,0,289.6986184455617,48.26383492984554,1907
9,18,0,258.6251358179564,43.02773769745351,1705
9,19,0,223.8542921453846,81.52225222401586,1398
10,0,0,199.8353049127615,40.8373692629755,1067
10,1,0,213.6410457065756,43.03332712937866,1141
10,2,0,244.8565213506926,113.3136386058024,1282
10,3,0,254.6008752425005,50.05968260111766,1391
10,4,0,275.9933053410005,54.10324111381443,1520
10,5,0,306.9326822953042,60.09427742497872,1696
10,6,0,337.6006602963352,153.9149879476249,1844
10,7,0,332.476895103131,65.30201374236722,1886
10,8,0,370.5862410198378,552.6992724130467,2019
10,9,0,332.5138435067011,60.90247377935468,1971
10,10,0,359.008276529838,88.67247300370211,2106
10,11,0,358.9462921045364,64.65039604515133,2164
10,12,0,352.6420001947036,63.13131988865367,2148
10,13,0,350.8915456927119,62.35504393840241,2157
10,14,0,364.2237003758875,384.7426836896474,2116
10,15,0,366.1138002516267,569.8439596689858,2161
10,16,0,300.8249756310012,51.19083228453628,1938
10,17,0,290.4693957403659,70.46126262018856,1831
10,18,0,254.6649422635386,43.93316867444896,1668
10,19,0,223.4976235396841,45.48743806946212,1437
11,0,0,185.1061069504072,37.89601999448635,981
11,1,0,215.3010324303436,43.26742045898169,1143
11,2,0,234.6157353355162,47.48748880951478,1265
11,3,0,263.6049808320992,52.72392497024458,1431
11,4,0,304.7812667876408,219.6580338385183,1586
11,5,0,316.3303266247217,62.10437566132804,1771
11,6,0,344.7491406233734,194.3849657251856,1897
11,7,0,329.1526838031504,86.77531726798996,1869
11,8,0,352.6886575597533,66.05658594813653,2039
11,9,0,360.011913354535,67.32938721984664,2098
11,10,0,341.2823539152529,67.62972556424022,2028
11,11,0,362.9726200680238,105.0717425730771,2148
11,12,0,353.5016709991922,68.64702793163406,2145
11,13,0,341.7348602808916,61.13501609033114,2105
11,14,0,337.5324716621329,57.91952340156983,2149
11,15,0,333.9814135980238,95.87067221123293,2067
11,16,0,327.9393491918501,241.4664859632733,1984
11,17,0,283.1707829757637,48.25922713110943,1823
11,18,0,251.6162707029144,42.77417296756069,1627
11,19,0,212.8739099421759,35.09027726934482,1413
12,0,0,186.9242373877758,38.32761178972216,990
12,1,0,225.040029891586,45.67120590325491,1205
12,2,0,242.9365513244228,48.13964390104131,1313
12,3,0,270.3407050009665,53.58464579931407,1493
12,4,0,272.4957701419561,53.04193881544899,1514
12,5,0,291.4379020167115,57.1585789707699,1631
12,6,0,310.1061579230676,69.92679093665798,1726
12,7,0,329.4555509081338,68.06926400103967,1833
12,8,0,345.7512603662763,65.22041459161181,1991
12,9,0,330.9656842563194,61.18610691327367,1943
12,10,0,338.09922334053,61.46804243781821,2015
12,11,0,361.2466761345826,72.10884904170604,2165
12,12,0,348.5371700990167,62.12790428580395,2121
12,13,0,345.0442298594708,60.18031871042713,2156
12,14,0,331.4942400334704,56.67971469534924,2109
12,15,0,331.9624917787674,112.3816751292356,2040
12,16,0,297.2820734552869,52.66223255227692,1901
12,17,0,263.8230301445599,49.26517752744429,1716
12,18,0,260.4094647665889,108.5658952008977,1643
12,19,0,212.209640747229,41.00233164771437,1379
13,0,0,168.526602412593,33.6001848435831,914
13,1,0,205.1159626600746,41.30445248480089,1099
13,2,0,227.7204348181958,44.92301684944741,1244
13,3,0,256.0996433968861,143.4668515424984,1343
13,4,0,268.0534100186271,52.72507764109184,1482
13,5,0,293.1168429275918,65.01610052104762,1614
13,6,0,326.092221492765,310.2106171157787,1735
13,7,0,319.8793696470216,60.13175129267195,1852
13,8,0,357.4328332997479,206.5212460527103,1975
13,9,0,331.4374992614246,61.36941579003696,1948
13,10,0,335.8569957693866,62.02048916517055,1992
13,11,0,349.1987329866235,63.78757570257245,2083
13,12,0,315.8559070302181,56.19025024163476,1944
13,13,0,351.7098758669782,227.7933536508683,2090
13,14,0,329.265776337365,57.69907924963271,2052
13,15,0,309.9171318812315,121.2027551826312,1936
13,16,0,302.8296673367913,52.02145300756101,1939
13,17,0,285.605276840414,49.92440969301548,1845
13,18,0,253.4784431467578,383.2464238136603,1525
13,19,0,208.1144387967694,34.90278632067379,1360
14,0,0,168.3841229839397,38.877676060544,914
14,1,0,193.8103720568266,39.58263688982205,1030
14,2,0,217.4614025818983,44.16228016236177,1161
14,3,0,248.7802465401867,51.34585814759335,1351
14,4,0,257.3980524680757,50.66366377837424,1426
14,5,0,275.3579944656015,53.48485576987794,1539
14,6,0,292.4438898563602,149.6105519415611,1604
14,7,0,298.0006839893237,57.22366515957389,1696
14,8,0,312.5218109821575,58.13114695197337,1822
14,9,0,309.0279379289558,57.28216567534776,1821
14,10,0,324.4200038980673,59.22979689431047,1931
14,11,0,340.6099678972054,160.7579588357396,2000
14,12,0,320.132222006116,57.83136770861488,1953
14,13,0,320.1718344574433,56.63094840854953,1974
14,14,0,319.0816897576123,56.03305305940965,1990
14,15,0,287.629742533179,49.23869591081684,1843
14,16,0,301.3100229926392,52.3641052995972,1920
14,17,0,265.5817598378984,53.13598277071552,1683
14,18,0,226.8885443068102,38.72149361168537,1463
14,19,0,197.697245679582,33.77206777521967,1313
15,0,0,166.71952635807,34.41501726358354,881
15,1,0,196.5306660112064,40.70175450297748,1043
15,2,0,200.5628248156523,39.86829985237949,1098
15,3,0,231.9864408893828,46.97020141629041,1250
15,4,0,250.9854036154931,50.29363219080908,1382
15,5,0,253.2175547457492,48.46514905395255,1433
15,6,0,283.3718597379196,54.79350004390184,1585
15,7,0,289.2811589158393,54.65830053731308,1672
15,8,0,294.8463857257706,55.26086700265486,1712
15,9,0,321.4109322502857,827.6419733427128,1734
15,10,0,303.7818314218613,55.8367591368674,1793
15,11,0,305.9163654644996,55.19732383396069,1857
15,12,0,309.1324403996657,54.76749318331732,1902
15,13,0,303.1682385759271,54.81279177225711,1855
15,14,0,304.0955976847524,52.83292566870809,1916
15,15,0,270.4890712725798,47.37606070836552,1700
15,16,0,280.5532650580789,161.8670030829895,1716
15,17,0,273.2890372711975,595.0873586537039,1592
15,18,0,220.4262412333327,36.61481309443985,1441
15,19,0,185.0431499406739,30.99893739155867,1223
16,0,0,143.6250191031901,29.67522144067841,759
16,1,0,171.9355979871385,34.66150890230544,925
16,2,0,198.4034462255804,39.62593046680199,1075
16,3,0,208.2040477644476,41.33360988487012,1131
16,4,0,227.114298696362,55.79096190756687,1227
16,5,0,233.4684930602767,45.0237637065804,1313
16,6,0,254.3075581844921,48.5759205096243,1434
16,7,0,265.5242720464519,50.36140366445661,1527
16,8,0,273.0053858609564,50.20349467613194,1600
16,9,0,276.0561105461387,51.41222270726763,1633
16,10,0,281.8563550131399,51.14511269574167,1680
16,11,0,302.4429829193263,124.1295717276021,1753
16,12,0,275.8325805723694,48.96648194536541,1691
16,13,0,290.9602212749114,51.49072176556083,1810
16,14,0,280.5554058366777,48.66885641225625,1764
16,15,0,263.112102194675,45.23523011255352,1677
16,16,0,247.8447923167701,43.19091014192428,1565
16,17,0,232.2576560361927,45.38885714358494,1479
16,18,0,209.0382609295884,36.11789876319536,1356
16,19,0,189.6193209150958,31.31729126560563,1255
17,0,0,140.468328675624,28.37237876774773,755
17,1,0,150.7710945720132,29.98401759159137,824
17,2,0,198.3314202834311,128.2867263304852,1013
17,3,0,197.9862678154711,39.44478096625194,1082
17,4,0,218.6412145997318,45.98640326401781,1197
17,5,0,219.0104416785735,43.27895895518845,1209
17,6,0,244.9484076443018,47.41497439422479,1364
17,7,0,243.615827761191,46.1141198011554,1396
17,8,0,245.5833016525517,45.61185527123445,1423
17,9,0,250.264954952627,45.93330389813104,1474
17,10,0,239.2117940180507,43.25048195607581,1437
17,11,0,257.6428581029759,46.61624838573855,1554
17,12,0,259.9059530282911,46.32824619024626,1596
17,13,0,259.2136803978584,46.40633629570998,1594
17,14,0,245.1874040390259,46.84924714901011,1531
17,15,0,256.5067280105372,141.111060339274,1533
17,16,0,226.9823287079423,38.65927883804144,1458
17,17,0,222.3375341206189,85.91693963963955,1400
17,18,0,189.4097364320518,31.86490807641246,1245
17,19,0,184.4304407586346,671.8170767004098,1059
18,0,0,129.3591506957211,26.98156262555428,680
18,1,0,137.7160700024357,29.57470103916913,744
18,2,0,154.099313828837,30.43628688815111,838
18,3,0,167.8191866478741,33.12715408883559,919
18,4,0,174.0922217106278,33.87620630088207,971
18,5,0,202.4754475287627,55.34340074113727,1096
18,6,0,204.5367499401833,39.34415039215794,1150
18,7,0,241.1645938500135,266.9069339463846,1278
18,8,0,224.8132344948496,42.39717561534133,1299
18,9,0,230.408621933717,46.53354138638291,1356
18,10,0,225.4718645746356,41.73430341571044,1343
18,11,0,227.9108644910312,41.02230433303441,1389
18,12,0,227.151219302039,46.56032798754956,1380
18,13,0,228.9849217457664,40.37548236317955,1430
18,14,0,229.4756365533779,40.67758708581589,1425
18,15,0,214.2761338384984,37.1688741399214,1366
18,16,0,206.6168820033697,62.86894721439562,1289
18,17,0,198.0387869002399,37.13250742453491,1248
18,18,0,159.0110900204531,26.63933914905894,1031
18,19,0,142.5111392727812,24.1187436331665,941
19,0,0,101.0811750280632,20.45094763283621,549
19,1,0,127.7893482132039,26.22400461974239,678
19,2,0,136.7658677693479,27.18067171115916,752
19,3,0,154.2268422429864,51.01516424043907,829
19,4,0,156.0604699858139,30.47983939959343,866
19,5,0,174.0411716071327,33.75126857235581,975
19,6,0,186.1027884306197,35.22168032680714,1071
19,7,0,184.9619648037488,35.69550228996451,1059
19,8,0,190.0069297048686,35.39182102856626,1117
19,9,0,200.877378983837,128.3034919553263,1154
19,10,0,204.4698958230304,37.24760440326315,1235
19,11,0,207.547281302036,37.19525449060536,1272
19,12,0,200.4877351886918,35.53676639118176,1233
19,13,0,190.0433099954747,33.48723891220233,1177
19,14,0,198.6681156865199,193.2577243403185,1161
19,15,0,190.2457720687208,210.511048329375,1125
19,16,0,178.7150290980881,233.7118550279884,1070
19,17,0,165.4742529819111,28.96185318528712,1052
19,18,0,143.4355063325378,26.70294901926483,927
19,19,0,124.6794686870041,20.89197859303307,821
