# mesh name: boxMesh_1
# primitive scorer name: doseScorer
# iX, iY, iZ, total(value) [MeV], total(val^2), entry
0,0,0,99.65752127991664,21.04681246065076,511
0,1,0,112.3110378029859,24.20434446134002,577
0,2,0,126.8283639093315,25.85950693608151,685
0,3,0,151.246513595527,30.92369088333946,814
0,4,0,155.4581060484768,31.40758714906118,845
0,5,0,163.7051865778971,32.67451049017918,926
0,6,0,178.5990589077681,33.68858618579379,1027
0,7,0,180.7279482050451,39.27912724079484,1061
0,8,0,193.9383392698062,72.66388916750992,1134
0,9,0,206.3905527209332,44.3467136649578,1257
0,10,0,183.9168485899492,31.84260107481471,1176
0,11,0,191.6497963017189,31.67239005202549,1280
0,12,0,205.4556256347129,34.19660136718593,1376
0,13,0,205.0024616594007,48.57023452566492,1367
0,14,0,198.8973749812735,32.01028913256127,1384
0,15,0,200.1871878385114,31.22751184662044,1431
0,16,0,197.4971275417809,30.71090854307348,1434
0,17,0,202.7740312091123,30.8653440880411,1488
0,18,0,205.123715001111,30.85064363204692,1542
0,19,0,175.3533469096571,57.87244904569467,1300
1,0,0,113.785949734233,24.20797663451069,584
1,1,0,127.470018655892,26.44296841098233,671
1,2,0,149.7612681981447,31.20059463147987,790
1,3,0,178.2695594291919,55.0341051303812,945
1,4,0,185.372400953125,37.02027878440589,1012
1,5,0,193.1010771744956,37.97461881255872,1080
1,6,0,195.5914001054565,37.33581722398056,1127
1,7,0,232.4220922921907,278.8631942523013,1278
1,8,0,222.1990925452677,39.43321065260044,1372
1,9,0,231.4260791256999,41.37401957074313,1430
1,10,0,231.8680643973542,51.17006532943805,1453
1,11,0,241.0461889446215,65.09765427582415,1536
1,12,0,247.3337102286187,41.79303990088231,1628
1,13,0,247.5132433237175,39.8643020722953,1700
1,14,0,239.5295309106363,38.86801430346967,1654
1,15,0,244.2298230876527,37.80101743145534,1757
1,16,0,230.067970389133,34.97789917892059,1690
1,17,0,230.0075701555835,34.61828224142296,1707
1,18,0,250.4874931335213,38.15923103617703,1877
1,19,0,227.7523003540267,131.3194013040961,1680
2,0,0,122.6081892469015,27.02482478258823,620
2,1,0,153.1864141108217,32.29821624575575,796
2,2,0,162.8089939985451,33.39014970532893,870
2,3,0,191.6942781152036,38.52505320521092,1034
2,4,0,206.0336736311184,41.07876918698344,1144
2,5,0,218.9613794011345,43.03846385644923,1220
2,6,0,226.3005422827212,44.0380165496905,1298
2,7,0,270.5887703993831,646.1025502334076,1444
2,8,0,268.2672771960452,65.37305417274816,1579
2,9,0,264.6153241563822,47.10896011862814,1647
2,10,0,272.147065435767,47.13041072747166,1724
2,11,0,261.7903314612107,44.25893820003773,1710
2,12,0,278.0558208687416,46.32038046107571,1845
2,13,0,274.1476652348054,44.70170118001005,1854
2,14,0,262.9061685239143,42.2879834690125,1828
2,15,0,283.0283698882658,49.05608145562606,1982
2,16,0,288.4453126346021,50.02861857093648,2079
2,17,0,298.0555348532811,202.6304950591326,2096
2,18,0,290.0765993946338,43.77047777216097,2161
2,19,0,266.0359646083944,240.1245771282086,1909
3,0,0,145.0104013918484,31.66262546599894,731
3,1,0,155.8519677857418,32.82070096737351,817
3,2,0,180.4752600770835,37.74498612201908,938
3,3,0,215.2752000252807,44.30492689373339,1142
3,4,0,235.4055182326024,120.1902574807797,1256
3,5,0,239.8897774982055,46.6504335548053,1355
3,6,0,270.3857324406064,51.32209281747627,1562
3,7,0,270.2761834261813,85.1231156246649,1534
3,8,0,280.8999301096191,52.21565056290893,1693
3,9,0,281.6221446946927,50.64238891076138,1728
3,10,0,284.0008599491537,49.17141358827772,1814
3,11,0,294.6180684286138,49.86328670921311,1924
3,12,0,308.6466998264619,62.27849869065275,2043
3,13,0,301.0271317720487,49.43276408736866,2032
3,14,0,309.8718828832376,50.67585999628762,2123
3,15,0,314.5810292051432,55.17436493581804,2206
3,16,0,313.4680241227454,47.70633927186812,2287
3,17,0,311.9633468000998,46.85871631368418,2303
3,18,0,294.3492636568777,46.6844318339468,2208
3,19,0,264.1154495119055,39.3737876087336,1999
4,0,0,146.7324560781611,70.30024866358427,730
4,1,0,177.2460687433172,37.57884075165597,913
4,2,0,206.3409961335896,43.90698580767486,1053
4,3,0,218.258829642642,43.67738133186057,1182
4,4,0,240.7510598392696,47.95671247152791,1313
4,5,0,263.9630517392962,52.11773263279491,1476
4,6,0,269.3722723813473,51.49029734603674,1542
4,7,0,286.995604954179,53.59725580313739,1686
4,8,0,305.9573161571662,56.42555963077299,1833
4,9,0,316.596974096538,56.02979474569402,1967
4,10,0,294.6588041590821,51.08805866208074,1876
4,11,0,306.9236083850763,51.86606614114567,1999
4,12,0,324.1472792246631,145.1915811221525,2052
4,13,0,324.1855810959534,53.12777572700161,2185
4,14,0,315.9779082166463,50.22555890776903,2207
4,15,0,327.8825896909181,51.12109738089887,2344
4,16,0,318.0073198971016,52.12334629102858,2304
4,17,0,345.0063038434625,176.7007997081182,2414
4,18,0,310.694894091412,82.66640783879022,2302
4,19,0,272.7915807036256,40.31964844148082,2077
5,0,0,162.9650446986678,38.97235193408542,825
5,1,0,185.8839693175139,38.81450969191667,964
5,2,0,211.4399992898501,44.46667152711678,1110
5,3,0,230.5118395421434,49.61206584668206,1225
5,4,0,268.455267593183,54.18554330514021,1450
5,5,0,281.9882214868857,55.20910380193269,1567
5,6,0,280.9583454120532,52.47688606281849,1627
5,7,0,299.9166131938612,55.91264806004482,1770
5,8,0,302.0956767205012,94.7966584287834,1781
5,9,0,335.3552794356541,169.3760254862501,1996
5,10,0,318.5813923576896,55.40273016738965,2021
5,11,0,330.133890278949,56.56686214999814,2154
5,12,0,358.1735159684139,248.7765355815816,2283
5,13,0,331.9698750845141,66.03486447592331,2221
5,14,0,323.8957240082414,51.87984405952541,2258
5,15,0,322.5142850296664,50.60476190418869,2289
5,16,0,336.4883842766666,64.96792996651136,2421
5,17,0,339.547647275664,175.3413675521313,2382
5,18,0,321.8214609640062,48.627755853075,2386
5,19,0,266.8382979592805,38.51978326299108,2054
6,0,0,162.123615331615,34.86378619387975,830
6,1,0,188.819609515044,40.08133841241452,973
6,2,0,236.0722668860302,69.30775110234299,1186
6,3,0,244.5483331289848,49.4381834665616,1319
6,4,0,266.120814783555,53.06567657992998,1452
6,5,0,279.6457824034933,54.86816951696078,1568
6,6,0,295.7738105842802,57.64717969628726,1683
6,7,0,308.5246547931545,62.52108242357281,1790
6,8,0,323.1890633166778,59.0815039112813,1945
6,9,0,339.762169091558,130.5615107036405,2038
6,10,0,347.4659516241989,60.58013030007712,2200
6,11,0,339.1690596912491,57.5045231074084,2205
6,12,0,331.9917562177162,55.43764099220518,2206
6,13,0,342.006233380833,80.57454591411138,2301
6,14,0,333.0214802103665,52.7420052963229,2320
6,15,0,350.4208695524479,85.38501664081934,2419
6,16,0,339.6214822645294,52.72234415048195,2444
6,17,0,341.1422920984658,52.22301874690947,2515
6,18,0,328.2516661716967,49.84373871331317,2448
6,19,0,277.0494905640382,40.26241835557484,2127
7,0,0,163.8886520562989,35.29825552517012,842
7,1,0,199.9678210549326,70.56787044567052,1023
7,2,0,222.1638236439117,64.83460427640719,1144
7,3,0,257.5044615952224,56.74262467721412,1365
7,4,0,275.0430056837842,55.24940198613905,1497
7,5,0,297.4960856602717,58.32213110570039,1660
7,6,0,313.6070561149198,60.38348219108031,1794
7,7,0,317.3878487802409,59.81292879586935,1845
7,8,0,328.132922931458,59.36399325415476,1985
7,9,0,355.1284675276394,430.8175198476387,2047
7,10,0,344.8023172540652,59.59515267883009,2201
7,11,0,358.9797945517768,82.17015883917874,2276
7,12,0,361.5404248865526,344.6302338997737,2233
7,13,0,360.1146027724491,62.64061146467343,2393
7,14,0,341.3281153474616,69.40439115496056,2355
7,15,0,358.3505977875824,107.719051668563,2460
7,16,0,335.9913369064817,51.71639881526404,2431
7,17,0,334.4177064058109,51.33955519640207,2455
7,18,0,345.8685823949049,819.3607365019886,2372
7,19,0,293.0002493404888,145.3162199947012,2143
8,0,0,181.6595712213225,39.66357644607948,913
8,1,0,207.0554303567072,44.22975714582802,1050
8,2,0,231.6417089654064,77.00061990139609,1184
8,3,0,252.8225302173431,64.77185115188898,1333
8,4,0,285.789667648871,57.32860639354635,1569
8,5,0,296.5143452333807,57.47549664116974,1683
8,6,0,303.4081188773212,57.73582904798005,1748
8,7,0,317.4391260779555,59.31512489403113,1858
8,8,0,341.591938239418,63.3499084252729,2047
8,9,0,344.0737858369234,60.8799254778484,2133
8,10,0,354.4308059651117,183.8067265767432,2163
8,11,0,345.9310775259017,58.30090985374029,2266
8,12,0,352.3471026312466,61.45083384195991,2326
8,13,0,357.8111748248226,67.86554170565286,2423
8,14,0,356.863179901539,159.7658791904648,2392
8,15,0,346.2590949804555,54.67644319155698,2439
8,16,0,332.2892811995869,51.55212397791373,2392
8,17,0,332.8931038310184,50.29596268368076,2448
8,18,0,320.7582984644626,47.80388330496828,2413
8,19,0,288.907295117975,56.38447987716967,2168
9,0,0,183.8737303091133,39.60318289188982,925
9,1,0,204.6590237718015,43.20569439941124,1054
9,2,0,229.3596639498869,48.14086233359438,1189
9,3,0,250.9289203955323,51.3148136254584,1344
9,4,0,296.9580784920298,107.9097897907573,1605
9,5,0,281.5531433890641,54.2419895851496,1603
9,6,0,313.0221227642282,100.3163107943545,1748
9,7,0,328.2512995244413,61.19259110067755,1932
9,8,0,346.1844373131606,64.38980021459773,2057
9,9,0,347.3801594091126,62.36723062859524,2140
9,10,0,361.8897915295553,300.032542663823,2176
9,11,0,347.9727111238847,59.44345870301567,2251
9,12,0,394.3210546346775,1341.424184224415,2364
9,13,0,336.9106061695725,54.94825101087478,2303
9,14,0,357.8105173502332,58.08242716489577,2472
9,15,0,331.2330874459516,51.51804867181268,2362
9,16,0,344.0904102549326,86.70755411689119,2431
9,17,0,338.3421441463337,52.61077132787096,2478
9,18,0,330.572270592846,52.01891571482399,2477
9,19,0,274.4713519079173,40.842211576102,2088
10,0,0,173.4895846461863,37.51872226664825,878
10,1,0,195.2128231786937,41.97318033021068,1006
10,2,0,225.3310359335564,47.45221110355064,1183
10,3,0,251.6750947489284,51.44034251308636,1339
10,4,0,270.1595299666771,53.50492896699906,1497
10,5,0,307.0808077283393,60.10314791213534,1724
10,6,0,319.983139314211,60.29355178106272,1836
10,7,0,327.48060921757,61.82713348308571,1911
10,8,0,337.7444293700139,63.30766295269243,1996
10,9,0,339.0222575958725,61.09168804104328,2070
10,10,0,345.6196811253362,60.42205563037277,2182
10,11,0,352.363651213233,147.7484326800478,2206
10,12,0,338.3772278458803,75.06046518189289,2222
10,13,0,350.4986545362444,57.46068311677409,2380
10,14,0,347.7801657179998,58.39601085105433,2375
10,15,0,350.2021442733059,80.64926685195506,2444
10,16,0,345.7901712523848,112.8932979884658,2428
10,17,0,344.6310873669776,52.98756821102806,2524
10,18,0,326.2630077616593,113.1031561075063,2392
10,19,0,282.4641192074776,41.22812995996788,2178
11,0,0,180.4043210693879,38.78885429065009,912
11,1,0,188.08913076965,39.69374469907198,985
11,2,0,237.3222884341482,59.79950355026048,1232
11,3,0,241.8477597712672,48.74004721390666,1310
11,4,0,272.5621171260671,54.03388352206257,1498
11,5,0,303.5767511735904,59.55311515490423,1695
11,6,0,319.4253049141877,61.71437135568983,1799
11,7,0,330.6973785202214,81.09801792400462,1894
11,8,0,329.9978284891005,60.07236259730418,1993
11,9,0,336.4627481596065,60.70741657692367,2064
11,10,0,336.4288099711248,91.06167885972555,2106
11,11,0,335.168352347757,56.21261296885371,2185
11,12,0,354.852042405366,60.64546597750491,2321
11,13,0,349.2679654362764,170.1374018986441,2297
11,14,0,337.2365455283287,53.98367770519322,2338
11,15,0,348.9736769817724,56.01184534774907,2463
11,16,0,347.4896535259115,53.81163567820355,2510
11,17,0,352.8384804973032,54.54174237080662,2573
11,18,0,318.7071942129444,47.61879166967078,2393
11,19,0,288.5035622902232,42.40236768764896,2207
12,0,0,177.2514246367232,37.7817486905715,907
12,1,0,203.221560546151,81.39047948587904,1007
12,2,0,217.5475767763232,45.02610691880545,1138
12,3,0,254.7101641296832,52.04575882562661,1356
12,4,0,276.2023989510532,55.84410637411487,1494
12,5,0,296.3503778138701,60.18605474627427,1668
12,6,0,309.0499994369383,59.03508649486213,1776
12,7,0,311.1171154527316,58.47647978222189,1822
12,8,0,320.4932077273938,58.55705647811559,1928
12,9,0,344.1264684154979,61.67035023583689,2114
12,10,0,350.5010905523528,97.25316649123658,2169
12,11,0,356.6300667987075,115.9875096995331,2251
12,12,0,343.0435187421847,58.24785559016899,2248
12,13,0,354.522043044087,58.3609196152665,2403
12,14,0,338.797539301783,53.80621845715918,2363
12,15,0,322.8134983857566,69.82621607144863,2256
12,16,0,355.6097027210281,264.716981504178,2480
12,17,0,335.6183865646977,51.16060473499157,2468
12,18,0,327.9116541643551,49.83504945227576,2438
12,19,0,280.9100643561663,40.81208743369908,2155
13,0,0,176.4044369375212,71.02149514949568,882
13,1,0,192.4002164965646,41.90010853709368,976
13,2,0,234.2346579787682,148.6727506380901,1150
13,3,0,244.33412459984,49.73823327290772,1322
13,4,0,264.7475116649995,53.16643250878946,1443
13,5,0,295.5268809452213,59.3564120123804,1634
13,6,0,322.8872281824804,502.1740994040473,1732
13,7,0,315.7801733660609,61.90540363625298,1841
13,8,0,312.3844426165236,56.77647954261651,1902
13,9,0,330.7918724959518,58.62176726223917,2053
13,10,0,337.2047334785954,59.90384671077073,2112
13,11,0,335.7909609923595,59.2004384661638,2169
13,12,0,336.2716158490068,55.81201746749721,2237
13,13,0,348.325295647858,139.4468247430126,2285
13,14,0,340.424615882544,59.10851710437601,2334
13,15,0,332.2837225875928,140.480513161369,2335
13,16,0,329.8961418092645,51.18230447693671,2402
13,17,0,321.3745856063279,48.40806929270996,2380
13,18,0,345.4194034004264,424.1196840215891,2390
13,19,0,294.1139102491592,92.36039413851472,2176
14,0,0,158.2891951354508,34.17978213496308,801
14,1,0,195.4782087884292,56.93330669304916,983
14,2,0,213.6071835578859,97.18462581001845,1098
14,3,0,241.5431346858489,212.9130333593845,1230
14,4,0,255.0852441905722,50.31396286457432,1408
14,5,0,291.5829623591081,70.98568930959316,1581
14,6,0,282.5435369124968,59.89856114479595,1591
14,7,0,308.3540381475298,57.69540428020449,1813
14,8,0,313.0345627854897,56.5759468485631,1899
14,9,0,317.4886248013568,56.86864868692016,1953
14,10,0,328.9259222992565,57.6712777958476,2081
14,11,0,329.0941676176975,56.1765511601625,2144
14,12,0,329.9836039192959,55.08210220230107,2198
14,13,0,333.6623161553554,67.20211667093385,2246
14,14,0,317.8690576514517,50.57221558003486,2220
14,15,0,336.6450985761526,53.70221493674966,2376
14,16,0,339.8516155219208,52.1749786014545,2464
14,17,0,329.4284154422627,50.92512085146693,2412
14,18,0,338.3581069834018,213.4089846356241,2442
14,19,0,272.5273898168949,40.47257611588412,2080
15,0,0,159.3690688678722,83.98440588798785,771
15,1,0,175.0907968524312,40.42642778248121,897
15,2,0,211.1336000702267,75.72229183144465,1084
15,3,0,221.6024017051916,49.14171359158918,1190
15,4,0,231.5376716724658,47.30477121665797,1248
15,5,0,262.3691759588009,52.21698970154834,1475
15,6,0,269.4274707836811,55.36553519596459,1548
15,7,0,281.2731615441145,53.75004002358795,1662
15,8,0,296.8796381862564,54.40090301613073,1780
15,9,0,302.0370517492244,222.1176049324072,1802
15,10,0,312.9074479962792,54.08000913932664,1995
15,11,0,311.8289454371646,52.84098628093957,2043
15,12,0,324.737328180629,54.73495182095841,2152
15,13,0,322.8159087161715,52.09015279852888,2225
15,14,0,324.265125823649,51.66615850395166,2261
15,15,0,314.8656977819333,48.89433897818768,2261
15,16,0,324.1377630909941,49.88180284321119,2355
15,17,0,324.1320337156905,50.46335358719331,2375
15,18,0,309.362946503515,45.90164968192494,2331
15,19,0,278.2732292025211,129.4767126471915,2035
16,0,0,142.0848846622926,29.76189539625995,741
16,1,0,159.8549048827052,34.31035567539328,822
16,2,0,181.2640550325172,37.59058279588979,952
16,3,0,196.9232530801997,40.13277851859627,1055
16,4,0,225.76254357143,44.77722607326402,1239
16,5,0,234.3907870235828,64.73826564750674,1322
16,6,0,267.1073952455729,107.2864703452178,1492
16,7,0,249.0411958657038,46.02193981541327,1476
16,8,0,278.8509201824882,55.21024237114818,1680
16,9,0,284.1054071893273,57.93754191178068,1760
16,10,0,292.1492381685674,50.94402171243346,1845
16,11,0,296.7765945301014,66.53519623896293,1917
16,12,0,293.7849454996099,90.35431769615082,1905
16,13,0,289.199532085097,50.86005918668985,1965
16,14,0,301.6151313676625,48.10033802419789,2100
16,15,0,308.7298913901772,65.69826733504196,2162
16,16,0,296.8068094830346,46.08358724297169,2138
16,17,0,309.0432395910422,56.36082889349304,2254
16,18,0,291.1736072271719,43.33816671237441,2190
16,19,0,294.1505575192629,356.0652390299993,2053
17,0,0,134.1737502961664,28.79330433587418,689
17,1,0,165.1765596968572,147.2504336521604,807
17,2,0,174.9562024030946,37.0228677662919,918
17,3,0,185.9379101332104,37.58261176910533,1010
17,4,0,207.2381942990855,41.54034664119605,1146
17,5,0,222.0550816744565,42.91145127324008,1246
17,6,0,239.6954065585939,48.53636439706122,1374
17,7,0,245.0903563002566,58.56096251687709,1414
17,8,0,251.3014377086146,59.17834498819713,1515
17,9,0,246.988677948051,43.75227626275717,1533
17,10,0,258.3017467641014,44.61731226426625,1649
17,11,0,253.062616010486,43.0802033035796,1641
17,12,0,275.3181356789939,47.10180007741876,1824
17,13,0,275.1535269285637,45.62754819453221,1847
17,14,0,278.5488057501623,65.48755642103382,1910
17,15,0,295.1240114081715,95.81428136744792,2026
17,16,0,287.5531909343524,44.977320726404,2061
17,17,0,280.1165129045796,42.05901475514442,2094
17,18,0,283.3431510735658,48.05113746984051,2130
17,19,0,257.4229266360941,45.51243007137221,1961
18,0,0,112.0384948196752,24.14812899027784,571
18,1,0,134.8192684406669,28.05343958601788,709
18,2,0,161.598829072787,51.61831263569506,826
18,3,0,166.1450627280922,33.84589309063666,894
18,4,0,172.371007463287,34.65944056070909,938
18,5,0,190.2957434877067,36.73127819769542,1077
18,6,0,207.8940554944646,40.13922207177909,1182
18,7,0,214.5642547919794,40.14575478996455,1275
18,8,0,224.4679185274984,40.91608098669981,1365
18,9,0,243.9110793474627,153.5161454908661,1413
18,10,0,239.6635521628325,42.88951642574822,1512
18,11,0,236.3901871144929,147.7685349164722,1480
18,12,0,243.3210293979555,43.94425274234414,1608
18,13,0,242.6125449839294,40.38911865156302,1635
18,14,0,241.7356569443579,39.56465476767229,1655
18,15,0,249.6383128498889,38.54993402018137,1800
18,16,0,253.4866298844647,40.76299149200852,1811
18,17,0,252.0044118387184,58.28437495514545,1841
18,18,0,261.3668113878505,69.47077419753829,1925
18,19,0,233.1908888208708,191.192512207261,1687
19,0,0,100.0726388744136,21.46162983526567,513
19,1,0,106.9136688465943,22.29291066463844,568
19,2,0,127.1967705294548,26.3523548498919,671
19,3,0,144.5214368820947,29.03870063141289,792
19,4,0,158.9949741982242,32.12869461651749,876
19,5,0,174.3320097458946,34.8295087923512,969
19,6,0,175.4341898619996,33.78673288335968,1013
19,7,0,175.2345008897202,32.44358192940858,1039
19,8,0,184.8761766946808,33.74016174633199,1127
19,9,0,208.9552387605806,58.73639443641122,1278
19,10,0,200.3301160590117,36.31325695301086,1247
19,11,0,208.294251671144,35.55055536837903,1357
19,12,0,199.1589292825494,33.18759443912647,1336
19,13,0,220.2661816843261,293.1070063518586,1355
19,14,0,199.56382631206,32.12936708918264,1396
19,15,0,191.4680566195819,30.02476663571294,1369
19,16,0,188.9566964603444,28.97959630897736,1375
19,17,0,202.7086222554916,254.0137229468436,1393
19,18,0,199.9157332796481,66.7222175835354,1454
19,19,0,170.0670091169088,24.30249431139797,1329
