# mesh name: boxMesh_1
# primitive scorer name: doseScorer
# iX, iY, iZ, total(value) [MeV], total(val^2), entry
0,0,0,21.52693179697367,18.12912366412755,51
0,1,0,25.7985927513013,19.53496727020872,69
0,2,0,29.84760657503295,27.54883786978835,80
0,3,0,37.86533618525515,24.93383273341141,113
0,4,0,51.76990631627213,32.42143498448276,151
0,5,0,42.32347793257979,23.26010998140387,134
0,6,0,66.57138104395342,32.09466725764029,218
0,7,0,70.89081536982731,26.32267733567036,251
0,8,0,99.81338156739884,68.77189495593447,327
0,9,0,97.80208007191075,46.23016575432602,341
0,10,0,123.0276351376782,57.96245735066704,441
0,11,0,125.2306020898418,40.22703447397055,510
0,12,0,134.5952252982619,46.09883929366148,567
0,13,0,154.788850539938,51.04522942992246,639
0,14,0,188.2212168198453,98.1318871362292,750
0,15,0,167.846254769045,48.4411904765542,754
0,16,0,188.3230569052486,91.71914046205654,781
0,17,0,172.1462934644726,288.4001369844327,729
0,18,0,165.8680603645181,63.2929175620957,738
0,19,0,147.4864861744874,50.96348443247435,692
1,0,0,23.15216458183654,11.74141357636666,70
1,1,0,19.96145165741105,8.741017605590823,68
1,2,0,26.67915325931574,12.52855813342765,79
1,3,0,35.64712035931447,24.61194272574548,104
1,4,0,42.95370700172182,16.96679517539902,145
1,5,0,70.89644108239106,57.69852704736859,200
1,6,0,67.18186162588461,30.81024167611115,231
1,7,0,80.65499211976527,34.23466563962637,283
1,8,0,107.4354512035505,58.06986511200622,357
1,9,0,99.95800610539172,39.08690113463901,377
1,10,0,132.4467275301264,51.84243225144579,502
1,11,0,134.3068922438686,42.70110429000572,540
1,12,0,163.344434069725,91.81961598258985,615
1,13,0,170.8736117359597,54.65028782502069,728
1,14,0,202.7379569845131,90.74395654702612,803
1,15,0,198.7784820881685,75.50572095174304,842
1,16,0,188.0221546189871,60.60318399532722,849
1,17,0,180.022437686325,50.76911716173932,834
1,18,0,182.9986729903301,52.8131374967759,866
1,19,0,176.874375209503,57.71912450673138,843
2,0,0,17.53594724497917,10.12569736815142,50
2,1,0,24.06824786451167,19.51609140910706,64
2,2,0,29.86652957914369,15.0536681039503,86
2,3,0,42.59892764603901,21.38318715172447,135
2,4,0,44.93648071417378,21.04005320735681,140
2,5,0,61.83926459640147,29.37052647304996,191
2,6,0,86.83614899649199,59.92910987672726,241
2,7,0,87.20848730974657,45.39625972488584,284
2,8,0,100.554044114972,47.14197438007838,351
2,9,0,129.7723951391778,58.64076139048808,471
2,10,0,137.7392093931676,48.39154960197908,514
2,11,0,155.0204064696869,71.47971248517638,585
2,12,0,171.8587831698489,62.44585586247928,686
2,13,0,185.5192609660982,72.54596221130127,742
2,14,0,209.1441758403232,113.2533499485075,827
2,15,0,200.5832228733038,70.83595282234151,865
2,16,0,195.0252243519535,58.37090401653901,887
2,17,0,215.2343901248419,73.91311906003226,980
2,18,0,202.0421437816317,73.1683922344083,927
2,19,0,195.4459048837912,74.86340543745936,911
3,0,0,26.1458147974383,22.17726759028686,65
3,1,0,21.40682278133478,10.43244124746239,61
3,2,0,31.13364960970794,18.15831798921855,96
3,3,0,44.30214672658018,23.95805651554065,126
3,4,0,50.33748537710188,21.19821809682029,159
3,5,0,70.94990502656486,32.22844011154088,232
3,6,0,77.99054769189702,33.98839112540952,270
3,7,0,103.7797919333548,56.44621861537144,333
3,8,0,116.1704231985998,52.42700064154756,388
3,9,0,133.2306412879605,69.46808098073478,455
3,10,0,152.1155790472726,69.47737972075859,547
3,11,0,171.2529550097835,130.362650712921,663
3,12,0,190.611394337823,85.11678686339582,745
3,13,0,206.705874106217,76.17000959749898,858
3,14,0,216.3966949268684,75.78918845837345,913
3,15,0,241.8200938848909,100.3165362825333,1012
3,16,0,227.2149523090317,75.04572276774915,1026
3,17,0,238.7733827694781,88.69974662734977,1076
3,18,0,212.9649573910217,68.83856216044947,1005
3,19,0,212.5744880749067,71.36322192784928,1001
4,0,0,20.32440471703704,7.83797972011372,72
4,1,0,37.76209510497314,34.79532157258435,94
4,2,0,38.88619023732375,24.92773245902276,105
4,3,0,48.07832083085182,32.31387688984911,129
4,4,0,55.09600263961738,21.75294461219871,185
4,5,0,70.26816269326898,30.51688410311422,242
4,6,0,77.90578638461439,40.01462371218878,261
4,7,0,118.7151469473092,77.19741565732886,364
4,8,0,117.0504980798695,45.32901144518771,426
4,9,0,148.7472864222406,77.72539130069315,516
4,10,0,161.9481221712857,64.74502228575096,606
4,11,0,161.3572217791474,61.86988619375667,644
4,12,0,192.7397447815488,79.79178411978525,787
4,13,0,210.9479553183373,71.15052257656754,899
4,14,0,214.8169826926863,73.04815512809337,896
4,15,0,244.5595918224172,88.39858438037392,1053
4,16,0,231.1639919693154,79.29537151382556,1034
4,17,0,240.5430470200215,89.02228412499926,1079
4,18,0,245.1110201314144,81.19826352076863,1138
4,19,0,215.2225512932427,60.76481664579886,1058
5,0,0,20.4584670456305,11.03498769243317,60
5,1,0,21.83301361933234,8.197043038541077,76
5,2,0,34.114789745617,17.20953796444944,106
5,3,0,47.17758535106281,21.9132789531836,148
5,4,0,67.07046053354551,33.70391728311881,206
5,5,0,66.82620371961058,40.78208031519158,209
5,6,0,81.84019730695078,36.84589435234548,284
5,7,0,114.8329510944282,56.91746165332032,381
5,8,0,133.6934385121929,66.88471168814092,475
5,9,0,143.721813657653,53.97460290939703,542
5,10,0,168.6295040570114,79.92572202636906,610
5,11,0,192.3210676625962,78.88755285903936,731
5,12,0,211.5769792933474,85.41313807340775,855
5,13,0,230.9166872810738,81.82478290614731,953
5,14,0,240.5283804378032,95.65997744633863,1032
5,15,0,250.664960053805,101.1048564135754,1102
5,16,0,247.045085142295,76.314845766772,1138
5,17,0,250.0528434728562,79.00817643859492,1171
5,18,0,233.9801530412608,74.40256427297206,1104
5,19,0,238.9160724355157,74.1226356395584,1108
6,0,0,20.75977876744315,11.45682198445446,57
6,1,0,36.50222867306277,18.54849769973616,107
6,2,0,41.13889560780642,17.74815069607907,121
6,3,0,39.91503348194214,24.48381688935442,118
6,4,0,74.48162573557534,138.3345906335741,187
6,5,0,81.46153382106267,50.60138990423555,256
6,6,0,96.24307815531428,43.80804873905261,320
6,7,0,112.4438568478176,56.41798594542004,380
6,8,0,110.8794362372367,51.84960780717581,408
6,9,0,163.1761184883728,137.5926291554809,551
6,10,0,182.0427011898324,111.4563024582461,640
6,11,0,180.6369795773304,73.27570492134763,702
6,12,0,201.6968039402528,63.39474691623904,846
6,13,0,241.60251684772,97.81210524142702,961
6,14,0,265.5198318047544,96.85061498687115,1109
6,15,0,265.3033786887225,77.31294767030698,1196
6,16,0,272.6790834977169,91.28408072865903,1249
6,17,0,288.3834541770158,122.2255401373554,1265
6,18,0,256.4016658506705,89.42419818027494,1187
6,19,0,223.317880805297,67.96915591847329,1067
7,0,0,19.94673270875504,9.804232501535511,72
7,1,0,35.53454395621267,25.90587878624809,98
7,2,0,31.99901912712401,12.87272266902062,107
7,3,0,50.23378758243895,32.03270192914333,145
7,4,0,58.93654151625645,26.15298302929241,190
7,5,0,76.51070018070844,47.14090851395157,233
7,6,0,91.94543864104185,35.85385861864313,317
7,7,0,120.6074522453131,53.12957091950185,410
7,8,0,135.0181075223774,63.8514878012016,459
7,9,0,152.7722943336829,76.50770179451598,541
7,10,0,181.4681599159663,67.45136728978207,686
7,11,0,201.8653042261619,68.28045406044268,804
7,12,0,209.0733864031272,90.66726634434931,850
7,13,0,244.3378956481283,89.65959718726714,1010
7,14,0,283.4167962771036,649.286262437422,1088
7,15,0,278.8340104432913,102.3621386071017,1222
7,16,0,281.6492828340234,105.3487409207739,1229
7,17,0,277.5418616745722,92.36164473795127,1265
7,18,0,278.9544646309241,158.6481004912185,1299
7,19,0,264.1158364024586,74.64786076546036,1274
8,0,0,28.17845990480119,15.735514879066,78
8,1,0,29.14701007472893,14.68786893766215,96
8,2,0,30.51671215946847,16.65882319247162,95
8,3,0,47.48268152315804,22.07967258816218,157
8,4,0,65.12292133215053,28.42342059570099,217
8,5,0,75.26122527632501,34.58219550512043,249
8,6,0,100.4255032856255,42.03137607552674,343
8,7,0,114.8550391271908,52.88784801491001,403
8,8,0,133.1397472090897,58.4203112467091,480
8,9,0,153.2974684499954,71.70606741269768,545
8,10,0,182.7288063549556,94.9706178989143,673
8,11,0,208.4958583559237,75.86245828027583,825
8,12,0,219.9981482926766,85.33514476101907,884
8,13,0,238.7179097271219,80.55495819936463,1030
8,14,0,259.9965380423791,87.91718387584977,1122
8,15,0,265.8390374056431,87.64181002822188,1179
8,16,0,293.9700465730768,104.8783099880252,1285
8,17,0,272.98992684108,82.58714127392918,1270
8,18,0,274.0440261334514,92.28773428675251,1294
8,19,0,242.6073198704018,70.4183259224951,1169
9,0,0,29.4986998341037,27.44097559060327,77
9,1,0,23.1104327577555,11.8854642175623,85
9,2,0,35.34036045144134,17.264397234677,111
9,3,0,64.12924546542411,38.21746402917938,186
9,4,0,67.51059398452529,30.66632365510461,211
9,5,0,85.14180384549647,58.55586885245884,247
9,6,0,106.2659389709298,100.9708695728959,326
9,7,0,120.1808848442221,80.99959708331843,370
9,8,0,143.9968769958845,72.23278632663042,505
9,9,0,152.9849338405218,55.55608976795055,587
9,10,0,186.5370952251473,79.72724398653763,682
9,11,0,211.3024980022686,79.41275525170268,834
9,12,0,213.4609850540423,69.95824615469446,916
9,13,0,244.6573465403023,88.45111739489636,1045
9,14,0,276.5016064936571,108.3239330028369,1199
9,15,0,262.4758062996139,77.32546240194543,1192
9,16,0,285.9740988473195,96.15594821683635,1261
9,17,0,283.5869820975227,84.81696408374928,1321
9,18,0,279.3028665726353,92.82963466383599,1293
9,19,0,262.9600312393009,154.5742609606986,1215
10,0,0,24.97310295496751,14.16743072312035,76
10,1,0,39.34577090614556,25.74235485130075,113
10,2,0,42.81070910160759,22.74098071626356,121
10,3,0,55.21162324999749,37.49914138502693,141
10,4,0,61.64414852152556,32.73367035311048,186
10,5,0,67.18065162561264,25.59599966591296,223
10,6,0,115.3772021944722,100.3891378628508,361
10,7,0,118.2070778809439,54.05387893957089,395
10,8,0,132.568047784192,59.08017606363514,475
10,9,0,152.8809330823677,53.2030391917498,581
10,10,0,172.1380389911957,58.65755360623489,674
10,11,0,212.1966839086034,194.3907450534629,766
10,12,0,239.7411828193225,91.56494986244243,963
10,13,0,251.445820607995,87.62232164939226,1062
10,14,0,261.7830006159647,82.95447333629781,1171
10,15,0,287.6282689828847,92.14702017387408,1238
10,16,0,280.3604630174581,90.1403137365093,1283
10,17,0,292.0832898683835,90.44908745682724,1318
10,18,0,266.2508517824122,68.58406330301317,1296
10,19,0,263.0502776539024,81.40017858441155,1250
11,0,0,22.27767995686675,9.97698958774823,74
11,1,0,30.53767518144459,14.05476631187071,97
11,2,0,44.55058204098828,33.99813617640652,116
11,3,0,62.52989923869929,50.20219003785817,163
11,4,0,67.83619725015397,38.95451347937327,199
11,5,0,75.28649044436321,31.02204883822052,249
11,6,0,94.91861611829079,42.42542567934591,322
11,7,0,115.5701557023277,59.56998215420365,409
11,8,0,136.2345497633829,68.62120150112082,483
11,9,0,168.019193580137,76.08422695246604,605
11,10,0,169.4609910333686,62.68464952213066,674
11,11,0,213.9863133699106,86.36045518037035,830
11,12,0,223.9090936498661,77.13519550753252,907
11,13,0,257.3217192777371,93.56016717247746,1065
11,14,0,266.0541406823264,101.3057882830008,1122
11,15,0,278.8829579119462,94.45005758822073,1228
11,16,0,284.0818922837187,92.00375455963521,1288
11,17,0,276.3803014009408,96.55216273310562,1274
11,18,0,276.4676390062398,91.11683947620169,1273
11,19,0,272.4400429846006,82.08395851073504,1279
12,0,0,22.9116474525801,11.21109425473155,71
12,1,0,32.45007166327252,20.53297473125497,91
12,2,0,37.42427764915193,21.06556320824877,110
12,3,0,43.38448445158446,18.01107582862976,147
12,4,0,69.69979357940643,44.62829241032301,200
12,5,0,85.76678998482717,51.26401474612073,260
12,6,0,106.065087020835,51.15465822395906,323
12,7,0,106.3611020572036,47.35885718318802,369
12,8,0,135.4886472835645,59.86601655110665,472
12,9,0,170.3285686216136,362.5472221039715,564
12,10,0,171.3582464634679,72.62014171489707,645
12,11,0,204.2494858477391,92.51852179318495,760
12,12,0,231.7053690811923,81.63151539900436,923
12,13,0,250.9217000782166,103.5321149534327,1034
12,14,0,261.026122447732,105.035528388871,1067
12,15,0,259.6326743453245,77.2598807387165,1158
12,16,0,270.3723364047237,83.29143294580331,1248
12,17,0,266.1307185846704,96.06478529727886,1217
12,18,0,258.4970319836669,83.64141209452875,1226
12,19,0,243.2901631903389,72.98332332732343,1188
13,0,0,23.539226663194,12.2247189317977,75
13,1,0,27.88138735328045,10.92209564362305,87
13,2,0,45.91637117498225,31.2631565703611,135
13,3,0,47.96085671810727,28.49792621953522,138
13,4,0,60.4556994758051,32.98169239589181,187
13,5,0,78.64500992683908,80.06110787613889,227
13,6,0,89.16014993089649,36.52105112074433,306
13,7,0,111.7935365322897,51.10292211512232,379
13,8,0,128.8515983324215,64.84314629961726,448
13,9,0,140.0909970389438,50.25453040847066,525
13,10,0,167.9137702686626,66.79423344210853,644
13,11,0,209.6748700350556,183.2549019914323,752
13,12,0,222.8866886545285,95.91708817093875,887
13,13,0,223.2764326168558,77.35321786848519,933
13,14,0,240.6279779530846,76.33882959058802,1033
13,15,0,258.859916712149,83.41177291150692,1136
13,16,0,256.0777099391839,91.30957249305258,1155
13,17,0,258.14088593616,89.75558699087708,1185
13,18,0,252.5018245101324,74.08521129870549,1201
13,19,0,242.5679333796952,71.45677151371467,1154
14,0,0,18.04833189055762,7.84606562980972,63
14,1,0,27.68633495645787,14.03214355060112,85
14,2,0,37.51341911222787,17.05006065285734,117
14,3,0,43.79751072599849,22.95488607819526,140
14,4,0,64.50703943709935,31.85194432850302,200
14,5,0,67.12763754378219,30.44235542521469,218
14,6,0,101.6351180297265,136.2363948247803,292
14,7,0,118.9223349179202,66.68037162660565,394
14,8,0,130.4312068086248,64.6834360152089,450
14,9,0,148.1524971786351,75.9827792719982,517
14,10,0,189.1016611442311,239.1138240421446,656
14,11,0,187.6401641530618,78.85600450981073,718
14,12,0,208.9571751684228,76.49861240574339,851
14,13,0,218.4157735665341,75.51427538417312,906
14,14,0,245.4914476903919,88.06654331737556,1055
14,15,0,251.1703212180679,74.68222468675755,1119
14,16,0,247.8082626585385,87.12678510293735,1120
14,17,0,253.6166886500211,79.53465729939444,1181
14,18,0,244.1558401309411,83.41795762682389,1134
14,19,0,256.0193621865084,244.7372716662914,1131
15,0,0,27.21839287611553,21.0109181391682,70
15,1,0,27.53245848509665,22.64474988659205,77
15,2,0,34.57924392282375,26.81765645862047,97
15,3,0,46.64877451386547,29.62746831804659,133
15,4,0,46.36097646236588,20.50252978644863,147
15,5,0,76.79587208233302,47.24176777666029,234
15,6,0,83.60039172480961,34.26133540493151,289
15,7,0,125.2264071606406,170.0123702222317,361
15,8,0,116.7862234933888,45.96218434238373,433
15,9,0,141.8354251429427,64.15957968265296,509
15,10,0,164.911900167591,60.62017123035287,641
15,11,0,175.9943628559731,62.22245920591946,695
15,12,0,198.1113375050804,70.50620363854274,829
15,13,0,230.2820287262313,137.2580971521068,932
15,14,0,207.9948162801132,64.96472038473581,926
15,15,0,238.0164410649966,86.30567235855824,1019
15,16,0,229.6753079105662,85.98338806890592,1043
15,17,0,238.379214599835,66.84169059442121,1093
15,18,0,245.0416550564289,98.21255790850111,1123
15,19,0,227.0460386342239,86.12809827065132,1045
16,0,0,27.36542498233089,18.31055024659905,66
16,1,0,26.62160170063665,15.29743560752754,69
16,2,0,33.97088035503572,14.75762631663646,96
16,3,0,41.25718012980468,18.87643749764739,128
16,4,0,53.36252193528583,33.16089961374849,172
16,5,0,66.0887363909919,41.28279800560953,198
16,6,0,71.78865208376379,37.38147737061848,238
16,7,0,112.4229766373996,145.9962469281936,325
16,8,0,102.8706929160963,38.71149116557314,392
16,9,0,133.5017412920693,55.27932098704031,470
16,10,0,154.2297233244172,65.32801490359167,588
16,11,0,173.2510952277941,81.99980963089968,644
16,12,0,187.0943670790163,72.51159675461453,758
16,13,0,207.5945138987231,192.3984324041691,810
16,14,0,229.051522555467,86.49509586142486,981
16,15,0,220.3049542359705,73.31967327567618,966
16,16,0,226.3995986623727,76.95890108435989,1007
16,17,0,240.8961584881461,103.1011757033114,1044
16,18,0,231.5598114759999,117.2154007464761,1053
16,19,0,221.0262080618067,96.76202545227576,1014
17,0,0,15.75905522102143,7.560490362551798,50
17,1,0,18.79603102151276,8.858488994569306,53
17,2,0,33.00453545483136,18.07375446984222,98
17,3,0,57.2938289451437,41.04021543025755,144
17,4,0,39.6375647551748,19.68078518530882,128
17,5,0,70.63307486952117,47.17937932008601,213
17,6,0,89.8273681364269,121.5337074573088,250
17,7,0,83.03585414653993,47.43633166643549,274
17,8,0,108.878585510967,59.15841137562718,369
17,9,0,126.4270010414245,61.7859862583603,422
17,10,0,143.8774218304073,67.73982776190711,525
17,11,0,150.6043300958813,57.88162887387236,593
17,12,0,162.9419932655994,63.3044504871118,654
17,13,0,179.8762859212654,58.96718397359643,747
17,14,0,198.7913804579815,75.08001575111355,842
17,15,0,200.5144623695729,68.73844959450547,877
17,16,0,199.3181622888924,62.88699845865224,917
17,17,0,209.6692911347331,97.02637865365246,913
17,18,0,203.0585453019528,70.47285446349939,945
17,19,0,191.6080875956624,70.0249281412748,907
18,0,0,20.45137543140757,14.33836018135979,46
18,1,0,22.87591850996409,13.3127801453965,63
18,2,0,25.62965989900541,13.56425695742422,77
18,3,0,42.43002419934562,35.48582195375262,112
18,4,0,48.76891637594553,29.82850465959265,142
18,5,0,53.66377865017643,31.46043896661217,170
18,6,0,73.46564345675164,45.74059587261888,226
18,7,0,79.67532778381387,44.87782927542144,263
18,8,0,95.93710164125514,43.46890342996331,330
18,9,0,118.974794241305,44.42412165925112,437
18,10,0,128.1885589012401,47.52035732380911,487
18,11,0,142.1757623291269,68.61498050959256,528
18,12,0,173.4548538853232,69.64166592899007,670
18,13,0,155.3329616050987,50.50230761782069,652
18,14,0,179.7385298831157,54.82577655113258,775
18,15,0,194.6582641916248,77.39242467377244,812
18,16,0,175.5359711392115,62.65482396597705,790
18,17,0,185.2670901139369,136.8039809531028,843
18,18,0,191.6063625275267,69.40439875055421,855
18,19,0,164.7737993005713,115.0920168853956,752
19,0,0,31.08874378031572,32.64884098984329,73
19,1,0,16.36198107786724,8.921160262068966,63
19,2,0,28.46890641603715,13.31666552953501,96
19,3,0,35.98092395973061,14.24266726437831,121
19,4,0,41.69124443492721,23.07848512903857,136
19,5,0,50.68186534654283,36.06072442543345,146
19,6,0,65.20092200669924,51.2797841117779,194
19,7,0,75.25465674104996,43.66372852267629,249
19,8,0,86.86618262894386,31.72001719287439,308
19,9,0,102.7785995813422,47.39702161728583,368
19,10,0,101.0711856643443,39.51710271392945,384
19,11,0,124.3184073739117,51.3691640660156,477
19,12,0,126.9684475791243,41.36094898124789,531
19,13,0,158.47864348569,56.79924202458921,657
19,14,0,157.1246293998923,47.71517176720516,681
19,15,0,147.7547822563517,51.29426327807934,635
19,16,0,171.2465041199929,62.82242681825456,766
19,17,0,162.516774730965,46.98288163055675,751
19,18,0,163.1267252801813,54.59530047888101,739
19,19,0,148.3927670382054,49.21371915131843,701
