# mesh name: boxMesh_1
# primitive scorer name: doseScorer
# iX, iY, iZ, total(value) [MeV], total(val^2), entry
0,0,0,94.97240795808459,15.20598984591348,669
0,1,0,111.9513326216136,17.20242979301987,801
0,2,0,128.8544066680947,20.21709155204345,915
0,3,0,145.8728952418735,22.5470057887372,1043
0,4,0,159.8282200054016,25.39925602467521,1128
0,5,0,166.2983412067362,25.79244038044449,1192
0,6,0,180.0575070038593,29.24567962837592,1290
0,7,0,183.8747188861518,28.10030521174888,1331
0,8,0,191.3775363442585,64.53019645612065,1349
0,9,0,174.045901989653,26.28639636182012,1284
0,10,0,187.1573591806791,27.91210073737979,1395
0,11,0,180.5019946524057,27.15984659137946,1345
0,12,0,184.3079284028336,27.383340428662,1395
0,13,0,183.8781184870618,28.171959074806,1365
0,14,0,182.2777858131207,26.77619293583316,1393
0,15,0,197.3091973417358,164.9170397349721,1425
0,16,0,173.3369722657466,31.5317475400894,1311
0,17,0,157.8159241207806,73.61523834984689,1153
0,18,0,136.6532665159573,38.62846333132345,1031
0,19,0,106.9985783916152,15.82358524457032,836
1,0,0,116.8211497986862,18.18903806820094,834
1,1,0,140.463175500968,21.78038014159461,999
1,2,0,165.1247034835088,25.52850770002944,1179
1,3,0,183.3007648087872,28.51092027706644,1305
1,4,0,197.1668837130441,33.1570452124779,1396
1,5,0,208.0221022927872,33.45422784600331,1487
1,6,0,213.0248793854495,76.49610609303154,1493
1,7,0,222.3561848192525,35.29407663223014,1586
1,8,0,219.6025827152634,34.07728354987207,1599
1,9,0,230.2055834855592,34.80631773687347,1687
1,10,0,212.5042031226104,31.85659545338168,1591
1,11,0,235.8684549508958,36.1382981454239,1738
1,12,0,224.2514344373311,34.10587613198335,1658
1,13,0,215.8819783700183,32.18317408728021,1629
1,14,0,251.6824805010204,1186.631272266354,1626
1,15,0,215.5036670171415,33.75322462816845,1620
1,16,0,213.2758513063333,32.10100859380036,1615
1,17,0,190.0673651801942,28.21372594680855,1445
1,18,0,168.4105011797822,24.89249393677803,1288
1,19,0,147.2986364057329,21.50604650913395,1136
2,0,0,136.4336854372241,21.87217475644336,958
2,1,0,157.2815750160592,24.3865701804429,1116
2,2,0,180.9823176755992,27.85393108029649,1289
2,3,0,213.6716690350021,119.7933099433324,1468
2,4,0,244.5759356242426,417.9789656913249,1600
2,5,0,231.8979916821173,36.56817571865112,1644
2,6,0,250.0778810764264,40.95191164364147,1778
2,7,0,244.7447274699244,37.25758634071783,1776
2,8,0,256.0372911145108,40.22987539120176,1827
2,9,0,258.3965736104957,98.03430609851443,1843
2,10,0,263.9717088444539,41.26103182394396,1934
2,11,0,254.116310538868,37.78885146704069,1899
2,12,0,262.8916227201306,38.92333152209127,1972
2,13,0,261.5143637566918,53.818141688537,1923
2,14,0,249.0787730002916,36.66809629920218,1895
2,15,0,253.6142242505339,39.51756185357235,1917
2,16,0,242.4412840408325,35.75280236879336,1854
2,17,0,223.3777967238129,32.57362475536004,1713
2,18,0,195.6213094408424,28.59007956869424,1507
2,19,0,163.8374453195295,24.34515282492454,1253
3,0,0,153.6169106228547,73.65654073972725,1015
3,1,0,170.8334986160938,27.11707998607464,1196
3,2,0,213.8650407465422,33.50851315430508,1526
3,3,0,237.9754778401202,37.16686728006702,1690
3,4,0,249.9690060257575,39.51433500213354,1759
3,5,0,244.9582016185684,52.5053295690926,1734
3,6,0,273.9963569715921,52.81556483928186,1930
3,7,0,270.3871278425899,41.4195481998302,1965
3,8,0,282.134790449458,43.93398941338943,2021
3,9,0,281.7152432200645,62.38548534433523,2006
3,10,0,277.2969227425671,41.97888296475595,2050
3,11,0,275.6753209446194,41.94942083225772,2042
3,12,0,283.9827448634335,42.95065833273284,2112
3,13,0,282.3237545314651,41.80206846665482,2124
3,14,0,286.8424413576419,42.18641609302352,2193
3,15,0,286.5290039081611,42.35477984565131,2165
3,16,0,267.6742430278804,39.38222413524906,2048
3,17,0,253.8563828718572,70.19390504213818,1928
3,18,0,216.0301710207447,145.7206501111432,1585
3,19,0,182.5778561850248,26.37365275536109,1410
4,0,0,158.6855000186464,24.22646169215017,1143
4,1,0,182.4408779685368,28.44258804993749,1289
4,2,0,221.9810364550107,34.27617608129745,1578
4,3,0,243.3578236010302,62.3100770546139,1703
4,4,0,255.8268923386819,43.32886681002913,1820
4,5,0,289.4304586891734,60.00881761848216,2014
4,6,0,281.4540230626729,44.11382952107649,2021
4,7,0,314.5999404432732,270.8533477731979,2143
4,8,0,287.2886312458326,43.57809860598159,2110
4,9,0,295.0253460328671,45.18631108512711,2170
4,10,0,298.7429032516313,45.54746344518377,2200
4,11,0,311.2603410428494,64.69751338357322,2282
4,12,0,306.8463884704837,48.45991128613124,2259
4,13,0,301.1941537417801,68.04251242699964,2224
4,14,0,299.5172031484672,44.02558244675959,2277
4,15,0,288.967632378229,43.30378552905745,2180
4,16,0,272.6730381460911,39.36067440840444,2112
4,17,0,260.7005367001013,52.12173739497358,1973
4,18,0,229.3237779318549,47.81947917921605,1729
4,19,0,185.6341243581213,26.48111627787853,1458
5,0,0,159.8030837884265,25.88518495583017,1107
5,1,0,185.3841833297823,28.82057707240325,1310
5,2,0,223.9620421169171,34.87711489369568,1586
5,3,0,265.9844751984437,43.23053924695932,1882
5,4,0,272.6271562821908,42.40257629944001,1933
5,5,0,291.8132672984948,45.7671824031162,2058
5,6,0,305.1040295016983,177.9523960500416,2116
5,7,0,312.7151721867953,66.33825041675348,2199
5,8,0,299.730297685337,45.88224640037313,2180
5,9,0,318.5248495345987,104.8622182644814,2291
5,10,0,293.5118952984042,44.45284000182479,2169
5,11,0,320.6225621744372,443.2707151004892,2241
5,12,0,315.1102330844661,47.31628303404658,2367
5,13,0,303.3227547781134,45.39229082042804,2294
5,14,0,310.1680759642806,45.46145212238765,2347
5,15,0,291.0338498554217,42.43818878173752,2224
5,16,0,287.3555145780125,43.51430576205261,2189
5,17,0,270.3533578180359,40.002248632857,2067
5,18,0,232.4287907468722,34.70901114345855,1771
5,19,0,202.5682339909082,154.1964419708771,1470
6,0,0,175.1270619362984,28.14885858367189,1210
6,1,0,208.6968268935427,34.89727647233354,1469
6,2,0,236.6116718136213,37.12901963444694,1662
6,3,0,281.0197247362981,230.1641468406712,1819
6,4,0,273.0355194482906,48.4913276169183,1932
6,5,0,293.771928428179,44.92348403169593,2122
6,6,0,302.4876294072734,46.78713729374046,2185
6,7,0,319.7335800569554,48.8968354606389,2312
6,8,0,313.8921849560764,74.29979015458167,2240
6,9,0,319.3338441446936,115.1341475563791,2269
6,10,0,311.2608124596936,65.8820064874534,2281
6,11,0,302.5349048969269,44.69592628944844,2276
6,12,0,319.4990826800616,48.37396004365905,2378
6,13,0,313.6427434945382,105.4780291470124,2309
6,14,0,303.2361077729599,48.63579706562981,2289
6,15,0,315.9107389276146,46.67712286224439,2397
6,16,0,302.1067179261116,44.74508431601541,2304
6,17,0,293.2577034204618,167.4353828434512,2154
6,18,0,236.8781627256683,35.12485625219531,1803
6,19,0,189.0829250235404,27.54294450686563,1459
7,0,0,187.8158146338282,108.4702170684288,1246
7,1,0,207.0743899603169,31.96933727425486,1475
7,2,0,247.664891175709,77.12286765576974,1696
7,3,0,262.9141547019148,40.96713243387245,1870
7,4,0,290.9954547329552,45.81576734214801,2051
7,5,0,308.275453912779,173.1772252370031,2137
7,6,0,305.5483019377543,46.97886636766745,2216
7,7,0,312.5372650387912,48.09147060507608,2252
7,8,0,304.3954270098038,47.28707000448611,2229
7,9,0,316.6146578268657,48.64782319239257,2322
7,10,0,331.3685226248395,49.05353552791541,2466
7,11,0,313.405182082497,159.0784746965477,2272
7,12,0,310.5748252855883,45.64873041913611,2348
7,13,0,302.9080554810242,44.13564429616033,2305
7,14,0,308.5981742993771,46.08770429393767,2326
7,15,0,311.3139445152464,45.62067223678876,2370
7,16,0,290.9653888828686,42.58443140708523,2225
7,17,0,269.9453745780835,39.46657076963796,2081
7,18,0,253.3751222890932,410.6378871474134,1809
7,19,0,196.5210505786545,28.62613058936643,1534
8,0,0,175.7170982053106,39.44876636824105,1234
8,1,0,202.7705540974963,32.52062140058126,1420
8,2,0,239.1248883565286,37.15630388616754,1696
8,3,0,279.9908823444189,47.11328001065452,1970
8,4,0,309.4897311012884,189.0936043716878,2054
8,5,0,299.9820739677195,50.14230927807299,2131
8,6,0,310.5881731185466,47.59636935537197,2241
8,7,0,315.9866742110391,52.33511891124905,2272
8,8,0,303.3457563115764,52.5483034714874,2205
8,9,0,321.9688710858106,66.70640826605302,2338
8,10,0,315.5364283274834,46.97191548459144,2362
8,11,0,314.7326131209401,45.6032569084531,2392
8,12,0,305.5076781638861,45.18255517668046,2302
8,13,0,311.3553798497687,45.79114270802972,2365
8,14,0,313.4282813163366,46.38014224640957,2382
8,15,0,305.4966547365968,45.84565174879312,2307
8,16,0,294.387155634415,77.80475507468508,2204
8,17,0,269.5725283499103,44.07897764178733,2040
8,18,0,235.2171067589011,33.56349276839534,1850
8,19,0,190.5177787895136,27.40642130236139,1495
9,0,0,175.9899449541784,33.49228745353184,1235
9,1,0,204.9589341150442,33.62901677154567,1455
9,2,0,247.249646662369,39.3147641339668,1717
9,3,0,263.4161497088355,41.71759091006088,1858
9,4,0,307.3395392246938,225.1627847928588,2095
9,5,0,313.8869301993351,176.3182632920632,2170
9,6,0,303.1566252927123,47.21431545693051,2165
9,7,0,317.9688771225659,51.21698591034323,2289
9,8,0,315.0126088895568,48.51237191775932,2310
9,9,0,333.4537511785897,148.6645387573172,2331
9,10,0,357.254031469566,951.3346281234093,2321
9,11,0,324.8526635839963,53.41780749231106,2391
9,12,0,334.515162746332,465.6849507575923,2326
9,13,0,329.4318084801062,62.48281195327716,2421
9,14,0,311.749095716976,45.52438074076601,2374
9,15,0,310.5427534093633,51.74513282363278,2322
9,16,0,306.7296178163225,81.04505242286162,2281
9,17,0,291.3962093421014,266.425127789256,2106
9,18,0,246.8873012210475,44.61096228652406,1899
9,19,0,198.5189038943425,54.33650768535374,1495
10,0,0,183.6142291264919,30.89146720053787,1262
10,1,0,219.0032493878496,151.973963915444,1483
10,2,0,234.8323732257188,37.60783791092632,1643
10,3,0,250.8490956249257,38.67768001107707,1808
10,4,0,279.2514879680068,68.72856704790932,1959
10,5,0,316.2309997127788,107.322388764349,2203
10,6,0,309.4444346894686,48.44165771603803,2198
10,7,0,306.0452878150864,46.79896637792634,2223
10,8,0,316.4613698994396,57.53993426410753,2303
10,9,0,309.6773157996184,47.91035502537535,2248
10,10,0,339.3174828210913,235.5109987055205,2357
10,11,0,325.6458327441899,143.6875767105694,2298
10,12,0,316.1797625619249,53.18685409265497,2347
10,13,0,343.2177393451059,696.9468819857482,2389
10,14,0,323.078780128778,48.94158946055529,2428
10,15,0,309.3307468561361,95.9621701861559,2276
10,16,0,336.2636558933291,1043.629401863451,2222
10,17,0,273.0649700496085,40.56087927258111,2077
10,18,0,245.0959387010105,35.82224334516051,1895
10,19,0,193.538022903588,86.12859591982242,1444
11,0,0,163.0332891424357,25.42520417086361,1167
11,1,0,204.7164835946016,32.31114148383115,1451
11,2,0,235.8680282234916,38.2274741387996,1669
11,3,0,266.4030927407171,51.17287420056169,1893
11,4,0,284.3569258459817,44.39020000110936,2030
11,5,0,286.7998932472882,49.66705731859666,2040
11,6,0,307.8687453426012,47.88128350361114,2193
11,7,0,313.0798645291466,51.92736182388298,2225
11,8,0,315.879641639153,113.7615600776479,2234
11,9,0,312.2588019921963,49.01805075601815,2276
11,10,0,323.1161620298261,49.2237822191864,2363
11,11,0,319.2222241691618,48.85425960929926,2342
11,12,0,319.5231387275382,49.62668795845642,2359
11,13,0,325.4394765832959,134.8521299115383,2346
11,14,0,311.5454272039776,72.604838240148,2333
11,15,0,305.9651670877518,46.0770531747551,2308
11,16,0,299.1371033708544,43.99377540702646,2295
11,17,0,273.9003684786944,40.35869738213345,2097
11,18,0,235.086745878271,42.18967548573733,1782
11,19,0,190.0174941425012,28.12829229716198,1457
12,0,0,173.4233991372089,27.17411813711735,1219
12,1,0,198.3031008918591,31.40629133124036,1403
12,2,0,227.9365331889979,36.18932912440196,1610
12,3,0,264.2562836948837,40.84524752586262,1893
12,4,0,280.5180094561106,43.76820652022928,2012
12,5,0,303.3612282166243,47.06455774760355,2163
12,6,0,293.306331416406,44.37366448465981,2151
12,7,0,306.0551989060186,48.82883232268401,2233
12,8,0,318.3513945471848,75.35222376139644,2251
12,9,0,317.8966089804534,48.30154702986779,2347
12,10,0,324.5224345902222,50.05349598279034,2390
12,11,0,321.1914751422729,53.87279043981368,2368
12,12,0,359.14769488309,423.7274370668597,2532
12,13,0,320.141859717412,47.75110955567759,2398
12,14,0,307.5287800862049,45.57801059919665,2336
12,15,0,324.3728416876249,220.9566499837007,2365
12,16,0,299.1253871137836,70.98525825523427,2225
12,17,0,278.3135467027557,41.32041268855854,2134
12,18,0,241.2548819066001,94.12706014617528,1797
12,19,0,202.9290368294631,30.36835153529763,1556
13,0,0,171.4457409065237,46.44893041570397,1196
13,1,0,212.2286167587572,32.97176609470723,1506
13,2,0,240.4997501070173,37.91134523875733,1684
13,3,0,256.869432091823,73.58430383307228,1768
13,4,0,304.9275068220277,275.2397938987762,2058
13,5,0,295.3648416319767,77.31905147506794,2082
13,6,0,306.4674845836283,47.24681571450086,2215
13,7,0,299.4219967737877,46.17843665558877,2161
13,8,0,321.211419732533,90.84553510949642,2255
13,9,0,305.4661965336759,113.2334949432886,2159
13,10,0,344.5310488483088,482.2404733860693,2396
13,11,0,304.2802885010256,46.1530977623802,2257
13,12,0,311.6653503411567,46.32054847836865,2325
13,13,0,307.1252895770001,47.19707252954958,2278
13,14,0,316.6151256389846,47.03583783076715,2401
13,15,0,303.5736470612658,63.93528576647152,2267
13,16,0,297.4065945093189,53.08943450903681,2235
13,17,0,282.8361201131561,94.83170062193879,2060
13,18,0,237.2641418090508,44.13959275511684,1801
13,19,0,219.4218913923867,397.1014638533853,1501
14,0,0,163.7055422967113,25.71929910661618,1161
14,1,0,195.1640749635705,30.25979077317352,1387
14,2,0,218.2976413824571,33.69208746172581,1557
14,3,0,243.6499297402803,37.8813118615043,1723
14,4,0,279.8179876299038,68.24930788456879,1969
14,5,0,281.2705558176949,43.41307211260982,2019
14,6,0,285.433443075458,44.11539393462102,2062
14,7,0,300.4944200069948,49.18662625089162,2150
14,8,0,293.3116154413844,44.98073965111862,2151
14,9,0,307.2008883894378,46.44096210757403,2259
14,10,0,309.6501305188583,73.66865765363926,2230
14,11,0,313.0112018032888,128.7476701148794,2255
14,12,0,302.7817009948292,45.7404780441876,2273
14,13,0,306.7089772273557,51.78064882221955,2302
14,14,0,304.3213491941686,43.49884438429228,2355
14,15,0,306.8899881459165,45.84293548391847,2316
14,16,0,296.7382067974563,94.25364641102415,2180
14,17,0,269.8124440910572,185.3634156878759,1993
14,18,0,249.5431169167851,173.136270322332,1806
14,19,0,197.0415458462965,29.10948218313667,1514
15,0,0,158.2507946063977,25.84121769836998,1099
15,1,0,184.9520495763112,28.70761431669205,1317
15,2,0,217.0339012987349,34.49888759170668,1514
15,3,0,237.1173609697262,37.57622809109577,1687
15,4,0,258.3957722342878,41.04116451917176,1853
15,5,0,271.0604577664669,42.24777155372389,1945
15,6,0,289.3362984941776,44.79308689150027,2090
15,7,0,289.0295077435425,45.73084423829424,2054
15,8,0,285.1901074383584,44.07758848270856,2061
15,9,0,305.4770836611586,221.1300371494706,2130
15,10,0,317.0928673833145,404.5614858707268,2162
15,11,0,296.0810018982216,45.1536768186478,2183
15,12,0,298.1357927240713,44.74496846367438,2218
15,13,0,304.6763238802749,70.16438560798414,2233
15,14,0,290.5348307920757,42.692028045221,2211
15,15,0,309.3392149295713,227.7159997154685,2191
15,16,0,274.5586737475953,40.21402939319111,2087
15,17,0,249.8590102080065,35.8448814758551,1938
15,18,0,222.7276824311024,34.01198430433097,1723
15,19,0,179.5440129903754,26.19345224058801,1389
16,0,0,144.7493342166164,22.61179400908172,1030
16,1,0,173.8403257072533,27.57034260766005,1218
16,2,0,211.1378409663004,92.99463132976896,1424
16,3,0,224.1760783385905,36.07777711824924,1572
16,4,0,252.6895957059228,45.43959371292396,1780
16,5,0,246.0935849830064,37.48174040814125,1787
16,6,0,267.6692285549835,41.18985178820072,1924
16,7,0,272.6699270689012,42.31031788757501,1965
16,8,0,268.2421794795084,50.24251491063984,1931
16,9,0,268.8223687343572,41.06792889046719,1957
16,10,0,275.851157957499,41.67520236111264,2048
16,11,0,287.852801523333,44.2083963041073,2114
16,12,0,284.9374254552249,42.0961748068849,2133
16,13,0,267.7416878291662,39.73840149748416,2027
16,14,0,292.5529309267517,43.63368921327262,2207
16,15,0,274.6279674239295,40.2136288874739,2099
16,16,0,258.7881617859256,38.1736391221454,1978
16,17,0,250.916780096881,36.37128706146238,1941
16,18,0,221.3904086208109,40.90085435379664,1689
16,19,0,174.6030690463841,31.05687341700028,1335
17,0,0,135.9412792123467,21.56155523994234,950
17,1,0,152.3363525356652,24.01345876872333,1078
17,2,0,196.6109011468808,115.9293145343398,1324
17,3,0,211.4327531078784,32.6209371828546,1502
17,4,0,234.5464703775143,79.17500584757231,1630
17,5,0,245.6342889251252,162.7985851068344,1685
17,6,0,236.2293990981333,35.69553281779181,1721
17,7,0,244.6379980293768,37.21232952275909,1785
17,8,0,241.5340657108,37.02885752363481,1756
17,9,0,270.8550750590229,74.74494433659483,1902
17,10,0,268.3414004451443,374.6225859480087,1795
17,11,0,241.4863066402735,49.9133163936724,1777
17,12,0,288.2308208888996,1183.828998273361,1889
17,13,0,247.8920891229241,36.97284605563502,1868
17,14,0,260.0012308295937,38.66741285657052,1967
17,15,0,268.2731062972454,223.2519021193152,1871
17,16,0,255.1065266949579,43.20716739923716,1903
17,17,0,224.230042157494,32.7863058638089,1717
17,18,0,198.8671521555873,28.95668257643944,1532
17,19,0,153.4406133114789,22.1234647564865,1191
18,0,0,122.3257799445584,19.01100252241109,871
18,1,0,131.5803514781703,20.48794719811364,935
18,2,0,166.9238206282543,26.5208965179405,1187
18,3,0,173.2067784405167,27.20868247272812,1220
18,4,0,199.09442463798,47.74566135668619,1381
18,5,0,202.093335221987,30.92804391508836,1465
18,6,0,207.5002788010369,32.22231242467724,1497
18,7,0,217.1718681276271,33.7034235187384,1576
18,8,0,228.4669984333392,36.00606022385459,1651
18,9,0,234.6108072034438,190.554891755009,1577
18,10,0,221.8259712683469,85.68937930895724,1583
18,11,0,219.3669072262799,40.75541445626007,1597
18,12,0,238.6295612867596,374.5830320055491,1636
18,13,0,208.4025556046861,31.50443732520467,1558
18,14,0,228.6582398279105,34.78877287797061,1716
18,15,0,226.0280444945703,36.09638726092683,1681
18,16,0,217.3269344053303,32.574371998456,1635
18,17,0,198.2849939218096,29.01537430051755,1528
18,18,0,163.4079226959881,24.3580242341384,1243
18,19,0,132.3710820985373,18.60016785354015,1045
19,0,0,99.68465771348482,15.95836551564989,697
19,1,0,111.9594543459227,17.91224279646667,788
19,2,0,135.7935348521676,21.56671968463119,949
19,3,0,141.8010921637555,22.51872183676112,999
19,4,0,167.6032612006818,26.11733784275141,1204
19,5,0,169.8288557108753,26.37171354152375,1218
19,6,0,163.6080005059542,24.96882758661608,1197
19,7,0,172.0177039612919,31.49378157573076,1225
19,8,0,186.0920711467411,28.18534742992234,1365
19,9,0,178.4474508232286,27.46813666511207,1305
19,10,0,184.3246625874231,27.31689505568465,1382
19,11,0,183.7235708837076,28.16591245545231,1347
19,12,0,187.8458767017163,45.77750092960542,1379
19,13,0,183.7649766445932,30.46221117434099,1378
19,14,0,181.3017496662542,26.80523123517634,1392
19,15,0,176.1159479413287,25.87185668032226,1339
19,16,0,168.0768764166497,24.88242312188404,1282
19,17,0,164.4837138250769,24.83332698276826,1248
19,18,0,137.8397257013518,20.68949920757552,1051
19,19,0,128.8680016714083,20.42231983299184,983
