# mesh name: boxMesh_1
# primitive scorer name: doseScorer
# iX, iY, iZ, total(value) [MeV], total(val^2), entry
0,0,0,102.1440968285093,14.03801853951619,836
0,1,0,136.6587837846573,18.85399276862148,1108
0,2,0,165.0226552118749,73.75692454833224,1274
0,3,0,173.4083083625067,55.85103097745438,1371
0,4,0,181.1237834726735,25.37094264575756,1460
0,5,0,177.4422388996549,25.62387678095718,1408
0,6,0,192.4969467311822,187.5183906269277,1443
0,7,0,181.3488476770887,25.43268065596998,1472
0,8,0,191.0938806680599,27.70160416271389,1525
0,9,0,202.8460495076271,103.5341811042518,1531
0,10,0,190.8856760262404,25.94579786691078,1579
0,11,0,192.441597514672,34.16649632482768,1554
0,12,0,203.2989053401305,28.82523475540044,1648
0,13,0,194.3813783422748,27.19956079950724,1589
0,14,0,186.1561198192648,25.13021885778251,1564
0,15,0,197.8861737164133,27.39676727184361,1635
0,16,0,200.8569482865125,27.69477915744446,1662
0,17,0,197.8391686439114,26.870967031796,1646
0,18,0,189.6144185896038,26.16921625659734,1571
0,19,0,140.3022236127306,19.48110226756611,1162
1,0,0,140.018029976847,19.49169292821893,1133
1,1,0,173.7612604568093,23.99522414077327,1412
1,2,0,222.4782969517662,31.8080203107246,1764
1,3,0,232.2703102540359,56.87503432980909,1818
1,4,0,229.7534932439786,32.04016358100538,1867
1,5,0,238.9334185920177,33.72416803732422,1906
1,6,0,241.0247044275269,65.61258651521224,1890
1,7,0,255.1493741882347,39.36335791462214,2050
1,8,0,246.7645191954161,47.99009642159053,1981
1,9,0,244.2014515369558,34.27094965463556,1974
1,10,0,256.9395450362045,105.5333638680609,2041
1,11,0,259.1969991896446,35.83701003712876,2128
1,12,0,249.0918809263862,34.83604860583273,2055
1,13,0,287.6841419986319,389.0812644637604,2129
1,14,0,267.0929517381472,180.773780655416,2112
1,15,0,252.9520416820662,34.2271202801113,2103
1,16,0,268.1443157457985,36.2608348704786,2231
1,17,0,259.2331688296753,44.57046593581543,2133
1,18,0,250.4477062614846,34.14504502618193,2090
1,19,0,187.9214919540677,27.14741825396409,1573
2,0,0,164.0969696665114,23.44637159412882,1311
2,1,0,208.421214414122,31.96417715292829,1636
2,2,0,250.5003185151384,35.93753128754049,1978
2,3,0,265.7876487124406,37.75653319609082,2116
2,4,0,259.3344926368665,35.97139881820853,2109
2,5,0,271.3587092583042,39.44169256054974,2191
2,6,0,295.3581762122905,64.19511715984028,2346
2,7,0,287.9500840926189,54.92695415111623,2292
2,8,0,279.0408939061717,37.83374137772424,2298
2,9,0,296.3247555552487,43.21857923972944,2349
2,10,0,280.6501955628124,38.87821259751023,2302
2,11,0,288.0118034427808,40.4868027956401,2342
2,12,0,286.614855487067,40.20900882677407,2324
2,13,0,287.6599879430234,39.67135803970256,2367
2,14,0,279.0609017802464,38.11122230263289,2315
2,15,0,293.1858676947127,60.33453369958929,2402
2,16,0,288.6236017160485,39.38008112067074,2378
2,17,0,288.3231155899824,39.1511750422695,2402
2,18,0,267.8603802711543,37.07071486430995,2204
2,19,0,210.299380241329,30.49335270599017,1733
3,0,0,169.8379524835871,25.486516464369,1334
3,1,0,219.523702062007,31.75646384942209,1748
3,2,0,246.4822912592316,34.69473335454406,1985
3,3,0,276.7486437799108,38.89742093371695,2224
3,4,0,287.5621786513537,40.98327789087329,2294
3,5,0,304.5560019737964,111.2584701844526,2391
3,6,0,296.322074064975,40.89198934806808,2417
3,7,0,285.8795665285145,38.95640407064693,2348
3,8,0,314.0961288801799,147.0936204920847,2442
3,9,0,305.9131170951214,199.710458496735,2417
3,10,0,312.9616809767205,66.98742101977862,2530
3,11,0,307.5426860396943,164.0368679065307,2400
3,12,0,294.5328831748194,41.02686944484093,2412
3,13,0,284.4347235303205,38.81789938867381,2357
3,14,0,302.4646730088278,90.4251610754594,2440
3,15,0,297.7423275109718,53.01554395663588,2423
3,16,0,292.1536429106624,39.80112645444368,2441
3,17,0,306.0485372170471,93.19548689039166,2472
3,18,0,282.3020502440543,38.64877395225635,2343
3,19,0,219.9628574207242,171.0051665248803,1738
4,0,0,176.9714514151127,24.87986282639142,1429
4,1,0,249.1764406002862,221.3027688137806,1857
4,2,0,271.150181774188,37.79566516238792,2178
4,3,0,291.7810301427511,94.37404833351154,2277
4,4,0,307.0976920187914,395.4933028434551,2323
4,5,0,313.6756848078637,175.9293689550104,2437
4,6,0,291.1202592299073,56.57971981457421,2355
4,7,0,300.9119853081907,41.68521951183889,2455
4,8,0,312.9715920562322,158.2334514397602,2437
4,9,0,307.6773482864809,68.79546186100467,2454
4,10,0,299.7571826569636,41.13580481937579,2453
4,11,0,296.5336666080535,40.59013901755993,2441
4,12,0,330.1126116059755,680.4623196727123,2492
4,13,0,314.1761949484312,43.97722279402959,2566
4,14,0,308.5078348209667,78.42510777556919,2486
4,15,0,297.0340327251968,41.03422695626898,2452
4,16,0,308.0222154142601,41.36458331119817,2587
4,17,0,295.9115426542658,45.47459320335594,2418
4,18,0,290.8103990430365,39.83711524216366,2402
4,19,0,217.7693323475476,169.7567179163842,1727
5,0,0,184.4044686930461,26.37497024187598,1475
5,1,0,233.0127712790819,32.71864585042304,1875
5,2,0,266.3755713397436,36.89975583987403,2162
5,3,0,301.5409754842183,46.73573276161157,2391
5,4,0,295.4636564408889,112.0578646396149,2297
5,5,0,317.6952558814739,156.7575466313676,2456
5,6,0,303.9324795946955,46.23818080543735,2449
5,7,0,305.902769973354,42.69953866828565,2473
5,8,0,299.8293396852857,41.7105039414644,2439
5,9,0,308.1189896378527,53.92297009360631,2489
5,10,0,338.8250798081867,456.5749737751512,2581
5,11,0,305.0203410679742,43.14397507007752,2487
5,12,0,314.0935649622755,235.5720304140653,2497
5,13,0,297.7876842088399,41.70481164599461,2438
5,14,0,305.6653345058344,42.61431444442566,2516
5,15,0,311.3501498580785,61.62290360006551,2539
5,16,0,303.1264802658627,81.62997257564423,2449
5,17,0,301.8694542517668,47.87726848254642,2487
5,18,0,292.5610869024368,277.8862226205804,2283
5,19,0,207.4554636074775,28.21378232921789,1736
6,0,0,179.0775248844292,25.54216367154244,1420
6,1,0,237.674063637063,34.43773958210457,1898
6,2,0,278.4554159248603,39.60538340713526,2214
6,3,0,294.4878739029573,41.91290569658943,2391
6,4,0,306.6847152396816,57.75719480996871,2414
6,5,0,305.890811748035,44.0359522206951,2457
6,6,0,318.1930695693799,154.6324726198606,2493
6,7,0,307.3956691368275,43.55916851803854,2475
6,8,0,317.856771800681,62.54018934787229,2541
6,9,0,312.2248249067376,66.36673995570092,2514
6,10,0,309.8611374285247,71.45710369493061,2460
6,11,0,294.4313368147136,41.69156494472069,2400
6,12,0,309.916013893736,57.9030574758762,2491
6,13,0,315.0030854666475,120.2517666945827,2530
6,14,0,314.5697119297373,126.8166698444706,2533
6,15,0,309.0928382527151,97.28076071970273,2486
6,16,0,318.7040836392455,357.1181731998371,2461
6,17,0,300.8087329815111,48.81633560437553,2475
6,18,0,280.8011783424852,46.26215398383867,2351
6,19,0,232.5419356989823,241.2835773976366,1830
7,0,0,174.0964563945859,24.856418472679,1398
7,1,0,231.7051174598657,33.37232196641573,1839
7,2,0,264.6693854205354,64.17380952509558,2091
7,3,0,288.4036041795811,39.9714068363061,2341
7,4,0,304.5366423715217,43.33628925226466,2435
7,5,0,309.0533214911854,43.72307792085513,2483
7,6,0,317.8721535201202,50.87778880813988,2538
7,7,0,310.1195205798105,250.4265050409038,2394
7,8,0,304.5124919398638,44.33341799935656,2438
7,9,0,296.730803914205,41.51227125328096,2427
7,10,0,301.2892913047027,41.38409697366651,2472
7,11,0,303.9226871308466,43.58218203157173,2437
7,12,0,311.3538555225077,44.13148896746437,2550
7,13,0,307.1881685504567,41.8928214891343,2534
7,14,0,307.2138692220854,42.61966803189051,2535
7,15,0,307.1231199522853,110.7419355808264,2451
7,16,0,309.6769677425547,42.36504512255762,2583
7,17,0,310.3493038038609,66.77117445898793,2511
7,18,0,276.3552965035021,40.23090253996354,2287
7,19,0,215.9842035869249,28.93656401787005,1824
8,0,0,183.0095316169743,27.48922985377532,1439
8,1,0,231.2303047975508,32.37144796684573,1869
8,2,0,285.5034450462642,86.8890390565316,2231
8,3,0,290.7978511178924,102.2932510291083,2271
8,4,0,305.3768984595848,93.43468851996258,2407
8,5,0,324.7897025701125,686.9681201485303,2359
8,6,0,302.1773359336232,41.89011202211947,2463
8,7,0,293.4604142099234,39.98720229121829,2410
8,8,0,308.734553800601,42.68591352622867,2532
8,9,0,311.9224868105813,43.59078646630643,2541
8,10,0,310.115986399376,42.403113571037,2556
8,11,0,324.8608066288391,446.6379476168924,2433
8,12,0,319.0813911708671,374.6488720084841,2468
8,13,0,298.0029204464947,41.21587039645576,2455
8,14,0,306.1647063594483,41.54250239394412,2548
8,15,0,318.3477542559178,44.03664038976518,2635
8,16,0,309.1896133684943,42.80068077513667,2562
8,17,0,296.218402306331,45.11572578994485,2422
8,18,0,292.3561157201917,47.34980835989756,2409
8,19,0,213.8684638686016,42.87948524226799,1764
9,0,0,200.0614269723097,317.6735873085058,1444
9,1,0,239.6991338391824,100.4081880732488,1865
9,2,0,270.7908897126096,39.31255246268048,2156
9,3,0,301.3915038010073,65.44954334334831,2408
9,4,0,300.8685536782035,42.35803143903983,2422
9,5,0,304.4092796482332,42.61687871625259,2455
9,6,0,302.2498009556758,42.47551620581217,2431
9,7,0,308.2198508613234,43.72327403307296,2493
9,8,0,315.8894864486251,44.73275379022521,2570
9,9,0,308.2891645458734,42.72693356842881,2525
9,10,0,299.8250759027608,41.56816896784402,2455
9,11,0,314.1635568168313,92.17796408870031,2497
9,12,0,319.2568979391233,142.9994301287789,2482
9,13,0,298.7097626635174,43.44398790147235,2442
9,14,0,308.9089261764523,42.64130983155559,2557
9,15,0,295.5040540963217,50.47732281440147,2442
9,16,0,307.68479968274,45.03584194834457,2521
9,17,0,294.1902424781899,40.16985810624546,2482
9,18,0,288.1903983235217,39.63922293589794,2385
9,19,0,225.5280207723291,141.4838277107856,1751
10,0,0,191.5721646863749,26.91960958093423,1545
10,1,0,238.958074563579,74.49374748045399,1855
10,2,0,279.3935476313004,167.8992204115962,2171
10,3,0,311.6480511348728,356.0361507770342,2306
10,4,0,285.7353747244163,40.15668300230808,2307
10,5,0,284.4781215419889,39.14116774282716,2318
10,6,0,306.5037487085502,42.69399400424709,2485
10,7,0,298.6867164227724,41.88900647281181,2433
10,8,0,304.804645730426,41.69978559492469,2515
10,9,0,305.4370579462081,48.30899471629634,2439
10,10,0,305.223438648607,157.2114681904454,2415
10,11,0,335.7598304785341,868.2933954635097,2493
10,12,0,306.4659303726406,54.78736290643766,2497
10,13,0,313.0863064952899,52.98133941243383,2558
10,14,0,292.277817269898,39.09660948852909,2453
10,15,0,307.4766464669484,43.68650877044417,2510
10,16,0,309.7883261196907,42.02757237458388,2566
10,17,0,308.2646420625035,63.69218472093328,2511
10,18,0,286.4726020611733,106.6774640079435,2329
10,19,0,225.0948737535007,30.82659721835202,1874
11,0,0,178.2283381759137,25.01462349234161,1443
11,1,0,226.0506925907704,33.18026768392559,1784
11,2,0,284.3980846046409,135.1643277961611,2153
11,3,0,302.7774737384445,438.4700794609831,2270
11,4,0,308.7163668027575,62.99277373077355,2456
11,5,0,295.7981943398005,41.04413503360567,2406
11,6,0,320.3365242991871,274.9879207528964,2455
11,7,0,319.3200418445212,111.8900333013751,2487
11,8,0,307.6403305169484,44.0009492617507,2483
11,9,0,307.7615756447179,42.40351902915589,2526
11,10,0,297.8556293187272,40.3537562939259,2452
11,11,0,314.1728074916733,120.2698268123304,2532
11,12,0,307.5870376949139,43.54852349968379,2498
11,13,0,306.1905385210717,49.8665252229675,2507
11,14,0,293.7349282730966,40.11501404125647,2441
11,15,0,302.345178251841,40.38192365353243,2528
11,16,0,311.2497981157337,101.811319506917,2498
11,17,0,302.4867095772651,59.91276682893336,2452
11,18,0,282.4519078857672,38.19426550610778,2365
11,19,0,220.2234629754251,37.28603498799743,1811
12,0,0,183.2890454324681,49.41526041862339,1450
12,1,0,231.1330699467646,32.09890055730471,1882
12,2,0,264.2400237183558,37.4809462195074,2107
12,3,0,285.3354713165006,39.85732705068148,2316
12,4,0,325.2364425066039,546.0411693761318,2386
12,5,0,302.5936889565295,89.03218513839236,2424
12,6,0,309.4546468764605,47.26957678193716,2489
12,7,0,311.9445000933164,121.1698109446908,2454
12,8,0,309.2687237306157,44.28907306677353,2487
12,9,0,332.0686172490977,228.1293562748653,2599
12,10,0,306.8097011416866,42.95753117370447,2490
12,11,0,309.7911350932472,101.0804116561806,2498
12,12,0,312.5478011751088,181.3297015833847,2421
12,13,0,308.7027419184961,92.77642871192829,2464
12,14,0,289.8937419404698,40.50139598882085,2389
12,15,0,301.6309629538153,41.14473793116159,2505
12,16,0,310.6819108700671,49.30773035458156,2558
12,17,0,298.1453814779982,40.68338086507245,2487
12,18,0,277.4574623692047,38.38295885039504,2291
12,19,0,226.8989712363965,105.0157166141953,1827
13,0,0,176.5344180389743,25.54775791132037,1413
13,1,0,224.5821240619939,58.89675343918499,1749
13,2,0,284.2917198381792,207.6750507485598,2090
13,3,0,294.1841239162645,41.82288172540897,2352
13,4,0,317.7908272030897,441.4525673898489,2387
13,5,0,305.2139977043223,51.06052096793202,2421
13,6,0,301.4581827221797,42.11885172201689,2446
13,7,0,303.0287094444285,41.96830445443855,2475
13,8,0,302.9616212388848,42.33677550654524,2455
13,9,0,309.2966932037131,42.84969531466945,2531
13,10,0,340.5000015226892,773.7362167251775,2466
13,11,0,304.4304067274031,55.91688227397945,2456
13,12,0,302.9087716658061,41.85054755505335,2510
13,13,0,320.9911752179386,105.1246687012782,2572
13,14,0,296.443987116181,40.29737676686598,2464
13,15,0,310.2161072369344,79.89339700597489,2515
13,16,0,302.0298461260268,64.57102753795832,2465
13,17,0,315.8204261184196,150.2188403936307,2557
13,18,0,287.1433953135357,171.9742840965491,2278
13,19,0,210.1668477768389,28.54786819563927,1751
14,0,0,167.0547585632443,23.34543135648249,1355
14,1,0,224.1104010923167,32.32651864234735,1787
14,2,0,265.1647303018678,37.55165491163758,2125
14,3,0,282.1409017384932,42.83023431938517,2239
14,4,0,301.8729618725046,48.65037279031407,2427
14,5,0,305.6342395921927,44.31150821842633,2428
14,6,0,318.2829856699661,165.7029330386925,2496
14,7,0,310.0562804475676,142.6747817643124,2447
14,8,0,301.8657472343363,41.13329950606287,2489
14,9,0,294.7749221665719,40.99804048111439,2404
14,10,0,302.8020516548875,42.11085895553651,2460
14,11,0,306.2871839798663,54.29854849907141,2490
14,12,0,301.8184996269157,44.07457439346032,2469
14,13,0,301.0465332971242,41.03296933222796,2498
14,14,0,311.7005829570205,43.69393264074257,2551
14,15,0,304.1094630745418,42.60618847662066,2490
14,16,0,344.7621710284644,464.8270444097453,2640
14,17,0,293.0299015199911,39.99225675091065,2442
14,18,0,284.6858902440043,106.8994277432011,2288
14,19,0,229.3411448950882,154.12193436804,1818
15,0,0,176.7041359388364,24.90115065870109,1423
15,1,0,231.5926181616249,94.47827830807186,1777
15,2,0,261.3157167896549,37.66829349854724,2083
15,3,0,294.2253739936626,55.37332729956007,2292
15,4,0,304.9319803330675,43.2146496099049,2446
15,5,0,296.867699550498,41.86705275516283,2383
15,6,0,285.9593312927724,40.66331542720401,2308
15,7,0,288.8876953838596,39.30805004939736,2378
15,8,0,311.802937852868,49.16580474693981,2452
15,9,0,305.5808154934967,43.06412414395042,2482
15,10,0,298.4108097452524,40.86607607587647,2443
15,11,0,316.3764657944124,179.1030692223757,2519
15,12,0,303.3691904887657,42.05516789602797,2478
15,13,0,307.2209455932565,45.19695790805938,2495
15,14,0,292.673772495606,40.44638589695495,2430
15,15,0,307.6558168346659,103.4247893910313,2470
15,16,0,301.3690065886933,40.63119850475506,2515
15,17,0,295.8202016847393,40.66474111642991,2450
15,18,0,276.3692104432951,38.22764291883443,2302
15,19,0,213.8604828556256,29.09501346794931,1792
16,0,0,164.2595282130063,23.57819487188118,1313
16,1,0,216.7208592006945,30.86739403376563,1732
16,2,0,279.7416408123378,269.6414518395683,2081
16,3,0,275.3473755134493,37.7836046323715,2253
16,4,0,284.8397142095152,40.27869667377121,2311
16,5,0,293.7357390126787,115.5903991403988,2280
16,6,0,295.830064578226,60.52479866196963,2363
16,7,0,303.8823125894648,43.72119571549275,2438
16,8,0,310.367462738618,75.25844724107968,2461
16,9,0,295.3678712347154,42.81484573613487,2364
16,10,0,289.6922382548852,40.06865869464803,2371
16,11,0,294.9803269353831,40.21610460174541,2432
16,12,0,297.899147264714,41.86484224079302,2444
16,13,0,302.4803665841987,41.59876190740403,2495
16,14,0,306.771145532325,42.27017186869888,2527
16,15,0,304.6935939231826,48.60339863141087,2482
16,16,0,290.7037466880303,40.65806427578831,2403
16,17,0,301.3767498722699,43.46739242045454,2523
16,18,0,287.8082962414999,39.41812161505966,2380
16,19,0,218.1124553403516,29.7725808316738,1816
17,0,0,169.6107241512242,113.6331407555797,1284
17,1,0,214.6706302478939,36.42292780496238,1683
17,2,0,242.5171145337251,37.33307713414985,1940
17,3,0,258.1448560696658,35.75407021791728,2089
17,4,0,267.744845422329,38.77183628163287,2151
17,5,0,278.3209947909405,40.90796300874035,2233
17,6,0,284.1210798587814,58.71400032991475,2229
17,7,0,271.906518245132,38.6182863680933,2186
17,8,0,282.413776870507,39.10360326665759,2307
17,9,0,284.2225461464728,40.80425801277119,2273
17,10,0,284.491841478755,52.92077613514031,2282
17,11,0,289.0994580086665,40.89254075537565,2348
17,12,0,288.6529195263677,44.31609424348682,2350
17,13,0,289.3132821059494,71.15082992161784,2316
17,14,0,274.3433672080675,36.70511480233719,2318
17,15,0,291.4348907607202,52.33921150252906,2369
17,16,0,298.7661664549096,47.1926961097376,2454
17,17,0,300.1811405534824,41.15295022437801,2481
17,18,0,265.418468779179,35.38223097085856,2229
17,19,0,205.1360409038514,28.22435911587668,1717
18,0,0,135.98960229185,19.28554049841299,1093
18,1,0,182.5683358685539,40.61582698787549,1414
18,2,0,214.1305598777102,64.72728059384262,1668
18,3,0,254.7958188995513,130.6215064268719,1900
18,4,0,226.6396446825001,42.6564267655976,1816
18,5,0,236.4278276637463,33.90159820440965,1891
18,6,0,241.3162239566082,34.51492703386608,1940
18,7,0,240.7524924216227,33.94370449826673,1960
18,8,0,248.3975926606202,35.08374965912079,2010
18,9,0,244.2405838211135,33.37113951348402,2009
18,10,0,238.3363843936075,33.07182406304508,1955
18,11,0,251.9674488523774,35.17302009246173,2058
18,12,0,259.3345556841066,42.30680577304674,2073
18,13,0,254.9584597156888,54.40146632718581,2040
18,14,0,256.6424953880611,36.10330574184992,2134
18,15,0,270.4055572300105,96.19712569983011,2138
18,16,0,274.0138029260856,38.10853215902099,2246
18,17,0,270.4841115620959,37.72613123257351,2228
18,18,0,245.5859173111427,33.50870363919668,2050
18,19,0,197.1409182430796,27.46376010012153,1624
19,0,0,113.451994080049,132.1337860804023,841
19,1,0,137.6322401651289,19.37827224815192,1101
19,2,0,164.9698887297313,32.03968759043732,1290
19,3,0,193.209676848808,47.19333604893613,1491
19,4,0,179.1745472397242,24.41147220578788,1467
19,5,0,182.6469686798084,26.47547559262675,1486
19,6,0,193.0791936554864,26.98619548103202,1564
19,7,0,190.0887319047113,27.81659172238258,1502
19,8,0,189.2628398858316,26.97044522810399,1527
19,9,0,187.3491698103018,26.3921108016773,1522
19,10,0,183.861867311588,25.66537360432242,1502
19,11,0,182.7146134037842,25.51960206477375,1498
19,12,0,184.7028242833107,25.1770860159195,1535
19,13,0,197.3410983764307,26.7650011812432,1631
19,14,0,197.3812043613185,27.26063349791952,1633
19,15,0,193.9022188865305,27.03471669065775,1594
19,16,0,204.4106023191705,254.2328256498893,1584
19,17,0,195.3836592849464,25.8318402593898,1643
19,18,0,187.1699407239568,60.42173200769858,1514
19,19,0,144.7771634312327,20.26875725782707,1193
