# mesh name: boxMesh_1
# primitive scorer name: doseScorer
# iX, iY, iZ, total(value) [MeV], total(val^2), entry
0,0,0,99.62407897745616,20.64718424041256,568
0,1,0,119.6359299486848,52.81036420117049,642
0,2,0,127.428888490907,25.16958694686007,734
0,3,0,133.5608328673309,24.28716159054939,800
0,4,0,140.9732915018055,25.52269640659437,856
0,5,0,164.0604976552793,49.51281482822291,961
0,6,0,188.0094789034844,608.0584379754891,1016
0,7,0,170.7511509739483,29.76032395812889,1079
0,8,0,181.0279718298521,36.09687970933544,1136
0,9,0,205.4095652351675,238.6938745297621,1238
0,10,0,185.3536255761771,31.48573528074109,1201
0,11,0,192.6852400317633,35.62058382343606,1250
0,12,0,178.6909542980032,29.73556780648806,1207
0,13,0,194.7082938818015,44.71372179389235,1305
0,14,0,199.1297195595274,142.8599507477827,1286
0,15,0,172.72520469283,27.39986100127307,1214
0,16,0,168.9980714527063,26.18701545748988,1209
0,17,0,161.0949630640909,24.94853600764187,1158
0,18,0,137.6201093080462,22.18016955094019,995
0,19,0,115.3155469244988,17.26047251899372,870
1,0,0,114.6202136951342,21.4260857013368,666
1,1,0,125.2429790834318,23.23066733975469,732
1,2,0,141.0930414894363,26.08976796106342,839
1,3,0,169.4195034822525,31.10895267191806,1008
1,4,0,176.2454637600547,31.66007963631876,1071
1,5,0,195.6079449577067,119.3078143057915,1127
1,6,0,192.9649134841308,33.56170689837321,1203
1,7,0,206.2759225011814,36.17261098359246,1298
1,8,0,214.4604265125188,37.07480105895879,1366
1,9,0,213.4392932521045,37.02683282173984,1367
1,10,0,213.6287242082462,36.93605527724321,1380
1,11,0,212.2450938893154,62.29809456094967,1382
1,12,0,227.2810067310476,37.02202193705843,1548
1,13,0,225.476816963519,57.95563903689067,1511
1,14,0,213.6072222865133,33.63593392007373,1487
1,15,0,209.3466970322401,51.4068024720967,1449
1,16,0,207.9692504298862,165.6941238115416,1394
1,17,0,191.6970613612361,76.71961699384731,1314
1,18,0,165.4785477041037,25.19499432800204,1212
1,19,0,135.0674080100595,20.45866742721791,1001
2,0,0,119.4172768774068,22.33112936908005,711
2,1,0,145.2442142764517,29.605949426277,839
2,2,0,153.4067568908008,28.45165039689993,910
2,3,0,185.9815693847361,34.59327829588623,1097
2,4,0,199.2152067701821,36.74542591473459,1183
2,5,0,211.9103624305699,38.44669330793305,1285
2,6,0,225.6271234871641,40.6049199291257,1367
2,7,0,257.8169167180009,642.9194547177848,1458
2,8,0,231.0767678114585,40.03442612527967,1468
2,9,0,234.7085247279049,44.94829793873051,1495
2,10,0,245.784319317125,58.80625372074098,1575
2,11,0,253.0256069586777,250.7480295682839,1606
2,12,0,237.1397010759572,38.20982959675778,1616
2,13,0,244.4182979582678,39.17977969523043,1695
2,14,0,234.5513359119895,37.97619535447367,1627
2,15,0,237.3743271963976,74.57052651603273,1639
2,16,0,238.5219691348888,135.1561043131483,1626
2,17,0,210.8847083696679,77.43867544535919,1497
2,18,0,185.9986018229677,29.13293391342136,1366
2,19,0,154.5870794526867,23.34063763293405,1139
3,0,0,131.9072321287319,26.29621954951505,762
3,1,0,167.1997847109944,33.18098753499942,963
3,2,0,181.742278830749,42.06270524849822,1031
3,3,0,201.0186995816202,36.28473026361423,1213
3,4,0,225.8037904768165,41.32207638169712,1357
3,5,0,236.2359438839207,74.41639383057328,1401
3,6,0,252.1611726022328,91.12419096484575,1511
3,7,0,259.9978844694418,46.7465031495096,1612
3,8,0,252.6115417406311,43.65625580966014,1600
3,9,0,269.4041344298445,89.69004519246589,1688
3,10,0,269.6183685646655,45.79143135936771,1755
3,11,0,260.2168412011335,43.17046103482869,1727
3,12,0,289.0552242352525,542.2810667305536,1793
3,13,0,274.825271586408,49.70834897548608,1825
3,14,0,276.355631952954,44.3975420837204,1923
3,15,0,259.6334862245196,40.78789486004816,1853
3,16,0,244.3922707470352,37.95344053769217,1746
3,17,0,226.5375882577366,37.34048775039778,1658
3,18,0,223.0705867640776,154.9341858601877,1500
3,19,0,173.6081923027288,27.03801580914685,1263
4,0,0,148.9831508142171,27.92170335969227,859
4,1,0,173.4285324621307,32.48326171573597,1010
4,2,0,209.1145199565172,333.1484469735677,1119
4,3,0,221.0720293775758,42.25624190909627,1290
4,4,0,234.1335625620246,45.17085856508097,1393
4,5,0,248.3659107019903,43.97300047993954,1519
4,6,0,255.3955391052187,45.46663926689801,1575
4,7,0,268.6274126501016,54.57377264484924,1666
4,8,0,281.2313443738994,48.88544633626,1777
4,9,0,281.3481428386163,47.43577472882149,1832
4,10,0,293.5531369885607,91.04885943911378,1886
4,11,0,306.9204895962193,51.91273286084811,2028
4,12,0,290.8488884990324,47.61904858930224,1959
4,13,0,294.4820488875159,46.80277999701178,2030
4,14,0,298.1385980004194,73.02423531069402,2053
4,15,0,284.066907860601,44.8594046776247,2004
4,16,0,269.8715146542567,46.15655493657346,1903
4,17,0,243.2576828154515,37.49504736452896,1753
4,18,0,206.9576255280983,31.89085546941837,1511
4,19,0,194.8202925853828,267.3716362098447,1334
5,0,0,156.0019517065144,29.61854651764506,903
5,1,0,179.7203442867885,34.8312367761785,1022
5,2,0,211.2205689448589,115.3857525744195,1181
5,3,0,232.9375285645598,44.37469407897522,1365
5,4,0,249.7069764812586,90.01595536599399,1453
5,5,0,266.8856830994137,154.6100717018409,1557
5,6,0,282.1033029437513,50.52795767872278,1713
5,7,0,275.877680236437,47.69168047503189,1733
5,8,0,303.576801142596,87.99888709597353,1898
5,9,0,297.0217571670649,50.99415696825645,1910
5,10,0,301.414788216832,51.65444565353133,1977
5,11,0,312.2919609897957,80.24860839519233,2033
5,12,0,309.7285191680429,72.44894480254648,2063
5,13,0,308.4008467115264,94.33825719873796,2076
5,14,0,327.6039296827953,165.8065144784375,2185
5,15,0,292.4187797789003,61.13416878441551,2025
5,16,0,273.9472051448081,47.23189598938172,1952
5,17,0,264.657463380858,40.98876625783998,1897
5,18,0,223.0714493842611,34.36159949049722,1620
5,19,0,199.3389962760969,55.3874673432117,1419
6,0,0,163.1001090165609,31.34009383643457,938
6,1,0,187.9349285451241,34.83130374942012,1095
6,2,0,207.4389110479526,38.45126582656869,1207
6,3,0,234.7305314672686,43.29350378479172,1389
6,4,0,262.4745261824479,76.63884847127314,1540
6,5,0,281.5022697938144,55.8625713567686,1675
6,6,0,291.4655655038446,66.3769486742178,1771
6,7,0,299.0928432389134,52.87090087068746,1853
6,8,0,302.3461827938658,55.09501074556289,1932
6,9,0,313.3322379585724,58.77291176099992,2038
6,10,0,307.5185681120985,60.80462151346848,1983
6,11,0,326.0232983405969,53.48232026770662,2178
6,12,0,329.8570749428304,54.16704682339577,2221
6,13,0,313.8839913459472,51.02327678570307,2148
6,14,0,316.9130005926065,50.85465973454534,2186
6,15,0,297.0537698113795,47.52574312207002,2088
6,16,0,294.3095596121984,54.65874476376228,2073
6,17,0,293.7041964150933,700.0416597899298,1945
6,18,0,234.6276145162784,35.77078895189982,1706
6,19,0,194.3440516293109,29.77614698342897,1428
7,0,0,181.316662991054,34.0964573095965,1043
7,1,0,197.3786476758246,37.24090515883753,1135
7,2,0,233.9407164291246,75.50892232159288,1350
7,3,0,247.827317364453,73.72990378092527,1429
7,4,0,257.8650119238485,47.98419581455856,1534
7,5,0,293.8171666833176,52.77882216951046,1783
7,6,0,300.9413109346625,99.01383971763453,1797
7,7,0,318.7602550129702,55.24536452327362,1995
7,8,0,320.1583892768548,55.02650214534842,2048
7,9,0,313.8112017871446,55.53133900792308,2022
7,10,0,319.1829896224453,53.49800227789094,2093
7,11,0,323.6562085666642,53.11051690746658,2167
7,12,0,322.4889339540813,53.79576959836294,2161
7,13,0,317.3840801944854,55.31300959022822,2149
7,14,0,317.7410212428631,184.4952409757433,2154
7,15,0,315.7753021641058,63.01595299237945,2201
7,16,0,299.8504833838963,47.37098028114082,2124
7,17,0,285.1911793092115,44.99490944224494,2025
7,18,0,238.0530080017279,36.46957995545988,1746
7,19,0,195.905104741013,29.69319991637333,1440
8,0,0,173.6362032417561,32.95782249163409,991
8,1,0,197.8051135863161,37.22654433166151,1146
8,2,0,219.7105818212662,49.43646222267012,1255
8,3,0,245.5371661270326,45.34176093824988,1443
8,4,0,273.1908002082649,107.1105409269382,1602
8,5,0,294.4625907823836,112.0184533956711,1705
8,6,0,299.5019213931238,54.85695233869284,1825
8,7,0,306.1021071310244,53.70509513322182,1907
8,8,0,311.9583510992966,54.13388378154667,1980
8,9,0,306.6918775021492,55.23584862779414,1975
8,10,0,328.5956161715575,352.8447947234871,2049
8,11,0,337.0302756937955,55.79028672007335,2233
8,12,0,325.6047505381636,53.97913614847648,2197
8,13,0,329.1433259940059,53.54787950537067,2254
8,14,0,320.1510669796129,91.3745119208203,2209
8,15,0,316.4173438932724,50.72287090074564,2227
8,16,0,295.056001009837,46.39310412065445,2091
8,17,0,276.8324998430625,42.33786691121882,2001
8,18,0,239.3251535805596,36.24489912344365,1748
8,19,0,200.9680417251584,30.78770111805066,1466
9,0,0,184.1176140555411,60.99227050159746,1028
9,1,0,189.8301388898857,36.16494063214024,1103
9,2,0,226.5402046645541,80.93770534469103,1271
9,3,0,248.8441680857262,46.83793874783812,1458
9,4,0,270.6878202684061,49.75460369206516,1616
9,5,0,293.4801726521142,70.57104226902199,1757
9,6,0,305.3363592057171,54.95874675503843,1861
9,7,0,299.6946661625573,51.97235631007971,1884
9,8,0,333.5839506238102,229.7396119352271,1956
9,9,0,348.2923292003056,137.8128612070704,2143
9,10,0,323.7253211947987,61.66875817121187,2089
9,11,0,360.3760793796614,585.0418107946365,2168
9,12,0,328.2933683196817,130.6432084306485,2152
9,13,0,328.7504661897923,53.48911891944017,2249
9,14,0,319.1718894934762,50.32149605108538,2242
9,15,0,308.4446281667583,48.83303106580042,2168
9,16,0,298.3810665788427,53.38725281426562,2116
9,17,0,271.2930503901563,41.56748665691635,1966
9,18,0,239.3330352952183,36.49285912227728,1741
9,19,0,200.8533389237478,31.79909704038224,1462
10,0,0,169.4220025223716,32.0684489154404,976
10,1,0,196.1697137539076,36.74330985874229,1149
10,2,0,219.4424850446436,40.97009420816493,1279
10,3,0,235.2413033128022,43.38060662566593,1404
10,4,0,279.2747601729675,54.4595859984076,1657
10,5,0,289.5053623093243,53.23948448743199,1745
10,6,0,316.811356969889,73.04490233450505,1928
10,7,0,308.0891907940231,53.96573467346883,1928
10,8,0,330.9562172823956,58.02036698674888,2075
10,9,0,331.7216779961309,57.75946171852382,2120
10,10,0,329.7502221165387,56.45988570305627,2145
10,11,0,350.6063858448267,70.1487714774622,2290
10,12,0,335.5031766544813,67.8431606440373,2248
10,13,0,322.3291706639085,52.29219591290154,2208
10,14,0,328.4390306359372,52.15781789049179,2290
10,15,0,304.5065529244849,47.20265974378737,2170
10,16,0,285.9992793827394,44.13244937409812,2044
10,17,0,277.2234548746046,42.61587492210829,2000
10,18,0,247.3494935591908,38.1205735776817,1793
10,19,0,206.6049639784786,31.68038553640215,1513
11,0,0,170.658177727604,32.79627510095968,983
11,1,0,191.1491760107041,36.28740653227463,1092
11,2,0,227.1187724199273,80.98356481983824,1303
11,3,0,240.0539312459012,44.78723064897261,1419
11,4,0,260.1042314562833,48.48547184567113,1562
11,5,0,301.4615090681966,88.46841127194911,1782
11,6,0,294.4238701277294,59.81085954474599,1797
11,7,0,326.2432936276955,56.91466929588192,2042
11,8,0,325.9734049992766,72.38369743468554,2028
11,9,0,316.4782129019012,54.25973562183157,2032
11,10,0,323.548872565909,54.82828515807628,2094
11,11,0,328.2833449723232,53.46456742853894,2210
11,12,0,319.888245482991,52.49157926379063,2160
11,13,0,322.3272369368235,52.61446548933542,2204
11,14,0,327.463206443342,54.17789724225332,2261
11,15,0,301.1942464520143,47.52049090301669,2119
11,16,0,301.3134704217707,47.90344483587462,2120
11,17,0,275.434551011425,51.94413330117258,1955
11,18,0,254.3860715899963,40.19207182077343,1826
11,19,0,213.5934392421811,33.23041579494802,1541
12,0,0,171.5064727509111,32.67429488597043,986
12,1,0,191.6595302971458,35.88120476265219,1112
12,2,0,223.3046769767076,40.85571696328812,1310
12,3,0,249.2289533471782,83.74204973934505,1427
12,4,0,269.0979828594899,48.93429070907705,1602
12,5,0,282.3778165273977,50.60103979132771,1714
12,6,0,278.590334237164,49.39931097606985,1714
12,7,0,306.7395530692609,54.36304282994351,1896
12,8,0,320.7648016494471,58.42056756157262,1998
12,9,0,326.7486237024714,85.01832359692439,2071
12,10,0,316.4904482275377,52.51586483875775,2087
12,11,0,334.8780305046663,55.46997125199946,2222
12,12,0,329.5455698491772,54.06699388518857,2220
12,13,0,323.8434552093357,53.33204423570083,2212
12,14,0,318.7089849043776,50.94131777245439,2209
12,15,0,310.0078061268293,52.80291516732833,2197
12,16,0,292.1157646568818,45.29666258484333,2083
12,17,0,279.3897537589651,43.33383591698431,2011
12,18,0,243.2886627210915,37.40651668466225,1765
12,19,0,199.1722058464612,30.15246426184476,1477
13,0,0,159.1321563036274,31.01884788172413,889
13,1,0,182.8083672102881,34.42548797578532,1055
13,2,0,204.1673685988276,37.88269846085768,1192
13,3,0,233.2474941553174,43.585834812159,1371
13,4,0,260.8261768143574,54.47006097211245,1541
13,5,0,267.2187301549953,47.88624708075167,1624
13,6,0,303.472841879752,53.87314424615973,1863
13,7,0,295.7797693743379,52.30885214582315,1839
13,8,0,312.8383803185599,83.77934050093042,1943
13,9,0,325.2920074662521,145.4917128504149,2004
13,10,0,319.8171050119597,76.83296201187818,2053
13,11,0,322.0684054734725,96.16763621178039,2129
13,12,0,316.943896471292,52.15217831658963,2150
13,13,0,315.6647166305958,71.41483247048373,2165
13,14,0,303.1330648547872,49.06992029890125,2088
13,15,0,305.9280804783493,80.60245691756512,2116
13,16,0,288.310867103801,46.23609955352244,2047
13,17,0,256.9104539211673,39.29780794091666,1866
13,18,0,239.3720667022065,38.30314358016405,1754
13,19,0,204.1960752665214,31.55143972233518,1476
14,0,0,162.182173821175,31.42453033333036,914
14,1,0,166.7566716327178,31.03103068729933,977
14,2,0,183.5066527933694,34.71630123789618,1065
14,3,0,222.3451877000352,41.20964103302719,1302
14,4,0,257.2113259910715,82.27927983426164,1493
14,5,0,252.2091835537528,57.73685110173307,1520
14,6,0,285.7150847241883,53.49296828736682,1740
14,7,0,289.7804390763284,57.03104888288237,1777
14,8,0,303.1816388116632,53.1300916361604,1904
14,9,0,293.4843685118275,58.79547964440332,1880
14,10,0,305.8707259933218,61.55924769147784,1978
14,11,0,322.1132080674588,284.3822445715307,2060
14,12,0,313.0255555248413,63.10912951390156,2092
14,13,0,313.0853394607712,50.68554855809877,2144
14,14,0,290.8107931985242,45.50288047577159,2046
14,15,0,310.5786773583386,151.3031004863812,2110
14,16,0,296.4739591630134,70.41040347499127,2076
14,17,0,259.8078161107495,41.04986569868899,1845
14,18,0,239.9690999496239,84.50068376272633,1697
14,19,0,190.6972378759751,28.85131612487276,1413
15,0,0,150.8555953229308,136.7327769765931,819
15,1,0,178.5617508264131,33.8517891792464,1036
15,2,0,189.2101943604645,35.37549863294932,1102
15,3,0,213.1668980499474,42.86356838867675,1249
15,4,0,228.8408580416106,57.10380898351271,1341
15,5,0,255.5433874267613,45.93847082810942,1544
15,6,0,270.7312745577499,49.22371984060657,1638
15,7,0,276.4504656645896,50.62968652268494,1729
15,8,0,299.3536716203255,360.6503996205927,1804
15,9,0,282.4197214611178,48.49805067394524,1821
15,10,0,294.1831042017949,57.80354561666761,1933
15,11,0,288.8586816715479,47.93331184751424,1927
15,12,0,288.2382662282545,47.01518590313556,1958
15,13,0,301.507261717273,111.4787460615698,1988
15,14,0,293.2234277911139,195.7249022701254,1963
15,15,0,272.665084587056,43.13991049111264,1917
15,16,0,270.5687242197502,264.2689783483798,1839
15,17,0,245.6285346206073,38.29935853025822,1766
15,18,0,211.364442550964,32.15909322317054,1546
15,19,0,187.3362488395414,28.58541308725581,1366
16,0,0,125.7478852271711,26.84754026063702,719
16,1,0,159.5979169027774,29.93828305015765,935
16,2,0,175.5038283464351,32.56295629698514,1024
16,3,0,197.0889681846981,37.39501693697062,1145
16,4,0,214.3834578581881,57.84647544977744,1240
16,5,0,220.4878162398085,39.55485862001033,1349
16,6,0,251.5076526005323,44.90354283782354,1546
16,7,0,254.877967957092,45.065553274129,1575
16,8,0,256.4988994280999,44.34097766809835,1636
16,9,0,265.0291356090818,44.71853326143378,1723
16,10,0,282.562286371811,193.0901287073677,1740
16,11,0,270.4237808555989,45.39006981334372,1812
16,12,0,279.6845582061836,45.75384345797907,1894
16,13,0,271.2199527092929,43.7181035051109,1866
16,14,0,266.9128078529021,45.58599875588503,1826
16,15,0,271.0643045759616,293.984432564854,1791
16,16,0,251.4624008828384,38.99206103276102,1796
16,17,0,243.2876568938092,40.37856687250247,1731
16,18,0,205.4811008125851,31.86077609319775,1501
16,19,0,177.7258688039778,29.08001645904169,1300
17,0,0,124.4212045012162,23.5189610494995,726
17,1,0,149.3693700985432,27.89892912805384,872
17,2,0,159.9509095714725,29.81282550198507,934
17,3,0,174.3229664460401,32.26501289936499,1022
17,4,0,203.3778028682014,46.32573805200303,1206
17,5,0,201.6089156698102,36.55021938112518,1204
17,6,0,230.074645349536,78.49176526925444,1366
17,7,0,230.5397035445805,41.33818478778167,1428
17,8,0,231.2960653832613,52.12672836952924,1453
17,9,0,233.6154043946409,41.02504574070714,1493
17,10,0,252.3007385541858,42.85792428700842,1642
17,11,0,240.6917864483216,39.99388618508011,1602
17,12,0,258.5847158496486,120.3213120925773,1697
17,13,0,237.5164820847531,37.87969429896865,1637
17,14,0,270.4061449777554,200.4264732320002,1770
17,15,0,234.7329861540991,44.76507895380463,1621
17,16,0,226.344722028769,35.27201079297486,1615
17,17,0,210.3497860557826,31.55797128610472,1541
17,18,0,181.906539078982,28.08624897081575,1323
17,19,0,174.4949142487046,211.5210630468711,1177
18,0,0,107.9163526880658,20.94267917932601,622
18,1,0,126.1621431357646,23.52748224957101,735
18,2,0,149.337743718762,29.95542264458062,870
18,3,0,164.0792264937282,30.92337191080228,960
18,4,0,160.3962432137095,28.84119920080379,978
18,5,0,186.4937022131944,33.83533493647016,1124
18,6,0,205.2361195057894,62.77982863647034,1219
18,7,0,210.6106696304006,88.78511303533053,1256
18,8,0,202.9872912244241,34.98715950608862,1308
18,9,0,219.030702330253,38.67820684374752,1399
18,10,0,220.4026379296922,37.52861688142028,1443
18,11,0,220.3133590837477,65.71367335633502,1455
18,12,0,211.8474204866494,34.56437509134074,1432
18,13,0,226.70746598016,36.63330851876233,1549
18,14,0,225.1320292376365,36.96147769607788,1529
18,15,0,203.0917294150065,32.06924606733702,1435
18,16,0,194.2862660230119,29.87382678638326,1404
18,17,0,184.0840645674212,29.4451460554526,1310
18,18,0,165.9162442785033,25.47293182023583,1210
18,19,0,146.1824235569859,22.32308063702881,1072
19,0,0,93.9386482168633,18.00307384194387,551
19,1,0,113.3127102994849,21.61600013555941,657
19,2,0,134.623960357321,25.14737072943714,803
19,3,0,142.4668601363067,25.84620639479104,864
19,4,0,144.8247043101303,25.96220396884991,879
19,5,0,173.9567351415563,31.36474590192996,1057
19,6,0,179.3418169529014,31.77118187894573,1109
19,7,0,169.0962698210472,29.93624021171923,1057
19,8,0,184.1336613881918,30.99336259264183,1204
19,9,0,174.1954683573144,29.55523378056311,1129
19,10,0,195.0849744470121,33.0389193894668,1280
19,11,0,178.2768205298023,29.50868241484219,1189
19,12,0,185.4499210427196,30.79785122756642,1247
19,13,0,185.4906208505777,30.52239972399603,1275
19,14,0,182.1014877922451,29.03575646241555,1270
19,15,0,174.9254359220796,42.46929824023912,1197
19,16,0,165.4879481204372,25.74196956186319,1181
19,17,0,156.1339523724887,24.03506480517378,1129
19,18,0,135.5831935431792,21.51291114512632,975
19,19,0,120.4372764297983,17.99746990202315,888
