# mesh name: boxMesh_1
# primitive scorer name: doseScorer
# iX, iY, iZ, total(value) [MeV], total(val^2), entry
0,0,0,96.12449565255275,17.37932333696791,582
0,1,0,116.4376145679949,21.98836225794345,681
0,2,0,133.0353676181786,24.51415512211803,787
0,3,0,140.4494015783707,25.37997243045071,850
0,4,0,149.8890977865319,37.05389856054345,900
0,5,0,160.8029844226251,28.91579499808775,988
0,6,0,177.8623436545524,31.12402088405151,1112
0,7,0,170.2967242013794,29.10013745033884,1091
0,8,0,206.987371751269,821.1550677951798,1146
0,9,0,181.2954369502257,31.35685372722056,1167
0,10,0,199.910164735549,138.8297411614584,1210
0,11,0,186.5292947265427,31.06375021370723,1252
0,12,0,181.4978246128551,29.44378306738557,1233
0,13,0,185.5025507293966,30.28224601802504,1261
0,14,0,177.3193216980366,29.53054486398156,1216
0,15,0,173.1030870995366,34.91807983852338,1193
0,16,0,154.4377316830043,24.37031992296629,1096
0,17,0,153.1989605488999,24.26029008801654,1080
0,18,0,130.9574657027847,19.80500969592658,956
0,19,0,145.2672667512128,891.7187204586282,834
1,0,0,113.1615718294662,20.735585952818,672
1,1,0,128.3182967956557,23.9195731929382,753
1,2,0,148.4564959152987,27.58831910558053,879
1,3,0,167.075095914499,29.95877495973626,1026
1,4,0,187.9053977291731,136.7149778795334,1083
1,5,0,196.362308986712,34.44568409833787,1209
1,6,0,193.8086202501948,33.98693879901997,1213
1,7,0,223.4134591885507,224.2721468759124,1300
1,8,0,208.9311498243837,35.7112470728053,1343
1,9,0,211.3872224581635,36.89737307295118,1354
1,10,0,212.7780526042849,36.9850091833671,1392
1,11,0,202.6511310109423,33.35489103419073,1353
1,12,0,223.5672183138967,38.06989871110528,1504
1,13,0,219.1711397070028,35.07941332888911,1511
1,14,0,213.9516406039031,35.65871559910735,1464
1,15,0,207.2050299433126,42.19262724810066,1442
1,16,0,190.9359434804345,30.50065988882831,1341
1,17,0,178.4836778252385,86.86610468811702,1212
1,18,0,168.1348505269309,26.61893754363471,1196
1,19,0,136.6451675592174,20.51061212454882,1007
2,0,0,123.2328944941456,22.97834011494588,723
2,1,0,138.1423306465772,25.05393109676533,821
2,2,0,190.8913218781329,607.5216974018693,986
2,3,0,193.9323831898331,35.87719006401363,1156
2,4,0,202.6701869720719,36.74490402534627,1217
2,5,0,217.0004891248289,39.58148700581557,1327
2,6,0,225.4853699881555,40.15420068632194,1381
2,7,0,241.2096199031902,59.55479217423687,1471
2,8,0,234.9010803028958,40.46890121920129,1506
2,9,0,229.3304703885817,39.49483315675355,1459
2,10,0,241.0001313129539,40.82835103472221,1574
2,11,0,240.8793962789451,39.94336773051968,1603
2,12,0,247.4518407853786,40.77754952981503,1670
2,13,0,242.2322675262194,39.11611102516859,1660
2,14,0,234.1017629993674,37.88064918461583,1617
2,15,0,223.7316053155429,34.62576988201128,1576
2,16,0,232.8270968191409,216.6019162835564,1542
2,17,0,207.083074797079,32.12727121054045,1474
2,18,0,189.1589324430462,29.5563362452826,1347
2,19,0,159.9417055683299,24.29041583224939,1170
3,0,0,136.8868530330173,25.12360278374891,817
3,1,0,166.5919071088114,31.09012529519863,980
3,2,0,179.5662617039041,32.81049572367205,1067
3,3,0,211.0322867626005,293.8486943779569,1182
3,4,0,226.6764868732379,41.15837932774161,1371
3,5,0,233.8454003187829,42.04072431945585,1430
3,6,0,249.3720292496718,58.46415221405435,1537
3,7,0,261.2564563773671,45.60587992854892,1638
3,8,0,256.5504162166372,43.74181401257459,1648
3,9,0,251.2419766869551,42.65562075317089,1629
3,10,0,299.8936876953822,573.2647370880622,1768
3,11,0,290.4279164462821,381.3700712483418,1777
3,12,0,271.583037784259,81.62837983999535,1750
3,13,0,272.4767323304081,43.84351556646991,1862
3,14,0,278.4054155648551,94.82654776480342,1856
3,15,0,244.9912478985497,37.82573196314218,1741
3,16,0,231.9650209145357,35.54782599179919,1664
3,17,0,220.3376615423231,34.19349900738863,1584
3,18,0,196.8283033088529,30.68406583440261,1393
3,19,0,169.5144983102655,26.50707910296492,1218
4,0,0,145.8702162848578,26.60242739657354,870
4,1,0,170.1089765480569,30.95820551901317,1024
4,2,0,194.0372209349796,35.63558259049525,1153
4,3,0,210.1497683409989,38.75012006725142,1255
4,4,0,229.512130732825,42.8301604659323,1390
4,5,0,256.156087212784,45.42288269053791,1586
4,6,0,261.9500409163245,45.65313880530623,1632
4,7,0,264.7752487591965,47.17082230356951,1667
4,8,0,279.3730842129933,47.81202563724283,1781
4,9,0,299.5312830732987,197.1668944277688,1848
4,10,0,274.4740268925046,45.93466276117639,1807
4,11,0,293.1035161475295,49.15835782140033,1950
4,12,0,305.1595370684884,148.7537773493855,1968
4,13,0,292.888917952704,47.02190129507427,2013
4,14,0,285.8563451902926,45.62937819087768,1982
4,15,0,275.5636029603442,43.87702058190359,1906
4,16,0,249.0022466288664,39.33423139373992,1760
4,17,0,237.6162887588195,58.84178588805614,1633
4,18,0,201.9801391054651,31.43495540769552,1446
4,19,0,174.9365751805922,27.9541391104408,1274
5,0,0,151.7377665185445,27.84006008957464,905
5,1,0,188.2229704803373,35.0112753399325,1095
5,2,0,200.9204326492753,36.7516827205655,1201
5,3,0,231.7326582035225,42.94780326462926,1378
5,4,0,246.8111933301995,43.7111497835604,1512
5,5,0,283.0534662718673,249.5192254724805,1635
5,6,0,270.1199124913123,53.10941709961148,1641
5,7,0,287.1827051187632,50.67460427818796,1786
5,8,0,305.5997169765877,52.42276187346307,1940
5,9,0,299.9093171011513,80.75064512026727,1914
5,10,0,311.3296693195161,52.99000073526498,2010
5,11,0,301.4500988061052,50.32280451207604,1987
5,12,0,299.8039464539407,49.7616907972998,2025
5,13,0,319.9630150833725,330.8061077292116,2067
5,14,0,306.4885185896635,48.33269545050864,2139
5,15,0,288.1068551216362,46.71928376537045,1992
5,16,0,261.645489197885,41.50133195275695,1845
5,17,0,254.1026122758116,39.93884094363515,1802
5,18,0,227.1063169224442,88.40652891254129,1577
5,19,0,190.1511642852352,29.39901621259548,1373
6,0,0,164.7885245979049,30.04579774517553,991
6,1,0,192.7869902269966,35.40115440963927,1139
6,2,0,219.0966180734473,46.83985582598535,1281
6,3,0,238.8406190121888,43.35486696205778,1431
6,4,0,269.2469899866089,68.27219341324822,1617
6,5,0,290.9293470865302,60.61804580918398,1765
6,6,0,280.7439526401871,58.18248979627285,1747
6,7,0,342.8336843959771,1039.45470649233,1915
6,8,0,298.3522520914542,50.38301213113458,1929
6,9,0,315.5033417166152,53.61771332227718,2041
6,10,0,333.2751453894742,508.301873262685,2032
6,11,0,317.0174255706838,58.52087617599118,2083
6,12,0,318.6746056088257,53.06333114979949,2137
6,13,0,309.6973898122236,51.07070130540401,2110
6,14,0,314.2248971150567,51.10856930580956,2160
6,15,0,292.463012811703,46.8434837510251,2027
6,16,0,286.4519564389142,47.03480120353661,1984
6,17,0,264.8285533084162,41.45455451142556,1868
6,18,0,242.0523846906685,87.68920521233659,1645
6,19,0,190.4406859233053,29.47357718869319,1368
7,0,0,175.0496074302491,34.49315330089615,1013
7,1,0,198.3976804232362,36.55584685225938,1168
7,2,0,249.7840078759578,616.5956249545886,1339
7,3,0,242.3776882102988,43.85344194548354,1446
7,4,0,278.0222414854327,78.63821687811247,1636
7,5,0,296.4672029796591,76.1335882037784,1794
7,6,0,294.5853154061368,51.9298520738204,1820
7,7,0,319.1900677165756,65.64560257800883,2011
7,8,0,330.4526723168329,58.13673044688414,2090
7,9,0,312.1419688351032,70.67232760952129,1993
7,10,0,340.1012146553394,371.4783259588898,2110
7,11,0,336.9938248876931,104.7981655665693,2175
7,12,0,315.459306458981,52.46939307069274,2099
7,13,0,323.869471543164,52.54882781163399,2199
7,14,0,302.1641166573761,48.95166785336615,2067
7,15,0,312.954439197981,50.77274642107166,2167
7,16,0,294.4863511395107,46.77383642366527,2069
7,17,0,268.6029326140416,42.01900633730234,1917
7,18,0,239.26093653596,37.26214121457456,1721
7,19,0,204.7370171939124,36.65477813747373,1467
8,0,0,171.6480465099144,31.64956475449965,1004
8,1,0,197.7246430715015,37.31107785518228,1175
8,2,0,228.5541627548728,47.16348953615239,1344
8,3,0,260.5375281815147,60.43202863186131,1531
8,4,0,270.8053405640409,50.19447311663538,1626
8,5,0,296.0563869361149,158.7475022696568,1756
8,6,0,302.6764748958811,53.86137182936289,1874
8,7,0,330.1587035469187,209.4977811576112,1975
8,8,0,328.5308035712262,74.80961278827969,2056
8,9,0,310.0712905883623,57.54224985007223,1996
8,10,0,342.3224552517954,229.3925600676015,2129
8,11,0,314.2131557286423,55.52848923671108,2071
8,12,0,345.5918190980287,415.8186781134139,2184
8,13,0,328.4426207883905,53.92747582749361,2225
8,14,0,322.8723058184012,51.23346924441193,2229
8,15,0,322.8747971132419,203.9773511813931,2166
8,16,0,302.5182418736945,176.616508853095,2045
8,17,0,268.7735614445809,42.3935734159236,1912
8,18,0,240.536146821106,38.52710455017873,1700
8,19,0,204.8028025259592,32.61915361807323,1479
9,0,0,169.4476668541923,31.49235718289975,998
9,1,0,230.3310995055385,260.4015195101915,1226
9,2,0,214.3897231125757,39.34171758770059,1268
9,3,0,235.0639206361218,41.99157142324555,1437
9,4,0,278.8044969624065,54.23968231548137,1686
9,5,0,297.7714239931404,256.3069452802013,1739
9,6,0,294.1041189434918,96.82684785613972,1811
9,7,0,304.2825212623467,54.18082516500348,1892
9,8,0,312.9243785719041,130.7127334036847,1929
9,9,0,329.7971279620273,57.78189180235628,2110
9,10,0,312.5730795733226,53.08348374040055,2033
9,11,0,342.1149578693489,139.0239120658485,2164
9,12,0,319.0923976408929,51.66695612703491,2152
9,13,0,316.1152517867213,50.71779041252884,2168
9,14,0,340.6986048994607,423.2696838084087,2204
9,15,0,306.1892744082477,49.65865015866517,2123
9,16,0,286.1982029870194,44.89473896076708,2030
9,17,0,274.1784718831919,42.67666792451339,1945
9,18,0,248.1322484405642,172.8796367384607,1688
9,19,0,198.2328773794002,38.89106614958723,1405
10,0,0,179.546903172197,34.03262191198019,1048
10,1,0,198.3175131630887,36.61748603310318,1178
10,2,0,217.0356960573507,39.36608596950229,1295
10,3,0,260.6361266017701,146.9714196225684,1464
10,4,0,279.0196301312894,70.59246073352887,1658
10,5,0,301.7324808827429,395.7338171914813,1729
10,6,0,310.5108749050125,68.73199874096208,1914
10,7,0,313.9044204418481,55.73716927184624,1961
10,8,0,324.0108642628663,55.819109686491,2061
10,9,0,324.0232129453653,55.9761074884586,2079
10,10,0,334.447973611011,137.2756265316844,2136
10,11,0,342.4798548569254,159.0621651019093,2211
10,12,0,316.4465726962744,51.04917549787084,2150
10,13,0,332.5218755976201,53.20921041668151,2293
10,14,0,323.0422908417716,51.82713496194161,2238
10,15,0,313.3129433904675,83.59493370591559,2156
10,16,0,281.4251124763684,44.38458623511136,1978
10,17,0,271.1417855699712,43.24409797242019,1915
10,18,0,237.8452030607613,36.66598646242249,1721
10,19,0,226.3541430094047,457.1197598316003,1472
11,0,0,172.6744151873802,31.82814774046395,1008
11,1,0,205.4560106835484,38.0256512365702,1212
11,2,0,232.86814242148,42.63899158020758,1385
11,3,0,253.0528028533236,82.44842755356466,1483
11,4,0,272.3821927968282,50.28508018337811,1628
11,5,0,301.1033814846778,131.3025555007783,1800
11,6,0,301.3871945827491,52.67343526125028,1874
11,7,0,322.1480543460758,56.49379867923064,2013
11,8,0,319.2779356142764,55.89726549766203,2013
11,9,0,319.7001864882138,54.56669237819824,2060
11,10,0,316.2980005525072,60.93156432343056,2058
11,11,0,348.0399557736109,394.0699331655098,2186
11,12,0,319.2768117103175,55.43209843759019,2130
11,13,0,324.2760922535621,52.99156230840358,2205
11,14,0,321.871188787045,58.99117768116537,2188
11,15,0,316.1554476099504,77.37724595480944,2137
11,16,0,299.0349222507476,116.344890303444,2031
11,17,0,267.3519411595436,42.4419158380429,1886
11,18,0,231.0467430631111,36.13538029739992,1662
11,19,0,209.1588475305367,32.93481497527509,1498
12,0,0,161.4743305940068,30.62594254556777,938
12,1,0,195.454792234391,36.31398261343212,1147
12,2,0,225.3953450175379,55.62695664027901,1335
12,3,0,250.6101490403149,46.59729529942848,1475
12,4,0,268.351100478816,48.35016575668244,1626
12,5,0,294.3601005650618,52.4326139315315,1799
12,6,0,304.9946483679506,163.530938078455,1822
12,7,0,291.1402436068367,50.81311004240333,1824
12,8,0,321.806348836704,56.89744485675821,2005
12,9,0,324.2277301779162,55.59755140567238,2079
12,10,0,333.3265124534865,69.30927964450041,2143
12,11,0,347.9334133727253,124.0666298295274,2232
12,12,0,328.956524713208,55.35844629942262,2178
12,13,0,316.9824967848958,51.57429049730231,2159
12,14,0,312.9326552939465,49.71180322181059,2169
12,15,0,304.594237377845,98.86327679955805,2097
12,16,0,281.0843011829895,43.60168618451535,1987
12,17,0,281.7457237670915,54.89245581857791,1940
12,18,0,242.5220813812663,53.50530884283552,1712
12,19,0,192.6697363061133,29.49968081511511,1387
13,0,0,160.0284233664271,30.09785094742875,933
13,1,0,190.8240022459982,35.60572846203676,1096
13,2,0,199.9987039343168,36.7193373588425,1190
13,3,0,238.3246996735236,42.89575053777478,1446
13,4,0,261.1945686625361,46.95165737176026,1590
13,5,0,274.7323469028286,49.0121698130727,1681
13,6,0,297.3996749125726,55.32316872937265,1807
13,7,0,290.6583853161819,50.89788971965847,1828
13,8,0,299.821439716892,51.13329192007021,1917
13,9,0,307.595865476436,52.46552469493508,1989
13,10,0,321.7987104169378,53.4279827627612,2114
13,11,0,325.2551804073879,62.70832035164566,2136
13,12,0,311.085028140697,51.58227441598562,2095
13,13,0,314.6081516066982,51.42076204447714,2134
13,14,0,320.5716051823314,224.5086356125566,2104
13,15,0,309.153193210017,49.03937415312723,2158
13,16,0,273.0345559362174,42.93383681583727,1922
13,17,0,257.0905800100193,58.60505208281272,1789
13,18,0,226.5199779535307,61.83187806089789,1575
13,19,0,191.1569599380651,29.66126127509564,1378
14,0,0,152.5103677975524,28.7003654164778,894
14,1,0,182.8685108870879,34.40041842910286,1074
14,2,0,194.8231740554151,43.9897386489207,1119
14,3,0,218.7021308110949,40.11702187347564,1296
14,4,0,249.2638116208732,45.02296043245867,1513
14,5,0,271.8785094106517,204.0110821482748,1583
14,6,0,282.3063557128085,60.32522652237637,1735
14,7,0,303.8301893755823,157.6668581203634,1826
14,8,0,294.8175588933772,78.5889470257337,1849
14,9,0,291.2961608571391,49.61031551619762,1891
14,10,0,305.4239138497441,51.23966073335484,2014
14,11,0,306.5347830842648,50.0068360106899,2057
14,12,0,303.5745968502644,49.00368881416317,2072
14,13,0,304.2053546184003,50.018924311418,2049
14,14,0,296.7766947654146,129.868373596393,1997
14,15,0,295.1369192704042,47.87155638302318,2022
14,16,0,279.2384874763676,44.40047465153301,1945
14,17,0,251.8249451074895,45.32931836724926,1763
14,18,0,224.7729869427169,34.38305845996778,1619
14,19,0,190.842718125152,30.11783473713548,1384
15,0,0,154.6843097590697,59.02806320545468,870
15,1,0,171.5898508166585,31.62232821429042,1015
15,2,0,195.9879977926539,99.41805207738219,1112
15,3,0,205.7356623169365,41.56564433304224,1234
15,4,0,239.2277002744029,42.7820520996841,1464
15,5,0,245.6749423415793,43.73450873525935,1520
15,6,0,279.14305198185,139.5361236385909,1632
15,7,0,285.4834801559562,59.43399910219944,1761
15,8,0,281.1449195150681,87.76366636666577,1762
15,9,0,293.1681874286245,51.02164272770506,1879
15,10,0,284.0268705724545,48.27857528526397,1868
15,11,0,285.5714140943812,47.50045875968372,1898
15,12,0,287.5289602698113,48.13232057889458,1935
15,13,0,288.2152135209183,46.92492958541712,1953
15,14,0,288.0213494673824,54.36274504450863,1972
15,15,0,268.0786832686051,42.19426580173862,1883
15,16,0,266.9112710716562,272.4623553725815,1778
15,17,0,250.7338656629862,61.37070596836845,1741
15,18,0,203.8424699959591,34.32798658074193,1457
15,19,0,184.3733111435837,28.56170640249842,1327
16,0,0,130.4847330361611,23.43692951107311,789
16,1,0,157.6770732631285,28.83669876661004,938
16,2,0,182.3420105198465,33.55657928715711,1082
16,3,0,210.3329533499008,93.06684059581821,1223
16,4,0,217.8388115261031,39.80896745620291,1305
16,5,0,234.4464744858131,41.49669263680981,1448
16,6,0,268.3793647340858,126.5424134034802,1599
16,7,0,254.7844264940535,98.38973258325493,1557
16,8,0,265.9923023508866,49.08949759713715,1687
16,9,0,271.5577900398552,93.64983105851921,1700
16,10,0,266.2268691432809,45.61555503608212,1729
16,11,0,257.2816031190288,42.62726787534147,1712
16,12,0,278.2382827945266,46.33683685938609,1856
16,13,0,266.2615240627982,42.77280984499895,1814
16,14,0,266.9205062372546,148.9728669934912,1770
16,15,0,261.618925222516,279.6889351040045,1704
16,16,0,256.2369159152871,43.1669343589712,1780
16,17,0,235.3400903261891,37.54440861653676,1649
16,18,0,201.2274008522218,63.93300504238197,1397
16,19,0,172.0049655306128,26.36813456343017,1238
17,0,0,118.4064757426791,21.40451636233557,716
17,1,0,144.9961532450052,26.49155258894511,865
17,2,0,159.776179705106,29.40264959314238,952
17,3,0,180.2029477685096,32.55042734584968,1086
17,4,0,193.5661577679988,36.5615460573182,1163
17,5,0,208.987972814603,37.5199150768829,1273
17,6,0,216.2366602941239,37.87511596682987,1355
17,7,0,234.8657789586832,42.4266037983159,1437
17,8,0,224.7583831368864,38.61606351317755,1437
17,9,0,229.4936329735656,38.86849842735365,1493
17,10,0,254.4163201610844,42.37400730245403,1674
17,11,0,261.7513757600858,320.0780812168872,1637
17,12,0,246.28021491227,40.13412754120258,1667
17,13,0,237.64133820052,51.24657642915806,1606
17,14,0,243.3734840910531,39.46266355717233,1668
17,15,0,232.739262894903,41.20568943967809,1601
17,16,0,221.2274805126769,35.12576497836217,1547
17,17,0,205.8271203975012,32.44364037880754,1464
17,18,0,175.3163308134575,26.75195779758357,1272
17,19,0,150.7785105294086,23.60227950791543,1087
18,0,0,107.3991584279863,20.18068840443788,632
18,1,0,129.4745551375388,24.36417460794313,749
18,2,0,157.0021940098284,43.94544846855435,907
18,3,0,158.2579887864232,28.43898523855063,957
18,4,0,171.4717511421023,31.31314493535508,1045
18,5,0,185.790134813632,33.07173583382824,1133
18,6,0,196.2523983837178,35.22724313155127,1215
18,7,0,213.0912967804093,42.34942618740597,1313
18,8,0,207.7352998603893,36.24146059962438,1328
18,9,0,210.4146912972212,36.26241974904003,1344
18,10,0,217.0173907306027,36.22593672342705,1433
18,11,0,214.9432770183036,34.67095203161981,1450
18,12,0,217.5682833336756,37.93750017805705,1437
18,13,0,220.4687598180081,36.48391990005832,1494
18,14,0,219.675866725008,34.97227570720568,1526
18,15,0,203.0693364463235,32.02966474107151,1427
18,16,0,185.7275648348754,29.96446666539242,1312
18,17,0,180.9803430893899,29.07642706949114,1269
18,18,0,155.2870614274958,24.24669538080089,1116
18,19,0,140.2868534275787,21.96683414374938,1000
19,0,0,100.15921516619,18.8563919424881,587
19,1,0,110.6319289571384,20.02588889472299,669
19,2,0,128.3948016685529,23.69234301256924,765
19,3,0,144.7768695970666,26.56905233289177,874
19,4,0,168.7929928951411,499.4848549682354,912
19,5,0,161.0061939955982,28.80470915635673,990
19,6,0,171.10196061913,30.059083644628,1082
19,7,0,171.942028608613,31.03111006156824,1086
19,8,0,176.5503528505156,29.8560067060176,1152
19,9,0,175.8849652638768,29.72508797909518,1148
19,10,0,190.0762952352263,33.63367668250169,1250
19,11,0,187.4267643262164,31.21150806882983,1245
19,12,0,214.7239420255625,573.5102851095983,1259
19,13,0,174.2107751654788,28.40768985443716,1183
19,14,0,182.9673303883183,30.11024984046547,1236
19,15,0,167.0861061396858,26.29091188026215,1173
19,16,0,157.7827495103661,24.88806567678032,1116
19,17,0,153.5261980553287,58.65707606671241,1062
19,18,0,137.5762560095995,22.50682275811394,971
19,19,0,117.2664485366095,18.15682763835739,853
