# mesh name: boxMesh_1
# primitive scorer name: doseScorer
# iX, iY, iZ, total(value) [MeV], total(val^2), entry
0,0,0,96.95498086590061,19.78369988626883,525
0,1,0,122.1246687624096,55.77213885739239,620
0,2,0,128.5609567430522,26.70849162621181,682
0,3,0,141.0761242728182,27.62860177159867,783
0,4,0,149.632715482147,29.37956357603031,833
0,5,0,175.859936847122,36.96726960449796,981
0,6,0,168.7421781692414,32.40406373633244,965
0,7,0,188.2806790233325,39.0149989998495,1098
0,8,0,189.9712416376514,35.93478941999381,1109
0,9,0,182.699018440071,35.99810784542445,1091
0,10,0,184.1660928646521,33.1035988046253,1128
0,11,0,199.14036689491,246.5851813167816,1164
0,12,0,185.0974099752879,40.81108997408271,1169
0,13,0,188.8483647777016,39.39842019508469,1208
0,14,0,171.3161694310781,28.37372739677309,1142
0,15,0,175.5649363167175,43.44635462233808,1158
0,16,0,163.3030511183641,26.94914094987364,1095
0,17,0,156.2067733425951,25.64193834667418,1063
0,18,0,138.9932931660952,22.36722985403109,960
0,19,0,115.2173607258652,18.32248468569471,800
1,0,0,115.2168555176363,23.55127164407244,623
1,1,0,137.8940195611208,27.92198858123356,746
1,2,0,144.7646904754466,29.24931894874819,783
1,3,0,168.0469366951742,33.56547326128386,931
1,4,0,182.9976291133194,132.2220611941685,961
1,5,0,181.3097684641332,34.70932700964286,1019
1,6,0,192.3170109138082,36.12502407331402,1105
1,7,0,216.6751520312077,63.27640507178675,1237
1,8,0,216.1717153174623,99.09693271001844,1221
1,9,0,217.8712001500548,53.11601354070696,1298
1,10,0,227.7821513560494,91.16198457982888,1348
1,11,0,209.3192117922599,36.17441875052276,1329
1,12,0,221.4549827081781,43.64200775603444,1400
1,13,0,208.2631826563637,34.5601763764088,1380
1,14,0,209.7001816698469,35.78091122115086,1358
1,15,0,202.3933422638412,33.31111887458996,1355
1,16,0,195.1483654684256,33.31026019889838,1288
1,17,0,180.2724907002925,29.05010304718203,1243
1,18,0,159.882824642815,25.55213055204512,1109
1,19,0,136.6790411185281,21.93197911161821,954
2,0,0,125.0966275202968,90.90073413470506,628
2,1,0,145.9861584208617,30.23618474197962,765
2,2,0,158.2662048829221,31.89262209216803,859
2,3,0,190.1391500642788,154.7475298827579,993
2,4,0,209.5359781531867,41.69444366283241,1143
2,5,0,205.5921358521995,39.38493706741183,1171
2,6,0,248.1096004873447,522.309909304094,1296
2,7,0,260.8516477366679,731.7414012488269,1340
2,8,0,228.4990772798807,41.62563261131761,1361
2,9,0,243.3236370397667,44.66449518032834,1456
2,10,0,240.9981414498167,42.33340964614071,1497
2,11,0,249.2760448844735,128.5560187382292,1500
2,12,0,244.9465069420489,44.67708979692031,1539
2,13,0,251.3036161736144,42.60293894319928,1635
2,14,0,234.2245145976122,39.70149760044851,1532
2,15,0,223.9606011568779,36.68290647814944,1508
2,16,0,213.2660308971514,35.23548859930431,1440
2,17,0,194.2874582106495,31.64855389938647,1322
2,18,0,187.4295100632561,30.65721435637619,1275
2,19,0,154.6771939780053,24.91602993153598,1075
3,0,0,137.6332520617207,29.76254861740627,722
3,1,0,152.1518081831082,31.40891832386515,801
3,2,0,187.0564555212061,37.4074094385838,1016
3,3,0,201.565449260603,39.7409471990727,1105
3,4,0,221.9887903714958,102.2186478526659,1189
3,5,0,220.7133580527483,43.76020535771301,1221
3,6,0,262.6040559342822,55.39267682255703,1490
3,7,0,257.2873309881655,51.39355557170567,1474
3,8,0,256.3877224984254,47.09512373292397,1528
3,9,0,265.3849028611268,48.42898554805807,1596
3,10,0,280.0520648124253,100.3391723905037,1665
3,11,0,270.1649932590041,47.52223531459177,1675
3,12,0,267.4553003083898,46.24374471287004,1704
3,13,0,270.328317935515,45.88925490201944,1745
3,14,0,274.2128059254781,80.64407265202148,1762
3,15,0,253.655828476367,42.04280163321479,1693
3,16,0,249.3993210337699,86.75576264460767,1635
3,17,0,232.8578653995058,47.22278585988207,1539
3,18,0,207.5561989355516,209.9451145230085,1343
3,19,0,166.5141836072289,26.48894641598012,1157
4,0,0,154.8179780471324,32.52688952804353,817
4,1,0,176.5450185620824,40.64263636155528,925
4,2,0,188.3927207398177,37.39376167394186,1027
4,3,0,219.9333086866352,44.62826749763703,1192
4,4,0,217.7698507600606,42.62463879961131,1216
4,5,0,251.9857795836068,73.29776312462442,1387
4,6,0,262.9485495481279,66.86308485383778,1477
4,7,0,265.528243797178,48.9345373804343,1563
4,8,0,269.6273900232377,49.55926157160594,1614
4,9,0,300.536670931899,79.96401494107512,1758
4,10,0,297.4671207133059,52.51543780683775,1843
4,11,0,286.1150922887346,51.22647083698283,1770
4,12,0,294.8730377359492,146.6608165280682,1797
4,13,0,293.5839606253669,50.424852531997,1887
4,14,0,288.5701251495524,48.86528197957345,1875
4,15,0,281.3626221178026,46.7667092661737,1874
4,16,0,250.4052820549572,47.76246925669342,1663
4,17,0,229.6457171221007,37.3548456417935,1563
4,18,0,207.0789360954314,33.1656588788172,1426
4,19,0,180.1161458032227,29.21285345565386,1255
5,0,0,160.3747128307858,33.0144931068149,847
5,1,0,177.4298170551464,35.58050055122715,953
5,2,0,212.4060485741308,86.74156563295368,1116
5,3,0,221.8370682203774,44.57821164340461,1202
5,4,0,252.6652223928067,49.44011740201744,1406
5,5,0,293.0719077330517,558.8320257217223,1499
5,6,0,269.3385074727486,55.16175063128945,1535
5,7,0,288.0581603318028,73.01393136942089,1644
5,8,0,298.8580578393136,55.07587652732989,1770
5,9,0,292.3342234452446,52.4642495381396,1772
5,10,0,309.6686944467905,71.95344450922063,1850
5,11,0,315.9617858515958,55.74328034347555,1975
5,12,0,301.5691256063339,52.55978218835945,1918
5,13,0,306.7227586234408,63.17961746957697,1943
5,14,0,308.7705017409519,79.06144345220139,1974
5,15,0,308.6808049898352,282.8070869368343,1946
5,16,0,276.4706987837412,57.46724012569085,1816
5,17,0,236.1927118298541,37.80361463930971,1637
5,18,0,225.4606446263636,93.77215077715377,1488
5,19,0,192.5900940802479,49.74751212649917,1305
6,0,0,159.7695265592622,54.72740794996863,819
6,1,0,189.222734296539,38.47229742821113,1018
6,2,0,209.5062395485564,42.24107448329359,1132
6,3,0,241.8666393867748,47.97248187120208,1326
6,4,0,249.5223914812288,48.62137497978534,1390
6,5,0,262.2488395055033,50.90532830325838,1482
6,6,0,286.8567210036729,54.37518165539738,1646
6,7,0,297.8099350135849,87.36791270019846,1708
6,8,0,308.3362066852767,71.98775002756291,1807
6,9,0,310.8637727160152,56.80717371994608,1874
6,10,0,323.8609998561051,61.31081593016808,1961
6,11,0,312.1930709891728,61.50409131962272,1941
6,12,0,321.2630468635451,55.70453091012395,2025
6,13,0,328.1419671036285,338.1759524110284,1986
6,14,0,316.2966348145069,53.5511110048124,2063
6,15,0,288.5040474392912,67.35131908419277,1889
6,16,0,290.1011086413081,93.58751750831627,1901
6,17,0,258.9016912439067,61.33569939674184,1750
6,18,0,242.1889374597099,41.71336873660098,1640
6,19,0,196.5560071453808,31.10249507151705,1370
7,0,0,170.4108157898415,34.70398367945922,903
7,1,0,190.756666276078,38.74003116697739,1015
7,2,0,203.0050864945818,42.17578634522847,1090
7,3,0,239.9742073584897,47.56941029433755,1327
7,4,0,274.7069009842065,55.3928644832612,1486
7,5,0,280.2740244380007,55.33965292621586,1570
7,6,0,303.1512120053129,108.0537041122895,1682
7,7,0,298.4510278588509,68.86091801406273,1724
7,8,0,328.7267649346828,80.90311131704763,1880
7,9,0,341.4808217384051,877.4413523536019,1900
7,10,0,318.7167292048675,77.72165562465501,1921
7,11,0,369.9044860241515,1366.347047135073,2072
7,12,0,332.3766664308971,65.55780197579494,2087
7,13,0,310.967002414758,53.73745345869546,2003
7,14,0,318.8753884744816,52.5602278937868,2118
7,15,0,313.8323596059489,77.07310574335807,2027
7,16,0,269.0710828873457,44.28174726566961,1802
7,17,0,267.055766592673,43.8002347706859,1808
7,18,0,237.8288986321629,38.02674535994668,1648
7,19,0,204.6398778259118,32.87664136323364,1406
8,0,0,182.9450022201013,37.316645999283,970
8,1,0,206.5085509323443,41.63604549111613,1107
8,2,0,234.1699046041553,84.53419936846286,1223
8,3,0,248.6194261808852,75.77245711134154,1322
8,4,0,287.5126575065605,187.7795984728565,1528
8,5,0,275.1576452386877,53.28903148635035,1544
8,6,0,295.4606414373294,55.96038495858457,1691
8,7,0,302.0439164461317,56.96849883268646,1750
8,8,0,310.3620375986065,57.52938500196711,1833
8,9,0,311.677231440298,70.9777147726552,1850
8,10,0,315.4914379187533,56.84910026741765,1926
8,11,0,341.0979197628242,59.29608137861943,2140
8,12,0,316.7749600308147,54.6041159422152,2004
8,13,0,316.5661138190271,53.48001790761518,2055
8,14,0,312.4977512423803,52.11630416425522,2060
8,15,0,318.0176667101387,166.2830303679841,2001
8,16,0,301.7827404198393,49.4897150213929,2034
8,17,0,267.8234686678639,43.82276689857364,1806
8,18,0,249.2624748817803,39.68479552342833,1721
8,19,0,200.5398978688638,60.10692365387236,1366
9,0,0,179.4694569646044,136.2646448628901,888
9,1,0,190.2013389497155,42.09445458032194,1003
9,2,0,233.736341189,59.02947680656537,1240
9,3,0,254.0220637546026,50.40724044618411,1385
9,4,0,275.3575693383335,53.82921814064738,1529
9,5,0,300.5491967994035,196.5438025436026,1621
9,6,0,298.4699992629062,56.1803490402193,1715
9,7,0,311.9567285901408,57.96053326033263,1831
9,8,0,336.9557943648395,61.82526509925943,2004
9,9,0,325.1144243418178,59.29576256168915,1960
9,10,0,336.0655547425734,59.87957653797674,2079
9,11,0,340.6277552931269,77.98265917309872,2090
9,12,0,327.9132070783951,85.07828886346928,2039
9,13,0,329.0828453124483,56.79411328476356,2118
9,14,0,329.7741059357156,55.89073110059004,2147
9,15,0,292.1791044459353,48.66283445515923,1931
9,16,0,282.9058037972803,100.30834578046,1887
9,17,0,276.8032206669329,68.86186308686588,1869
9,18,0,239.6616494591066,39.83134378975414,1634
9,19,0,206.1816596861971,32.99477282834383,1427
10,0,0,167.8534178004785,41.06685610215523,878
10,1,0,196.8736731150107,39.95085611109945,1053
10,2,0,223.3490905385809,57.4873505316267,1194
10,3,0,245.4354368798953,61.45361784043659,1329
10,4,0,267.0497894079526,52.31164066388792,1478
10,5,0,288.0340714641296,55.28453491134434,1637
10,6,0,306.622930853463,84.03347987884895,1728
10,7,0,308.0965012798893,57.39134296729786,1805
10,8,0,319.8141486089778,59.33162873845534,1887
10,9,0,328.1905357518344,66.29362819812687,1954
10,10,0,342.3418913505318,64.44432254877616,2075
10,11,0,328.063607295041,59.29130913603057,2039
10,12,0,341.8421203081633,59.4911962847785,2171
10,13,0,334.9007287378151,56.95629459121248,2167
10,14,0,332.018028939758,76.18299122654808,2149
10,15,0,308.589273340947,57.5024605537432,2063
10,16,0,292.5697148433298,49.00830415284107,1952
10,17,0,273.8665257150483,111.9654721960038,1814
10,18,0,236.5439627143334,38.75112403688065,1612
10,19,0,200.7679600590778,31.76938290727372,1398
11,0,0,180.346990399724,37.61010001029746,941
11,1,0,202.0142682573383,45.01309887625291,1064
11,2,0,241.7436908041066,86.55158938000994,1248
11,3,0,271.8956398370835,466.0668088050992,1340
11,4,0,265.4493886617804,53.17360496660054,1469
11,5,0,295.8827500393738,57.75893103226959,1655
11,6,0,295.8587772532686,72.28245810609128,1663
11,7,0,305.589217463593,57.69029018389961,1771
11,8,0,331.3823849473924,192.7806712453711,1907
11,9,0,318.5073828283008,58.30133729804391,1915
11,10,0,325.6398455630026,58.18679952022977,1999
11,11,0,328.8009439069091,57.52438031798689,2051
11,12,0,329.297027356927,57.62417794841255,2081
11,13,0,332.9472250128036,58.01795041314202,2136
11,14,0,331.4030394854924,55.499464610659,2180
11,15,0,316.81549685507,69.69996528405365,2083
11,16,0,292.0817641603604,49.31320785706541,1950
11,17,0,261.4726189330281,48.28238186773225,1764
11,18,0,242.0695962120919,38.80017179753833,1664
11,19,0,200.1795211577585,31.98244357404775,1395
12,0,0,167.1750132353334,57.68372021462734,858
12,1,0,207.2062512761067,50.63225394368465,1072
12,2,0,222.6617658239944,45.47478020220696,1198
12,3,0,247.614388609705,50.26038043786058,1342
12,4,0,254.3633234301288,51.9343104722724,1408
12,5,0,287.7654776562566,55.72533698751361,1613
12,6,0,298.3402060670151,56.26266797996428,1715
12,7,0,316.8786894102223,265.5153655574659,1732
12,8,0,315.4680420282336,57.79759864104059,1877
12,9,0,315.2887852046426,56.36414454545354,1924
12,10,0,327.9539166298325,58.16204183667203,2033
12,11,0,319.930571372846,195.1117129665419,1909
12,12,0,332.9572200070525,97.41807275710647,2050
12,13,0,326.1447869935141,55.80781294358391,2104
12,14,0,299.9127497360025,66.96641158151293,1942
12,15,0,306.866367635243,50.93967355431091,2041
12,16,0,282.4034115494872,47.16031187587105,1885
12,17,0,270.078968100652,119.0167603377769,1757
12,18,0,251.5271831745092,454.0304487800443,1575
12,19,0,206.2360408518489,44.43485404242961,1398
13,0,0,162.0602500331885,34.03133715287351,853
13,1,0,186.1763068935365,55.87469369970485,950
13,2,0,215.2024062639913,43.72476139773408,1143
13,3,0,229.3890953939126,45.65729874167867,1255
13,4,0,250.8382917762065,48.80690295040919,1391
13,5,0,277.4120683344097,54.24001911081044,1558
13,6,0,278.8225545345915,53.89883372406892,1572
13,7,0,296.9047101633692,55.64409002546477,1731
13,8,0,313.7899049794748,58.9232805273565,1845
13,9,0,320.114062093396,60.4095682159843,1908
13,10,0,312.405445508851,55.19724404876705,1925
13,11,0,331.2174748318861,103.1129961997364,2019
13,12,0,314.6921080702065,55.77932737838547,1967
13,13,0,320.0073592089595,125.4292671118036,2027
13,14,0,304.7195515009625,50.86298750790535,2020
13,15,0,291.2279632270112,50.77083118340132,1931
13,16,0,287.2750725238864,103.8371743351107,1875
13,17,0,255.275132744726,43.42297471823116,1721
13,18,0,226.0602989585166,36.52404264263628,1554
13,19,0,204.4446719377116,74.61257666986981,1387
14,0,0,165.9283836715207,34.88158084708399,869
14,1,0,165.4738534911361,33.75814653974292,885
14,2,0,204.0438252124914,41.01933914201462,1099
14,3,0,242.8877056023042,52.67312247599423,1310
14,4,0,242.9803599850383,55.04672445927693,1334
14,5,0,253.2009325374892,48.84703267032234,1428
14,6,0,278.7855600436712,52.69264555204253,1600
14,7,0,289.4403713753441,54.63795476228668,1683
14,8,0,286.4031970885393,52.78618972313934,1695
14,9,0,296.4487367551725,54.08283201424995,1777
14,10,0,287.6854079511103,51.53735389837246,1763
14,11,0,312.8079521342691,85.39482837655494,1901
14,12,0,325.2170858518829,551.8755863177036,1931
14,13,0,304.116797277618,77.40299720064027,1934
14,14,0,300.4541536258627,49.64592313844167,1982
14,15,0,281.3748764433795,47.20762156996954,1866
14,16,0,271.8056021834836,44.81806049903705,1820
14,17,0,263.5187073382866,166.60887173272,1693
14,18,0,235.6227003082823,260.0897195530821,1485
14,19,0,195.462878059534,32.56324773911516,1332
15,0,0,153.8327745161932,31.78053785337466,814
15,1,0,167.9757344311627,34.5126922417429,897
15,2,0,175.3165281142231,35.39020668198722,944
15,3,0,217.0086914855061,43.2773068856325,1194
15,4,0,227.2935282804691,44.71538930727751,1255
15,5,0,249.0063056156908,48.0305572358381,1393
15,6,0,270.3435729250109,163.5913440212568,1484
15,7,0,263.4381009837921,48.97993917784898,1545
15,8,0,291.4493973038989,184.8948660847078,1650
15,9,0,286.3408171375678,52.19022077773266,1705
15,10,0,280.926135303592,70.96564812764676,1689
15,11,0,295.2265172377619,52.60588344822434,1825
15,12,0,306.1965101117304,52.67425306705365,1958
15,13,0,289.3652123263507,78.53742693958669,1854
15,14,0,282.7030393425596,124.7284170165213,1818
15,15,0,262.0654134545751,43.140545956907,1750
15,16,0,271.5869839279009,50.48221334104798,1825
15,17,0,246.3890052854538,98.75498025277552,1655
15,18,0,205.9272267651038,33.16499209439579,1417
15,19,0,175.9653466503767,27.852601403601,1231
16,0,0,139.2124948063858,28.5020654056285,741
16,1,0,164.0380291885058,61.90820738542615,843
16,2,0,172.7732243435162,35.15758166688006,931
16,3,0,198.3518681475674,39.8266568956245,1076
16,4,0,219.9898451410361,43.78677045880216,1214
16,5,0,221.2871786905,42.04491518950201,1266
16,6,0,238.7872200077484,45.51703463666705,1369
16,7,0,258.2942976321579,48.28015140277012,1498
16,8,0,276.1450926979219,51.04366007197896,1644
16,9,0,265.1760052150775,48.62367134762771,1588
16,10,0,273.3166619920578,57.31299857048529,1677
16,11,0,265.2840734666502,46.27495080566484,1658
16,12,0,272.3879339897949,154.2437421028765,1660
16,13,0,266.3750928977676,45.14495575693338,1723
16,14,0,261.0576100947619,43.91545680526876,1709
16,15,0,250.6112561475846,41.71833169854295,1676
16,16,0,249.135397183116,41.93365463452499,1653
16,17,0,226.235876984109,36.96126824430983,1537
16,18,0,191.6710062234831,31.2664583227536,1310
16,19,0,168.1911292603807,26.88758431346955,1167
17,0,0,125.8173567471019,25.51539781563201,672
17,1,0,146.5383355544799,29.85316180680506,779
17,2,0,162.6046220138483,32.21525876371955,889
17,3,0,174.8349932173978,38.46670563744011,937
17,4,0,204.876069160902,40.35757932520666,1129
17,5,0,205.0391931295935,40.01773990002198,1144
17,6,0,216.6044963252506,39.98498667825354,1275
17,7,0,242.1532219206712,49.66543871950717,1391
17,8,0,235.3425941529869,44.57075228357131,1377
17,9,0,246.1383612249451,49.25836530487829,1473
17,10,0,243.4286257727418,43.14850173257116,1500
17,11,0,245.3471931587852,73.95178263848101,1491
17,12,0,239.9104809119489,41.10173164586748,1533
17,13,0,240.1469979813435,40.76001136667394,1565
17,14,0,252.2651596214867,73.08098380812405,1601
17,15,0,238.2062471887584,40.00958149366489,1570
17,16,0,211.0383222481851,35.03512468287698,1419
17,17,0,196.1722125303758,31.80082736819393,1337
17,18,0,169.2073821124455,27.15712349009204,1166
17,19,0,154.3170421239028,24.81861396129691,1064
18,0,0,117.8584871246757,25.13385992015978,616
18,1,0,134.2842303960498,27.32603893850447,717
18,2,0,150.8086141015477,30.38615467549396,813
18,3,0,167.1206470227144,34.09355863718346,906
18,4,0,171.2427420663271,34.25417365634639,939
18,5,0,194.544874109385,40.47517011706483,1092
18,6,0,195.6970665153854,37.15183977492136,1123
18,7,0,194.0599044501645,36.04367549082412,1142
18,8,0,205.567314813164,37.94635171246791,1233
18,9,0,212.6789611011922,38.33075474764844,1292
18,10,0,224.2617812929479,39.88856437301815,1393
18,11,0,214.4049269950183,42.15899960255442,1327
18,12,0,222.1143743319295,39.08217971830201,1394
18,13,0,214.4922475561808,36.51484019018248,1403
18,14,0,221.0281504640295,61.53473653920536,1399
18,15,0,210.9984244874492,317.8647516121187,1277
18,16,0,196.092244194655,32.99765877115976,1298
18,17,0,188.5830668790631,30.50606168132285,1286
18,18,0,158.0100108211742,24.68680014093353,1115
18,19,0,141.0620248078069,29.21242311429413,943
19,0,0,104.6159967494858,21.45431697601701,573
19,1,0,120.9854106410807,24.45512144747686,651
19,2,0,128.7862013863545,27.92073784586715,691
19,3,0,140.4300454220051,27.45994767082713,779
19,4,0,145.8590446027687,67.58444361407474,787
19,5,0,155.0243282362621,30.30089719510403,876
19,6,0,163.5546322152267,31.08400106044598,947
19,7,0,181.8422841048863,188.9412677722024,982
19,8,0,175.8316002431418,31.5088577657195,1071
19,9,0,175.9297376136417,31.91617910079301,1069
19,10,0,190.2426600857621,34.34291152555631,1166
19,11,0,190.1048434927664,33.30237709603778,1207
19,12,0,190.5086414978047,33.63031625596057,1204
19,13,0,191.6027489025372,32.15817489920711,1260
19,14,0,183.2353547532458,88.5293883556504,1167
19,15,0,189.1033417493675,177.2430661532443,1181
19,16,0,159.6133332293463,26.4358703017044,1080
19,17,0,145.1165171445656,47.21926325207225,965
19,18,0,137.1421387436952,22.52305851113976,931
19,19,0,110.8769129888408,17.8557607686759,782
