# mesh name: boxMesh_1
# primitive scorer name: doseScorer
# iX, iY, iZ, total(value) [MeV], total(val^2), entry
0,0,0,96.32591470615654,18.52646516104428,549
0,1,0,115.1176318427517,193.1997543340615,589
0,2,0,149.1053991600805,186.0417774136587,761
0,3,0,133.1516309293498,25.00031644867616,778
0,4,0,147.6484860443907,26.44996388246461,895
0,5,0,166.6378187895334,55.95062352741434,971
0,6,0,168.9851098646766,30.61738942613556,1033
0,7,0,166.6761838476425,28.65631142560018,1064
0,8,0,171.5258139546268,29.71578204408904,1105
0,9,0,179.6275288640647,31.28302226783647,1157
0,10,0,176.7809281107545,29.45861002593881,1172
0,11,0,189.6276286593854,87.44202272254822,1250
0,12,0,180.1401013052159,29.15562510453364,1227
0,13,0,184.0136886824428,29.38252964330133,1283
0,14,0,189.5772708574584,29.7345212930013,1351
0,15,0,174.4164014449034,27.29597178123028,1259
0,16,0,170.8669554333631,26.02684335525115,1249
0,17,0,154.8047515351663,23.02397026512925,1161
0,18,0,142.7906170402359,21.46428459342577,1066
0,19,0,123.7524367320308,18.42520729341992,933
1,0,0,112.0255227694912,23.71306441229488,629
1,1,0,128.2365245540071,69.69936162069644,696
1,2,0,137.7443339364787,25.56457902420221,805
1,3,0,164.5364389439776,38.67106456132632,936
1,4,0,175.6510138242296,32.41721167499598,1051
1,5,0,186.763663748482,34.45707278598512,1119
1,6,0,212.1974534793682,112.2920437581361,1249
1,7,0,204.0341212992298,211.004295740034,1200
1,8,0,211.3290533970295,44.41708170396487,1319
1,9,0,213.3158899122895,36.90967074187994,1365
1,10,0,219.4900172393752,37.5696116296577,1433
1,11,0,211.8841936439438,35.07627048364663,1428
1,12,0,213.6787819164522,34.07621973222146,1481
1,13,0,246.3885189061275,512.5769360237043,1560
1,14,0,225.965834375161,35.23281939685622,1608
1,15,0,213.7918733549112,32.94323034803557,1549
1,16,0,213.5089555786397,48.89410281889756,1514
1,17,0,199.3560170481344,30.1385270193258,1469
1,18,0,172.4587908869018,28.3646419678989,1279
1,19,0,150.7477411310135,38.18728784906845,1102
2,0,0,121.2259001783572,24.90246609360197,700
2,1,0,145.3210274049348,27.72133067407189,843
2,2,0,148.6844827659213,27.80055852896833,865
2,3,0,179.2720865091777,33.43334657188224,1054
2,4,0,198.5515199951135,59.81615600727387,1161
2,5,0,220.2397263381263,39.81573779095163,1330
2,6,0,217.3966328339913,38.89800091441052,1346
2,7,0,242.2555366171448,52.55643843014231,1469
2,8,0,245.6593217697903,42.46578606641287,1572
2,9,0,232.0770699014824,39.42272809057599,1509
2,10,0,246.6991829747064,40.44567394695011,1658
2,11,0,240.6867806698689,39.55016286554129,1619
2,12,0,244.8070101288165,42.73717233817418,1676
2,13,0,246.0433757458372,39.10906600349654,1712
2,14,0,249.1532342502261,40.11172287108802,1753
2,15,0,243.3622241075696,37.93191964272351,1746
2,16,0,240.680943248724,37.06565646926428,1740
2,17,0,221.5325769456706,32.84107963102695,1661
2,18,0,215.8261099417368,157.5911561601717,1507
2,19,0,185.8270876403254,183.03762145128,1264
3,0,0,130.2003723865616,24.85755894470186,749
3,1,0,161.5456992033851,31.24379047230148,921
3,2,0,175.8305231150393,32.74319890259055,1026
3,3,0,197.7415740324905,37.3242893813669,1151
3,4,0,220.1741552203089,39.9668506907753,1314
3,5,0,234.7780712038509,103.2226930369158,1367
3,6,0,244.2779257845887,43.59216818151815,1508
3,7,0,261.0067679370167,174.3769186729091,1557
3,8,0,261.0587127190437,45.1191182897817,1662
3,9,0,258.5768813696182,43.97204620517046,1667
3,10,0,263.827411844019,44.10402232338428,1747
3,11,0,262.3799444683494,42.91841107603442,1779
3,12,0,279.0032987796856,46.34979682099743,1886
3,13,0,284.1510879964288,71.75458763406228,1933
3,14,0,278.4032386772317,44.05544196240413,1961
3,15,0,270.877247660622,41.75418573603416,1946
3,16,0,248.9190356784949,37.66778733988381,1833
3,17,0,238.5540694586722,36.29216966445023,1761
3,18,0,219.0466530651846,32.23982866219625,1647
3,19,0,184.0864012158058,28.01891393100842,1395
4,0,0,145.8444092389178,28.40286783077662,828
4,1,0,171.8211739579046,32.63018122289249,978
4,2,0,200.4225943895846,62.9247085675599,1121
4,3,0,213.1225381485088,40.23285505897264,1250
4,4,0,235.6988234022913,57.96053515742216,1381
4,5,0,258.5895760570855,70.38356779348463,1536
4,6,0,262.415040782894,47.41012785153358,1597
4,7,0,269.4239101609321,46.33994368197158,1715
4,8,0,272.4085754515156,47.01094974545146,1739
4,9,0,291.5042772289311,49.03246607334525,1903
4,10,0,293.8089276837289,49.399280811667,1913
4,11,0,295.5406348970361,48.71477872446635,1990
4,12,0,301.4800375522177,52.5341376987362,2037
4,13,0,311.2664145590562,234.936350780007,2082
4,14,0,303.1188430172575,388.8292192517804,2022
4,15,0,297.1167375262478,338.7190582178279,2030
4,16,0,282.9274323720951,43.5674208599923,2043
4,17,0,250.1718878975729,37.64740771734109,1851
4,18,0,241.5769458495079,36.22721838507626,1796
4,19,0,193.0329486633479,28.41601691165195,1456
5,0,0,153.1947444797957,29.86246229607774,864
5,1,0,178.6847236801299,34.14896104007079,1020
5,2,0,205.494198257142,39.26325642277349,1196
5,3,0,219.990841623851,40.98847130061895,1290
5,4,0,246.2551812034794,56.43517640727605,1447
5,5,0,270.1845072676957,48.89946440570223,1625
5,6,0,273.0392566425116,48.54222029263182,1679
5,7,0,295.9538579920603,382.6723479824118,1723
5,8,0,306.4955918633781,57.32496607597049,1937
5,9,0,289.2978577358102,48.7969998411583,1883
5,10,0,305.7922475816374,51.4923568971447,2004
5,11,0,293.9317413281806,47.94870616116571,1984
5,12,0,305.0484641711159,49.27496023424362,2079
5,13,0,313.9374492470977,49.50763499955477,2200
5,14,0,320.4704382726187,50.69673088272684,2271
5,15,0,293.7230171434123,44.94336013647368,2142
5,16,0,296.3298514248877,66.45082083288955,2110
5,17,0,268.9615459433593,40.16247526790865,2024
5,18,0,233.8761565774168,34.87557659936962,1767
5,19,0,197.6829400019867,32.34025743932442,1479
6,0,0,158.0132207624254,30.07958037288411,901
6,1,0,193.1359798650965,36.90672038095961,1098
6,2,0,210.0028382309611,40.14083617911446,1205
6,3,0,256.5386354473858,126.8320829400033,1425
6,4,0,295.6884566010306,672.1992774975487,1583
6,5,0,271.9028212090803,48.87276904290973,1663
6,6,0,289.785858252133,52.12305586448,1789
6,7,0,296.911343682387,51.76018397931179,1868
6,8,0,307.3801336730604,53.45406018829214,1968
6,9,0,314.3757769637887,53.01854785926892,2060
6,10,0,313.9030384923886,52.51048911975426,2059
6,11,0,322.7926146108539,53.23709458010833,2155
6,12,0,326.6212876692616,52.93748807155733,2231
6,13,0,319.9578280992153,50.86971584340063,2229
6,14,0,317.8815876393045,114.5838044914962,2202
6,15,0,313.2713057387238,109.4474874120639,2195
6,16,0,297.1905559103135,47.53258507751478,2130
6,17,0,293.5219861468157,175.8828808287385,2031
6,18,0,245.4790624182297,36.5751087538299,1838
6,19,0,210.7311489122261,37.10549339171746,1549
7,0,0,163.5055733726824,32.18568100660369,912
7,1,0,192.9691930651078,36.98038213206701,1095
7,2,0,224.7105865109134,42.32935966563329,1295
7,3,0,242.5387108873771,45.01267987096197,1421
7,4,0,257.1208479010158,48.33991925788267,1524
7,5,0,304.7478606540653,359.5474430173713,1718
7,6,0,332.8227778786764,601.0281318163687,1818
7,7,0,311.0498659117193,57.50330724802848,1949
7,8,0,318.3674336367747,55.21562191451263,2019
7,9,0,312.8348887809657,53.53141965433508,2021
7,10,0,315.6056904616296,52.40291439510598,2095
7,11,0,340.2256818592405,55.97482831126659,2297
7,12,0,325.2357329869778,72.54419552419419,2221
7,13,0,313.9078191910307,49.8704917107003,2189
7,14,0,325.2577279172866,64.50767355975725,2264
7,15,0,327.8343435579834,51.2101456229236,2354
7,16,0,304.1914605482274,46.95167405764687,2212
7,17,0,287.3657537496363,115.3853683668365,2046
7,18,0,275.8668353122482,193.7858411445351,1866
7,19,0,209.5782517259798,31.38772429049798,1574
8,0,0,175.608283410429,34.19732199004945,994
8,1,0,195.2812348994437,36.88036239716737,1113
8,2,0,220.0789391280648,42.19814082806776,1255
8,3,0,232.8395283325718,46.27996665418071,1355
8,4,0,280.3527001053758,96.98084803164166,1631
8,5,0,298.7384025268313,74.39447128144441,1776
8,6,0,311.3661406636203,56.67066438472111,1895
8,7,0,319.6088650754746,107.8207004716786,1933
8,8,0,328.9079621983026,89.32151963328008,2061
8,9,0,315.446257855593,53.72980219760653,2047
8,10,0,336.746919874542,209.8804140641459,2136
8,11,0,345.9826133352321,129.5610128543759,2232
8,12,0,327.1423372411512,52.89708304326231,2252
8,13,0,333.8375563885425,154.240516153141,2259
8,14,0,334.7287537066358,53.55431374276904,2360
8,15,0,330.5547274666832,258.4911045997825,2247
8,16,0,318.8277541043167,49.47124191133756,2299
8,17,0,275.6762787685491,42.90811105194908,2012
8,18,0,255.9177658325194,101.9814706674898,1851
8,19,0,208.074244565044,31.1031893657152,1564
9,0,0,160.5466715490571,30.93288737570188,902
9,1,0,196.4031975770828,37.53278320084454,1111
9,2,0,219.4790905670163,49.23088443390437,1259
9,3,0,245.8501495212459,45.77167286413799,1434
9,4,0,266.0810230723829,48.4770168214498,1593
9,5,0,290.2978527255023,75.47622888944194,1713
9,6,0,289.7642243348278,51.77263716322671,1776
9,7,0,313.3317080173233,71.87049825474689,1943
9,8,0,321.4863957646449,231.0321447694851,1946
9,9,0,316.7475881140274,54.27270224968697,2044
9,10,0,330.4067337384153,54.4212375245475,2217
9,11,0,337.4906716970494,68.93925328482672,2230
9,12,0,326.2962849122109,52.68373160113905,2233
9,13,0,334.925026817746,53.84266020063819,2311
9,14,0,325.8802121020863,105.023579834769,2246
9,15,0,324.0622126836283,51.73846622338387,2287
9,16,0,306.324750481436,47.20097499558262,2222
9,17,0,281.5314736558138,41.87001144104558,2115
9,18,0,249.3299021325112,37.74492248112609,1856
9,19,0,211.2466686523836,32.31845219587841,1580
10,0,0,173.2696750099964,33.43855338467055,982
10,1,0,190.7248661735833,36.09281701886395,1096
10,2,0,222.7515392280665,47.8576269114569,1280
10,3,0,246.2796576064551,45.86684561890776,1448
10,4,0,271.7992357006617,64.69748406823858,1587
10,5,0,277.5890243346398,50.91033223667507,1654
10,6,0,327.2333843547221,188.1442687077682,1884
10,7,0,317.0270605899645,131.9697942577787,1934
10,8,0,320.3288168919694,84.88852242822698,2003
10,9,0,324.1461559425922,54.83951870922529,2110
10,10,0,321.255484459666,64.35289248084501,2103
10,11,0,333.3879434067751,64.69894001257535,2226
10,12,0,324.9486467893841,120.6139053520746,2140
10,13,0,361.1766339877781,478.2053183705714,2252
10,14,0,336.8665845443674,113.8744113395287,2349
10,15,0,316.5912728998645,59.07695269320102,2253
10,16,0,322.6017259457646,664.0859094671908,2187
10,17,0,291.3235447464007,44.20361003543589,2144
10,18,0,267.2514931992011,65.00765278807899,1954
10,19,0,217.8034072655495,39.27368009058928,1632
11,0,0,168.3905463730256,32.67687701555464,942
11,1,0,194.3681797590586,37.55641398589315,1086
11,2,0,222.6479630973004,41.67891314249863,1290
11,3,0,241.8735443425074,72.50508598201843,1386
11,4,0,266.3886339969533,49.41109276454142,1586
11,5,0,291.0626424476612,72.63626264966514,1721
11,6,0,302.7556792113157,55.17693129451082,1825
11,7,0,310.7949853486391,53.92379089688854,1945
11,8,0,314.6114302394093,54.31189329598602,2010
11,9,0,318.0866944261485,54.39852908455803,2055
11,10,0,328.7159716381137,202.2467984781313,2087
11,11,0,339.4133653631804,56.24924419302298,2284
11,12,0,318.3929163487427,52.4038161224959,2178
11,13,0,335.9439555110785,92.70201076310245,2276
11,14,0,319.7949629725138,53.55818466216989,2248
11,15,0,346.3500926169141,697.6246765499728,2317
11,16,0,298.302450871657,45.13963575084514,2189
11,17,0,290.8196971677778,57.60623074525363,2150
11,18,0,249.6398463171816,38.43348462505618,1840
11,19,0,220.6191747373014,121.5010991836697,1579
12,0,0,160.7938266020103,37.77632579899115,914
12,1,0,217.5651738771454,423.5237486218828,1135
12,2,0,212.9309187850631,42.00382447544916,1228
12,3,0,247.3936239061171,100.8020066276249,1393
12,4,0,272.6905114437226,50.13058919125433,1621
12,5,0,294.5363434518006,164.1168182373787,1700
12,6,0,289.0272579524915,51.96696099786654,1765
12,7,0,313.7735607045527,245.5552724707557,1863
12,8,0,323.7103355876908,56.60412279755625,2041
12,9,0,320.2952420424355,54.24439434135007,2085
12,10,0,330.4715094607,54.30978695370249,2216
12,11,0,327.4175365841469,112.5530193987365,2140
12,12,0,333.2703081637426,54.44360723838485,2267
12,13,0,322.0563762052228,50.94572907739147,2256
12,14,0,314.5729938346637,49.20931788047262,2223
12,15,0,345.0455627401882,351.4581547222332,2334
12,16,0,310.6725227342659,48.10155794546628,2250
12,17,0,287.0857933133465,91.25299229780873,2078
12,18,0,271.016096090007,460.9187508653947,1849
12,19,0,209.5079979323362,30.82338181260259,1587
13,0,0,162.8420569178168,31.63290557214902,914
13,1,0,183.3768174631592,35.90988529576451,1025
13,2,0,219.7146617781514,42.42664366589546,1246
13,3,0,242.3250239739415,45.18470810721196,1416
13,4,0,258.9368577237314,48.50706825508595,1529
13,5,0,263.5573243861075,48.11968314821208,1589
13,6,0,291.814965689378,52.56868716949189,1774
13,7,0,297.068827149092,52.51102870251142,1850
13,8,0,299.8378056824021,51.81501996454104,1918
13,9,0,307.9955092353774,51.9765897968021,2011
13,10,0,314.4846477532649,53.11190168950358,2079
13,11,0,322.4238012130506,53.19051688965883,2167
13,12,0,322.8091586646993,52.85155277541067,2189
13,13,0,301.9477679583192,49.46004443492327,2115
13,14,0,306.734753541154,61.40165642949067,2154
13,15,0,311.1623338165798,49.17599414639152,2209
13,16,0,295.4065980801444,44.75205068218595,2178
13,17,0,280.5239482418326,42.72340113033059,2063
13,18,0,265.6713841202029,263.8505529054245,1838
13,19,0,208.3875030242874,30.85700554840801,1578
14,0,0,169.7276396567581,49.79905827762727,927
14,1,0,182.3729399535412,36.12834712347412,1035
14,2,0,187.2338779670613,35.23886500291079,1090
14,3,0,213.1406979903138,39.08878276944361,1262
14,4,0,241.1461344961982,44.33632928754702,1426
14,5,0,265.4717075170021,56.33456162069591,1561
14,6,0,265.4048295318813,46.45922108994678,1647
14,7,0,284.1003990652275,51.59262702916978,1752
14,8,0,296.8057373949503,51.57648855714585,1884
14,9,0,296.0222678309319,52.70090221575321,1893
14,10,0,311.4078691280622,52.0112341550505,2060
14,11,0,306.8532082885781,50.16351030519447,2072
14,12,0,328.3353605891082,106.82117779177,2178
14,13,0,327.3294451935433,53.16668289064837,2263
14,14,0,291.2952623090822,45.80492619028516,2065
14,15,0,296.7715246845129,45.92700681100558,2136
14,16,0,295.5481089268413,45.41234368447559,2160
14,17,0,266.314737380245,39.98148627409083,1986
14,18,0,247.8871745080049,58.12473984645104,1806
14,19,0,202.619154721152,30.14555921389727,1535
15,0,0,140.32045908431,26.9576369072064,792
15,1,0,167.1639654016704,32.43772865267319,950
15,2,0,168.904332355276,31.62935564909834,985
15,3,0,200.5771794175776,36.9544978409727,1176
15,4,0,230.6466033148023,42.23507374530677,1379
15,5,0,250.9971752674942,46.10077290809418,1500
15,6,0,260.5414591413335,46.05834998049269,1613
15,7,0,274.1934538385742,47.50918283334747,1732
15,8,0,276.4535462826998,54.82901712027529,1756
15,9,0,279.5959321095743,47.29756339002197,1825
15,10,0,292.3460091082887,59.60211303799309,1921
15,11,0,289.5233672559093,48.25118852572258,1938
15,12,0,289.5191459982209,46.6079525186201,1989
15,13,0,292.7360469604295,46.00168037656269,2053
15,14,0,296.070790048373,48.58262902146988,2060
15,15,0,279.7959770966941,43.19472111876972,2017
15,16,0,284.0883160627347,45.91106641284572,2057
15,17,0,255.1368557006405,38.40640708296568,1895
15,18,0,285.0030316296464,1990.99762425068,1667
15,19,0,189.4051246019084,28.30315055220071,1425
16,0,0,139.589054082739,27.05870691569327,787
16,1,0,163.5340922137471,31.35946439453097,930
16,2,0,171.9077162057193,32.31446152896671,994
16,3,0,194.5439583932644,35.96107153346197,1154
16,4,0,212.6888962219801,42.53118510702688,1262
16,5,0,239.9645051396182,116.5606376401254,1372
16,6,0,241.5780079324468,42.94243637320976,1498
16,7,0,254.8048041733375,45.87965474445086,1592
16,8,0,257.9390802436554,44.64423398058509,1636
16,9,0,265.5626229797521,45.27626435632371,1717
16,10,0,286.3181518861193,79.35134489401885,1830
16,11,0,288.5317842200471,48.48642961911401,1917
16,12,0,262.8135528038279,42.74510891378923,1791
16,13,0,263.7178250189487,40.73449436213335,1883
16,14,0,271.8738244517887,42.82315062820242,1938
16,15,0,256.724272971592,48.90084129523483,1848
16,16,0,270.372983849211,99.51501293346799,1913
16,17,0,250.2215095287569,38.07536229202438,1849
16,18,0,225.7797104697807,36.83660871947397,1684
16,19,0,181.0716125772132,28.04017563007583,1348
17,0,0,124.186432030226,23.87056455921088,710
17,1,0,146.7775630122181,43.36763894782598,833
17,2,0,164.2840682831105,30.82642252544117,958
17,3,0,179.7346895956388,33.99219581234622,1043
17,4,0,204.0678645211704,72.05172068605863,1173
17,5,0,199.4231760128154,40.2499575965534,1210
17,6,0,215.6073347220645,37.68455357954672,1335
17,7,0,232.9094147053729,46.42699458266429,1433
17,8,0,261.0351270524628,363.8996406545479,1556
17,9,0,234.0605280918022,39.55526565581833,1524
17,10,0,249.5930504945896,60.54826032338534,1619
17,11,0,260.0193133227985,92.30122227228696,1704
17,12,0,255.357138846996,91.98981991490194,1698
17,13,0,245.4677081575142,39.29374566363543,1702
17,14,0,255.9887805246817,40.08722134033106,1809
17,15,0,241.7620561709634,37.29036365967814,1746
17,16,0,253.4935023424818,377.5212003543916,1709
17,17,0,230.2064518641712,134.6518750232091,1623
17,18,0,194.1792018494361,51.13862616690842,1421
17,19,0,184.8254045881107,55.19903791102789,1339
18,0,0,111.5836189418607,21.62496446355875,631
18,1,0,124.5895885992382,23.75639136630257,719
18,2,0,145.4490445925791,41.30963555143306,822
18,3,0,161.36129555038,35.09735501885081,931
18,4,0,172.9077879351755,32.2342853824548,1028
18,5,0,182.5000882434591,33.04528898834285,1104
18,6,0,190.3526322039645,34.24107412474625,1163
18,7,0,204.0350214921594,139.6959668945164,1224
18,8,0,206.3912206136773,35.56513521420428,1316
18,9,0,212.2596890713608,36.75184154637779,1367
18,10,0,217.9289953831785,36.86676578655589,1443
18,11,0,213.6826408067952,35.22751154093395,1459
18,12,0,248.2762756884889,322.9710075425014,1590
18,13,0,223.3226406788827,35.72815784475902,1547
18,14,0,230.9857268080242,86.61419707829029,1561
18,15,0,243.5458381575219,381.1977193104948,1576
18,16,0,210.8730043943926,39.80286845243931,1513
18,17,0,238.0661903303544,673.0555889876354,1473
18,18,0,183.1612874242214,89.21154322339797,1278
18,19,0,150.154249203425,26.21335177613572,1103
19,0,0,93.92873031967102,18.42929599918469,540
19,1,0,111.3251809938539,21.00353122324487,652
19,2,0,135.447266846916,25.21416052417528,789
19,3,0,134.2202583567223,24.82295556666465,790
19,4,0,149.7659150979621,27.40654354788365,902
19,5,0,168.4138916697034,30.65605711806202,1022
19,6,0,181.3408692501426,32.16259389454821,1118
19,7,0,203.1049031567702,361.4531398968457,1152
19,8,0,205.6351709961113,672.4356690518614,1141
19,9,0,183.6728951531201,31.13737082671823,1203
19,10,0,181.3533696785038,39.53420763383896,1180
19,11,0,176.8351517916941,28.82639966812882,1199
19,12,0,189.7222022429854,55.31624691440999,1264
19,13,0,183.9209682456309,30.42742432305852,1256
19,14,0,205.4700642376357,314.5045343629255,1336
19,15,0,166.2984878603905,25.6527346421936,1213
19,16,0,170.2974168088072,26.27934260364339,1244
19,17,0,161.1229597469037,24.35360186800426,1199
19,18,0,166.4358578646361,477.5876774551227,1064
19,19,0,122.8761333492182,18.76651903094422,921
