# mesh name: boxMesh_1
# primitive scorer name: doseScorer
# iX, iY, iZ, total(value) [MeV], total(val^2), entry
0,0,0,97.73207113750389,15.89065409244867,750
0,1,0,113.7439256454638,16.5266546019726,873
0,2,0,138.4407673345842,20.3632883130751,1056
0,3,0,159.3492538011708,23.953550115329,1197
0,4,0,166.4278441948715,25.80684789791171,1265
0,5,0,178.0451617253489,26.32063153669128,1361
0,6,0,185.608805753141,27.74398939822449,1430
0,7,0,179.8348475307245,25.84654749496067,1407
0,8,0,190.0781987796448,27.68368624553561,1486
0,9,0,183.387299304741,26.21586102051555,1458
0,10,0,187.318085190169,36.930987939151,1456
0,11,0,187.606224294567,67.26340301040821,1448
0,12,0,186.7676041816075,26.24212513984692,1497
0,13,0,177.468615192534,25.06242455502183,1429
0,14,0,184.2138294255971,26.418494024447,1490
0,15,0,178.5078046080237,24.89829107166533,1457
0,16,0,214.0144224854979,489.2126936336539,1552
0,17,0,181.3964001125943,25.58832146644081,1480
0,18,0,180.9191798557377,26.01829903392949,1487
0,19,0,134.8334709059899,47.61830384887826,1057
1,0,0,116.0875600312163,17.09396937945854,889
1,1,0,149.0908483712973,21.6421436103592,1140
1,2,0,190.9245327657574,116.6303556331719,1373
1,3,0,199.1960601007618,49.46787954358505,1492
1,4,0,218.3401890908393,110.2805438059215,1594
1,5,0,219.6740997167623,31.25294973510996,1710
1,6,0,233.0527142935551,34.61493702765222,1784
1,7,0,232.3693496268749,34.02256009719451,1794
1,8,0,227.2187874545348,32.9703366414586,1775
1,9,0,236.498036505935,34.12268694161557,1852
1,10,0,227.9546035276321,32.79674511991624,1811
1,11,0,233.8411531150849,33.82395540299997,1839
1,12,0,234.2911534888117,42.59874412522316,1861
1,13,0,235.2373338252946,33.41598174848222,1890
1,14,0,240.3304738364551,34.01392117263909,1944
1,15,0,253.1585155570682,167.2600509177387,1973
1,16,0,251.8827662847419,34.03191167188012,2088
1,17,0,245.1962449510554,34.10823393267792,2013
1,18,0,233.107030132542,82.82859719029706,1868
1,19,0,183.6178190709867,132.2718662586851,1440
2,0,0,142.0223131127381,21.22462257703556,1068
2,1,0,180.7040585429325,26.72172246338192,1376
2,2,0,211.0753506191775,31.26583381640284,1612
2,3,0,234.8508458496475,34.18136725149035,1808
2,4,0,238.6750969302502,36.75866511960859,1829
2,5,0,253.2433893287225,37.23768465535869,1939
2,6,0,273.792097467859,91.39315867463398,2089
2,7,0,272.3610203281835,38.990476072475,2123
2,8,0,272.2213272973246,39.56034726453117,2115
2,9,0,263.1330145731404,38.7038538437403,2048
2,10,0,289.0659404209188,78.10989367537142,2227
2,11,0,279.1601187035632,40.2018268128189,2214
2,12,0,270.0159404116326,38.18201455809358,2156
2,13,0,279.7809812250485,40.18521197134638,2241
2,14,0,279.719110339376,39.95898311119684,2229
2,15,0,308.5327650500724,271.9620119686092,2323
2,16,0,282.0551337566982,39.74430845550343,2296
2,17,0,276.5004577979011,38.46293346752987,2261
2,18,0,249.9004603212589,35.70571563501361,2024
2,19,0,198.9902509724769,52.99623956508684,1593
3,0,0,160.5126465479681,23.57323423029004,1220
3,1,0,186.9972454834641,27.68660789493575,1415
3,2,0,234.5498576161993,34.07863198048219,1798
3,3,0,256.8355619008953,37.65333734508373,1976
3,4,0,272.0359523114817,40.21321040890235,2077
3,5,0,283.107505983786,41.27184598807051,2193
3,6,0,289.9315822090149,41.20456306261728,2260
3,7,0,287.8798217413404,60.0844232610451,2204
3,8,0,313.9763435024491,349.9186739989338,2281
3,9,0,298.6122882127904,145.3503773274856,2258
3,10,0,303.8029283688538,64.65228380622527,2326
3,11,0,295.0403066736765,73.58918879450087,2313
3,12,0,292.0874708011185,41.2922678284415,2345
3,13,0,295.8776511808471,42.48312686356971,2355
3,14,0,311.8237887268469,131.5972478296515,2463
3,15,0,290.1644428044689,40.90430560789962,2357
3,16,0,293.0761066251532,40.80439648827889,2396
3,17,0,291.9523672694624,40.10662442482693,2388
3,18,0,274.7811151689644,60.47622172537702,2236
3,19,0,243.7958717565182,835.1051168335491,1698
4,0,0,164.3603321897086,24.7423642428545,1236
4,1,0,211.5924255459896,31.89378602371134,1592
4,2,0,234.7218243164005,34.36760768644672,1801
4,3,0,263.0181135711001,38.72007374439348,2027
4,4,0,282.5778418058853,42.48056763061351,2140
4,5,0,286.9471078919651,41.29571699599634,2230
4,6,0,300.0929080619864,42.75466945477397,2360
4,7,0,324.7426334162864,89.01756334423413,2463
4,8,0,298.2006122594378,42.73175603840049,2338
4,9,0,295.1414077949887,42.63047202145778,2323
4,10,0,299.4132217056292,42.81548461711105,2368
4,11,0,299.6565084508115,42.58315296670983,2385
4,12,0,301.1640746447021,89.18669689890149,2346
4,13,0,302.2111677338834,144.1730156582433,2361
4,14,0,297.186672627183,41.80501295815873,2393
4,15,0,313.097756916289,318.2643880762103,2387
4,16,0,299.3531375609879,42.15731256928325,2428
4,17,0,308.5386016850599,43.46758398435564,2526
4,18,0,270.7475028842163,37.7332761718276,2245
4,19,0,203.8220260312944,34.49847217226387,1672
5,0,0,167.7165359864664,27.7905851010747,1259
5,1,0,212.3047278246739,31.34028234095371,1624
5,2,0,240.9373668149107,35.81184154173165,1817
5,3,0,265.9198387262842,39.38516753085324,2023
5,4,0,292.8902584232593,44.75810901286049,2230
5,5,0,294.6154752136133,42.7592230103936,2286
5,6,0,318.4503280781267,47.77415469002587,2456
5,7,0,317.9190328031569,113.7268218412239,2400
5,8,0,307.6850580269835,43.4370933868627,2428
5,9,0,306.9490286184217,44.16596926952931,2418
5,10,0,302.2492995621105,43.70292529595663,2396
5,11,0,308.4395940824862,58.98637346364642,2413
5,12,0,301.3398328183244,44.1931594043228,2409
5,13,0,305.7835328672184,45.84654511404931,2468
5,14,0,306.9938754176515,43.22065226771589,2473
5,15,0,307.1675777611188,48.28349341179365,2491
5,16,0,319.2560697579322,184.6569070105291,2486
5,17,0,296.721297475752,51.3207332706908,2368
5,18,0,272.6705249401817,36.87680180199959,2253
5,19,0,200.5355394635945,27.46860584678409,1679
6,0,0,168.9358547476047,24.61466339560066,1299
6,1,0,214.9802852829416,31.88667825502046,1642
6,2,0,244.2467882670346,37.15661718452979,1836
6,3,0,272.765496470486,38.51078942666483,2122
6,4,0,296.9597026028651,43.01103801415911,2289
6,5,0,304.5048519836403,44.26218012552887,2353
6,6,0,301.5595401868732,43.99473089248909,2332
6,7,0,314.060641473188,71.28619514079251,2388
6,8,0,304.9729954410807,43.38355185884697,2407
6,9,0,325.7347095738684,432.8333716417982,2408
6,10,0,305.6900473215497,45.32634226761129,2429
6,11,0,310.8752768734044,74.98437544800441,2445
6,12,0,312.032115653358,44.14831665488693,2502
6,13,0,296.8982741535877,44.29582711011189,2373
6,14,0,317.650826157926,45.24100215184907,2548
6,15,0,356.8244939359494,616.6730898464108,2576
6,16,0,295.4102472131412,42.95368301921862,2400
6,17,0,291.6700454710531,82.53041102011329,2328
6,18,0,273.3631627451693,38.87652360500998,2225
6,19,0,207.5181626991199,34.24961559548672,1703
7,0,0,169.1035359815957,24.45505881707257,1296
7,1,0,219.6074396349433,106.4079918872072,1600
7,2,0,255.4717655497541,37.18226209757439,1958
7,3,0,274.1801039734113,92.21567000532765,2045
7,4,0,287.6419053026,41.65019968895657,2221
7,5,0,302.8948657369152,47.91327499520711,2317
7,6,0,316.8618723130805,93.17610530691906,2391
7,7,0,304.0367579423558,43.97863960489274,2383
7,8,0,312.0286522041157,66.93909758570416,2393
7,9,0,317.9510815989522,45.03032993180149,2530
7,10,0,313.977573581051,44.44004110391126,2512
7,11,0,301.1826550518041,43.02426693738136,2386
7,12,0,310.6807806308036,43.40744908001341,2517
7,13,0,310.8586406302232,47.23833437742029,2509
7,14,0,317.7265187126241,198.4548177574566,2443
7,15,0,304.3606391544587,43.04555058963785,2466
7,16,0,303.2533522167967,42.99111439814054,2470
7,17,0,299.8271460697326,287.9698879084871,2323
7,18,0,278.11876663825,56.48255275054014,2250
7,19,0,217.7275442518823,30.57050412618192,1788
8,0,0,161.7397629342442,24.04573789608202,1234
8,1,0,220.770163314578,47.23953461284822,1633
8,2,0,249.6843309853562,36.91863092292961,1915
8,3,0,274.5548625038049,40.40341131040493,2101
8,4,0,307.8508073580749,256.9877742828576,2224
8,5,0,309.6107633437896,45.26441676201571,2381
8,6,0,303.7788362030885,44.66830310262682,2345
8,7,0,310.0508107306374,44.74594406172493,2414
8,8,0,316.8650008570531,47.36217380074639,2490
8,9,0,308.0361575254742,43.26587706860037,2452
8,10,0,332.2116275875849,391.8313801767433,2488
8,11,0,319.355585477638,53.23274000007736,2509
8,12,0,301.4143581231932,42.74725958874544,2412
8,13,0,305.7340246425442,42.50388557246514,2456
8,14,0,298.1362851399444,42.25099443777969,2388
8,15,0,309.3646425986056,44.10457407225972,2500
8,16,0,312.7625340606992,46.69293731355933,2551
8,17,0,308.5560631608983,42.90615119290212,2525
8,18,0,282.7274246970733,61.95723889094082,2269
8,19,0,212.9259031874453,29.60014786273183,1760
9,0,0,176.2547781009258,26.36844231629071,1329
9,1,0,215.9570617519367,32.04576369431064,1647
9,2,0,245.0200148953712,35.82703440412615,1871
9,3,0,267.9355437730127,39.38641458289771,2051
9,4,0,297.4725636985709,45.57704640145761,2291
9,5,0,304.6526054542144,65.52538101123254,2337
9,6,0,322.4599163304686,153.1189773020809,2393
9,7,0,310.1396054535851,44.59499443163767,2433
9,8,0,308.7475403287845,44.35269345908715,2425
9,9,0,312.1175881164218,44.21066242585081,2478
9,10,0,307.4396139839417,43.89066334027209,2421
9,11,0,320.0208318637575,158.1375730225121,2466
9,12,0,307.1390976164643,47.72320097063155,2445
9,13,0,316.8374479492057,174.22681001823,2465
9,14,0,304.1660469050531,42.65805991806661,2463
9,15,0,305.0657608392444,101.2169096660274,2394
9,16,0,360.0810613094615,716.1427545129676,2549
9,17,0,299.6570696084138,42.59179432453675,2442
9,18,0,272.2175970200108,37.01717370121551,2265
9,19,0,218.1048218068689,30.67549247652704,1789
10,0,0,181.0865650003767,27.36211601937068,1362
10,1,0,205.6555606224711,30.32145487677382,1567
10,2,0,242.6091207060019,35.87038337865669,1867
10,3,0,294.1396928110228,173.3895484605794,2170
10,4,0,295.6203401383283,42.86242343118074,2288
10,5,0,310.2816795258983,94.44493043176389,2356
10,6,0,319.3008030554906,51.53455181775158,2457
10,7,0,321.9716996115882,171.8382916771679,2360
10,8,0,296.071841761713,41.94964505455106,2344
10,9,0,305.6952284485627,54.57067395862961,2388
10,10,0,300.3734041122994,54.83961180648947,2380
10,11,0,317.3064440975473,149.2728834139606,2396
10,12,0,306.4757646598875,45.41734948459232,2465
10,13,0,311.6194491661633,43.69073330665279,2525
10,14,0,317.8468644564549,82.76012127627182,2507
10,15,0,312.9435147447236,45.04762621168591,2537
10,16,0,304.7933083600172,42.56040959256845,2497
10,17,0,295.3676878018406,40.97774916792534,2425
10,18,0,307.4534263062795,1586.26493034204,2247
10,19,0,203.8409962059369,27.89079463329333,1697
11,0,0,166.6549100465023,25.07134660909855,1256
11,1,0,235.0973953956821,143.4403737440518,1663
11,2,0,251.4495869319795,166.6310870445681,1813
11,3,0,275.473359475273,40.74353034999642,2092
11,4,0,297.8447676621445,49.61536394890337,2252
11,5,0,302.3281047954179,43.99622527359589,2339
11,6,0,315.5006615948223,56.23068414353754,2430
11,7,0,317.7139926674114,62.58024632253014,2448
11,8,0,313.3653914071413,46.22768226988674,2440
11,9,0,313.4915064337757,45.40072840121839,2472
11,10,0,316.485540487905,44.82986549309514,2514
11,11,0,296.9997867028803,48.23114577520656,2337
11,12,0,301.0240179360623,44.55654282334402,2401
11,13,0,312.3839445739951,44.57387190930078,2502
11,14,0,300.105478265534,42.78899473560384,2409
11,15,0,310.7830982265932,45.23280310868515,2511
11,16,0,312.9615644361519,125.2804073599893,2506
11,17,0,290.3901613603504,39.69758161902106,2381
11,18,0,275.4120622365023,37.89560954906232,2257
11,19,0,209.5016456413626,29.17812617337173,1737
12,0,0,176.4558720013487,25.65386879862728,1346
12,1,0,217.7103614838934,36.58741348006338,1615
12,2,0,249.4001248110719,37.10632348078361,1893
12,3,0,272.4749533232544,40.60604559650897,2075
12,4,0,293.9708354824494,43.11570252282285,2241
12,5,0,301.0372506766306,43.5132687757955,2335
12,6,0,315.122979741136,46.56050921344818,2417
12,7,0,306.1889476847819,43.16415034652935,2430
12,8,0,300.9716730408569,42.69101135604727,2380
12,9,0,315.8742210015473,45.18690750788912,2495
12,10,0,331.1372041844982,318.8582594053144,2483
12,11,0,301.0100582366503,83.03815359417484,2337
12,12,0,300.5868381923704,48.21798676441294,2379
12,13,0,306.3345300659563,42.49969687282558,2475
12,14,0,292.5999373815163,40.62455554860323,2368
12,15,0,304.7455375826428,47.9947354783671,2464
12,16,0,304.5955974339688,66.70027436154091,2441
12,17,0,307.3997641371501,376.8994426455628,2382
12,18,0,273.7410520269608,37.8277701627078,2252
12,19,0,213.0226208282269,65.26625416027279,1719
13,0,0,165.9444906844298,32.55366600727583,1235
13,1,0,213.4593856322754,43.30760445571587,1589
13,2,0,241.6710659658828,34.8502222321103,1855
13,3,0,278.3823039344452,41.35612402309921,2126
13,4,0,300.4509777211603,146.9783725358386,2231
13,5,0,299.6282024083479,43.42949953592476,2315
13,6,0,324.6466404897562,92.83507055194274,2480
13,7,0,298.4832874372303,47.40316952993395,2317
13,8,0,300.3811943658174,43.76181819903331,2367
13,9,0,306.9203369944732,44.157290844913,2417
13,10,0,312.8399350909926,77.42121897471758,2441
13,11,0,302.4845841565995,43.11233823257417,2394
13,12,0,302.1973055704466,42.43521541418178,2427
13,13,0,312.5017166419379,56.22157614907545,2493
13,14,0,306.0923348885382,44.5435460690632,2481
13,15,0,302.6550486560216,42.30872907546497,2452
13,16,0,310.1891417205406,265.404433519354,2418
13,17,0,297.9382974459027,41.96938924248684,2419
13,18,0,259.2629120895663,36.58331442842288,2114
13,19,0,205.923951711611,27.0563469772984,1741
14,0,0,157.6820360537906,22.71130760532487,1214
14,1,0,214.7857700333505,31.2506202762579,1636
14,2,0,240.9704628525469,36.69029618529031,1844
14,3,0,260.573318773606,37.70212566945409,2007
14,4,0,293.7140990872645,58.46404573402108,2207
14,5,0,286.2610114649178,41.85869733264423,2215
14,6,0,324.0060789553187,234.7753360142263,2418
14,7,0,293.7361204009401,46.35935707194947,2261
14,8,0,299.5073112839521,61.38037973906341,2272
14,9,0,305.6937877007965,42.90031153862675,2434
14,10,0,313.6003888088805,45.10215201498195,2472
14,11,0,304.0172831130689,43.71910580480249,2406
14,12,0,319.9676076620576,142.3105244457714,2433
14,13,0,322.5635374044434,85.40652970787377,2531
14,14,0,341.053459825524,218.4475410508253,2519
14,15,0,318.9262758807133,70.7559853392207,2526
14,16,0,301.1520216461248,132.1955632124527,2369
14,17,0,304.1119894697607,59.56452251042462,2432
14,18,0,267.158198778264,37.67709106238533,2202
14,19,0,211.6973801280766,29.66589716542085,1733
15,0,0,163.981702173182,24.81348143379362,1230
15,1,0,204.1324824986366,29.87320466180336,1557
15,2,0,235.6979477734356,34.27122816419359,1805
15,3,0,261.1388189799807,38.49889194559579,1997
15,4,0,292.0141461557639,49.68510567254241,2240
15,5,0,302.2966450984873,154.3769940112857,2252
15,6,0,286.762111963425,41.64344814720549,2235
15,7,0,283.4718099741787,39.64880120769813,2248
15,8,0,308.7284915921497,45.74151017457736,2391
15,9,0,296.7795546789176,43.8201075653954,2313
15,10,0,296.953598410092,42.29704300442945,2369
15,11,0,288.5921487379898,40.13109274775948,2332
15,12,0,298.2562859997483,42.07445203179498,2403
15,13,0,325.033061856124,345.0579735528635,2457
15,14,0,311.2991479212837,48.86286104482889,2495
15,15,0,300.907888455086,41.53619709676337,2445
15,16,0,307.5124567868746,55.64844557823981,2485
15,17,0,297.4364852173208,41.7056342944491,2412
15,18,0,294.2416126127065,89.73701213554428,2315
15,19,0,237.7390983677291,268.0204811062075,1779
16,0,0,157.8911058931532,23.79418852356635,1191
16,1,0,183.2405971034285,26.84966777859336,1405
16,2,0,225.8647155909641,33.92045854012677,1698
16,3,0,252.9477010784401,38.43819439959906,1927
16,4,0,257.2895778392771,36.9627712540483,1995
16,5,0,295.993694908755,43.73867536870271,2292
16,6,0,287.6127922375407,41.49806428115058,2244
16,7,0,306.9366728196948,205.976023471576,2274
16,8,0,306.2595983636371,419.6110641144985,2215
16,9,0,287.0611071474664,41.19128724279332,2269
16,10,0,299.137303475541,166.9928712591285,2260
16,11,0,305.9752020679659,221.6580939767452,2301
16,12,0,311.4042894997378,81.60543447655338,2430
16,13,0,294.8791867899121,42.3018659799904,2358
16,14,0,304.7599088242568,210.910223957535,2355
16,15,0,299.5858597949016,42.04718216906515,2427
16,16,0,306.5691302729032,277.4469593789629,2361
16,17,0,286.4874829557006,39.51868545796282,2345
16,18,0,275.1378671812745,105.5231482194444,2171
16,19,0,212.403134163151,30.40240649249434,1743
17,0,0,142.2501326803535,21.45101483326456,1091
17,1,0,176.5252345958332,42.61640712452817,1308
17,2,0,208.9138225173512,32.84258786305295,1572
17,3,0,236.8184734792609,35.1672196395547,1804
17,4,0,251.1467973515064,103.2384559652651,1853
17,5,0,258.9068416609921,38.75623843135875,1975
17,6,0,254.7759581024254,37.0628243860679,1973
17,7,0,258.6180118952693,38.2796828709328,2031
17,8,0,281.25310571887,52.76442999735967,2138
17,9,0,275.6837122195342,160.3526353819701,2081
17,10,0,274.0506322669941,40.94025212420672,2108
17,11,0,274.2080470578997,51.56807682687259,2112
17,12,0,266.4211462963128,37.43834006145824,2137
17,13,0,277.3473074478337,39.03176197912394,2230
17,14,0,272.3812897895052,37.67371333647966,2223
17,15,0,292.8318882971782,151.1572157462729,2288
17,16,0,282.7914291815872,38.56674003511094,2322
17,17,0,285.9966992662012,77.23504358206745,2288
17,18,0,259.9968313403208,35.86859589514147,2150
17,19,0,200.8136762821834,28.25803123111467,1647
18,0,0,116.3115098702696,16.7832147723653,900
18,1,0,157.0420432173862,24.85393897330643,1186
18,2,0,176.6339953435537,26.01699273631094,1343
18,3,0,193.766160602524,28.48067955096239,1494
18,4,0,229.6855197998648,137.0798241984788,1649
18,5,0,221.3957293872543,40.1870660932031,1690
18,6,0,259.2499237613504,747.7135512625647,1793
18,7,0,247.1945236228023,74.47068338314867,1879
18,8,0,235.3696093676301,35.40699831958581,1829
18,9,0,232.660064984419,32.55189242397149,1861
18,10,0,239.4980056068901,168.055932930324,1770
18,11,0,231.0550594950296,33.23983803605488,1820
18,12,0,250.4207200656159,138.1837684391464,1911
18,13,0,244.3902109551089,34.89310804624307,1962
18,14,0,250.8417963377117,35.8948020370367,2002
18,15,0,263.8279076976113,474.7157076754999,1961
18,16,0,239.3300871076406,33.06175676142379,1970
18,17,0,240.125143353336,38.83139461615693,1965
18,18,0,230.4008336466413,71.22023480397181,1820
18,19,0,201.3087062241663,264.9048522248901,1519
19,0,0,98.73911594913397,14.41255010588763,757
19,1,0,118.7006784843444,17.25514291505772,910
19,2,0,142.268429919885,21.19140994893634,1084
19,3,0,159.9906418685566,23.45486028930782,1234
19,4,0,170.7903985862553,25.9088302016326,1298
19,5,0,178.9523394320812,26.44807775915186,1362
19,6,0,183.434898318823,27.11138302127636,1413
19,7,0,192.8816727046084,28.24526105238565,1511
19,8,0,183.0243428017723,26.88847556480327,1432
19,9,0,188.6129346295301,26.5133000224596,1506
19,10,0,182.0323207641727,32.32181224146419,1413
19,11,0,184.2482521830742,25.68569214414205,1475
19,12,0,179.8537984636249,45.38508907000168,1428
19,13,0,182.9206435371457,85.50333982456837,1415
19,14,0,196.8693653688046,28.32707873798975,1590
19,15,0,186.3345394976541,26.28171550961585,1502
19,16,0,195.3588586314122,27.20795722419108,1601
19,17,0,181.7460359906782,43.93800021060249,1461
19,18,0,165.0921359441888,22.95952059784926,1361
19,19,0,127.9127669967524,17.15747727293817,1077
