# mesh name: boxMesh_1
# primitive scorer name: doseScorer
# iX, iY, iZ, total(value) [MeV], total(val^2), entry
0,0,0,104.8323244051623,25.66245912074204,702
0,1,0,124.903120233301,20.61812313123446,844
0,2,0,143.7188518079602,32.55678990158592,969
0,3,0,157.6431281498022,26.35792407116281,1068
0,4,0,154.9723830270502,30.38735460070013,1064
0,5,0,175.3528776817015,28.5198014728456,1208
0,6,0,180.8991921121004,28.94628456081858,1250
0,7,0,168.3690984817271,26.47457700652385,1175
0,8,0,178.3212649485094,28.66928437468,1234
0,9,0,169.7502411396358,26.82993985159282,1190
0,10,0,183.1177358626789,28.96025277627062,1280
0,11,0,177.1644483776121,28.42096373816453,1242
0,12,0,182.6398936835574,28.97373147986585,1283
0,13,0,174.2619147393503,28.801255337531,1207
0,14,0,178.0427295412976,28.40148662141049,1252
0,15,0,165.6408731611488,25.93214430061529,1176
0,16,0,172.088057480565,376.125508778416,1078
0,17,0,150.4409742270265,28.45131718652973,1053
0,18,0,125.1606077994971,21.78368570563855,881
0,19,0,107.2178595889075,16.51910477100071,779
1,0,0,116.5614096407138,18.27159371202034,807
1,1,0,145.3119875572977,23.17483033761177,995
1,2,0,158.1490166627478,25.54727597124259,1079
1,3,0,170.4032797595954,27.51133785815993,1167
1,4,0,176.5014142401176,28.42122862780922,1202
1,5,0,204.0579766064154,33.03766767719939,1393
1,6,0,219.9281381824035,48.24457591848234,1475
1,7,0,209.9801921811309,77.8115706021712,1417
1,8,0,215.8197073265548,53.70497368598772,1468
1,9,0,221.2385004459505,35.1700888291511,1530
1,10,0,218.6537793637293,35.40387512214952,1527
1,11,0,207.3625383657197,32.34522360128284,1464
1,12,0,219.0090342996844,34.25004321138287,1543
1,13,0,209.6568068857358,32.92997165027242,1489
1,14,0,208.8648635723844,32.95023322237184,1472
1,15,0,197.250728677032,30.76990769363217,1396
1,16,0,190.3791916051842,38.05947869400986,1330
1,17,0,174.4127878538515,26.59651271729749,1251
1,18,0,151.8484843487494,23.68573184806339,1086
1,19,0,114.6416458960237,17.89388960409576,823
2,0,0,136.7727075578563,21.73040076594518,941
2,1,0,172.0209544326339,28.24910700269329,1169
2,2,0,181.0755122227505,29.15081302835983,1241
2,3,0,216.6850075433679,92.47774968564464,1446
2,4,0,214.411228058862,34.61904401908515,1477
2,5,0,230.4738987128662,36.74957800367171,1589
2,6,0,228.6113851246371,36.43224639245169,1593
2,7,0,231.7987899198469,36.8948023698719,1617
2,8,0,254.0816398937419,61.29340570428243,1731
2,9,0,240.3018189660091,38.32187420430922,1677
2,10,0,253.1372147283236,40.44038123945614,1763
2,11,0,250.7138794232982,39.95552197774261,1756
2,12,0,248.5266895973614,40.23942696213501,1729
2,13,0,235.9557417208417,37.13857006014037,1650
2,14,0,237.1009995590736,37.64575391290136,1685
2,15,0,220.2130355263359,34.4700176433164,1554
2,16,0,206.8936824940556,32.93870296555735,1455
2,17,0,184.6667301256339,28.57767171920039,1332
2,18,0,167.5799125143898,26.58248049393512,1200
2,19,0,146.5744558335746,23.87589534387952,1042
3,0,0,143.8084360980966,22.95537597394928,990
3,1,0,167.0009382566003,26.01461407315325,1167
3,2,0,204.2011780043057,32.57157545649155,1395
3,3,0,220.2151896435817,34.68466567374536,1527
3,4,0,249.5312737043812,40.18730086608019,1711
3,5,0,272.2567605153964,336.698923678084,1722
3,6,0,260.8282882738391,41.45852361192608,1798
3,7,0,266.278278112527,42.58886835104381,1828
3,8,0,258.4916374459245,40.9031547476288,1807
3,9,0,278.3605673019131,107.7485972216897,1869
3,10,0,266.5329939165671,42.28917750264066,1856
3,11,0,279.5305720542391,45.93145815877199,1933
3,12,0,263.2704369410217,40.41009897717619,1883
3,13,0,257.1067301442766,40.12830754190585,1822
3,14,0,262.3543312534651,41.68790585122736,1845
3,15,0,240.2888357327498,36.52774619257751,1729
3,16,0,223.6582325373869,34.28188524370722,1600
3,17,0,197.681155459305,30.99085431282694,1403
3,18,0,182.3644623598868,37.38726782713378,1280
3,19,0,165.7479196696299,26.6762883946392,1159
4,0,0,165.047082362326,26.65503337281289,1134
4,1,0,193.2787331166314,31.82192686871719,1307
4,2,0,217.1979479470227,44.52416692385925,1466
4,3,0,244.4898124050484,39.56372635044571,1668
4,4,0,270.5164559029187,64.93168615701174,1812
4,5,0,262.8159053626987,52.74156203477619,1785
4,6,0,286.1512470219122,46.44124133989788,1968
4,7,0,277.3289865095118,45.16300820723355,1897
4,8,0,305.5728277691449,49.77553828370469,2090
4,9,0,291.6629000868102,46.06534601593405,2033
4,10,0,301.5482384559676,133.2376992212509,2047
4,11,0,302.4060444988492,63.38528338660605,2058
4,12,0,287.0921211837352,45.4243462663972,2009
4,13,0,290.0576260091359,46.743376089089,2006
4,14,0,290.3158165654232,45.68333330333653,2041
4,15,0,273.0613874153879,43.14467915244314,1927
4,16,0,245.8598988854235,48.20041341914695,1708
4,17,0,226.0231826523125,35.79483001975941,1594
4,18,0,201.1092018282378,30.91389036042639,1442
4,19,0,160.6361584014691,24.79797181696796,1159
5,0,0,171.4057819584228,27.25969233320402,1179
5,1,0,197.0057314781783,36.56746543557891,1329
5,2,0,225.8725026101695,36.79883281034481,1536
5,3,0,244.5544033980519,39.47018373595002,1671
5,4,0,273.7465209531074,133.6061011782443,1822
5,5,0,303.105955804873,202.0246881445707,1967
5,6,0,297.1435396569767,52.40396154426674,2013
5,7,0,305.4767388919116,104.3038142012769,2063
5,8,0,300.7713530499113,48.17350117623199,2069
5,9,0,342.290420820507,805.9806352653609,2186
5,10,0,306.1490916392498,170.967329666505,2054
5,11,0,294.7851060756465,46.2093082153782,2066
5,12,0,307.1647443272953,210.0661773713626,2073
5,13,0,300.9736942681315,47.00102265755577,2131
5,14,0,311.7454878431009,48.864001919122,2198
5,15,0,283.826345097588,44.92772162792986,1982
5,16,0,269.2717124131521,42.35099454718526,1907
5,17,0,227.3592075171798,35.10391550933645,1634
5,18,0,205.6708711426466,32.49511795426852,1452
5,19,0,205.3605424579635,966.4551759433072,1253
6,0,0,172.2081708809292,35.7932808520088,1146
6,1,0,208.865157282894,96.16577054735085,1376
6,2,0,234.0881696188089,41.11943352959893,1579
6,3,0,267.8972683580558,43.21643281859691,1835
6,4,0,277.3726828918464,44.92764013337478,1885
6,5,0,285.5223196281528,46.35223727669399,1953
6,6,0,303.0443248791798,49.92608886977183,2088
6,7,0,308.8502134665153,49.4067858088901,2125
6,8,0,308.5064130728749,49.05481304831242,2142
6,9,0,322.0360235216437,173.4041483220405,2154
6,10,0,313.6262523998125,51.67529488533663,2167
6,11,0,325.694689556013,158.672921040247,2213
6,12,0,310.1860174716617,48.90270534138881,2194
6,13,0,309.4487848885916,48.30531259087886,2190
6,14,0,301.6380846696808,64.05345664630786,2065
6,15,0,299.2942936411654,49.17052011719714,2088
6,16,0,281.6485755368147,262.8420467526305,1907
6,17,0,230.5581906195585,35.93276196432658,1646
6,18,0,215.7687874439531,33.69405552581135,1538
6,19,0,183.5759987873898,28.80075050391897,1309
7,0,0,175.2791781630178,28.15286097860303,1203
7,1,0,210.2950056393651,34.06547878273071,1425
7,2,0,239.6769206851403,47.41327877772054,1652
7,3,0,305.344667964989,1021.730912554633,1866
7,4,0,282.8371536698642,45.91398508477256,1926
7,5,0,303.0819447496879,49.01048122771348,2073
7,6,0,313.5391061184771,50.60475749150518,2136
7,7,0,309.6972989875047,73.28175140840243,2119
7,8,0,320.2153387230892,51.08936792203889,2223
7,9,0,321.9175164463545,71.45363554209753,2211
7,10,0,326.6152821346355,53.92985945854426,2236
7,11,0,326.3133332826101,52.86924066526953,2257
7,12,0,330.8760917134211,75.78647298921004,2283
7,13,0,314.5302299776022,48.72491939360408,2222
7,14,0,313.7786495038125,77.88081003354472,2175
7,15,0,297.8229008747209,64.25325264274186,2054
7,16,0,281.0428784912921,70.78533667242981,1944
7,17,0,246.9325273359917,39.09343104461206,1743
7,18,0,224.8886895851822,79.37693229810519,1556
7,19,0,178.5756909552923,27.64134646193713,1283
8,0,0,178.5648904632066,29.49481692346903,1212
8,1,0,208.3707008915855,33.98635062055707,1417
8,2,0,254.8093458017491,122.1491383475781,1689
8,3,0,280.2614620884666,90.83593515889966,1853
8,4,0,289.0314801489542,106.50694504506,1936
8,5,0,301.9195825884676,52.62390558912838,2049
8,6,0,307.4949616703059,50.02047321130455,2121
8,7,0,336.660637254917,69.21217014458973,2277
8,8,0,325.0662747245941,75.91658203589928,2212
8,9,0,335.6755047424707,80.60835218008576,2292
8,10,0,319.7127339058638,50.45035270962463,2250
8,11,0,318.678447152348,50.60779843282887,2212
8,12,0,327.8514145626266,320.0803013766505,2211
8,13,0,333.1868419910714,129.1578597239348,2295
8,14,0,313.1853619702822,50.26618031407555,2180
8,15,0,305.1189020137104,55.55176154713681,2116
8,16,0,277.498070326599,72.97764370493186,1960
8,17,0,251.8126218545138,40.56617896398757,1753
8,18,0,209.1310596445144,32.07442333906715,1504
8,19,0,182.5602574663971,28.65110485671627,1302
9,0,0,174.4879427957109,28.25870159381363,1202
9,1,0,212.3182034517417,34.85184818084192,1437
9,2,0,248.1850127656191,82.07696338303083,1650
9,3,0,267.5078636480934,44.24249425557487,1795
9,4,0,287.9682636283658,59.72268413868665,1968
9,5,0,288.5865564797867,45.81949425314597,1995
9,6,0,319.7691849997773,51.62049802716469,2199
9,7,0,310.5249605786451,48.95147716081659,2171
9,8,0,319.7751173593074,52.46540737108617,2186
9,9,0,328.4955289752488,52.77157385848673,2266
9,10,0,333.2219875828542,104.86585775202,2275
9,11,0,332.1809297398177,55.18132763838009,2283
9,12,0,325.5516950377108,94.00436552286428,2257
9,13,0,316.8873749062506,49.61786931154182,2237
9,14,0,299.6269772621411,53.98506475870274,2104
9,15,0,305.6419199595045,48.51725364414948,2140
9,16,0,275.8113546411048,43.58442158686869,1933
9,17,0,254.1882672602807,39.15266903965214,1810
9,18,0,214.8872855222792,33.55942626815324,1522
9,19,0,191.0903509070428,30.61861881738651,1337
10,0,0,183.1793562167187,29.67555739855809,1240
10,1,0,219.9163080087744,35.34903724301221,1504
10,2,0,242.8972986989581,38.56296179785682,1680
10,3,0,257.2218525695292,41.11649506439758,1762
10,4,0,282.2852198036124,45.34355028404099,1953
10,5,0,320.0839986784932,51.53632971043965,2181
10,6,0,313.1771783043578,49.81612038608063,2160
10,7,0,321.2026502060968,54.83165440115963,2205
10,8,0,307.931661877457,48.77543207554388,2144
10,9,0,330.1632205336572,102.2770215746725,2252
10,10,0,328.7249674301363,52.41993031435111,2290
10,11,0,336.6970449434701,92.54650178549322,2301
10,12,0,320.4063844514397,49.979335706096,2267
10,13,0,314.5698542390602,49.60445426953282,2211
10,14,0,310.8025524934415,48.59539305852567,2195
10,15,0,304.1371640531101,54.48702106920882,2141
10,16,0,280.0396271603267,103.3514163129578,1932
10,17,0,254.4563490582164,46.03854055078946,1805
10,18,0,215.5185734151492,33.43303609027886,1541
10,19,0,193.9714009116651,87.10843213488624,1336
11,0,0,202.7905320453193,488.7084742398728,1236
11,1,0,207.7461616714683,33.52708606762205,1417
11,2,0,240.3345260972899,38.58612146938978,1660
11,3,0,252.5863088343941,39.9766691914179,1753
11,4,0,276.3199590962765,44.48773993032163,1891
11,5,0,324.4117963121756,549.0385499955067,2032
11,6,0,314.9036937146829,50.97155217050184,2154
11,7,0,321.1435928705219,51.84893399572491,2214
11,8,0,330.3409461813387,101.5013836322505,2222
11,9,0,320.3115915598671,58.09669131557624,2188
11,10,0,337.2230729870785,54.52527529380186,2324
11,11,0,331.668465979706,73.73857862591922,2279
11,12,0,320.5061226259094,51.57798284997101,2221
11,13,0,320.2097004575884,51.50808527401767,2246
11,14,0,314.4292793618255,60.4760644869889,2184
11,15,0,304.7478026876067,48.27655040789592,2138
11,16,0,274.9613541999962,73.29072720853803,1912
11,17,0,249.0220035806782,38.53909637532996,1781
11,18,0,219.9369694380017,34.01713372791941,1573
11,19,0,191.4657882483069,55.49460849686172,1329
12,0,0,174.9574875667829,29.59337395847459,1178
12,1,0,200.0679495284424,31.76394944410211,1378
12,2,0,231.8677846470701,36.85334838167734,1593
12,3,0,268.2112875894901,68.30805232264856,1810
12,4,0,282.2010902180145,137.8916112675785,1854
12,5,0,295.8800725416222,50.18919551948835,2027
12,6,0,305.4593163832175,49.62061740591077,2083
12,7,0,325.7924181976211,53.39403152387617,2233
12,8,0,321.5693375700499,52.19387278728731,2217
12,9,0,329.0717668407922,138.9402930231572,2212
12,10,0,321.6284712116834,56.59967390539134,2237
12,11,0,320.1010925258611,50.08196114021123,2253
12,12,0,304.9162476218199,48.36138806812507,2137
12,13,0,312.4844812465142,49.88248154773319,2177
12,14,0,306.0008863575021,53.42729239032614,2142
12,15,0,284.1469738343057,44.57731493244378,2007
12,16,0,287.5886307601716,145.5852964839607,1938
12,17,0,246.2955403240464,39.28205163401135,1746
12,18,0,223.8998236840459,36.23396633551022,1583
12,19,0,175.3370710334529,41.48293063852811,1220
13,0,0,176.1826235522362,56.49237356274484,1166
13,1,0,207.0157168149666,33.13168295254414,1413
13,2,0,243.1332668893287,142.3936264916751,1620
13,3,0,267.3429831542853,81.33626432976128,1786
13,4,0,289.8025804034285,47.19658329620461,1981
13,5,0,304.4702682981661,202.7647299672701,2001
13,6,0,302.09814700534,47.28144002097604,2104
13,7,0,296.2958926303824,47.94985486722882,2025
13,8,0,318.6908855431469,73.50519423375133,2176
13,9,0,304.5246485989381,53.17286208797476,2107
13,10,0,320.3764544285783,51.30144621493197,2241
13,11,0,318.2016984820816,50.60943434986571,2228
13,12,0,314.6001660468663,231.4882890040055,2111
13,13,0,318.1145478816905,111.4843162447187,2149
13,14,0,301.0884466817684,65.94169530822217,2088
13,15,0,303.5116753360219,355.171775254881,1978
13,16,0,270.7634079706939,42.49439967604562,1918
13,17,0,244.8840971487023,38.18914651675391,1738
13,18,0,208.0532640831179,37.49254014753488,1455
13,19,0,184.1337411201659,28.57340167039131,1310
14,0,0,159.1111055801094,26.12676665497878,1092
14,1,0,198.097936531931,31.98119837903641,1352
14,2,0,223.4828061323193,35.99463563810977,1531
14,3,0,272.3093880789965,376.0216117800098,1742
14,4,0,262.6288377883629,41.28316497354529,1831
14,5,0,300.4982532859774,63.27357160840739,2035
14,6,0,291.8304699379411,46.60760329630504,2030
14,7,0,312.635566573237,214.351299545966,2036
14,8,0,329.6551893529025,415.8390906877113,2153
14,9,0,305.5328989530872,48.01107377462029,2129
14,10,0,295.485198767075,47.25258998655033,2049
14,11,0,308.0596257309689,66.36003348894442,2127
14,12,0,309.0131556407565,56.66090436384579,2170
14,13,0,307.1108855779918,66.46622126266647,2115
14,14,0,288.0317814736885,46.24501570159025,2003
14,15,0,279.9674701592006,43.5460513683962,1985
14,16,0,262.8669408286099,41.35761943093681,1844
14,17,0,249.8577639718885,39.58975099168535,1756
14,18,0,203.0642027669551,36.14423467046639,1430
14,19,0,189.9323186637245,64.01041257221986,1287
15,0,0,151.665303626825,25.22823774279431,1028
15,1,0,175.3578844476554,27.96098590024749,1212
15,2,0,214.6466212106102,38.47725787673878,1476
15,3,0,231.6003226330278,36.90943002624125,1587
15,4,0,265.109009033174,189.7095377600276,1753
15,5,0,273.6424480368657,49.84382289780719,1848
15,6,0,273.3476938564187,43.91623587770565,1886
15,7,0,283.3660354491356,45.13446895351498,1962
15,8,0,310.2654963569049,146.4727522769769,2068
15,9,0,292.6843981516782,46.2383068101839,2038
15,10,0,281.6215958079569,44.5951116828267,1961
15,11,0,315.0474013222099,840.5281713593344,1963
15,12,0,291.3763232129409,46.16986106781152,2041
15,13,0,287.0807420412739,201.4126187245442,1938
15,14,0,272.5410973489521,43.0262520348142,1923
15,15,0,265.5922521750991,40.95916980162402,1899
15,16,0,235.9470982238302,36.06773301402686,1694
15,17,0,230.9068637197894,36.00602713118729,1643
15,18,0,200.935000998991,37.86599961631151,1402
15,19,0,172.3749638467113,26.95564108678649,1224
16,0,0,136.2023238816587,22.19705658273759,933
16,1,0,172.8405759767633,27.8130948533089,1197
16,2,0,202.4158384139945,97.14356121671632,1298
16,3,0,218.0351562729589,35.25298159725705,1481
16,4,0,227.0545492550288,36.04097844612406,1579
16,5,0,240.885650524087,38.41998090320538,1663
16,6,0,265.3849285158529,41.94260567848139,1839
16,7,0,259.0962388116799,42.74381040114324,1786
16,8,0,271.8830131311697,43.7714364231002,1873
16,9,0,262.1317176371738,41.71819135159281,1826
16,10,0,264.0831521183712,41.3303455942142,1850
16,11,0,267.6903895613887,60.30245714550141,1827
16,12,0,271.5492225003015,216.06688187187,1827
16,13,0,270.8774959852502,43.20449582905296,1907
16,14,0,271.3406408771671,124.0869958838519,1853
16,15,0,243.0100146045681,39.22758454368286,1704
16,16,0,238.2000285100767,38.12642407629629,1664
16,17,0,208.4849799903739,33.04756496892524,1466
16,18,0,191.9672167567635,38.24381137390736,1341
16,19,0,157.4458022660527,24.54901943154491,1124
17,0,0,130.0371378266888,20.93473664739589,896
17,1,0,159.936211794841,25.91504613291227,1088
17,2,0,178.3840225754743,28.35629784631227,1242
17,3,0,199.4559752064889,37.17415072782279,1348
17,4,0,240.3672850978949,638.5513463281293,1494
17,5,0,226.4817300604884,44.25322395224299,1511
17,6,0,240.8473060275001,38.45429350499636,1664
17,7,0,248.4246166971943,40.48128363599734,1698
17,8,0,246.2939575153854,40.24935630397625,1692
17,9,0,248.0562987429533,39.49361016688871,1730
17,10,0,242.8568389023402,38.77494243835286,1686
17,11,0,250.5922349200932,39.48363092954281,1774
17,12,0,247.0800660249774,39.01553102441135,1738
17,13,0,242.6516959121853,49.60918025965093,1687
17,14,0,257.4325691113869,646.2484048938413,1601
17,15,0,231.5225014292566,36.79045588178687,1656
17,16,0,216.2664428574825,33.56375286758102,1538
17,17,0,189.8743555837276,29.61032425233785,1350
17,18,0,161.7544139240071,44.88317408943542,1130
17,19,0,138.6792183585762,21.37219913099008,994
18,0,0,121.9220327893075,19.95328903905044,827
18,1,0,149.9645434369822,87.97653172241147,960
18,2,0,151.985856390622,25.01821803695073,1035
18,3,0,178.3418630980384,28.37999015232011,1228
18,4,0,191.2196767745105,97.43368174776529,1265
18,5,0,199.8181235150175,34.59496630096265,1378
18,6,0,205.8962068837741,33.27313577811536,1421
18,7,0,203.139141202588,31.84386399388919,1424
18,8,0,212.0530037632976,34.09209650265643,1453
18,9,0,217.0199670745094,34.0579713520624,1521
18,10,0,220.1918186318673,35.81720087694898,1512
18,11,0,223.8991664674025,35.47518826067463,1580
18,12,0,212.508910060261,45.66703361791831,1468
18,13,0,214.092883911268,65.0910901805541,1471
18,14,0,218.0462882332703,263.8175204466482,1423
18,15,0,197.0447221745202,51.79244971678392,1359
18,16,0,187.07273688992,29.85835993126554,1327
18,17,0,173.3652759761336,27.57395611447674,1232
18,18,0,150.5963408459307,51.24176491849749,1027
18,19,0,128.1457502450155,20.49405908198646,917
19,0,0,105.5783356359737,25.72543009113981,709
19,1,0,113.64446399124,17.80621049351669,789
19,2,0,141.3225568674023,22.39129807231721,983
19,3,0,151.7586495196952,24.76806659224367,1035
19,4,0,163.3552696039829,25.53192335057011,1143
19,5,0,164.3128045943664,26.31413733748843,1137
19,6,0,169.6346059744863,28.38020282858037,1164
19,7,0,171.9721679021702,27.96993793155022,1180
19,8,0,180.5573059564907,28.9419255166107,1245
19,9,0,181.6025624872273,29.48025548660092,1249
19,10,0,182.2568903085848,29.68264471429357,1278
19,11,0,189.1376527382455,30.25128866161973,1321
19,12,0,198.587246715259,66.43880344686025,1327
19,13,0,188.1928218936333,171.4120192332948,1236
19,14,0,166.299840670278,25.01778541672036,1208
19,15,0,156.4803825280301,24.48274820850955,1115
19,16,0,157.2294258557912,24.58965399830609,1132
19,17,0,144.4531119140022,22.7258541699378,1024
19,18,0,124.6261503788314,19.59959873015981,888
19,19,0,101.9875524790002,15.98934969453652,730
