# mesh name: boxMesh_1
# primitive scorer name: doseScorer
# iX, iY, iZ, total(value) [MeV], total(val^2), entry
0,0,0,121.3805688563552,15.52495414213336,1075
0,1,0,174.7630608042199,22.46122808682262,1551
0,2,0,182.436880969001,23.67689785708347,1600
0,3,0,191.7588717257318,24.97271360622058,1687
0,4,0,194.9047550613748,25.83515702916583,1707
0,5,0,190.1576805450928,25.25577131478111,1657
0,6,0,191.3690718871834,25.61856494894259,1656
0,7,0,197.1730019803278,25.45538047409957,1740
0,8,0,197.3985968527269,25.3014378284312,1746
0,9,0,194.3820560699217,25.27584868981797,1710
0,10,0,205.6578184808408,26.88287524732691,1802
0,11,0,188.2244163629179,24.91676435974583,1642
0,12,0,190.2382886324659,43.41841580204759,1636
0,13,0,205.7278123434499,26.85753056111258,1808
0,14,0,201.4357433132393,26.2058848879669,1781
0,15,0,204.8493236909555,26.9506278147303,1801
0,16,0,207.6021934665363,42.5546917222965,1805
0,17,0,210.8849852873535,139.6710105079996,1764
0,18,0,200.9505689384339,40.71473814304899,1762
0,19,0,145.1437342450427,17.90487659235215,1308
1,0,0,170.5985877222066,22.6739239669612,1483
1,1,0,229.4561571816042,30.20860276217555,2009
1,2,0,255.4613271471561,102.6118788912997,2175
1,3,0,262.5446409618232,124.4206770822048,2209
1,4,0,264.0720642118798,33.64006784704922,2317
1,5,0,257.6016776949816,33.43374680079501,2266
1,6,0,262.0669710998737,34.72100748629639,2306
1,7,0,264.382675307299,33.77486378227007,2339
1,8,0,279.2953261865671,217.9817246818627,2350
1,9,0,267.1116865001358,35.22183222347664,2336
1,10,0,265.338432410932,34.89414461378082,2342
1,11,0,263.6193359998288,33.5621689682709,2332
1,12,0,265.1204736538589,34.41273437393993,2330
1,13,0,277.5653899829141,86.90491511220013,2380
1,14,0,260.5680503075197,33.52890063392472,2322
1,15,0,260.959213134291,33.74623819335506,2310
1,16,0,270.0444188094639,45.64189707732992,2355
1,17,0,261.35926069611,34.15663610267417,2297
1,18,0,253.7512709848383,33.22351270404529,2227
1,19,0,189.4589752594908,25.74927070358548,1687
2,0,0,187.1570697423599,25.50196735191451,1663
2,1,0,267.1999416386922,35.2469719662706,2327
2,2,0,263.7512001828889,34.07790324431993,2333
2,3,0,285.4493203994489,41.31497743166112,2501
2,4,0,280.1393445794633,39.090487993549,2465
2,5,0,288.7264309275901,39.21457012120218,2490
2,6,0,287.2781419068745,37.29435158734488,2536
2,7,0,297.1278275658387,169.2812731357659,2507
2,8,0,282.477151589741,40.99964806688757,2469
2,9,0,287.9498392400153,54.12294592412343,2506
2,10,0,308.1217330991176,500.0803731960879,2465
2,11,0,309.8194035518889,264.25192665346,2563
2,12,0,281.5543243594148,57.31846558462222,2433
2,13,0,298.5572891955574,192.0705300970898,2509
2,14,0,288.2590226695016,75.76384290582307,2474
2,15,0,292.8091742125451,38.46615665485966,2551
2,16,0,280.3815062987184,36.29285515394873,2474
2,17,0,284.0409691502939,36.62551573299236,2527
2,18,0,280.6735560134664,36.42354490908752,2469
2,19,0,202.8683223240032,26.31040902823586,1792
3,0,0,191.8985982984055,24.97986522367662,1676
3,1,0,256.4212047883682,32.81726762125884,2253
3,2,0,283.9322468565446,37.17475818258036,2479
3,3,0,287.0822783627968,87.67690093051715,2487
3,4,0,287.598689616085,94.57357844758548,2421
3,5,0,280.5467912580891,43.05388657780237,2456
3,6,0,283.0572033166676,37.16121389801535,2485
3,7,0,283.3783369998641,36.47983034358374,2511
3,8,0,278.5433809522814,35.70234467776152,2470
3,9,0,293.5955219774405,44.03455013163677,2561
3,10,0,315.1810192745089,326.0024729216377,2556
3,11,0,292.0536074381935,139.1776223065291,2451
3,12,0,281.6180123881803,36.36564655037054,2495
3,13,0,289.5091956438062,37.64681685509584,2544
3,14,0,276.516278009838,87.83546409868134,2428
3,15,0,285.3700353268088,36.4059433872674,2532
3,16,0,299.0271283610977,54.33032580537347,2619
3,17,0,287.1108718537848,38.69160053069849,2500
3,18,0,262.4626983903121,34.04138127658992,2322
3,19,0,226.6753057255742,612.5625148353903,1812
4,0,0,178.9833380302738,22.78213923831384,1606
4,1,0,262.0428481546603,39.99384346531321,2282
4,2,0,279.8023762872318,36.32419414830859,2463
4,3,0,277.6565453699863,35.73359146317457,2465
4,4,0,288.8458227807925,36.7833636097437,2564
4,5,0,278.8917448073824,37.46073295914528,2457
4,6,0,286.1844580642744,37.57995339169448,2527
4,7,0,270.2871818613389,33.97301516340509,2420
4,8,0,293.3984634132117,46.99333938281669,2536
4,9,0,280.7128438194486,36.2869408110402,2471
4,10,0,291.8372553491471,38.43864784537469,2573
4,11,0,286.0309192828753,37.65062287392106,2512
4,12,0,289.167477198332,39.23250514737204,2542
4,13,0,289.0184072882424,42.7559360636991,2508
4,14,0,293.0570725519931,38.19971547507365,2582
4,15,0,282.2077069299684,36.94029810019803,2490
4,16,0,286.6006969416322,37.36155869964445,2528
4,17,0,280.4734498218032,36.39568423252381,2482
4,18,0,283.5552730448579,36.47759739669269,2511
4,19,0,201.9980190667356,53.99610465796123,1750
5,0,0,177.3790744942762,22.89002407915587,1566
5,1,0,266.5080627403049,58.84025416730518,2300
5,2,0,288.4858931463998,37.98401217739134,2535
5,3,0,286.3497338920924,36.80961538224071,2524
5,4,0,287.8157765707186,142.949956130791,2439
5,5,0,287.4463126837507,42.00605409132366,2490
5,6,0,296.677743495376,132.8032246739724,2518
5,7,0,284.6310187778521,38.36157900491364,2478
5,8,0,295.0309837495745,38.11330302724359,2612
5,9,0,295.9207888902977,38.37599234886193,2606
5,10,0,276.106501809982,35.56730100186972,2454
5,11,0,285.8858464967095,37.20751128300362,2514
5,12,0,291.2122509748118,38.27442114364995,2578
5,13,0,284.5579157437913,36.77641753026283,2515
5,14,0,283.924342599332,36.77059608497618,2501
5,15,0,289.6971043720037,38.26115064583982,2538
5,16,0,284.4138785896511,38.43958909509495,2540
5,17,0,286.2717472836584,37.49712787739101,2524
5,18,0,265.8257140657677,33.95892259919262,2363
5,19,0,216.4882216435618,200.4412949941812,1767
6,0,0,187.342864395794,24.7496475665123,1642
6,1,0,266.5378017130195,35.45099218191777,2313
6,2,0,297.4307078198444,221.1216651817373,2451
6,3,0,286.1837365288059,51.13735507369789,2477
6,4,0,291.6695760883051,48.98256931822684,2517
6,5,0,300.9357709747487,39.0990718459736,2632
6,6,0,284.755775865515,36.98204097048317,2502
6,7,0,303.1771811055158,39.5387876611513,2678
6,8,0,307.0839682325549,295.35732943172,2506
6,9,0,276.0385583867432,35.36302906098491,2445
6,10,0,289.9086097271252,36.82846502305146,2591
6,11,0,275.9453107909661,35.78544234072665,2448
6,12,0,283.7269520683459,64.95579031987799,2467
6,13,0,289.4064993652521,63.31104480436992,2505
6,14,0,289.9311964723324,37.31438266486132,2561
6,15,0,305.3079217789016,181.1821286874267,2565
6,16,0,288.4066012489802,73.73351204679095,2551
6,17,0,293.2832319664176,37.77236064792911,2592
6,18,0,269.5932895063588,36.23049523898384,2378
6,19,0,204.7143187469083,27.53064035599894,1820
7,0,0,176.9103989798601,22.00168944767266,1592
7,1,0,252.2331350716116,34.4890608733326,2226
7,2,0,278.9067656782616,36.43072346807995,2448
7,3,0,325.7787272625395,375.4767181770071,2586
7,4,0,317.6267218138577,1005.740314488685,2491
7,5,0,279.6090600710398,47.47397143225725,2430
7,6,0,283.1493286723339,77.82285325638288,2435
7,7,0,285.2949954979593,38.51128922760977,2523
7,8,0,293.5254585717936,67.74721171777506,2528
7,9,0,285.5197813627494,43.33406529131493,2503
7,10,0,276.1246900790885,38.18146171655147,2445
7,11,0,284.3177213755214,37.39005086066843,2485
7,12,0,285.1654836734488,36.94440310009989,2518
7,13,0,282.4547806896193,35.93200553465201,2528
7,14,0,281.8368993203686,36.82849457398667,2484
7,15,0,290.8504331785862,37.95285178268146,2590
7,16,0,271.9738393671444,36.67532971637542,2407
7,17,0,280.6206611614253,35.69463921663168,2519
7,18,0,278.2150242804217,36.50144516289379,2437
7,19,0,212.9813494434834,96.49024094806047,1814
8,0,0,194.6956408592769,25.32746241304624,1712
8,1,0,260.0361932199971,63.80251520586365,2239
8,2,0,275.191201497788,35.94857597856048,2414
8,3,0,287.9002589469243,38.30190768447263,2529
8,4,0,285.8123042400566,42.76839507936121,2496
8,5,0,293.949523107274,44.27769752960706,2583
8,6,0,308.6501246184174,308.6772982578623,2534
8,7,0,293.084566319525,98.21171449506149,2480
8,8,0,293.421207291212,64.07109157769486,2548
8,9,0,289.2781258731914,49.78613323874678,2532
8,10,0,307.9302814139865,167.4839120519643,2582
8,11,0,288.1415974960428,40.93526965412213,2515
8,12,0,308.8109724458745,304.6018623187126,2530
8,13,0,301.4049489766844,72.14903646827214,2593
8,14,0,296.8389849979267,38.32617305503067,2627
8,15,0,291.3314009910262,38.90828791232994,2537
8,16,0,288.7208651434897,37.72506941868045,2537
8,17,0,301.2915417496886,186.1213832578615,2514
8,18,0,281.4520719803098,262.6223918902729,2372
8,19,0,204.4544234041714,26.64753774331241,1802
9,0,0,185.5339782944981,24.09805337582894,1639
9,1,0,267.2865188951579,39.72429525055472,2326
9,2,0,296.0583835978828,190.0547010522227,2444
9,3,0,288.0455988987594,56.64251399423596,2463
9,4,0,277.6853480249058,35.80094426073047,2454
9,5,0,296.499330404954,52.70120661367007,2574
9,6,0,283.6617959097542,39.16584057072955,2524
9,7,0,270.3725289860881,34.40876850650861,2419
9,8,0,289.4011832455892,92.16640377358316,2517
9,9,0,288.5694924747056,36.7582486482365,2558
9,10,0,282.3694657763111,36.46175570007014,2512
9,11,0,303.4621165890844,182.1140347078629,2554
9,12,0,287.0411905409028,120.0475178334634,2438
9,13,0,275.9902608382479,38.06894495146352,2440
9,14,0,289.0429836640406,123.7220715546277,2452
9,15,0,284.4139092114591,37.68890229981267,2508
9,16,0,304.5490379893138,389.0451152670121,2527
9,17,0,299.8437972874353,72.56628671840696,2603
9,18,0,278.9598898020237,99.98145990070508,2404
9,19,0,205.5425351292375,27.31000416190381,1814
10,0,0,179.5625381070509,22.99261428845365,1593
10,1,0,261.461961521471,34.23689209921686,2298
10,2,0,292.6365320810428,218.6490388449843,2475
10,3,0,286.4681878421563,56.47483636725791,2470
10,4,0,295.7242469247919,53.22874245632163,2555
10,5,0,287.3912380225117,37.37452241475799,2520
10,6,0,281.2608523563516,63.18224607003739,2440
10,7,0,278.0483923627776,36.53803730322117,2432
10,8,0,347.9517589676,1297.738389161362,2481
10,9,0,287.40145384947,37.00117926993132,2546
10,10,0,290.9140517408225,38.77511356204743,2540
10,11,0,272.5440305616183,35.05504595336473,2453
10,12,0,279.3644122083684,38.84092745135607,2428
10,13,0,278.6808728090853,46.72251436980189,2437
10,14,0,295.9702581531914,144.4244847058331,2513
10,15,0,304.3992788788771,74.64235787800206,2612
10,16,0,298.8062227094187,98.21414900472556,2577
10,17,0,285.6117060526681,37.13234072993124,2521
10,18,0,259.9374035622365,32.1738208487999,2351
10,19,0,208.4562584702231,26.14868166693792,1868
11,0,0,191.9668975740759,25.45465264039244,1680
11,1,0,267.6290466036197,177.7145346202615,2222
11,2,0,283.1841120339814,37.35765951567559,2492
11,3,0,294.6781912948981,74.63077863030063,2528
11,4,0,293.1529141728175,37.80436050389431,2610
11,5,0,295.6845037760284,38.73441634029364,2597
11,6,0,283.1645455581525,36.74613031419153,2494
11,7,0,290.6290878039131,43.61979076676737,2559
11,8,0,292.4817981221964,38.59956430977562,2563
11,9,0,283.3208307271747,53.05905373669963,2446
11,10,0,294.011354223873,219.3427515161552,2458
11,11,0,284.4521328156875,40.09040634193721,2505
11,12,0,281.60480554266,36.15765070551931,2503
11,13,0,282.4372340530853,48.81632868809735,2489
11,14,0,282.431937923759,36.90129913067793,2478
11,15,0,283.3059501609732,36.91330832333313,2493
11,16,0,287.0181847486055,37.33359202666901,2540
11,17,0,285.7516452199067,37.02806232965019,2527
11,18,0,278.9478502305712,41.95660960363648,2476
11,19,0,231.8045803024917,439.9225608360828,1832
12,0,0,188.2095743619038,25.42028303193106,1651
12,1,0,257.3763508361405,41.1533247726543,2244
12,2,0,295.894312171192,221.5996441545528,2412
12,3,0,282.2351583997091,56.81175376406221,2445
12,4,0,307.0927755205474,323.8819637346261,2489
12,5,0,281.0206675212119,36.55976343371459,2465
12,6,0,299.2697980641897,154.5677839888276,2546
12,7,0,281.7782796393712,36.93630074106605,2470
12,8,0,301.1921040513806,149.7064442157345,2558
12,9,0,284.4806474995283,37.88276046975736,2511
12,10,0,299.6872561166829,39.34880317914534,2629
12,11,0,286.5213929489216,37.12557118321316,2534
12,12,0,296.4734771673425,150.5851684595841,2512
12,13,0,283.176381044372,35.78855944902764,2521
12,14,0,282.2445929335071,35.93526715550224,2514
12,15,0,284.3474959403475,37.90318355741308,2495
12,16,0,289.6099960519572,37.23558327238901,2572
12,17,0,288.0770176045394,37.48631311327618,2542
12,18,0,278.5312007099305,86.38948796677599,2402
12,19,0,206.1974696799181,26.34288354143255,1828
13,0,0,199.3404762868816,159.5357526597974,1656
13,1,0,270.0843368996374,172.3237909596941,2242
13,2,0,265.7113521081855,34.34286391630382,2352
13,3,0,280.2299580445086,36.41154236326329,2466
13,4,0,303.6610334776742,192.287336753903,2568
13,5,0,275.5236166037126,36.30481200213062,2413
13,6,0,276.9812993333051,34.92889399570058,2483
13,7,0,294.8034839276059,299.1798682401003,2451
13,8,0,293.1265861146747,48.4623395404217,2568
13,9,0,272.9918291819127,35.31723805884058,2404
13,10,0,295.0075652079865,38.1467541044745,2597
13,11,0,296.5626179830552,39.90920036946743,2569
13,12,0,291.4530101034959,82.0817689435317,2524
13,13,0,283.8344412346286,37.00775346227577,2508
13,14,0,284.0368501301583,36.1902093111616,2521
13,15,0,276.885746596802,35.37811056764423,2458
13,16,0,275.6939202183186,36.05233896784515,2424
13,17,0,282.4402243021149,45.70125769625568,2490
13,18,0,281.8310879790998,108.5595623300997,2411
13,19,0,203.8147341249853,26.05607590972716,1819
14,0,0,194.9738838444945,25.85961200691947,1698
14,1,0,257.4164283559058,35.11682597922836,2274
14,2,0,269.3411753820412,35.71301614694051,2352
14,3,0,281.8506715666596,36.7442971933848,2466
14,4,0,283.4263959689229,36.62788312156461,2496
14,5,0,281.070887491948,37.92885153990286,2452
14,6,0,285.0175821126447,36.94881670590583,2507
14,7,0,280.4982472442808,37.93462743735414,2469
14,8,0,308.514432079128,117.8671591795077,2590
14,9,0,295.0108881901284,49.8361528895505,2562
14,10,0,272.2951607097082,34.21042859804574,2437
14,11,0,287.6560158988535,37.78321334807101,2522
14,12,0,291.3202406274627,46.5419123915576,2528
14,13,0,295.1186221951244,38.7263230864189,2596
14,14,0,289.1446859872447,36.54517118200152,2584
14,15,0,290.5817764535938,37.00703540583277,2577
14,16,0,289.4481294294391,37.29344284333353,2560
14,17,0,301.0429566759353,308.6181367745914,2508
14,18,0,275.5076632320552,35.61523920491876,2427
14,19,0,200.3553547401562,26.02882964646661,1768
15,0,0,194.0259525195916,25.56495106503119,1699
15,1,0,251.1834793190902,32.56968205044297,2211
15,2,0,281.1711444364777,37.30086610230714,2453
15,3,0,309.8616010833826,439.6100040535686,2499
15,4,0,277.035152227814,36.75930596479684,2416
15,5,0,288.5127377919135,37.86817624659611,2527
15,6,0,285.3194828752886,37.21530092568109,2511
15,7,0,276.3687012528543,35.9510641787094,2460
15,8,0,292.2930884713788,128.4707381498756,2495
15,9,0,291.9501542162209,62.74143691629192,2528
15,10,0,294.9142263997039,39.81386807166266,2568
15,11,0,293.8528192136779,91.02920773358402,2521
15,12,0,298.8251350774268,46.87166466905714,2612
15,13,0,276.955091797911,35.61998443299839,2473
15,14,0,283.7834275949322,36.86770240770778,2493
15,15,0,287.7731497386632,39.24877714866395,2516
15,16,0,298.0764957754176,374.3870639922381,2488
15,17,0,291.142305790534,63.40241632448425,2518
15,18,0,283.2019167738613,78.64446095180271,2393
15,19,0,201.6328114661271,25.69828830423217,1795
16,0,0,185.1258010564133,29.75375524211645,1622
16,1,0,251.1682757431314,33.59117920129084,2188
16,2,0,270.3831185820899,34.24826452599019,2413
16,3,0,313.8604756173666,1075.187644929435,2500
16,4,0,288.4311155551305,206.3617847562779,2432
16,5,0,288.715860994708,37.32884054266055,2535
16,6,0,280.9545803022646,36.1684975889259,2484
16,7,0,284.6920178319366,36.94834619763891,2499
16,8,0,288.5772323357469,37.36873023475306,2535
16,9,0,282.5742200430184,36.72934986799691,2494
16,10,0,284.6956233395109,111.3118888191536,2440
16,11,0,294.7485274967578,106.3825819932534,2519
16,12,0,284.3180446033978,47.01155208925316,2460
16,13,0,285.2299999313859,37.85699365407928,2496
16,14,0,282.8546716744265,35.83804695166479,2512
16,15,0,287.2156789502348,37.07123164193618,2542
16,16,0,283.8574303694064,36.86339452873211,2508
16,17,0,285.1849658367222,44.59196998846112,2509
16,18,0,273.8299293916173,35.63558022526467,2410
16,19,0,210.8970915634543,27.76331528791055,1860
17,0,0,187.0867347438129,34.24009469159685,1609
17,1,0,252.0350028392266,49.17506752416775,2180
17,2,0,286.1079460732487,37.06425363022393,2515
17,3,0,284.932380249441,36.58054016543725,2522
17,4,0,275.5915369008716,36.57131195876463,2404
17,5,0,281.8122343962454,37.08254053163762,2472
17,6,0,275.5725750209999,35.87453733967988,2421
17,7,0,300.9264244664863,372.7586767711904,2443
17,8,0,287.6920218961454,52.73896038875443,2477
17,9,0,305.8358770822649,1006.97786897678,2415
17,10,0,269.8486874447665,35.08683539967591,2396
17,11,0,288.4155255175338,113.6875082132888,2443
17,12,0,298.1179043674463,245.0285435932468,2494
17,13,0,268.1835805753195,34.32650077411881,2379
17,14,0,278.3787764484115,36.2187192848727,2469
17,15,0,280.7615470724831,36.29893719095213,2474
17,16,0,277.5870786621932,35.34997992486021,2477
17,17,0,304.6249614207838,290.0848058399516,2561
17,18,0,256.3312344856965,32.38195843199037,2286
17,19,0,200.7722472618569,26.02070607764948,1772
18,0,0,165.9504787182239,20.8493205161782,1475
18,1,0,276.1889814266205,1094.039632377526,2052
18,2,0,264.5304218443971,128.6797383249051,2183
18,3,0,252.5628263890455,33.38497767618036,2204
18,4,0,266.2248411286151,371.4216833686484,2203
18,5,0,264.347788029028,38.30836085036749,2287
18,6,0,261.4091943765509,34.25966531503925,2307
18,7,0,277.0003483863406,102.7482688681378,2345
18,8,0,267.9459146752224,68.14787726680144,2327
18,9,0,267.9118374616144,34.64260269326895,2370
18,10,0,269.5562013131357,151.9014594330936,2281
18,11,0,258.4158922830824,48.83840777901656,2264
18,12,0,281.4218764521727,126.294523639887,2413
18,13,0,273.2605182739817,105.3681484090257,2327
18,14,0,280.5145044930449,210.7902694739505,2361
18,15,0,265.1541099212495,33.59259967990089,2368
18,16,0,273.1010342750906,37.41933126333387,2395
18,17,0,293.6945076993601,177.0411354632919,2449
18,18,0,258.4132583546697,34.1521242592024,2273
18,19,0,214.9229921006082,175.7213539405579,1751
19,0,0,123.7128177654797,72.40584330796942,1037
19,1,0,173.8423197390442,23.55885231829658,1502
19,2,0,192.3755318691927,33.322666733807,1644
19,3,0,198.6405132832892,27.1299772629354,1709
19,4,0,195.21620086196,25.13372292621713,1726
19,5,0,190.6007892576156,24.18109384936175,1704
19,6,0,193.3432653530159,24.57754595452898,1716
19,7,0,198.4729477971801,26.91811494066879,1734
19,8,0,210.7008767473813,59.17464348155904,1804
19,9,0,189.5339926321861,24.8522457379816,1658
19,10,0,199.7557304802283,31.58855717276138,1742
19,11,0,198.7010476102706,26.31215176991849,1731
19,12,0,195.4154805860979,25.50075823247581,1737
19,13,0,210.8989611331038,41.10899156356898,1826
19,14,0,194.7680484628621,24.90251583019174,1740
19,15,0,201.5032875134434,27.41586550860039,1779
19,16,0,197.0406356985459,24.94195364143642,1771
19,17,0,204.723898665296,27.01923623072877,1788
19,18,0,196.7151864820461,27.23103199912934,1721
19,19,0,149.8196366847825,19.47763302519524,1324
