# mesh name: boxMesh_1
# primitive scorer name: doseScorer
# iX, iY, iZ, total(value) [MeV], total(val^2), entry
0,0,0,92.66879061969638,21.29122666660303,456
0,1,0,94.69559959828162,21.15703046410868,480
0,2,0,127.6173496321312,42.93152496064525,635
0,3,0,124.0996182329845,26.05677052571916,671
0,4,0,136.0938223816057,26.84453358331191,768
0,5,0,152.2970873141592,35.87850326061845,849
0,6,0,147.9231145708284,27.98028017698201,889
0,7,0,171.9351561301738,32.57086454257195,1030
0,8,0,171.3304397208061,60.58769894011042,1033
0,9,0,173.2808030200541,37.25759974583978,1121
0,10,0,181.0148964551666,68.98291217481021,1194
0,11,0,176.4043332699142,28.529584395858,1235
0,12,0,188.3774026419814,33.22844074535151,1320
0,13,0,176.5234156220126,55.60525159400103,1270
0,14,0,195.1673099883486,183.6334367842553,1361
0,15,0,181.0234972184577,46.78306688389151,1362
0,16,0,195.8654127203019,288.3417864575309,1408
0,17,0,168.8457242999332,23.67414547211093,1385
0,18,0,180.4802087382795,25.05434474911027,1489
0,19,0,161.3870358577174,22.49947540155601,1347
1,0,0,100.5262045428025,23.22437778638638,494
1,1,0,129.9303248518139,30.58124837532957,641
1,2,0,140.3248730525414,30.47533924059637,718
1,3,0,154.5607231440311,31.53165029544099,839
1,4,0,163.0250604897892,33.02312341340368,903
1,5,0,177.790970674197,34.95391336242685,1005
1,6,0,185.3681556059675,36.24815755751731,1081
1,7,0,192.3899389621535,34.68487544949425,1185
1,8,0,187.4184511878994,32.95125826076095,1186
1,9,0,194.0992558523288,34.02149252032081,1259
1,10,0,204.2034344822298,34.42131713185427,1364
1,11,0,204.483817537358,33.01835992030297,1438
1,12,0,213.3491526240518,58.55096683738068,1479
1,13,0,210.8204846163504,32.67167005900209,1545
1,14,0,215.2845088091355,33.26888067315492,1601
1,15,0,215.3261810039857,31.80282829598611,1661
1,16,0,217.5592179873933,31.55244573498811,1732
1,17,0,215.9669250178545,29.39410986917477,1783
1,18,0,223.6899662306283,31.50272196512592,1862
1,19,0,195.792570969168,25.72718537322673,1679
2,0,0,113.0989802377361,26.59690590878524,542
2,1,0,136.8010754011643,74.01431494639552,638
2,2,0,143.4468724057979,31.10401479944909,736
2,3,0,177.7713749198613,37.03024677808818,948
2,4,0,187.168532558322,38.25937992461541,1018
2,5,0,199.6920354478995,39.38199533957909,1123
2,6,0,216.6110460047274,41.52475627168364,1261
2,7,0,221.1796129781031,41.20729459257218,1331
2,8,0,229.6419451559852,41.28917968477862,1458
2,9,0,236.262655353498,40.12382999830284,1548
2,10,0,236.9488000686069,42.39942460916448,1568
2,11,0,231.0704650110731,111.0223256676503,1559
2,12,0,232.623856533425,36.37559232721694,1661
2,13,0,240.0340796140923,37.56465816280246,1748
2,14,0,246.909186956104,43.85164458796626,1862
2,15,0,247.6464326525908,36.80961833578245,1917
2,16,0,248.5891493980923,52.45767967174646,1947
2,17,0,248.7509076694725,35.13288823233592,2028
2,18,0,257.798102246163,36.60690817251511,2093
2,19,0,255.572323757068,693.3843052559107,1935
3,0,0,124.6777173279135,28.93742691233836,610
3,1,0,149.4898682353164,34.37778656679368,735
3,2,0,177.3335769154519,39.49607298660841,895
3,3,0,198.058068178492,258.6482740964536,986
3,4,0,211.700307165039,98.70847751378771,1123
3,5,0,229.5340277292609,73.84967967432337,1270
3,6,0,229.5415438370953,43.2314048416665,1347
3,7,0,244.2018841702225,50.53689091715932,1466
3,8,0,243.4722557334064,109.6588126952334,1482
3,9,0,250.6392406760074,44.28868010339061,1606
3,10,0,241.815180951964,40.01709823016679,1645
3,11,0,271.5303174988629,48.12343579519224,1849
3,12,0,268.3750127503716,43.27347477473005,1893
3,13,0,251.7247730366575,38.33793093403781,1873
3,14,0,270.4773968083084,40.41391974247053,2053
3,15,0,269.2466811772319,39.08965585305697,2101
3,16,0,272.8462104785737,38.61469607455408,2205
3,17,0,270.841652701966,37.22729391761739,2227
3,18,0,280.946852879859,123.6861284001515,2253
3,19,0,240.172965639733,33.06445423601687,2013
4,0,0,138.2105661717457,32.27539380958471,660
4,1,0,157.4058222121107,35.72320618724195,772
4,2,0,182.4901601417162,39.75418765589043,933
4,3,0,202.3168146044946,43.22996800360256,1059
4,4,0,222.1598058228666,45.16917752872123,1221
4,5,0,227.4092756080715,44.37805577395628,1306
4,6,0,242.9231449339638,45.99453069331253,1428
4,7,0,255.224151910603,52.31776590332941,1531
4,8,0,266.7633666259499,47.36383962276219,1667
4,9,0,300.4342568396445,567.9613141624518,1762
4,10,0,280.1651190912675,46.65535017845674,1882
4,11,0,277.0669048584705,47.31806513194281,1905
4,12,0,280.5052459682905,44.65863374329405,1982
4,13,0,273.8058617304664,42.21968384146583,2008
4,14,0,271.0367636511535,39.89158208839785,2082
4,15,0,289.9552172596504,47.87143790950419,2237
4,16,0,294.036662517855,142.1757443474766,2264
4,17,0,282.8688488236133,97.47637495848544,2282
4,18,0,274.6709536857877,36.8696222856243,2328
4,19,0,254.117598610971,33.90556669511595,2163
5,0,0,148.4037670040613,34.98784280075014,698
5,1,0,155.4586367554425,35.56722659869659,765
5,2,0,186.9854652772476,40.94828219582057,956
5,3,0,210.6400126097065,44.27129019057254,1110
5,4,0,212.9343195835124,43.42832546925587,1163
5,5,0,252.7955874775528,50.73389236126567,1411
5,6,0,254.1003281585552,75.13987887102104,1451
5,7,0,262.7897215855374,48.89046317497421,1592
5,8,0,278.2892616644051,67.5509207191005,1771
5,9,0,291.7879542094838,50.2158905045604,1901
5,10,0,297.1188493418424,60.97992385795531,1952
5,11,0,304.6164978137464,50.42210116693413,2088
5,12,0,291.1314578360485,53.38308002072917,2039
5,13,0,290.9427242531951,45.4466547504164,2133
5,14,0,316.5521508158641,49.01836953953228,2347
5,15,0,302.8508085978501,50.76716970204339,2303
5,16,0,290.21870653096,41.15497108079298,2329
5,17,0,315.9353701210868,336.2131375191105,2365
5,18,0,275.8235002885881,37.84346666485642,2285
5,19,0,242.5253566721463,33.36414002739851,2030
6,0,0,155.7103691689295,38.55316951193888,723
6,1,0,154.6334866009688,34.4309062739401,781
6,2,0,209.2077784188291,119.0737043237257,1012
6,3,0,211.0488396750824,44.78109992585131,1116
6,4,0,243.2987395119765,49.03287602046487,1344
6,5,0,256.694527628985,50.85282449603322,1440
6,6,0,277.2107336485573,54.35001876539518,1595
6,7,0,282.8044725479147,60.03495695243235,1719
6,8,0,300.4688166324562,94.88258779004406,1848
6,9,0,303.5077244441476,76.03682206955664,1922
6,10,0,326.2637781652464,325.5190542317353,2005
6,11,0,304.1162083995502,49.32666329359049,2112
6,12,0,315.4631476640507,57.25800133241298,2246
6,13,0,302.1119755550989,52.24599944234961,2230
6,14,0,294.5359914621636,43.92645952701388,2232
6,15,0,300.6717275426129,43.94598865861444,2342
6,16,0,306.7313785599262,44.88266294143713,2403
6,17,0,299.4179424128957,41.5634081861833,2436
6,18,0,289.3344333142292,48.14225634601124,2374
6,19,0,268.1002709159133,103.9089050365658,2204
7,0,0,162.1357179950828,37.61559983357324,782
7,1,0,173.9960582685324,38.92601747512649,882
7,2,0,203.7613913591782,44.95682080395515,1028
7,3,0,227.1581477795838,47.55815470881035,1209
7,4,0,250.045273827083,50.04278350958647,1373
7,5,0,295.2137776546311,431.9092571662194,1515
7,6,0,287.0541914906734,55.11901518094353,1683
7,7,0,317.7713591137041,541.5259125219975,1805
7,8,0,324.7099843152109,201.6771869966159,1889
7,9,0,306.6970054774288,195.5994898127091,1944
7,10,0,316.0938456081368,52.46195361211075,2128
7,11,0,324.2945108141793,53.72875687627798,2268
7,12,0,310.2851471336849,100.0904745067272,2175
7,13,0,286.3180225798288,43.8536615361052,2118
7,14,0,314.8645477192383,100.4532941849478,2280
7,15,0,334.4531748792169,772.7633883423176,2331
7,16,0,292.4939228247181,42.81478325280511,2302
7,17,0,289.6289089551565,40.74379388054336,2353
7,18,0,282.4316527707751,90.27906068232276,2294
7,19,0,253.9104550201804,34.36846543020501,2141
8,0,0,164.3541940882563,38.30555354479059,798
8,1,0,180.4014733059188,40.25745778006458,897
8,2,0,201.4298324851882,44.01367123904949,1030
8,3,0,241.5373232372035,70.27344455712901,1246
8,4,0,248.2193180291231,49.99685839562311,1378
8,5,0,270.5104311508201,76.23224604587605,1507
8,6,0,281.5955285541738,54.49331994946087,1633
8,7,0,292.2492540140511,68.87912054328721,1723
8,8,0,297.121995377174,54.50100957398173,1867
8,9,0,306.7320158963739,53.19344514019728,1986
8,10,0,296.629553160253,49.05487436682447,2008
8,11,0,305.2509771781071,49.28586259048152,2120
8,12,0,306.8379717455053,85.53765399690016,2134
8,13,0,306.9938097643989,49.09057243291265,2255
8,14,0,301.6001228382867,67.0434651922064,2245
8,15,0,303.5400748038369,44.15819488853562,2358
8,16,0,305.3394539751145,45.05903102092947,2390
8,17,0,299.6600798129786,84.9163846162793,2375
8,18,0,293.3346354775965,70.57173672569482,2376
8,19,0,255.2647961117185,34.24194156706941,2169
9,0,0,156.7879948990766,36.71601918835344,748
9,1,0,180.6950367763009,45.56108556807078,872
9,2,0,204.1426094038356,44.13615779836329,1051
9,3,0,241.245585039582,51.81184817467142,1255
9,4,0,266.1282797109232,179.3093206201469,1390
9,5,0,277.9959072559492,56.18163094270776,1562
9,6,0,281.8624965760027,53.93268035270377,1663
9,7,0,299.1047440657307,55.51003981276531,1799
9,8,0,311.7620483229176,55.44790977385519,1967
9,9,0,308.6443051452304,53.88256584682054,1997
9,10,0,313.0244816955514,52.04554778336617,2104
9,11,0,333.6502143199768,72.25207929689851,2226
9,12,0,310.4934212795606,72.11134379789708,2169
9,13,0,316.6057585677626,141.7109691525847,2246
9,14,0,329.1376480798199,381.6834674019811,2336
9,15,0,298.4858782440022,44.01274389890426,2320
9,16,0,311.1669684107031,45.39452249785531,2443
9,17,0,296.9698044933594,42.1988467096991,2402
9,18,0,281.2645899402265,38.38573987369661,2356
9,19,0,268.8691829882852,121.2075514330635,2190
10,0,0,152.6571169641872,35.13745236880331,747
10,1,0,192.6508251648902,46.0094289551712,945
10,2,0,220.950884850845,49.37025731460177,1103
10,3,0,234.9361512074728,49.40682517598494,1248
10,4,0,257.4780668584243,52.74356565255483,1411
10,5,0,267.2924207834115,52.49460859758697,1510
10,6,0,282.8883720338465,59.04816901714669,1653
10,7,0,294.8778588645819,54.2295027516746,1783
10,8,0,309.8487585372294,55.60166880806207,1926
10,9,0,305.3127286433199,53.3750756981317,1974
10,10,0,303.1278772449716,50.12859612486776,2046
10,11,0,315.0397110271396,52.4976755669442,2168
10,12,0,304.8877977894988,49.18522391422182,2159
10,13,0,315.4888132021939,106.7881395689283,2252
10,14,0,307.6709075449003,47.30329148041478,2302
10,15,0,312.5124112731869,46.83255030735381,2393
10,16,0,303.4187499078249,43.53619700537596,2390
10,17,0,292.1613508055928,40.2728559890169,2386
10,18,0,283.118143986141,39.8833152070618,2338
10,19,0,278.5392877250833,191.7826672172575,2248
11,0,0,151.3349370357905,35.38313077244938,734
11,1,0,192.1190406880161,43.29900887213305,952
11,2,0,230.2226834089952,290.2969292063061,1087
11,3,0,237.9603053523162,50.4627488402631,1255
11,4,0,258.1102359102496,52.24928207874606,1417
11,5,0,273.9924791092523,56.52570285431203,1550
11,6,0,293.3088878667154,56.18453657189684,1719
11,7,0,303.1363029099286,56.24917306375466,1837
11,8,0,290.2666199717581,50.67355976893356,1841
11,9,0,310.4057310780617,73.78383785232866,2003
11,10,0,311.6362916491864,53.31612127584984,2090
11,11,0,321.8109827179222,69.75023269793552,2198
11,12,0,303.367821710136,47.81056675787548,2185
11,13,0,307.749356122655,48.45256512718074,2257
11,14,0,316.0684118906011,124.0143663713834,2323
11,15,0,318.5170181634697,305.3158192893764,2321
11,16,0,302.2818580231713,44.05353790985912,2396
11,17,0,286.3714448897395,39.20386710410941,2374
11,18,0,278.1855346007002,37.77535956463243,2333
11,19,0,271.7752504564396,88.24304389581124,2220
12,0,0,158.904977925872,38.27201594087587,749
12,1,0,198.4491942843485,46.46476474417204,970
12,2,0,201.5535908420317,44.09668982530731,1028
12,3,0,233.5237898387965,70.08265104482535,1221
12,4,0,267.3359713324222,195.4647390781912,1391
12,5,0,271.7148165231669,61.63369596695268,1512
12,6,0,275.0681393140549,52.75075967342973,1614
12,7,0,289.7205729277879,105.0029640774315,1740
12,8,0,300.2781566844459,53.28891104004351,1883
12,9,0,305.6172746495865,51.99721710301767,1995
12,10,0,303.4552690312624,55.08710301103888,2046
12,11,0,319.9906553005202,71.8308486040914,2166
12,12,0,310.8153328228778,69.71593762276973,2159
12,13,0,335.2934277003258,412.5616600565206,2295
12,14,0,296.8067530278697,44.4470695091155,2235
12,15,0,303.9924969309449,48.12489688438244,2355
12,16,0,308.1186134783582,48.86739348199855,2408
12,17,0,278.493398847203,38.71916748671254,2276
12,18,0,284.9054611236119,39.63450364090177,2354
12,19,0,251.0628039227097,34.03432578380196,2138
13,0,0,152.8406631166376,63.12264757887483,703
13,1,0,186.5262538920657,45.72721496809616,904
13,2,0,208.2943683114933,54.78544793452255,1022
13,3,0,237.0545498892385,50.1579514727515,1256
13,4,0,237.8245508842528,48.84280596264011,1296
13,5,0,261.04073314782,87.29053290906472,1470
13,6,0,281.6456891005872,54.5785996458085,1631
13,7,0,274.2436348727328,49.47143511127054,1685
13,8,0,291.8240853858721,61.91720684154421,1810
13,9,0,297.8082411860063,51.46338379924094,1934
13,10,0,304.4834868749012,51.29875692096291,2049
13,11,0,315.4481976787781,51.62376564966014,2168
13,12,0,287.9290413315338,45.70342956808437,2056
13,13,0,296.4407981989096,45.41171551711423,2169
13,14,0,288.9359023348324,44.8148183279125,2163
13,15,0,303.9620872784085,44.24629102307935,2361
13,16,0,298.8355650289998,42.74563548264639,2373
13,17,0,289.2579782476624,40.19883783237749,2360
13,18,0,280.5468655689606,38.94362003951944,2324
13,19,0,267.006089878678,74.81878936269408,2179
14,0,0,146.4489087834351,33.75070425726406,715
14,1,0,165.9887930717159,37.6012779925268,817
14,2,0,188.1219351059123,41.07317902686373,961
14,3,0,208.7867138881874,43.91174687621869,1110
14,4,0,240.1575552198926,49.22032520336116,1308
14,5,0,252.0540245594639,84.45408872687217,1369
14,6,0,258.3281980129031,142.5338623324272,1465
14,7,0,277.6069620423545,51.34005665808608,1679
14,8,0,277.6916511319723,51.21687638998575,1718
14,9,0,269.7131240271103,46.61614981249529,1749
14,10,0,285.8314736194587,47.69560777247052,1913
14,11,0,288.9002304379552,46.1824027099991,2018
14,12,0,298.0382401723259,47.05131034907426,2122
14,13,0,293.8124007912723,45.14941883557515,2161
14,14,0,291.2736310902179,43.25097284978566,2228
14,15,0,285.0600903747338,41.50316370227996,2229
14,16,0,284.8765077160357,47.20330041995623,2267
14,17,0,288.2465538371552,40.82716875363121,2340
14,18,0,277.6253209274383,37.11221407205143,2340
14,19,0,248.5709387214419,33.45622258345039,2118
15,0,0,131.0709634761994,30.31388579166388,637
15,1,0,162.9167894348828,53.54048638818434,785
15,2,0,174.569355138634,39.46532160627596,877
15,3,0,200.6457229202599,42.19006513012756,1063
15,4,0,222.9607221331902,46.13292272379289,1211
15,5,0,239.7424155199253,47.07690176394802,1363
15,6,0,246.3028229637524,46.80788378009344,1440
15,7,0,285.6557295134423,423.758498151647,1608
15,8,0,278.9834820819782,179.6204472215475,1669
15,9,0,277.3661642815417,231.9432652015953,1674
15,10,0,273.3062730519491,45.3458373533303,1852
15,11,0,288.0875343322297,128.8456905613646,1924
15,12,0,283.9924961334726,45.31486789057505,2021
15,13,0,294.4761035122072,144.2241686320981,2060
15,14,0,283.4012154426572,42.88899994020479,2136
15,15,0,279.3587614802297,41.24446596999564,2152
15,16,0,311.5418549294237,307.1056977234242,2297
15,17,0,278.2792412362295,38.84260620452899,2258
15,18,0,272.5454702046771,38.23396463507225,2250
15,19,0,269.2954709718534,212.3473342719127,2166
16,0,0,122.0606480703358,28.66604925921727,593
16,1,0,145.1508643715124,33.02980605490823,718
16,2,0,165.0090447062948,36.11979506655852,840
16,3,0,185.4722122595834,40.00889371009504,981
16,4,0,209.297707136715,42.46318759425719,1151
16,5,0,206.4953117203276,39.73521237407797,1200
16,6,0,230.3151111866449,43.57914133435229,1354
16,7,0,256.403004796757,62.39241856687433,1527
16,8,0,255.8028258448047,56.34338190813788,1570
16,9,0,256.1092457657568,55.67736925824713,1619
16,10,0,243.8381633096061,48.752973327463,1608
16,11,0,260.0281113840873,42.2300346356414,1810
16,12,0,261.6219431586047,47.47310447393506,1896
16,13,0,263.5910181737154,97.18119606166998,1884
16,14,0,283.0530655327776,210.0032939607441,2038
16,15,0,258.0729654510335,37.13717120480533,2024
16,16,0,270.3339056407611,38.61040340979989,2148
16,17,0,261.0538239464772,35.85700410926826,2156
16,18,0,257.0872904711453,41.49322604359679,2122
16,19,0,232.2786751564164,30.93320644115429,1978
17,0,0,111.2196075732548,25.58721768232327,536
17,1,0,134.46058454493,30.19309827195082,674
17,2,0,184.1282304098561,700.1260760872295,798
17,3,0,167.7451871685394,35.03035414634593,899
17,4,0,196.5564055000443,40.55980491521998,1060
17,5,0,213.5267256646088,42.2334084167446,1198
17,6,0,207.4057491611948,40.58321712644916,1208
17,7,0,217.6935692510097,40.48408691103136,1311
17,8,0,229.1850378567708,80.01834895266565,1426
17,9,0,230.5479078112771,53.95403669378991,1467
17,10,0,226.8978938842144,37.23771502577723,1539
17,11,0,226.5874554605105,36.46941918740987,1574
17,12,0,236.9876647551806,36.90743977608487,1714
17,13,0,236.2218554893567,36.26995699661828,1741
17,14,0,234.8987149080638,35.14177496739521,1776
17,15,0,250.6921076827099,93.84816104354304,1886
17,16,0,244.7988483917543,35.0606418998835,1946
17,17,0,248.9295696094192,35.90908149965088,1991
17,18,0,244.4710638252116,32.56405155427036,2065
17,19,0,228.431258254289,30.44236668891706,1942
18,0,0,98.73096479107718,23.2954080826171,467
18,1,0,115.516281362982,25.68463399796375,590
18,2,0,127.9440536084355,27.82295062759614,665
18,3,0,152.9274496742933,33.2433584992387,801
18,4,0,159.8130897170694,51.42696662876591,865
18,5,0,178.3393537177978,34.88636347906768,1021
18,6,0,187.2890297482438,35.48787402294525,1100
18,7,0,191.9607653543925,35.52258290701457,1166
18,8,0,205.3988053929257,125.2487814767031,1211
18,9,0,201.0117939412544,34.77122977464994,1323
18,10,0,214.8489300153487,92.73207841898052,1356
18,11,0,201.3526971804717,32.33804154141838,1409
18,12,0,204.252760760848,32.05584689093102,1471
18,13,0,208.3558208417095,32.75600287674036,1523
18,14,0,212.7253876192231,31.84619564254543,1615
18,15,0,230.9103608892087,370.1905010770222,1644
18,16,0,211.1925435895246,29.74005168733378,1704
18,17,0,233.0316004142107,32.48655153657315,1898
18,18,0,215.5702159491005,28.77597159088021,1829
18,19,0,208.3100536159187,53.10456537129868,1724
19,0,0,83.80283588646967,19.89574803864369,408
19,1,0,100.9398343422371,22.96365191487491,498
19,2,0,131.3217684376307,170.1304845487725,631
19,3,0,129.9737694333877,27.11695195546716,698
19,4,0,136.7577990888446,28.05581958677861,743
19,5,0,153.7021843579403,30.43653436446293,870
19,6,0,165.8551947772389,31.76393740349138,968
19,7,0,168.5879890526287,30.84147624544546,1022
19,8,0,169.6529371216554,30.04147897618186,1059
19,9,0,179.479360425032,34.25875433723078,1157
19,10,0,172.8557204977261,28.4984873121299,1181
19,11,0,167.486075392182,27.25769552198862,1167
19,12,0,182.2753412277845,28.90105422609747,1301
19,13,0,179.9563175172127,27.96198148585152,1317
19,14,0,165.1933163999362,24.12323758295841,1278
19,15,0,166.203908468682,24.56737508236451,1292
19,16,0,181.7026788553116,26.19782804996024,1439
19,17,0,175.9681908708344,25.09886659464692,1434
19,18,0,183.9100343234133,82.87776131063184,1488
19,19,0,161.6091200284777,23.55805914064312,1328
