# mesh name: boxMesh_1
# primitive scorer name: doseScorer
# iX, iY, iZ, total(value) [MeV], total(val^2), entry
0,0,0,99.47824233915927,13.424584944813,829
0,1,0,119.1493022585869,16.69090248017001,967
0,2,0,136.4769218327683,19.20023068721499,1103
0,3,0,154.7028186638535,21.57764428512229,1253
0,4,0,181.8726352105328,783.3574883409784,1261
0,5,0,165.6308240222245,30.82297229405813,1321
0,6,0,184.9094505869344,80.75292841960407,1414
0,7,0,180.4649534682522,25.4952175924851,1451
0,8,0,172.282596637677,24.82037916325101,1388
0,9,0,165.0874632556122,24.47931767341138,1334
0,10,0,177.3562036601032,24.87477978815806,1430
0,11,0,176.240658144216,24.84205598606008,1413
0,12,0,165.1480969487789,23.8093844654246,1333
0,13,0,168.4339306455271,25.41853469305736,1344
0,14,0,174.332712745058,24.21422548179345,1407
0,15,0,159.5377008173518,22.61916740865547,1271
0,16,0,156.8352675895792,22.63768600342444,1247
0,17,0,139.3903818888634,19.5350168652225,1119
0,18,0,121.8223991484745,16.75496201376377,988
0,19,0,100.7317256817312,14.09859584397161,818
1,0,0,122.6229949277634,17.11339035993384,987
1,1,0,151.1766332516221,21.31131092747755,1218
1,2,0,173.9670278877937,24.59884940204416,1387
1,3,0,187.3154569784398,26.83327546621061,1482
1,4,0,213.2547264232494,185.5953598145567,1580
1,5,0,211.4194927192337,30.01079490742196,1691
1,6,0,214.3773708044432,30.6889392571982,1711
1,7,0,207.8588497838564,29.31541053612001,1661
1,8,0,209.755603391239,29.41446042962883,1684
1,9,0,211.4207110741651,29.79435693320488,1693
1,10,0,212.9795355850497,30.43936661611139,1698
1,11,0,208.1901663679643,30.76188263600631,1656
1,12,0,209.0856139429528,29.90386857060487,1659
1,13,0,202.099605079031,28.66460148978846,1618
1,14,0,195.6142044032078,27.89349531466861,1557
1,15,0,193.8786535250751,27.91472482763704,1544
1,16,0,192.4175112997718,31.50052630762414,1528
1,17,0,166.7624541175012,23.1830597341306,1354
1,18,0,159.6126807365979,22.15695182466937,1301
1,19,0,123.6097179037307,18.20343093343739,976
2,0,0,138.37097561404,22.0408699616986,1102
2,1,0,172.4662718482992,24.24671778199524,1400
2,2,0,197.0060544305013,27.3716596942439,1597
2,3,0,223.0806042449034,90.12511792631143,1736
2,4,0,220.8193501364381,33.63077629357547,1783
2,5,0,245.6694148040471,91.39441322174581,1910
2,6,0,254.9428281158708,36.55890162785656,2021
2,7,0,242.0785761930948,33.71821258376824,1973
2,8,0,247.8741710286463,35.47934911093043,1974
2,9,0,244.0408237449736,52.39802063549336,1927
2,10,0,254.9029381261525,136.8968899417495,1978
2,11,0,242.6522015934151,37.25506149178857,1928
2,12,0,233.3800155793302,32.60781085900425,1881
2,13,0,233.6214581885312,40.88858304808478,1872
2,14,0,227.0646387116894,32.17217802810211,1817
2,15,0,240.2882242201854,34.04955331151019,1922
2,16,0,203.571243290234,28.35065654289518,1640
2,17,0,197.8908935074114,27.89682558176935,1589
2,18,0,165.4945669223534,23.1145351213511,1338
2,19,0,132.6575988477983,18.14558364381648,1089
3,0,0,150.8344830776699,21.09498186244743,1216
3,1,0,206.4397200895007,297.474020526873,1509
3,2,0,209.3395486320055,29.77579182058036,1666
3,3,0,254.5600062501991,60.34886149391697,1976
3,4,0,245.6730240096832,35.08995365844637,1948
3,5,0,273.4482710802105,288.2842604031495,2054
3,6,0,260.8108589679377,36.89214546399861,2083
3,7,0,273.722624248546,37.80964969799318,2227
3,8,0,268.0964772497583,38.9976597897916,2139
3,9,0,269.3594323467105,38.76354692645255,2138
3,10,0,259.5306201403224,37.21449781911362,2062
3,11,0,264.2593918624878,37.12164807756767,2128
3,12,0,262.6928287106589,36.82155675313731,2110
3,13,0,260.3889446779194,36.36260781180097,2096
3,14,0,258.3947677610043,36.67919945055514,2056
3,15,0,249.3802886764605,43.64834912154539,1962
3,16,0,238.6982047948533,34.73376166688789,1896
3,17,0,218.6322865234378,44.53047605420181,1729
3,18,0,214.1870073660637,602.4125367085173,1500
3,19,0,149.6478559585158,21.15337609471167,1203
4,0,0,164.0967801946724,23.09110574153082,1323
4,1,0,198.2788200409094,28.85305622918475,1559
4,2,0,243.6796917255541,45.57249624751348,1906
4,3,0,258.4609988516886,37.37251721178933,2050
4,4,0,264.4022225767511,38.34616606186263,2085
4,5,0,288.7948438436986,118.1681819495519,2242
4,6,0,299.6063215105776,438.5705288554191,2231
4,7,0,288.2782528194355,128.6045170661407,2244
4,8,0,271.8054524279646,38.30553654911436,2184
4,9,0,293.3189195783151,58.49695515223892,2308
4,10,0,284.5389651623772,40.34352324349818,2289
4,11,0,285.3982280862402,40.36482886778587,2282
4,12,0,282.9329232630939,39.92095312129675,2268
4,13,0,290.4603933369303,106.4466009926437,2292
4,14,0,286.6905020682941,41.75828313654497,2259
4,15,0,261.4166405796432,36.27776528879228,2124
4,16,0,259.1032633686131,104.8616600741309,2018
4,17,0,231.0078133338755,31.94328318982626,1868
4,18,0,197.1885199583647,27.61138028414758,1601
4,19,0,170.7843335902548,102.6075330031906,1283
5,0,0,160.0185783766291,21.51853579511213,1320
5,1,0,200.5718730898374,28.5553651112408,1608
5,2,0,241.811591063062,176.8845803143335,1820
5,3,0,258.5716383048917,45.71055979599956,2061
5,4,0,284.3705440196686,87.89010943480011,2239
5,5,0,272.799184994344,37.93869898786392,2209
5,6,0,275.6798428355135,38.25950847767225,2236
5,7,0,311.898380615795,503.2155788398928,2348
5,8,0,290.0445326722827,40.66907773302878,2317
5,9,0,325.2708403919303,454.3906448108024,2425
5,10,0,301.1058957103755,45.00018120615584,2370
5,11,0,309.5889893045677,101.1140383781851,2420
5,12,0,293.176993570504,77.80157198219354,2305
5,13,0,305.4039163492802,132.507312414141,2338
5,14,0,290.9724395786793,68.81111971801678,2262
5,15,0,283.2198567340567,41.86959251600348,2238
5,16,0,254.0940822207918,35.9968467885351,2022
5,17,0,241.3033080619128,48.84491635577051,1881
5,18,0,200.0355021704852,29.01271473178441,1585
5,19,0,163.7692471359814,22.7847039908211,1332
6,0,0,170.3918505041721,24.10693737471809,1368
6,1,0,222.002945333681,144.9513987557711,1700
6,2,0,232.526674504552,33.02313757794576,1864
6,3,0,267.9290586326312,48.3475793085783,2118
6,4,0,276.4681529698762,39.31882931891688,2224
6,5,0,293.993202424555,42.41232882934495,2323
6,6,0,302.5705370565467,48.47438730097522,2403
6,7,0,295.9112929045074,45.59344938572545,2343
6,8,0,302.705461647214,43.95422391418344,2417
6,9,0,304.0806329987333,53.07490524174695,2391
6,10,0,302.3839360478461,43.38424918751972,2410
6,11,0,297.5762326082408,134.1109904356371,2307
6,12,0,294.4176269338404,53.06655180045993,2328
6,13,0,297.0470171830542,43.76799337556926,2364
6,14,0,277.9136520088692,38.98929361111918,2243
6,15,0,278.8604272478443,39.3448866190433,2228
6,16,0,261.9263812563896,37.55810543678677,2085
6,17,0,242.0550346672536,37.3973996143162,1925
6,18,0,197.026059124484,27.39809963261513,1600
6,19,0,172.3155591940648,24.45429746860333,1386
7,0,0,174.1849020950203,25.1478554227628,1373
7,1,0,218.0738109633251,48.10440634978246,1676
7,2,0,246.566040831083,34.63189112690142,1993
7,3,0,285.2960825110486,83.51797799492522,2204
7,4,0,282.1194941748448,40.63404282636073,2235
7,5,0,273.097569963439,38.20025847006853,2197
7,6,0,311.5531680484168,191.8536675702911,2378
7,7,0,312.2665856039994,193.7132474733822,2358
7,8,0,309.5188169772371,206.592007161747,2384
7,9,0,318.7260006531219,505.373638229127,2327
7,10,0,326.4458039105473,335.7584889327489,2452
7,11,0,299.4529279956,56.9453412889242,2367
7,12,0,309.1175284205673,97.25823020976614,2429
7,13,0,290.7253381587254,43.6800158437651,2288
7,14,0,282.1344520739538,39.09805240994422,2275
7,15,0,280.7347837788153,39.32679188744487,2258
7,16,0,272.8095371726758,73.62091896352486,2127
7,17,0,241.8932278167489,35.13363557573505,1903
7,18,0,216.670567859276,150.1387127307057,1648
7,19,0,166.9437916833407,23.25936309195376,1353
8,0,0,183.6473439943564,27.75272047274462,1424
8,1,0,215.2187838551886,31.57505255813536,1708
8,2,0,246.9342180851687,34.3987921261046,1999
8,3,0,276.8259395714077,40.19787117167968,2182
8,4,0,277.8449054865198,38.99698191035493,2231
8,5,0,295.333913038458,42.46115230774269,2339
8,6,0,289.5208867792736,55.69191826419512,2324
8,7,0,304.433757550997,43.0327637796963,2428
8,8,0,285.200627627165,39.90240241386712,2315
8,9,0,295.9171908814302,42.46718796821806,2368
8,10,0,314.2815270777058,370.6083573605101,2370
8,11,0,305.6838388622237,184.2256519192791,2365
8,12,0,291.9932070884848,45.58329512014425,2287
8,13,0,298.3033195683282,43.47657928289867,2365
8,14,0,288.1489420118843,41.30433173841459,2290
8,15,0,295.01968504479,83.72797031243299,2273
8,16,0,276.5575554055144,38.75447500755028,2226
8,17,0,239.5812763356944,34.21878663346259,1900
8,18,0,213.0525135019292,30.20705335088471,1700
8,19,0,165.9484828074864,23.1460250092182,1351
9,0,0,171.2763586487993,24.01912360797983,1382
9,1,0,228.6823425325441,112.7195221892744,1743
9,2,0,241.5063230502194,34.05698757283463,1951
9,3,0,266.3339105908436,37.54627648846675,2139
9,4,0,291.6292394436501,52.82150739066832,2314
9,5,0,309.5162904225089,82.99695241394261,2412
9,6,0,293.1040827593744,40.6684031004261,2382
9,7,0,292.5559522627828,41.85923975025641,2346
9,8,0,290.6197756465853,41.80122064023271,2320
9,9,0,296.4359105663469,114.1376734793209,2334
9,10,0,312.7677250479707,126.8162556432724,2422
9,11,0,306.2912605859102,275.2391193325328,2320
9,12,0,310.6773082835939,119.6567459063367,2419
9,13,0,292.2750584591473,41.35232992745286,2339
9,14,0,297.4460288984869,42.20612057700929,2373
9,15,0,289.6640918902929,56.70330276479708,2287
9,16,0,282.6208048753407,102.8360798686892,2168
9,17,0,251.7760847392707,455.0038774429493,1864
9,18,0,209.4425315718986,30.00408933350965,1678
9,19,0,177.5540786499583,25.28255104835334,1425
10,0,0,165.4307564568634,23.29336322054965,1319
10,1,0,205.7306334580144,30.09809335433736,1658
10,2,0,242.2548818483517,34.00005347680457,1949
10,3,0,272.0904798061619,73.15098881402739,2141
10,4,0,272.0520507652169,38.37547589306133,2180
10,5,0,283.8678251010231,41.18721002330243,2256
10,6,0,281.7756895221146,39.08537328298195,2282
10,7,0,305.7526333816348,216.924046928386,2349
10,8,0,291.9874008100606,41.39884025683626,2334
10,9,0,284.9620669890957,41.15467652632468,2262
10,10,0,298.2046056897593,42.20196440886152,2387
10,11,0,310.6428433011006,44.47299746568228,2465
10,12,0,302.4541692050865,91.43126201032499,2342
10,13,0,288.37178503636,42.74159995793583,2305
10,14,0,294.4778842863054,43.90577947695208,2341
10,15,0,284.5221322699929,45.20441189820593,2264
10,16,0,276.8728152424728,85.45865040174795,2156
10,17,0,265.2838867092555,270.7518064651887,1979
10,18,0,211.8262323623385,39.41546716429129,1692
10,19,0,179.509436046213,77.70673860478675,1391
11,0,0,167.2692259831039,23.74313573198443,1345
11,1,0,203.8594076266371,51.64852207360187,1593
11,2,0,268.8771941948955,555.1512883892055,1903
11,3,0,264.8473098796348,38.90695390994053,2124
11,4,0,277.4977991296964,39.27413675857446,2214
11,5,0,294.9930007271918,42.9422356048295,2335
11,6,0,296.6327614051128,41.83048944120669,2387
11,7,0,309.9700358950894,300.6325097817873,2373
11,8,0,297.0993143175589,42.67441095625119,2362
11,9,0,301.161591505639,43.40469530755113,2383
11,10,0,298.6648581594812,42.17335448940059,2389
11,11,0,300.5299572718269,49.15925843478824,2413
11,12,0,291.6093666229178,98.86526200582611,2268
11,13,0,323.1389635110057,698.5631230714118,2323
11,14,0,302.6204770862557,44.02422733721586,2404
11,15,0,293.9576328390264,56.47398912316024,2315
11,16,0,263.6365768094252,68.57221028117722,2071
11,17,0,246.7651561731432,58.80921340687186,1949
11,18,0,202.9751647723396,28.75951718142281,1634
11,19,0,174.7544517144117,25.00312996210196,1395
12,0,0,167.9365676657663,24.06999762808539,1349
12,1,0,215.2480316284177,34.48325105059415,1708
12,2,0,241.7773237832044,33.6164719536409,1953
12,3,0,284.4669630592302,491.9937268227618,2065
12,4,0,277.5864809424298,46.58683159396431,2206
12,5,0,285.1374684359432,40.50615599264291,2275
12,6,0,283.5207032078199,40.93315701515796,2259
12,7,0,294.8024840774483,42.51502844857166,2354
12,8,0,293.7244418951421,103.5925680376197,2294
12,9,0,295.4868519586673,45.47728024962253,2352
12,10,0,298.8080895313718,41.93071854097951,2390
12,11,0,300.8884124435998,42.29482628767929,2416
12,12,0,290.0241055128726,43.84487443668544,2325
12,13,0,325.2748124055686,172.2809444684642,2458
12,14,0,288.2032597695088,40.20156959074944,2317
12,15,0,276.9549220857141,69.04774471848688,2183
12,16,0,266.7251108030589,42.17146574852153,2130
12,17,0,242.7816412515728,34.3810558306559,1941
12,18,0,225.2113096956433,88.65974476579767,1722
12,19,0,176.4359607961773,24.57846860577948,1426
13,0,0,164.4415096555038,22.78533541921628,1335
13,1,0,213.4713275725559,34.71246658412114,1693
13,2,0,237.6564643318482,49.49337711881104,1884
13,3,0,264.2545873001952,36.89792574599906,2134
13,4,0,274.6034528378634,38.5421975478807,2204
13,5,0,291.4184135569774,109.8574909557508,2235
13,6,0,314.8739175401367,1043.5180113422,2280
13,7,0,294.3749614667451,41.74525276780104,2366
13,8,0,295.9965957501259,42.51301285949044,2361
13,9,0,299.111092981103,42.5037244482608,2403
13,10,0,304.9494271196281,59.29814964680883,2385
13,11,0,305.3516240272423,106.7768174843123,2381
13,12,0,307.7722586526239,67.3134096120488,2409
13,13,0,301.6435339545014,192.4960708360854,2291
13,14,0,284.1259203959452,42.17008406553363,2260
13,15,0,274.93691075737,40.62785896468517,2188
13,16,0,252.1167772569577,35.28183297876654,2031
13,17,0,264.8914176968847,105.371842820543,2001
13,18,0,208.0594835411478,34.21827349640017,1634
13,19,0,163.6466263715783,30.60788525872155,1299
14,0,0,178.3318594886032,64.2614213905285,1382
14,1,0,210.5195418181766,103.3399273407384,1635
14,2,0,243.3797241189539,99.02324371724245,1854
14,3,0,264.0243884198409,38.47731576610778,2081
14,4,0,273.5777838473182,38.49004925524834,2214
14,5,0,305.0804788507009,165.1404105000037,2357
14,6,0,293.7382051136768,79.17598580321921,2309
14,7,0,283.0336498834174,39.88026144317267,2277
14,8,0,281.5624279783655,109.9785269224551,2205
14,9,0,305.8133943084014,100.929441767735,2373
14,10,0,299.5478827152883,134.9950924853123,2317
14,11,0,294.457379481784,109.5094222646996,2303
14,12,0,293.1009859131863,42.13898390394799,2344
14,13,0,300.0982492291543,105.176538859708,2340
14,14,0,278.4548937359007,64.37296338947365,2188
14,15,0,270.0699065887456,38.18100273851342,2160
14,16,0,251.6679735493104,35.05717601988187,2051
14,17,0,240.5249855773005,40.12197247019856,1903
14,18,0,205.6571142892616,47.93941411466322,1598
14,19,0,177.5647594526864,266.3659576203758,1275
15,0,0,157.1853011691091,22.49367510510769,1247
15,1,0,189.3725256319757,26.97548522687634,1507
15,2,0,228.1698541270948,31.89535693433068,1838
15,3,0,238.6370168621818,33.43764984318889,1934
15,4,0,263.5199483986775,54.68777645532523,2094
15,5,0,276.0108757259362,41.51275857575823,2181
15,6,0,278.9210900710394,67.5022788712606,2177
15,7,0,283.8556301144996,40.06854528595755,2278
15,8,0,274.4667315350788,38.84484252153205,2200
15,9,0,277.9013030315307,48.57006553063638,2161
15,10,0,291.3310124507945,42.27620921900461,2312
15,11,0,283.434078872257,40.75937033319234,2250
15,12,0,285.6832240658639,41.31256192437822,2260
15,13,0,286.882084203926,68.70719388828812,2240
15,14,0,272.7041825889813,39.04838315611706,2194
15,15,0,268.0273501616118,39.04371811229793,2120
15,16,0,242.8592099975514,35.12101186236475,1945
15,17,0,227.3421648732143,39.03195915677684,1766
15,18,0,212.3254346354869,114.9137541087395,1615
15,19,0,166.3429096367943,59.95677906609166,1320
16,0,0,152.9362728706423,21.79549804108883,1225
16,1,0,184.0813641246467,26.99311811776208,1482
16,2,0,214.4416741746866,55.48812985316134,1671
16,3,0,240.0029169329107,33.49669162950016,1948
16,4,0,251.8768095185416,35.82300831033253,2005
16,5,0,262.8727668816342,38.59098816975638,2067
16,6,0,263.5709556431433,48.69892670056798,2064
16,7,0,263.7394170630783,36.42637786377723,2141
16,8,0,256.563837189159,36.27496540141937,2067
16,9,0,258.3642828317143,36.97707211452952,2065
16,10,0,261.2848895360924,37.07852702730396,2082
16,11,0,268.8136004531274,38.72000403002927,2136
16,12,0,276.7427039453672,51.32158757689542,2190
16,13,0,263.8916302069025,56.98481116379418,2076
16,14,0,272.0979938734399,88.42031314615622,2101
16,15,0,265.9180490231482,108.1350146614809,2051
16,16,0,248.8697620866513,35.57807738858801,1991
16,17,0,216.9343055815052,35.76099748663312,1723
16,18,0,229.7072922288635,797.2898415195261,1516
16,19,0,165.9414664096952,38.24038500149135,1302
17,0,0,141.8218705040234,19.82617501041391,1138
17,1,0,182.6804014897104,66.33851240335262,1401
17,2,0,194.1201198763659,27.83711569310182,1533
17,3,0,210.695852397482,29.14040270151808,1702
17,4,0,230.8005612549158,32.55384461775515,1845
17,5,0,234.959845721222,60.34281637279588,1831
17,6,0,245.5811899987163,37.25304189769339,1935
17,7,0,260.4555419973723,363.5756210816177,1935
17,8,0,240.3462532980554,33.9940962410598,1928
17,9,0,245.7973712483365,50.92863074958792,1949
17,10,0,238.295536063334,33.89222044709469,1890
17,11,0,234.6420728324682,32.82099196648132,1903
17,12,0,235.1770755438266,33.26977492821256,1876
17,13,0,233.1108431458466,33.61003704573002,1844
17,14,0,236.6507601747302,48.27242019551354,1891
17,15,0,225.2580542030794,32.46535174807957,1796
17,16,0,220.5490283167275,33.35641992603792,1755
17,17,0,198.9476367917109,30.5105726104484,1605
17,18,0,171.9704263324204,32.70694077048101,1356
17,19,0,144.3048949203545,20.85656680876032,1148
18,0,0,121.9915022920327,16.78679709979451,989
18,1,0,141.5770467722949,20.44767588726059,1132
18,2,0,186.3550714080385,112.5933194945982,1375
18,3,0,181.0073840952186,24.70996359186509,1481
18,4,0,199.3583913644504,28.40723804914225,1589
18,5,0,246.5330876889448,978.4602718877785,1623
18,6,0,219.9168294077856,52.6620725993699,1722
18,7,0,201.3992715528687,28.22044729572213,1624
18,8,0,201.7008244822879,27.82696680131071,1646
18,9,0,235.0044075803667,417.4956313678606,1654
18,10,0,223.6361500895707,75.42063277960635,1711
18,11,0,203.7775116026899,28.8869678109977,1637
18,12,0,210.1385366975043,29.46640476268736,1689
18,13,0,212.6211335087312,30.22603868819057,1700
18,14,0,210.8185049896223,29.55714594155975,1693
18,15,0,201.2382410486714,28.77724933549617,1604
18,16,0,189.3516192156841,26.57943083423755,1525
18,17,0,173.5361730737946,24.74145407390742,1394
18,18,0,153.8391314577252,29.59705998360441,1211
18,19,0,123.4094639687171,23.27783635309351,958
19,0,0,100.1035229172699,14.11758870029485,802
19,1,0,139.165157857695,373.6485914539614,962
19,2,0,140.5523236833225,19.50082800756049,1146
19,3,0,146.2871898588322,20.26698813603843,1191
19,4,0,169.7179468851763,24.25051965130551,1364
19,5,0,163.1964083897055,23.13439103474773,1320
19,6,0,172.3388726903743,24.35048568651037,1382
19,7,0,177.4284643976886,26.08642312258688,1402
19,8,0,167.0392520822312,23.6014526731646,1343
19,9,0,172.9538057816012,25.02077211948807,1368
19,10,0,174.8023650299975,38.4234681709015,1375
19,11,0,171.2694759330781,91.39670184714259,1331
19,12,0,173.2067126827738,24.3913533421888,1395
19,13,0,182.3139484102026,43.12383442773144,1415
19,14,0,168.2800277369996,86.54758408532521,1294
19,15,0,166.1440171824116,23.79425441696275,1322
19,16,0,155.0693752739367,29.50407505036127,1230
19,17,0,141.05927113707,20.33041648006539,1125
19,18,0,125.9327400438428,17.65749517380912,1011
19,19,0,94.73179127621366,13.33979089035842,756
