# mesh name: boxMesh_1
# primitive scorer name: doseScorer
# iX, iY, iZ, total(value) [MeV], total(val^2), entry
0,0,0,85.50370641867494,13.69832421201609,591
0,1,0,98.20298254354778,14.94918363019202,697
0,2,0,123.5773123901763,20.1805530168174,853
0,3,0,132.2139288880287,20.91889631292416,935
0,4,0,138.1439693635912,22.33643093374223,967
0,5,0,158.6829354779269,23.99378403964324,1154
0,6,0,171.1672351880326,26.35644448609301,1244
0,7,0,164.5132476084593,25.35666885818976,1207
0,8,0,167.2831264179998,25.06280325209898,1250
0,9,0,170.8347741752425,25.56221031020053,1297
0,10,0,167.6615542220132,24.43068860753731,1302
0,11,0,180.7875496420135,108.9558429192653,1356
0,12,0,172.6264896413939,24.76827732697124,1379
0,13,0,178.0851529348775,118.8044649888679,1376
0,14,0,176.9507475863988,80.83432475029647,1401
0,15,0,171.6290965342875,24.85312231329566,1430
0,16,0,169.9271351788692,23.07679138329033,1431
0,17,0,178.0831504770378,23.26222822512085,1541
0,18,0,180.0017946211444,24.01617968258417,1548
0,19,0,158.3476197272451,20.80263558962626,1378
1,0,0,101.1245244302422,16.4407517988095,694
1,1,0,125.4541943632358,20.48671335637318,854
1,2,0,141.9502484256171,23.07750946373318,976
1,3,0,160.3779704533582,25.43226891463269,1119
1,4,0,182.1828761449228,29.65296490853398,1259
1,5,0,179.2254000606783,28.31890166341478,1276
1,6,0,184.1972217317778,27.81470963691125,1363
1,7,0,203.0781625564084,31.06664479331107,1496
1,8,0,209.2412513532284,30.66106556383414,1582
1,9,0,197.9109840096277,28.58798635470531,1534
1,10,0,215.8261184294485,59.03045966358962,1616
1,11,0,213.7821610741373,54.6142839277454,1636
1,12,0,214.8253267142013,30.08056572717646,1730
1,13,0,230.3179507979076,132.2507484359493,1789
1,14,0,202.8176520426318,27.56172112138163,1675
1,15,0,216.4039369131365,30.67791265342148,1774
1,16,0,218.6859128638297,29.2405905265977,1855
1,17,0,222.9502341777012,30.09539257692256,1905
1,18,0,235.3191574826029,31.55887046996488,2010
1,19,0,219.2777897272951,29.79051603136206,1881
2,0,0,121.1979948813556,19.97175647606793,817
2,1,0,139.1086715255129,22.5486099663702,952
2,2,0,164.8963487375542,73.43009790729555,1086
2,3,0,185.7499094334161,58.35055400156958,1274
2,4,0,187.3512738744953,29.83500086592901,1321
2,5,0,204.0651924668679,31.53524914850111,1464
2,6,0,215.9381794162347,33.25326364674756,1566
2,7,0,232.9462109268025,35.66908468246811,1707
2,8,0,240.9598332536015,36.37921468291313,1807
2,9,0,244.0478225422726,35.75937007390293,1863
2,10,0,238.8764032760039,34.80827975136475,1843
2,11,0,233.4886243803431,33.47796202990406,1841
2,12,0,247.2928704425862,34.87872221693092,1990
2,13,0,267.1891223080917,405.290294587094,1983
2,14,0,256.2716778435625,35.11614696703107,2122
2,15,0,235.0492601793828,31.86550177405374,1972
2,16,0,269.7283017668933,36.25642577159671,2283
2,17,0,257.5978290338058,56.64973155712243,2153
2,18,0,289.038369871315,337.4834316128482,2282
2,19,0,236.6615700400124,31.47249088420729,2043
3,0,0,123.6496546332282,20.25526237343175,837
3,1,0,155.8628059868908,24.89101764755523,1082
3,2,0,195.451945973368,598.7600683746425,1178
3,3,0,203.4381708232526,36.70238676256925,1410
3,4,0,219.941638399732,34.92400015356007,1536
3,5,0,220.6404064751497,50.49199253603282,1566
3,6,0,240.8140404976093,37.66588502657727,1739
3,7,0,255.5465929014851,39.7055890315122,1865
3,8,0,248.0583101966472,37.32091401837632,1862
3,9,0,249.9274132465513,37.55848656520551,1903
3,10,0,271.1167148614954,102.0369492652166,2005
3,11,0,257.6303464315556,37.40346408911225,2037
3,12,0,266.4963938597181,36.97740473385939,2149
3,13,0,270.2190898483285,38.91308270702056,2180
3,14,0,274.8210810092506,39.00716568588863,2256
3,15,0,286.5954471411702,88.06896909189143,2294
3,16,0,268.1803619790947,40.55736353896776,2226
3,17,0,272.0238862058741,36.27755585457852,2311
3,18,0,289.7085865796226,649.9320307811446,2285
3,19,0,247.0532873516921,76.27006835994553,2075
4,0,0,135.9898405310316,22.02657333331325,931
4,1,0,166.749784101996,37.58920378587705,1103
4,2,0,190.6116636310116,29.77067031242607,1336
4,3,0,214.1987665938387,33.77006101800612,1498
4,4,0,229.3394951754721,37.03434820881656,1623
4,5,0,253.8951646099326,39.18139541623652,1825
4,6,0,256.3059745506811,41.61461206477828,1836
4,7,0,262.9228015853909,39.66912683531754,1970
4,8,0,300.5565777599646,456.8570303254689,2080
4,9,0,284.7550304539025,42.58381657883744,2155
4,10,0,278.6328465291395,40.53310878286329,2155
4,11,0,290.3003435531623,138.0994101556149,2173
4,12,0,285.4798277903662,41.33810868206813,2268
4,13,0,287.8422899905113,40.85278176011111,2338
4,14,0,281.8289889400849,39.61813514808976,2303
4,15,0,294.9463452114543,41.77275893164089,2409
4,16,0,278.9164286950792,37.84341486795363,2358
4,17,0,293.8273414878813,223.1292075825632,2362
4,18,0,305.385514215254,691.5988408351858,2383
4,19,0,229.9856548058436,30.2528586905038,2002
5,0,0,138.9125053100936,22.65878484852278,949
5,1,0,165.4660886594287,26.59686349866437,1143
5,2,0,211.6743739220802,35.10229856873324,1430
5,3,0,222.853677983712,43.15117730794061,1553
5,4,0,253.504757836542,41.21347058468058,1786
5,5,0,262.6072511061591,40.24725043404181,1899
5,6,0,284.4301324351457,103.9380428478171,2023
5,7,0,288.2213614207225,44.12892776998823,2113
5,8,0,274.2168253227573,40.97206166235748,2065
5,9,0,277.5842300091945,40.44949251821853,2142
5,10,0,281.3596713434366,40.46479667132208,2195
5,11,0,284.8919314264162,41.02294528037057,2238
5,12,0,306.9414020333126,220.1254185825001,2326
5,13,0,280.6768740696421,41.22295880984674,2275
5,14,0,298.0714161802011,42.2487028176247,2417
5,15,0,295.8101787536846,43.55710481198979,2455
5,16,0,294.2146123825529,40.61272462173236,2458
5,17,0,277.084796902201,37.68791863048793,2369
5,18,0,305.1798014715872,1072.27104190364,2337
5,19,0,254.9175549418453,72.43110501669013,2155
6,0,0,145.5897923192054,23.39681646093256,995
6,1,0,191.5718628977851,50.21585796369243,1265
6,2,0,205.9171696605543,32.51578117811447,1440
6,3,0,230.563141050421,62.16857423294935,1580
6,4,0,280.5505609267245,784.5267825312981,1799
6,5,0,257.2213190762178,39.4288638247785,1856
6,6,0,286.2436714085017,57.95010490442884,2042
6,7,0,297.541689079197,97.72609952518326,2136
6,8,0,287.7841139957358,42.83466946602427,2161
6,9,0,289.4994280869565,42.30893915546613,2231
6,10,0,300.6699340042044,89.72844272984088,2249
6,11,0,297.1649964195472,42.39246741659922,2346
6,12,0,277.6772984628626,38.85030346081798,2252
6,13,0,298.0138483087645,50.3185260825053,2374
6,14,0,291.9196885926842,40.74132034801277,2384
6,15,0,286.8760303199133,38.75440488523242,2415
6,16,0,288.5037816220005,38.81539423026211,2435
6,17,0,285.6635907509014,62.14736429954339,2392
6,18,0,282.8031034148886,73.82033013765114,2380
6,19,0,250.4556024196143,34.67250352073677,2169
7,0,0,155.2458481017453,178.6962682490145,958
7,1,0,189.271089251676,81.69568487036206,1265
7,2,0,212.0952771172771,60.12627162903561,1447
7,3,0,260.5243507243137,975.3761089291329,1591
7,4,0,249.8977118472714,89.94630008146201,1711
7,5,0,264.6425621439601,44.80612582594036,1881
7,6,0,296.200581319793,45.79981228428723,2163
7,7,0,302.5874039641297,129.3202089929187,2167
7,8,0,314.5401375004865,385.6849193287885,2211
7,9,0,300.8166416902892,60.23961567625234,2253
7,10,0,310.5105683532904,174.5525218406605,2239
7,11,0,293.7928101402047,42.57108500194224,2298
7,12,0,298.0399655466546,41.96813267182703,2387
7,13,0,292.3995346043575,40.18225213879126,2383
7,14,0,297.7587705753459,42.26177319613073,2446
7,15,0,282.4481201306058,38.5530632005886,2350
7,16,0,298.3391633392156,132.5629089582992,2463
7,17,0,303.7824240160207,149.4025550502764,2453
7,18,0,301.3681669424251,139.4238571801052,2477
7,19,0,254.493588254538,77.9540023430102,2127
8,0,0,152.3381907229438,23.56475795235189,1073
8,1,0,186.7725266693079,30.388681028819,1275
8,2,0,215.22446113045,34.81789169355575,1473
8,3,0,234.3605246923908,39.23860880931356,1634
8,4,0,260.41381491239,41.3101288396395,1835
8,5,0,277.2314172486442,58.47245896451782,1949
8,6,0,264.0860697489568,41.00405853015415,1927
8,7,0,310.5429633953837,159.4688074563068,2204
8,8,0,308.0101336343842,46.26968390477107,2301
8,9,0,306.7508962199677,45.55994361549936,2334
8,10,0,297.2720249212509,43.34744274771535,2306
8,11,0,300.5365943303722,43.50829902535376,2350
8,12,0,297.5161085805738,42.40077139269771,2375
8,13,0,306.1717029426673,44.04014510122229,2443
8,14,0,293.1314581869489,39.98536028752254,2416
8,15,0,298.0956208681982,40.88260389361059,2479
8,16,0,291.4241457446888,39.32805717194331,2464
8,17,0,300.169426501409,68.39464565581962,2492
8,18,0,275.6118622276305,36.9465839817097,2342
8,19,0,244.8224122949562,35.60965867062522,2106
9,0,0,161.1567102891721,25.95494093247333,1101
9,1,0,184.6665370133543,30.68359765107276,1242
9,2,0,209.2224099184218,33.81601761689976,1445
9,3,0,244.319250998214,43.222811053025,1697
9,4,0,258.0764780111403,64.90360559484837,1796
9,5,0,283.1915893407281,133.0456315996547,1951
9,6,0,289.1551332033038,68.23638571550842,2026
9,7,0,306.6234962278376,47.09641619660088,2228
9,8,0,303.0945595882623,58.14277569212472,2258
9,9,0,291.7147420898087,43.41490966962818,2247
9,10,0,298.8128959933866,43.45525929723044,2307
9,11,0,306.3065794220112,44.17627147856061,2402
9,12,0,310.097833940257,45.14222399029041,2441
9,13,0,292.0975735334399,40.52381364668584,2365
9,14,0,307.3178147492256,47.90355279258839,2497
9,15,0,302.287656561837,122.3885857389532,2448
9,16,0,293.016001695649,39.80703434444482,2455
9,17,0,275.5323899284928,36.71092463720385,2345
9,18,0,285.8049893463615,38.27265982214877,2472
9,19,0,248.6182912168919,32.38491411445375,2181
10,0,0,156.0691564674731,25.79146604763364,1058
10,1,0,186.1005684956185,29.42393771933457,1301
10,2,0,212.9427409865338,35.91940192937863,1457
10,3,0,240.2570165996231,38.27441701054546,1686
10,4,0,261.5253783367875,40.60851233226258,1861
10,5,0,273.7751820567085,43.13882952884331,1954
10,6,0,321.3664997962412,491.9520393347774,2091
10,7,0,286.8580802126932,42.52009723027114,2140
10,8,0,303.5126972611141,45.65040253314348,2275
10,9,0,283.2822864140603,41.97388851923266,2157
10,10,0,300.4851801708948,48.12912697269187,2299
10,11,0,303.1636911819374,43.91572739459028,2370
10,12,0,301.7492751693869,43.11919801551201,2404
10,13,0,305.1873484919898,57.04760207858201,2415
10,14,0,308.0369748697595,276.6664106972952,2406
10,15,0,305.5655468296,108.5862754351994,2451
10,16,0,283.754565976861,38.55322726809706,2378
10,17,0,283.7713742724889,38.87954389093676,2397
10,18,0,274.4988834594396,36.46731218951002,2363
10,19,0,241.5015633931201,31.98060364471193,2081
11,0,0,160.4509607599797,31.61093575555715,1074
11,1,0,191.2673628861163,94.08708143037782,1254
11,2,0,214.2298646303048,34.61407931244791,1473
11,3,0,244.6595416769092,41.53247393963342,1700
11,4,0,260.4540413255977,84.04792917945993,1788
11,5,0,281.5342170033028,45.445115250982,2016
11,6,0,279.5595324894089,43.01247450218548,2024
11,7,0,312.0476799478141,408.6838164646107,2121
11,8,0,298.2341653394328,45.28777585394168,2219
11,9,0,302.5289146958526,58.98774189961693,2231
11,10,0,304.1249681905518,44.66584250397079,2342
11,11,0,308.6795467388754,43.80954780248078,2453
11,12,0,299.0208035568822,43.19645107613975,2362
11,13,0,300.7084712899272,42.1343008421313,2429
11,14,0,295.4606092692995,58.06943119975271,2376
11,15,0,289.2652844653134,40.0692627617676,2396
11,16,0,306.9297725500026,134.3350675657411,2503
11,17,0,290.9468933816046,39.48167160356194,2465
11,18,0,281.2826153624534,36.66377915634735,2439
11,19,0,259.3055070022544,87.09745447500742,2195
12,0,0,153.5072013440308,24.89257725607906,1056
12,1,0,183.5031176855927,29.57975753580258,1258
12,2,0,210.35071515154,34.11405025513254,1447
12,3,0,225.284361369635,45.53880699385591,1546
12,4,0,255.578693097878,41.32282927224767,1784
12,5,0,275.467490010377,42.69744212670842,1989
12,6,0,287.0679884128413,139.8659388749005,2002
12,7,0,297.8738306345741,45.20156099362575,2198
12,8,0,290.3777595390034,42.744923171167,2199
12,9,0,307.5627468527591,47.27056857313563,2312
12,10,0,312.899925050961,45.50366851161402,2420
12,11,0,303.3387749505308,267.1284709406647,2271
12,12,0,311.08755873809,44.54019121676141,2491
12,13,0,298.707022517761,42.62460902315583,2411
12,14,0,296.7851413584436,41.15311463877403,2432
12,15,0,297.8037247515592,41.18463267338397,2450
12,16,0,292.8958387812856,39.19596332864978,2486
12,17,0,290.6664118362808,71.53350704934699,2422
12,18,0,273.8313633391465,59.91235345626851,2317
12,19,0,258.0462309777473,399.9988342571133,2075
13,0,0,159.6228109805004,174.6411178892228,1014
13,1,0,182.185421029633,90.77084834875438,1201
13,2,0,203.3951537238774,48.79390664248659,1369
13,3,0,240.9078429873839,38.55228168134462,1677
13,4,0,247.7509617193444,38.53098820469733,1763
13,5,0,269.7959170650233,124.897701465653,1875
13,6,0,290.1428674280925,45.31470978496605,2086
13,7,0,285.4482352183374,43.94045519071489,2083
13,8,0,278.1825860600073,42.66582984573442,2059
13,9,0,288.4083421203753,42.28117752642323,2209
13,10,0,298.3130358159569,83.47379909417116,2263
13,11,0,297.0244538505482,42.31709758849381,2357
13,12,0,296.2101242729344,42.18452385350943,2351
13,13,0,294.1676469306621,43.31026399554391,2360
13,14,0,320.0812256460037,110.2303766921173,2546
13,15,0,327.7199603529237,363.1521180348484,2534
13,16,0,291.7430247348566,110.6130692430654,2417
13,17,0,281.0318489799095,40.24683354823979,2397
13,18,0,278.6179210974769,37.10234182348994,2402
13,19,0,255.8190712278368,134.1793167098382,2129
14,0,0,148.2476183397657,24.42517883190768,1009
14,1,0,179.4373588345464,29.64008295211739,1211
14,2,0,199.7021060636332,40.2611509242972,1368
14,3,0,221.2249021396952,35.10948312291853,1547
14,4,0,245.8962952349298,39.66924952426463,1702
14,5,0,257.5811231755168,41.03849154827262,1849
14,6,0,273.0969981055654,43.68966749484552,1975
14,7,0,281.9298984103875,44.36311490915292,2066
14,8,0,277.8685585073547,43.24991193885899,2052
14,9,0,299.5531830438821,71.71795047780219,2211
14,10,0,291.8769114826518,42.28178604091296,2272
14,11,0,293.1802538202473,42.1991552766937,2311
14,12,0,312.6201006456787,416.1143714908531,2270
14,13,0,294.4017719195353,42.21452482306867,2363
14,14,0,291.0796650715401,40.16623859306178,2384
14,15,0,299.7060840849405,132.1572535866177,2437
14,16,0,285.727073006509,45.52185125920023,2363
14,17,0,275.7576639124057,76.86966733397458,2287
14,18,0,284.509443120625,38.33939509423828,2425
14,19,0,244.950681906543,42.28392200568745,2101
15,0,0,132.6885690194499,21.43998611360923,910
15,1,0,163.0974241962869,25.89796791337345,1126
15,2,0,199.0955956640236,373.8095002800086,1258
15,3,0,211.1150578895568,34.58146091447041,1468
15,4,0,239.6465461958085,53.38604721572045,1650
15,5,0,247.7214019311232,39.48128320594498,1759
15,6,0,263.4202045785232,40.95330938955427,1914
15,7,0,295.0016178366118,435.9835595253061,1986
15,8,0,270.7465645101186,40.17130946535165,2060
15,9,0,278.6948996447138,62.53388131692078,2105
15,10,0,279.2941909912707,40.56468159383601,2185
15,11,0,267.7090172830949,38.05401767400286,2124
15,12,0,278.4957211539393,39.6962439369321,2216
15,13,0,287.9986390832133,41.36352403760682,2321
15,14,0,300.8625835687988,144.9730023605275,2378
15,15,0,279.2761850762296,47.76198995933495,2272
15,16,0,273.9678106779166,64.02155404266207,2277
15,17,0,283.3515429834313,38.96377385635846,2389
15,18,0,293.291973377741,61.40693190521124,2488
15,19,0,244.2085130865664,33.85486705299848,2110
16,0,0,128.8328818839746,21.12648137134424,873
16,1,0,154.2703168653769,24.82473714301398,1056
16,2,0,165.0489287330547,25.87569531519488,1156
16,3,0,198.979479103781,32.25359526651628,1370
16,4,0,211.2726161216872,35.24210938778174,1502
16,5,0,229.2888409311419,36.07659997892029,1629
16,6,0,230.8056985135838,35.09886030572012,1683
16,7,0,252.3012726988717,40.67813552474122,1864
16,8,0,270.5372773740705,424.5790545973376,1893
16,9,0,271.8398725821676,56.24123946357648,2000
16,10,0,266.92324232613,42.97574841140146,2052
16,11,0,261.2245843859025,46.83554622546625,2028
16,12,0,272.8979628968023,40.11316778648515,2143
16,13,0,284.8970909920782,295.2964070553307,2169
16,14,0,285.6431524205947,40.64373050392894,2339
16,15,0,291.9892941055641,233.3468961955716,2303
16,16,0,263.51900500841,35.6849395776788,2232
16,17,0,268.4417364077348,37.30473606046229,2280
16,18,0,278.6644122536828,39.85635608239706,2396
16,19,0,237.140537993306,30.97729086394662,2078
17,0,0,112.723474070468,18.92083856634997,754
17,1,0,138.3090513421263,22.15609291090056,952
17,2,0,165.2958235359317,26.6212582342909,1144
17,3,0,202.5260851194257,60.57098059232547,1378
17,4,0,186.6045143454402,37.88740190126902,1326
17,5,0,205.1046504212541,31.62498124214511,1482
17,6,0,218.90336963111,33.34102191025351,1596
17,7,0,226.447221287799,34.05984932034795,1676
17,8,0,240.4042678813583,45.72371555002819,1771
17,9,0,239.3135479663695,35.75184630963924,1803
17,10,0,239.9979947802944,193.5341265267758,1732
17,11,0,254.0645473305499,114.2247529643322,1918
17,12,0,240.7770890477575,37.63994563708803,1899
17,13,0,242.9239971868329,34.80970192543936,1962
17,14,0,252.8789807966616,176.0467836588368,1996
17,15,0,247.5920657083227,33.62203967875604,2071
17,16,0,265.3135519885225,35.68915935176883,2235
17,17,0,260.0804345026113,35.28169569085427,2213
17,18,0,252.3436811503045,44.69685230898101,2160
17,19,0,224.6017863763631,29.7665006482463,1944
18,0,0,104.0415533701305,17.11919971971891,711
18,1,0,123.1787815039032,20.14500655843061,836
18,2,0,144.1614506280958,22.76077739006687,1005
18,3,0,154.6506685538316,24.58729384642339,1080
18,4,0,174.0549805954822,27.3482288518018,1227
18,5,0,182.2125723073284,28.21843045622295,1322
18,6,0,217.6745468893766,488.1686678292247,1380
18,7,0,193.5666156378396,30.47362703772731,1429
18,8,0,201.7095007118822,30.78251882181107,1501
18,9,0,212.2357344835252,91.09748049339142,1526
18,10,0,204.7403902115856,30.10746268853107,1587
18,11,0,214.9420508452031,55.17020038804022,1607
18,12,0,213.6466472718143,30.7455902208898,1696
18,13,0,216.3733119432588,30.71383908789842,1742
18,14,0,218.4657690444562,30.64424020968659,1793
18,15,0,214.5599066228923,34.3082596858275,1759
18,16,0,246.5418676834521,566.6144610942988,1882
18,17,0,259.0949989294346,821.8292099225108,1923
18,18,0,242.3082931410518,32.80757018423888,2067
18,19,0,200.7268548766975,26.99321575396369,1729
19,0,0,91.57920001374096,15.29632888373063,619
19,1,0,108.668527756021,17.60496684812018,748
19,2,0,116.6127440971639,18.97040742181553,798
19,3,0,119.4987291855878,18.40390764052577,863
19,4,0,164.7846921014817,206.8872544228601,1065
19,5,0,156.9430092831122,24.17071464051859,1135
19,6,0,163.1595832448632,30.83876821816785,1154
19,7,0,175.6791293620258,87.04366802355625,1242
19,8,0,173.4568112565995,25.54860937677246,1327
19,9,0,170.1109748916246,25.3900225691782,1301
19,10,0,189.6663791724186,604.9054532205662,1295
19,11,0,169.6221786120936,24.74640055380826,1323
19,12,0,175.1167569789781,24.96862620731942,1389
19,13,0,176.6355613905369,24.72000717116311,1439
19,14,0,170.501982782332,23.21574643280979,1425
19,15,0,179.5160172524821,24.37907515692387,1500
19,16,0,176.4146356017687,25.0093583746504,1478
19,17,0,178.6387753065787,24.09044313371265,1523
19,18,0,190.8331206168094,26.1840385900843,1602
19,19,0,166.5036902690077,22.74852485090496,1427
