# mesh name: boxMesh_1
# primitive scorer name: doseScorer
# iX, iY, iZ, total(value) [MeV], total(val^2), entry
0,0,0,106.6471297803574,14.03853232594148,921
0,1,0,135.7236152445624,23.1254272658808,1149
0,2,0,151.9620937769202,20.57888073167815,1298
0,3,0,170.0040284445807,21.95699406957186,1478
0,4,0,178.3634509011773,24.29712841368277,1523
0,5,0,169.8489551043474,22.45955853809102,1468
0,6,0,179.1819688041116,24.28815743989821,1524
0,7,0,173.1792968719884,27.92900272319782,1492
0,8,0,185.2441229250651,24.28358213152821,1597
0,9,0,182.430013581711,23.55618298631076,1582
0,10,0,193.7953559136499,144.8415588064105,1562
0,11,0,174.3539843706407,23.87904058650658,1473
0,12,0,181.0390004824674,24.18401950774982,1552
0,13,0,178.7366482273977,23.54201937881546,1553
0,14,0,179.268481001323,23.17920611870689,1556
0,15,0,181.8190941928656,24.06827771656703,1578
0,16,0,170.3991885251197,22.4265189183098,1487
0,17,0,167.4448699841441,22.31349894926645,1462
0,18,0,151.5887361732215,19.90265634885529,1324
0,19,0,114.2983266181899,15.11689184333746,991
1,0,0,140.2714345199836,27.61022391855272,1154
1,1,0,182.8115090894361,177.9484060357207,1451
1,2,0,197.673720483093,26.64387012919958,1683
1,3,0,229.5565643522026,30.8243213683265,1948
1,4,0,231.4709434948187,60.76637129057959,1874
1,5,0,221.4682939052467,28.46826261689823,1928
1,6,0,240.9032444244845,90.90929140893124,1998
1,7,0,253.6254610920885,161.6055512001055,2018
1,8,0,247.0398386558863,282.7805663734993,2012
1,9,0,234.4243927574798,31.41370971933828,2005
1,10,0,230.0153999049176,30.37705612273462,1992
1,11,0,231.7167168218087,30.71121024211498,1997
1,12,0,236.345908781033,34.15937668016259,2012
1,13,0,238.3415395766912,32.6011316865935,2027
1,14,0,237.3534368407008,31.89162242014375,2034
1,15,0,250.141718587335,52.25635196848566,2091
1,16,0,244.3230320664006,68.37331823358488,2061
1,17,0,227.4560044536729,74.36479766919102,1894
1,18,0,196.8544685149799,25.60643421958043,1725
1,19,0,151.3162786642798,19.60816399951679,1329
2,0,0,164.1699091684721,21.67105672449314,1407
2,1,0,207.4861387616647,28.43906693190147,1741
2,2,0,225.5903624219908,29.61784124534601,1929
2,3,0,249.1739896857322,33.6245751946615,2114
2,4,0,271.9698759121852,302.8442545078876,2167
2,5,0,278.1271219815658,194.1804049602661,2267
2,6,0,260.7263269136254,34.10719277784273,2247
2,7,0,271.7831687331801,34.98689006548134,2366
2,8,0,262.4697272144069,34.94596303575871,2250
2,9,0,262.0887101038381,34.22438800827344,2267
2,10,0,272.2313458582764,36.45537130749281,2330
2,11,0,307.2747923956482,854.3391353558935,2373
2,12,0,285.4569417889749,318.8707422842412,2337
2,13,0,266.9973049333454,37.47435930334463,2296
2,14,0,268.3926960009525,35.3395402944028,2329
2,15,0,277.0607382077633,36.92119936222013,2371
2,16,0,276.509399959862,77.36465162642033,2323
2,17,0,249.8652953530206,33.39613464965537,2150
2,18,0,240.3970825312744,69.14426644349933,1989
2,19,0,166.6848294134572,22.15407503889001,1453
3,0,0,165.4463946917009,21.74894252253544,1419
3,1,0,227.2679255574657,29.97229235032928,1952
3,2,0,258.5488972128694,34.51524958859976,2207
3,3,0,276.7885876954504,37.67067004546571,2357
3,4,0,277.5322088569608,37.41167422502303,2359
3,5,0,276.6803843320851,36.80384727009012,2378
3,6,0,286.6777100617908,38.95811602310355,2433
3,7,0,274.9239112671014,36.45490481707276,2360
3,8,0,275.5106063542021,41.36116556294817,2347
3,9,0,283.678686537085,38.51793368298387,2411
3,10,0,283.4924746318006,38.28931044673806,2420
3,11,0,282.923609237215,38.80061910648585,2411
3,12,0,318.5700943877043,519.3142806458106,2548
3,13,0,287.2518872532743,62.62424312662312,2422
3,14,0,289.7476824413146,44.64452961364248,2514
3,15,0,277.4668821321029,36.89385151889707,2391
3,16,0,291.1918967687781,191.2161639460472,2442
3,17,0,262.8842629940582,34.64284911124521,2261
3,18,0,245.8069409535144,33.37562957950778,2118
3,19,0,174.1772612006011,23.4946888632123,1507
4,0,0,172.3611817730445,23.44157033183276,1455
4,1,0,223.6537464975028,29.98689064000652,1909
4,2,0,259.4687763239816,36.13570427943094,2179
4,3,0,272.7925011648126,36.49867837738352,2326
4,4,0,282.614957420927,97.64518972403515,2342
4,5,0,285.4906231587514,38.19821927046312,2423
4,6,0,284.4398874431871,37.92611285156963,2431
4,7,0,288.5668560692648,39.32546170440659,2457
4,8,0,296.1034339672649,39.31457496634626,2551
4,9,0,286.2329665490473,38.55688360788358,2459
4,10,0,271.6235003316102,36.00646058738316,2339
4,11,0,287.1050458365427,38.44967571339404,2457
4,12,0,314.8978943607241,394.4919195559365,2544
4,13,0,280.7284846856249,39.0904640157718,2421
4,14,0,283.8497465162642,37.64344584807878,2437
4,15,0,305.2988676421339,180.183453762468,2472
4,16,0,289.9549677733391,194.45139861745,2406
4,17,0,280.5593231638201,37.97047885940329,2393
4,18,0,246.1822918351265,33.31456191921109,2112
4,19,0,190.7509445132473,25.49198399798811,1642
5,0,0,177.2094289014196,24.08322820787296,1514
5,1,0,236.637369904135,42.28964385377139,1976
5,2,0,252.7947247436819,39.77820118140499,2143
5,3,0,294.2279206717458,39.58859364135792,2493
5,4,0,295.4903233306131,299.5799199682055,2345
5,5,0,294.587708963022,119.97395143241,2446
5,6,0,291.3976273987614,40.56837659509818,2492
5,7,0,290.273310933624,40.12639819429916,2490
5,8,0,305.4376488637434,217.7789828351818,2459
5,9,0,292.8330563811695,130.2685313615522,2430
5,10,0,299.41189559035,336.5782032156342,2420
5,11,0,281.8601262583082,38.13501520231881,2401
5,12,0,293.991658446858,39.67126715634603,2504
5,13,0,278.9093972682256,37.14914650162288,2409
5,14,0,288.1356305261019,38.31218559739911,2465
5,15,0,292.896019273678,72.91415261082714,2530
5,16,0,283.0450889064168,37.38273929173977,2439
5,17,0,280.6231578615536,55.01638011594326,2351
5,18,0,243.8049246053595,33.76582180529075,2073
5,19,0,196.9031928734777,288.7542158918549,1554
6,0,0,170.1651566257252,22.24128317915876,1491
6,1,0,234.1176259460072,32.6468827816255,1977
6,2,0,264.4352081939415,53.73301214552063,2219
6,3,0,267.9244572027741,103.8161766337226,2238
6,4,0,289.3651895461457,39.01391775097593,2455
6,5,0,287.6575021529467,38.63219559179846,2462
6,6,0,283.4919656028449,38.17150531001404,2420
6,7,0,279.8243017145298,37.10714908140332,2401
6,8,0,286.6047146075495,36.98740314962858,2495
6,9,0,295.142401379341,39.7306320290913,2531
6,10,0,287.3206342266803,37.56715772094662,2484
6,11,0,285.7766064311131,38.10754552031698,2446
6,12,0,278.6477602877034,36.16579503617799,2417
6,13,0,275.1878189210437,35.96449214414204,2388
6,14,0,297.6816568149821,40.56753940853023,2562
6,15,0,329.7340529201783,449.9735316582556,2515
6,16,0,274.4278918264167,35.83837302475067,2384
6,17,0,263.2625187189365,33.85269556299117,2316
6,18,0,244.8163867981844,32.12842402693061,2136
6,19,0,182.9302070521455,23.87875956709844,1595
7,0,0,171.6863773150574,23.42117671388607,1455
7,1,0,235.0320589846914,72.75605326043471,1900
7,2,0,250.2693981896477,33.22176022787327,2150
7,3,0,274.8888313541967,37.579626774069,2312
7,4,0,280.2568852535929,37.19351346177174,2398
7,5,0,292.7781289542895,38.84133533320773,2499
7,6,0,288.7343149024849,38.77053835250054,2458
7,7,0,287.619441973399,38.11313246442392,2459
7,8,0,279.7409392314401,36.99034807718543,2396
7,9,0,293.9497091081572,51.83591268696444,2488
7,10,0,291.1289150829358,39.10612769188551,2493
7,11,0,320.2307285445036,342.1365257648925,2549
7,12,0,295.2152507484219,39.83123255534344,2538
7,13,0,296.6771644075986,39.82468118730037,2547
7,14,0,284.1237626459805,87.24108548277368,2433
7,15,0,288.1230140645704,38.6922009275883,2475
7,16,0,285.3747000356286,44.4561432064708,2466
7,17,0,281.8205455211271,67.88974622106645,2401
7,18,0,240.5290849929498,31.17093693613113,2107
7,19,0,182.7480670390208,23.08673323647909,1635
8,0,0,171.4163563096773,23.04856313740798,1458
8,1,0,238.6666711587903,87.58423769885523,1974
8,2,0,260.0505912060536,34.49509188373087,2228
8,3,0,275.4478945153644,39.55204916709467,2328
8,4,0,277.423763093589,37.49639739793604,2358
8,5,0,288.5626261113186,37.95232536710592,2486
8,6,0,304.9839908537457,125.3249237446216,2511
8,7,0,277.7937087017792,36.36009051909486,2414
8,8,0,288.4578127953748,38.75730350377059,2465
8,9,0,299.6938931317271,40.14521031386158,2568
8,10,0,285.1144798141644,37.66991945722692,2475
8,11,0,287.2177906008285,36.95903204581055,2521
8,12,0,286.91531178658,37.97126098354208,2473
8,13,0,288.0793862980958,39.31896228334124,2453
8,14,0,283.5604311895322,43.87631725574845,2416
8,15,0,290.6262618579532,38.08834429174833,2526
8,16,0,295.614391900602,50.44111169956549,2522
8,17,0,284.3600000498569,38.84813712646506,2459
8,18,0,244.5580215974821,31.95714826485823,2135
8,19,0,179.167895776742,30.20540784780274,1561
9,0,0,181.6168259155418,33.58861476200473,1523
9,1,0,230.1869083474433,76.14748536249428,1903
9,2,0,260.4135694191453,35.20835326415565,2207
9,3,0,294.262251534598,130.821342470447,2451
9,4,0,292.1383081913173,38.28432702466213,2500
9,5,0,282.0866019382262,37.19851592103139,2440
9,6,0,295.2188124362112,43.6859091458608,2486
9,7,0,283.7593160206271,37.35949310244276,2449
9,8,0,290.4607162152461,38.45113862674709,2525
9,9,0,295.2689013333539,39.61181727293775,2529
9,10,0,289.939488748427,40.66212912218144,2480
9,11,0,292.1730738971828,43.9676213711686,2497
9,12,0,292.0205378332402,66.89139322764113,2475
9,13,0,286.29299943505,43.49771864827036,2443
9,14,0,280.4757591710778,36.57112660040629,2448
9,15,0,293.7972475781169,77.37336578701867,2493
9,16,0,325.7296595284568,865.7850071401714,2527
9,17,0,271.1941373618724,41.7732031991989,2365
9,18,0,272.2110894464158,525.1899583629508,2116
9,19,0,186.5769439426276,25.75676466576006,1584
10,0,0,175.5381886561863,23.83250554625007,1481
10,1,0,223.3231703225406,30.35966969808339,1883
10,2,0,271.2220279284532,46.27542319135271,2274
10,3,0,269.4737943617582,37.63785154752944,2289
10,4,0,276.8000235162066,38.09452827790073,2329
10,5,0,281.7606006924417,37.68369635825883,2424
10,6,0,290.4986544962046,39.295609398762,2486
10,7,0,276.7385762662846,36.20893395001128,2388
10,8,0,272.7678927472094,48.40081279752926,2345
10,9,0,309.689175439133,40.82395104834328,2665
10,10,0,287.6365012178249,39.10104978157028,2448
10,11,0,299.0842810812134,53.83942153409009,2517
10,12,0,322.6258801889787,1057.220345398701,2498
10,13,0,282.838271815131,37.20125287045019,2446
10,14,0,299.968436427735,96.90338034928784,2529
10,15,0,288.9591885475068,38.76907593456169,2471
10,16,0,291.41672739488,37.76109703879267,2534
10,17,0,270.8010387228371,35.66267704297733,2334
10,18,0,236.8155299004145,31.17331099142964,2052
10,19,0,181.1574911756609,24.15677943201426,1557
11,0,0,182.2773397640157,110.0330674488791,1470
11,1,0,228.9222369709266,30.56511989858863,1949
11,2,0,265.7035461726521,98.74081302836376,2201
11,3,0,259.0920625598596,34.61196554574065,2214
11,4,0,297.9176458867095,41.41392959688377,2512
11,5,0,285.2283935687358,38.03621722136475,2446
11,6,0,289.1247732652606,37.95146867854491,2491
11,7,0,293.9523154007578,39.47761376975949,2500
11,8,0,282.3546585413066,44.28064904079069,2387
11,9,0,293.3070324591259,39.0638056702182,2510
11,10,0,283.2107288287531,37.82489934608915,2415
11,11,0,291.9770472600671,38.21323081860493,2528
11,12,0,288.6428439746894,39.00481814411769,2466
11,13,0,288.6116848270839,37.8684675460041,2502
11,14,0,303.1149879608283,150.4713793900771,2465
11,15,0,278.0009845967405,35.60263745302765,2438
11,16,0,281.5245714894899,47.13040685348948,2418
11,17,0,269.2917785967652,38.02097740039687,2333
11,18,0,250.0390964678748,33.02653101872042,2158
11,19,0,189.8881729105124,38.93786318068289,1593
12,0,0,181.4890771394587,24.77390940080424,1530
12,1,0,224.3781483737671,30.28896280413626,1910
12,2,0,259.4309338200051,34.75245281673471,2206
12,3,0,288.3309058548789,38.98376547925255,2443
12,4,0,291.0455286360482,70.36316020000386,2418
12,5,0,283.1630988976036,106.0842411258695,2350
12,6,0,289.9058410466047,38.80498064172158,2494
12,7,0,314.8927891627895,505.0863386428762,2487
12,8,0,284.752420679119,38.44440699260618,2429
12,9,0,295.4234625825627,39.50631725294345,2551
12,10,0,311.1611029798672,492.6450254627358,2500
12,11,0,309.1695683261185,300.6910776862426,2519
12,12,0,285.9339671702018,37.75767710827947,2468
12,13,0,290.6008459560583,37.95273399737187,2516
12,14,0,300.9991900707724,77.88014347243066,2541
12,15,0,286.8966788291701,38.0517178064644,2486
12,16,0,290.3761740367727,39.32576643255175,2486
12,17,0,275.2717481580808,40.95327484108401,2354
12,18,0,237.3875557173913,32.75624991316946,2025
12,19,0,188.3238694509176,24.09410319077365,1657
13,0,0,179.4872221406313,24.65626302634507,1514
13,1,0,219.5842347085568,28.76057747911841,1886
13,2,0,256.6040053981544,34.390753155636,2176
13,3,0,275.3497419199236,36.11573224471955,2382
13,4,0,276.1797719658832,37.36880174769713,2330
13,5,0,293.6722021256477,38.96825192188417,2539
13,6,0,285.9279970655609,37.83479636334403,2459
13,7,0,280.340665172416,37.44002072779026,2414
13,8,0,287.2993989530554,98.25895403150074,2407
13,9,0,290.3409509051411,38.43997612674823,2494
13,10,0,292.9783899060002,40.00532497705773,2475
13,11,0,283.2759735457052,37.80468611185498,2446
13,12,0,284.2990513464151,37.70215520744847,2457
13,13,0,284.5832215530776,37.57760684425638,2466
13,14,0,291.6757064712599,39.72388849338883,2483
13,15,0,277.9820841418865,36.96229776640357,2390
13,16,0,283.0964687951878,37.05861593131243,2455
13,17,0,269.8641479970589,118.1122065961632,2265
13,18,0,263.5708345389434,312.5965416696288,2115
13,19,0,185.0017137445227,24.28787728157732,1606
14,0,0,165.0197821139555,21.88059860400355,1417
14,1,0,217.8272845295583,29.21474994224066,1847
14,2,0,263.0532354200124,37.37276816642425,2194
14,3,0,297.1658567799406,824.4396370904523,2280
14,4,0,282.0557044913372,37.11088156483202,2429
14,5,0,279.4845015337889,37.10957471560064,2391
14,6,0,282.4932772248011,37.84511186045134,2412
14,7,0,287.711263794892,37.54681812214766,2487
14,8,0,277.2837774031083,42.87645276296447,2378
14,9,0,297.7621643237044,40.05332577825656,2527
14,10,0,287.1234878879727,38.01606799246035,2485
14,11,0,291.9521834383693,69.16578556834467,2446
14,12,0,296.6358229397214,39.75923719363062,2535
14,13,0,283.1908918620513,36.82320141985669,2457
14,14,0,289.5268236858701,38.43694951361158,2507
14,15,0,292.2954330833289,39.08064413820856,2500
14,16,0,288.1414095094386,37.92787657790189,2495
14,17,0,275.6312372914551,37.93530471484279,2357
14,18,0,247.1289649707517,52.41509026014749,2095
14,19,0,217.3801917773096,1083.209770443394,1609
15,0,0,177.3788961840227,23.41409121313329,1519
15,1,0,234.5959162416835,63.03140462763148,1902
15,2,0,253.0892027901257,32.54217106712898,2199
15,3,0,269.4957304471516,35.62093718017017,2308
15,4,0,290.8753029415218,38.58947551406632,2487
15,5,0,281.691979730506,38.17628327193376,2392
15,6,0,278.4635672979836,37.27689845301007,2372
15,7,0,279.5263131057978,38.07297766374374,2373
15,8,0,281.8438637430872,43.26089899641833,2413
15,9,0,287.3660475976842,44.53315817621119,2442
15,10,0,284.769947132924,38.34903708862052,2419
15,11,0,293.0475001559352,101.2657461850043,2465
15,12,0,288.1395243753011,38.70046467930711,2454
15,13,0,297.4150577927359,46.51792701319479,2524
15,14,0,290.0253931992475,38.34115751330365,2496
15,15,0,285.3551123217806,37.010489628339,2496
15,16,0,285.2705840652569,38.83416044567205,2444
15,17,0,288.0059857391344,38.95184530397154,2453
15,18,0,248.4679738390834,46.05739813230173,2122
15,19,0,183.858455371864,24.10885084142804,1598
16,0,0,171.8869140737563,23.70007021504913,1461
16,1,0,206.1752102660974,27.57593220243124,1762
16,2,0,263.3003292976531,129.5211426703975,2139
16,3,0,282.8946079233231,37.50427995170907,2419
16,4,0,277.3922582638367,36.18889521233702,2396
16,5,0,271.6942925908585,36.06171316843334,2327
16,6,0,278.0053387314825,37.04136911367108,2369
16,7,0,267.8601752338063,47.39363071718441,2271
16,8,0,280.5470677126383,53.37414658131947,2359
16,9,0,291.7945264249291,174.0168953417168,2378
16,10,0,282.4460646843687,37.56425476834173,2431
16,11,0,297.0615802385094,120.164751316937,2474
16,12,0,293.9387184558244,208.5337283788307,2427
16,13,0,302.5108877175969,98.61739877374818,2519
16,14,0,286.0052167502573,38.05144049523429,2445
16,15,0,286.5025895923578,45.8371576780853,2467
16,16,0,278.8852857500138,50.23172576793966,2379
16,17,0,285.7564156884874,68.75847776956907,2421
16,18,0,233.4177950566954,32.49721073550644,2033
16,19,0,188.7505575999652,80.62041908081454,1559
17,0,0,161.7592428950353,22.6195390068359,1342
17,1,0,199.3989510238331,27.68807475855686,1706
17,2,0,245.5331628593181,85.38069777623058,1991
17,3,0,253.5368550241903,91.07259705688374,2124
17,4,0,270.0931408276992,255.9533597315404,2127
17,5,0,270.0457033543949,36.29021394949097,2319
17,6,0,263.8560642307386,35.95441607696036,2214
17,7,0,260.6217893402272,44.58620041335494,2201
17,8,0,245.9979961973094,51.1445905887492,2069
17,9,0,276.6886372194327,57.34129159088542,2361
17,10,0,266.2768891682572,36.53711863326235,2249
17,11,0,263.3477941131906,34.8815377272656,2279
17,12,0,267.7652765099931,53.35639979064814,2277
17,13,0,266.1909975547918,36.15376178966527,2282
17,14,0,267.0331468374355,35.31238826859175,2307
17,15,0,255.7838977116179,33.84370510226358,2213
17,16,0,273.2539083199764,46.76888747353357,2307
17,17,0,264.3320158928891,35.56137675251655,2258
17,18,0,227.0477876973422,28.95356512238535,1994
17,19,0,170.7288107861153,21.94810415669492,1503
18,0,0,140.2342272749948,97.8727044273474,1122
18,1,0,174.7977472886753,23.26290127619932,1488
18,2,0,202.0770475701761,27.48791188951504,1700
18,3,0,224.9709010924218,30.12478975923917,1919
18,4,0,222.4504236846751,32.82765699208716,1917
18,5,0,234.2853174225803,31.75773210193529,1987
18,6,0,225.6943575759451,29.68014556149091,1934
18,7,0,235.1055726014494,31.47706932598584,2009
18,8,0,230.9345142048001,36.69502230384289,1940
18,9,0,233.158850279383,31.22947706817435,1984
18,10,0,233.2769959293555,32.00717090686421,1995
18,11,0,234.8206485997589,32.58362047506464,1995
18,12,0,236.1427818028997,31.64510714454169,2010
18,13,0,232.7063203989907,31.20799676931785,1993
18,14,0,251.1295403654453,54.47117472028592,2084
18,15,0,245.919213629225,325.4002041622824,1974
18,16,0,238.8028095900754,32.61247934867662,2042
18,17,0,232.791048824941,31.53431747930534,1993
18,18,0,198.0030188914115,26.94956235237441,1690
18,19,0,149.7956753736043,19.86818601752397,1296
19,0,0,106.340655450599,14.41325908036736,911
19,1,0,140.4311709049933,19.18736691426183,1181
19,2,0,162.5070430671291,22.0390377220213,1380
19,3,0,171.5920106037488,23.37358169833242,1457
19,4,0,183.2572675685585,24.92425911248153,1549
19,5,0,167.7573457303663,22.63022762226717,1421
19,6,0,181.3053193488893,51.82906467145809,1507
19,7,0,176.732742690629,23.90410569355447,1509
19,8,0,172.7108141092881,23.41190034682589,1472
19,9,0,182.0580361002878,24.85510578544718,1549
19,10,0,178.7775175986572,23.60807823271165,1542
19,11,0,179.3780616522025,25.80957647376086,1509
19,12,0,177.7180658584239,23.86185305208538,1527
19,13,0,185.6660055230086,25.41172065631868,1600
19,14,0,173.7058024358245,26.55241747741938,1511
19,15,0,186.1259935511272,25.04520857817971,1591
19,16,0,180.2556023392105,23.72707975499838,1552
19,17,0,167.8485998697672,22.6168268467645,1449
19,18,0,149.0164761963224,19.32047306285886,1309
19,19,0,109.8748749046892,13.85501583032256,978
