# mesh name: boxMesh_1
# primitive scorer name: doseScorer
# iX, iY, iZ, total(value) [MeV], total(val^2), entry
0,0,0,88.90680933505261,14.99342697524451,602
0,1,0,115.4238671609817,29.3288395770792,774
0,2,0,127.2133328708877,40.23583672791273,842
0,3,0,135.0291226433551,21.92710119865232,925
0,4,0,148.963837854095,46.26057033165134,1002
0,5,0,153.2378489164332,118.2067220175404,1030
0,6,0,166.3044662082139,26.60244614875062,1180
0,7,0,165.7857949600314,25.62516475785091,1203
0,8,0,165.4173953420348,25.01652600469044,1232
0,9,0,160.5484899581862,23.89079937721535,1220
0,10,0,173.3343400798919,26.16305915243972,1306
0,11,0,172.4004853448374,25.3222823646814,1319
0,12,0,164.141363665805,24.38076776365443,1277
0,13,0,184.5750164732673,64.26250861600856,1425
0,14,0,168.6361343670371,23.99587059960996,1352
0,15,0,171.130843157107,24.44941842327696,1367
0,16,0,167.4892079894106,23.58098645624177,1356
0,17,0,156.3125693780117,21.35226711264739,1291
0,18,0,149.2662906693746,20.97425395879155,1219
0,19,0,114.8794257695205,15.27566853142672,978
1,0,0,109.5957116174987,18.81444145385572,721
1,1,0,125.6180228964071,20.46622304017473,855
1,2,0,137.2867055723198,22.2603487464626,939
1,3,0,158.7674689679957,29.93911556012463,1082
1,4,0,172.1036324917567,33.82071855643116,1191
1,5,0,206.4160338106933,789.0458860612827,1262
1,6,0,207.439234744516,137.2319470877838,1410
1,7,0,199.0484669029717,30.74433858270528,1432
1,8,0,198.6621315531865,29.94414879693581,1472
1,9,0,197.8110669491,39.23647374260897,1471
1,10,0,211.8202477333038,41.20937443214707,1579
1,11,0,200.6910466878876,29.48480838691236,1544
1,12,0,208.986334085444,29.96185071482625,1636
1,13,0,206.3525861345508,29.65898474888567,1624
1,14,0,207.1853765133333,29.54762101336468,1654
1,15,0,209.8946809333875,29.39515956939317,1691
1,16,0,206.6267998482229,32.06198587370186,1674
1,17,0,199.1679879420995,26.85038991852095,1645
1,18,0,182.8540553731046,24.96700360443117,1519
1,19,0,146.2852193617629,19.94968303113102,1222
2,0,0,116.8481711082357,19.50893650633664,787
2,1,0,133.1969081737323,21.2913422096599,910
2,2,0,170.9615654974159,78.035255330807,1128
2,3,0,170.6776589185928,27.06171168337839,1179
2,4,0,189.8068726335795,33.02004038295254,1306
2,5,0,200.9418953074284,31.21994529531934,1437
2,6,0,211.3724298135308,32.50697269899774,1532
2,7,0,236.4576440893598,56.02545471136679,1669
2,8,0,234.5453767124914,35.98602910436163,1726
2,9,0,232.3556818838405,35.18798135523614,1716
2,10,0,235.4135253343451,37.38702306879586,1766
2,11,0,235.3922612958403,34.59823247505211,1793
2,12,0,235.1461997643806,33.69808157662657,1852
2,13,0,232.8021817981486,33.64122019353375,1830
2,14,0,247.4629344071265,102.8922518374889,1899
2,15,0,237.7073928002177,33.56000035114983,1917
2,16,0,249.6558754832405,41.33211726588046,1998
2,17,0,230.4284445640192,32.21802708179926,1891
2,18,0,219.7529674838314,120.6712332513425,1750
2,19,0,173.438136787625,24.32180493135801,1446
3,0,0,140.2140717335323,187.3764443286344,841
3,1,0,155.8061691477456,24.78838321587878,1074
3,2,0,182.6685151123201,29.49883448789752,1249
3,3,0,202.8053524385215,31.71482802098812,1424
3,4,0,220.2598358050115,35.09438111792245,1530
3,5,0,242.9301020517726,128.5954968250497,1662
3,6,0,243.9305397772667,48.69734530177638,1705
3,7,0,249.0750421588475,43.73916500889572,1820
3,8,0,247.8751330738476,37.82802751233568,1808
3,9,0,272.5723251648467,120.6436614437547,1972
3,10,0,257.0024212068493,38.47913808537259,1936
3,11,0,264.7262434507179,39.11578401941162,2028
3,12,0,268.3784992626158,38.86427543382603,2085
3,13,0,283.8566643712807,437.8715948507364,2066
3,14,0,269.064372442929,47.29973670289684,2118
3,15,0,262.1635922556482,37.33944163829255,2111
3,16,0,282.2897406033414,356.3132605262703,2171
3,17,0,256.0384748392312,35.9673019035486,2092
3,18,0,226.2010712565903,31.17906914358038,1882
3,19,0,183.659160465692,24.83140189400548,1556
4,0,0,147.5360198906719,24.0638694362242,1013
4,1,0,157.9088513547958,25.28281350962223,1080
4,2,0,197.4099819892446,32.1810480323138,1346
4,3,0,227.9908385332401,220.5585670722168,1488
4,4,0,239.7661452684929,45.5052491599999,1640
4,5,0,249.2235203189549,39.80892781182578,1739
4,6,0,251.4354055383996,40.29385788473049,1771
4,7,0,272.2536613787484,41.50338083294318,1987
4,8,0,273.8831236556886,41.41809021625118,2040
4,9,0,275.0413909466879,41.82128925286214,2049
4,10,0,277.2508385806964,40.76527763343394,2100
4,11,0,305.9495292351203,1305.487980649629,2059
4,12,0,268.0049877021257,38.33709306558293,2097
4,13,0,281.8830813349343,40.13311788858629,2228
4,14,0,276.388336281246,40.8054523201316,2166
4,15,0,284.8127937770189,40.12570932231066,2293
4,16,0,264.1054175676296,36.95773981432254,2165
4,17,0,263.9506298023285,126.3297702913489,2105
4,18,0,236.0116184372795,32.04678741406192,1958
4,19,0,196.9887807408478,27.48277645148028,1630
5,0,0,153.8167636483727,25.40710129166761,1030
5,1,0,174.1531864077565,28.88880788984299,1172
5,2,0,209.08554003538,53.50078300968865,1384
5,3,0,221.7284444333655,35.66720423738286,1521
5,4,0,246.3518032866772,150.6944813819263,1639
5,5,0,258.3348118093302,41.12423520427404,1815
5,6,0,268.8838169717554,41.99367796997514,1919
5,7,0,293.4150637106603,49.66755610983064,2100
5,8,0,284.351618862271,42.74851464559578,2100
5,9,0,295.0911051142239,47.03250838351353,2165
5,10,0,286.8548836933729,42.65486707226107,2181
5,11,0,298.858185029937,59.6252121974596,2247
5,12,0,291.1702767729053,42.80898575128791,2245
5,13,0,285.0753248903804,40.79833381770941,2258
5,14,0,290.8686661774735,40.79453442620483,2317
5,15,0,288.9859341574391,57.17307083945756,2316
5,16,0,283.9331676581751,47.49822650763748,2329
5,17,0,261.4751422672,35.93742146272068,2150
5,18,0,248.8250399629073,246.7019665773915,1951
5,19,0,193.6176097422679,75.85144864988992,1563
6,0,0,155.1249450284773,70.69178543213293,1008
6,1,0,179.1946869267229,29.12960593154072,1214
6,2,0,204.2129244016189,32.5176460651254,1413
6,3,0,228.7138218147028,36.30219552634152,1590
6,4,0,253.6946460855997,41.47496739888442,1759
6,5,0,270.4613001657571,43.00187457734165,1904
6,6,0,285.1263959295744,44.35131705510259,2038
6,7,0,284.2584527252032,43.5331830227454,2069
6,8,0,283.9975365644054,118.4110329805735,2030
6,9,0,290.1690603893775,44.24957746633252,2136
6,10,0,294.9704827643316,43.61006288708077,2232
6,11,0,299.2762835556492,49.39546054339382,2244
6,12,0,302.0100247584971,63.0195661544866,2300
6,13,0,293.5770823470385,45.03286673172762,2273
6,14,0,302.2176792658203,41.89359739152174,2443
6,15,0,303.4287943815927,42.66687423654155,2442
6,16,0,298.2227910271068,56.79495080876174,2396
6,17,0,270.1838863009032,37.42952206498392,2217
6,18,0,249.4466565373121,40.79030832595511,2047
6,19,0,212.160552871823,184.4579555202031,1655
7,0,0,158.3197561111558,26.07948824043365,1074
7,1,0,182.973252098643,28.93807611055938,1260
7,2,0,211.2560645826376,34.04916730592645,1448
7,3,0,245.9854813657848,122.0669992735984,1623
7,4,0,275.782075060595,204.899574979538,1831
7,5,0,269.3638085960805,63.24188046970349,1865
7,6,0,279.9008471258655,43.64129283250191,1989
7,7,0,288.0036856524178,44.55500281656786,2088
7,8,0,300.144839955116,46.48537533396632,2211
7,9,0,297.8020988599806,44.7149182949295,2226
7,10,0,297.0844121311415,44.54307221398506,2219
7,11,0,312.8843475289949,70.78070592211473,2348
7,12,0,301.528853729022,43.81777240306776,2368
7,13,0,305.8085775072738,101.9804363622047,2324
7,14,0,308.1646340279598,44.85372323359035,2421
7,15,0,325.1648536341752,226.6188221527528,2475
7,16,0,289.7515853511269,40.54280265049775,2365
7,17,0,284.7700692127802,40.37414668569372,2316
7,18,0,235.3606768931327,32.04347837655491,1963
7,19,0,192.4276591770608,27.95090056146502,1584
8,0,0,152.9118280612527,24.47218776834531,1053
8,1,0,189.085443759165,30.29680864012886,1315
8,2,0,216.8961542375062,36.51245287296634,1463
8,3,0,233.0012520172943,37.35668083322795,1618
8,4,0,254.2055109172157,39.38787020681545,1805
8,5,0,274.8162408150428,44.72645025069427,1920
8,6,0,287.3341905438971,44.82635462415526,2057
8,7,0,306.0600455205872,47.11840698589874,2209
8,8,0,313.6781502050077,110.3608170415641,2254
8,9,0,301.3077172611441,45.50545104153196,2247
8,10,0,302.4924345260452,45.30135475300881,2275
8,11,0,316.5486692181346,239.9536942834205,2317
8,12,0,292.9391059806461,42.66733763041739,2264
8,13,0,312.1427448709218,99.41920614781969,2376
8,14,0,293.5903326476929,41.30027818692342,2365
8,15,0,287.9337661405621,40.90057532115504,2306
8,16,0,295.7106323214336,46.43815161549379,2410
8,17,0,292.4971527155295,362.7478715520275,2244
8,18,0,247.7061311113841,40.86611454232723,2057
8,19,0,191.3721343353475,25.44480127590531,1623
9,0,0,160.3431684129713,26.47752532992445,1091
9,1,0,184.881762077864,30.41139433763332,1253
9,2,0,226.3853584485366,36.8263141142985,1539
9,3,0,248.0467169404474,77.74945784215797,1675
9,4,0,263.2722841799006,43.23864746256254,1821
9,5,0,270.3866370004717,42.50198206340017,1914
9,6,0,280.8055835618266,43.67195278704659,2014
9,7,0,297.6162730248288,46.66781253748854,2159
9,8,0,303.7801325958733,46.44492095767657,2235
9,9,0,293.6253067575332,59.37390351306979,2158
9,10,0,309.0378302595591,124.43779960896,2264
9,11,0,304.445220947897,46.59514837893088,2338
9,12,0,302.0198112808595,44.03538986198477,2351
9,13,0,310.6132726326825,59.62346797910089,2429
9,14,0,304.4400283737654,43.78196925957145,2411
9,15,0,301.3066437545007,42.19656972359001,2446
9,16,0,290.0600304960538,43.14736830804756,2359
9,17,0,276.7467987711663,49.02872777784103,2223
9,18,0,238.2878461829833,32.39845915207447,1980
9,19,0,199.7731480653288,27.66124229594793,1660
10,0,0,158.2517122255059,25.91646743229611,1073
10,1,0,188.8460204363797,31.147503829827,1276
10,2,0,206.7294175534688,33.17068945837119,1423
10,3,0,237.596717691298,38.50691017788078,1622
10,4,0,269.0740994309357,58.98973865225436,1838
10,5,0,264.070949013035,42.68213791620083,1843
10,6,0,291.510192828184,45.11092380292233,2099
10,7,0,295.682330854183,48.04613721338453,2155
10,8,0,310.6696586846184,221.5915369652551,2173
10,9,0,301.6472126420927,75.90064033463565,2229
10,10,0,308.8861160477,46.03221357867875,2337
10,11,0,296.6648728688756,44.01479209844528,2284
10,12,0,289.8470166608203,41.19583258215687,2277
10,13,0,309.4999698298473,77.48575103633283,2382
10,14,0,311.2994340397287,130.6631892638155,2414
10,15,0,307.4497782143154,55.75967966654377,2437
10,16,0,297.3524020086293,42.35424866042536,2403
10,17,0,284.8263571081525,280.6701247669971,2228
10,18,0,249.1790904433599,33.69038287532575,2086
10,19,0,200.6508446196941,48.42089517915424,1641
11,0,0,163.2297937002128,26.896917163785,1090
11,1,0,187.9189107149826,30.53451839514632,1269
11,2,0,218.7098603401643,35.61144797320688,1475
11,3,0,244.5113135025416,136.560889579461,1624
11,4,0,240.0330194139053,37.50199464196673,1690
11,5,0,271.9861233658958,43.48445144787939,1909
11,6,0,282.6842149886407,44.35391329409297,2021
11,7,0,298.2620112129744,270.7819175869104,2048
11,8,0,289.0325286453275,52.58148771286822,2119
11,9,0,322.5336646286297,535.0790360759152,2229
11,10,0,301.5257139088544,45.12076381727149,2261
11,11,0,352.0399612519488,876.7000991054725,2403
11,12,0,299.4478823912675,47.96008114105722,2297
11,13,0,300.2949994469134,81.27011156173485,2319
11,14,0,309.829110912749,45.18730718544267,2433
11,15,0,297.3618266238805,40.98415252894144,2412
11,16,0,287.1391712598936,40.85985505399726,2339
11,17,0,271.3378250290432,36.46489354480502,2266
11,18,0,244.9566377974103,45.40562142101126,1995
11,19,0,202.8903564382003,29.04529313486717,1679
12,0,0,153.7459448519715,24.96143690756293,1043
12,1,0,170.7131285727511,27.64990119968044,1170
12,2,0,220.3744415480081,35.3303298528237,1514
12,3,0,245.8925347992625,206.1213788052647,1603
12,4,0,260.8328138489966,44.18585751713436,1802
12,5,0,283.0686061689606,45.08107415791282,1990
12,6,0,288.4175299309352,46.92311746522797,2059
12,7,0,294.862289074009,71.93329428479508,2099
12,8,0,296.5452562663896,45.88901739102666,2148
12,9,0,300.8368087562695,45.39799939338724,2241
12,10,0,308.6170217915724,76.29167974530958,2273
12,11,0,295.9714665300576,43.87032515049721,2272
12,12,0,304.7470184417645,44.25235738631207,2367
12,13,0,297.8839920685521,42.38458297744322,2360
12,14,0,311.743859074098,45.31644866838612,2461
12,15,0,294.1158439658101,42.26757747804266,2357
12,16,0,318.4590134711351,496.6821960740394,2356
12,17,0,278.5610401232104,40.08088646720113,2270
12,18,0,249.0549414105433,35.3482142686266,2054
12,19,0,198.4547894468953,26.93617723177553,1661
13,0,0,144.045812944716,25.30771822818341,983
13,1,0,171.6668121724383,28.32593111603679,1159
13,2,0,216.8901613398242,146.3988223748172,1396
13,3,0,239.9412750714986,38.69838741307782,1659
13,4,0,250.1204473415991,40.23419475267163,1759
13,5,0,279.8722105896131,69.16357062974053,1917
13,6,0,275.9454951961545,51.38707600259632,1948
13,7,0,295.9403265186001,46.79560132474823,2114
13,8,0,294.7873908519207,45.80902513882974,2130
13,9,0,282.6990577195784,41.52692032250251,2134
13,10,0,291.822700429818,44.16942992929712,2187
13,11,0,298.6787611253627,50.96055081113506,2266
13,12,0,289.4648786265563,42.39725241139437,2248
13,13,0,310.2206944678424,136.7689771516424,2318
13,14,0,286.3357705894216,40.08622136987302,2306
13,15,0,297.6669800859893,41.89047912615897,2415
13,16,0,274.5816362118887,37.40729970890594,2263
13,17,0,262.669441042515,36.44257723280969,2152
13,18,0,235.8701782897211,31.40719856805224,1989
13,19,0,196.1226336490703,27.22126865066237,1622
14,0,0,160.6514260469619,125.3685154852626,1030
14,1,0,186.7520888382036,47.06500352665684,1232
14,2,0,198.3160702684966,64.03141044849363,1315
14,3,0,235.3909971556938,81.35357606423358,1564
14,4,0,239.4746856346063,38.38299077443482,1656
14,5,0,251.958593123376,39.05052391129929,1798
14,6,0,267.7734094106975,41.54186782634379,1920
14,7,0,272.1987194917208,42.40438843852905,1967
14,8,0,284.7822587589054,43.39368942434072,2095
14,9,0,295.2077533148989,92.23397133160557,2163
14,10,0,289.9108118080895,43.06186748835632,2177
14,11,0,304.1479376221541,45.43916317448735,2308
14,12,0,300.8891122736527,73.78098855363524,2280
14,13,0,299.4839916753332,70.10773262360897,2300
14,14,0,304.3088915374535,43.75166332856403,2417
14,15,0,312.0991711867252,285.9660659089213,2342
14,16,0,286.6767367594979,47.23067227333441,2314
14,17,0,265.2761476756682,56.40937033157876,2147
14,18,0,242.1004590943778,33.09938461776276,2016
14,19,0,191.5524559437615,26.38629184794219,1595
15,0,0,172.3996922047911,1148.036300510426,943
15,1,0,173.2055602681266,116.359538667368,1068
15,2,0,192.9948867487665,90.62970193199412,1254
15,3,0,216.5310182054003,53.78969410083903,1458
15,4,0,226.9482415937823,36.54663532004724,1568
15,5,0,237.5638477562262,38.19775403204952,1663
15,6,0,253.5665916676998,39.63737749573836,1812
15,7,0,262.2200790662334,39.88102934585913,1921
15,8,0,266.9975188535786,40.77689319675525,1955
15,9,0,269.1577613682025,39.86299102579077,2016
15,10,0,263.3006898739095,38.29417674992376,2009
15,11,0,271.6642976919628,39.50938576397584,2087
15,12,0,287.7752805950749,42.09361272417421,2221
15,13,0,286.6244821534605,60.04875841908811,2240
15,14,0,282.7101720994538,41.14379089373017,2221
15,15,0,281.6262585520018,52.09803359795777,2254
15,16,0,296.5530291144971,243.7876267117977,2206
15,17,0,264.0785014960974,37.20253163975747,2151
15,18,0,237.3488046773049,39.3072054726647,1950
15,19,0,201.5135094166977,97.75447997732246,1589
16,0,0,120.9318049072576,20.17580660296514,808
16,1,0,151.906349800508,24.38837180151874,1034
16,2,0,168.3546707176792,27.59781721553485,1158
16,3,0,192.2985872818851,37.6189683391326,1325
16,4,0,210.1718233700323,33.61638565171332,1464
16,5,0,230.6598989615285,38.0966120591395,1638
16,6,0,240.0471872559366,37.52873359472085,1706
16,7,0,258.6209574968674,107.2393468265355,1837
16,8,0,255.0968376571498,39.23076997232075,1865
16,9,0,249.6391394247493,37.57756150694731,1861
16,10,0,260.2999644651665,39.14274950609745,1952
16,11,0,258.7802232550985,37.38693116777758,2001
16,12,0,259.9759437238053,49.20947485736154,2000
16,13,0,292.3468166537324,375.4387806957373,2095
16,14,0,265.6066209059451,37.45548544841562,2116
16,15,0,266.951543340078,37.56487148903677,2148
16,16,0,262.7905556379627,36.66116666710654,2143
16,17,0,245.2492314246992,34.4109445155135,2013
16,18,0,226.0020819822178,30.58162593347324,1890
16,19,0,188.355973866408,25.98070333635965,1572
17,0,0,108.5508034680612,17.7524746299023,735
17,1,0,140.1095156345093,22.80836765027754,956
17,2,0,156.3154283027771,24.86352805537186,1077
17,3,0,194.0075106393754,32.43619793246618,1334
17,4,0,194.7388849599237,31.38667458819701,1356
17,5,0,204.8256574899931,32.59574188141774,1437
17,6,0,227.7279239354004,224.7129697344453,1509
17,7,0,243.5290984933706,199.9024339818555,1671
17,8,0,222.8492903961245,33.36846969392165,1648
17,9,0,227.6105662439816,34.60211946474377,1706
17,10,0,238.5804411765801,35.68832721083158,1794
17,11,0,236.5861435759053,87.02383214644716,1745
17,12,0,245.9652268891388,35.30742714487116,1909
17,13,0,226.9171034628685,33.08543594336815,1789
17,14,0,244.9785347929498,48.56342438120442,1941
17,15,0,253.8247316055251,118.8013715852765,1969
17,16,0,236.5412370335987,33.25163014625972,1915
17,17,0,256.0877149599114,260.9197578379661,1939
17,18,0,200.0631506473648,27.52386197003878,1653
17,19,0,165.9697285978323,22.33388037549402,1392
18,0,0,106.3847209264644,17.48675043778055,716
18,1,0,123.9703259497972,22.99047909269805,814
18,2,0,170.137592729642,990.1696236423347,965
18,3,0,151.8318554387128,24.48794279008637,1061
18,4,0,181.7335086095873,40.26638296019333,1226
18,5,0,178.3858031602359,27.92676714272379,1255
18,6,0,190.9465091556821,32.02860904502116,1339
18,7,0,198.8385832113158,71.43603682598545,1362
18,8,0,203.8284996419044,33.44639197105139,1490
18,9,0,207.9575589702116,42.95942655656342,1525
18,10,0,207.7081960062652,30.86277358855686,1562
18,11,0,206.4062079511777,41.79229008573934,1562
18,12,0,204.0860016379108,30.40771807637005,1565
18,13,0,212.8525050873431,30.69368157678963,1676
18,14,0,206.0825457952767,28.39118094196068,1672
18,15,0,233.5522708327099,435.7806599677517,1708
18,16,0,215.6418428802273,82.4763947122438,1716
18,17,0,208.3885675604166,29.84379299010191,1699
18,18,0,179.5834725458955,32.14129403534938,1491
18,19,0,149.1855328322366,20.0531627548255,1255
19,0,0,94.86736780696381,15.71015619878149,641
19,1,0,111.9185535764544,23.60589828090218,771
19,2,0,123.7491768211507,20.66822782949231,838
19,3,0,136.4274246200203,27.37741800031514,914
19,4,0,148.6136875377089,24.19755421993236,1048
19,5,0,159.3925966298016,27.31817089519073,1117
19,6,0,165.1717867113686,26.00989948099105,1175
19,7,0,160.3146491663985,53.36917341720886,1143
19,8,0,166.9578020643434,26.44174851873541,1200
19,9,0,171.1941451463602,25.86138783076715,1270
19,10,0,165.3394376117315,24.14652182345867,1280
19,11,0,175.0875212767259,90.50223233444173,1304
19,12,0,174.3068623877295,36.57973136965327,1350
19,13,0,212.5477830104472,1045.107592254717,1357
19,14,0,171.8486717472528,24.0994617833621,1390
19,15,0,176.8890509814294,43.19692483700591,1370
19,16,0,194.2657378440538,393.3684568383018,1421
19,17,0,158.7015592375276,23.08997937694547,1307
19,18,0,151.2471017572792,77.43112947065308,1196
19,19,0,116.1726134379806,16.34190284185798,952
