# mesh name: boxMesh_1
# primitive scorer name: doseScorer
# iX, iY, iZ, total(value) [MeV], total(val^2), entry
0,0,0,93.16060690785136,15.88322043486072,614
0,1,0,104.7018236407857,17.65859796166462,688
0,2,0,131.8992057286977,102.3193948935094,792
0,3,0,139.6666542267997,32.40889193298545,908
0,4,0,140.8029476965697,22.79284262072431,951
0,5,0,160.2237275187008,61.44511770538451,1041
0,6,0,160.2291713968744,25.67988415023868,1111
0,7,0,160.2524664792866,25.27044826536789,1127
0,8,0,167.6352591454671,26.28234439627433,1188
0,9,0,177.2701794784873,31.03056602569293,1242
0,10,0,168.3063898892833,26.05802144138004,1226
0,11,0,174.2657863386339,27.00354453802472,1270
0,12,0,163.1960674989935,24.32270304217511,1224
0,13,0,179.1272565019393,66.59394375996696,1311
0,14,0,168.2817047306478,24.03438367422022,1320
0,15,0,169.4103743752742,23.83966162317698,1360
0,16,0,174.8595176434445,26.2522949274793,1342
0,17,0,150.6436892488026,50.965014808931,1157
0,18,0,141.7329867684906,79.21876193896055,1083
0,19,0,117.1199737816156,16.53333741771068,935
1,0,0,103.116826389403,17.75137946778992,667
1,1,0,122.011100065406,20.26042013792725,805
1,2,0,138.8834943351238,23.06203699470168,929
1,3,0,154.9297715105653,26.09365222038164,1010
1,4,0,166.057898255614,27.19847009723434,1124
1,5,0,186.5669723804965,31.05039881389521,1257
1,6,0,179.6240302833472,29.45767101922164,1226
1,7,0,196.4251421072071,42.34060861411877,1343
1,8,0,188.2229280358931,30.26027806863634,1331
1,9,0,206.6225989004497,33.30226472661507,1465
1,10,0,202.6652278478971,31.21420142377508,1460
1,11,0,205.8098863724751,38.73249372036408,1493
1,12,0,200.0826832388663,29.36760743072899,1516
1,13,0,205.7472933027317,30.70762483384557,1568
1,14,0,202.7969408474117,29.49043498664471,1567
1,15,0,206.7066531364604,30.16416878280562,1598
1,16,0,203.9990807827012,80.62630290892055,1535
1,17,0,187.641519391761,27.7908144431746,1461
1,18,0,184.491001913586,426.0750506676153,1322
1,19,0,136.527739743976,19.37319917895804,1100
2,0,0,116.472560129795,19.46666515549017,767
2,1,0,129.2411279980315,21.49629563285097,849
2,2,0,162.7823623951557,29.83641328878864,1048
2,3,0,171.4735746587382,39.85389793003309,1112
2,4,0,194.6347285836334,30.881508094901,1332
2,5,0,200.6588009293738,33.42020227179507,1374
2,6,0,216.2969016839697,34.95740425874877,1486
2,7,0,224.0758577434245,36.52545768331075,1531
2,8,0,239.2505590788581,38.08711790279686,1671
2,9,0,226.1667511292471,36.11236714607933,1620
2,10,0,229.8070575700785,34.83219274832645,1689
2,11,0,236.2131485829472,36.23823335200881,1731
2,12,0,239.1852671429563,40.13710427490424,1795
2,13,0,228.3097856184285,33.32425162957495,1744
2,14,0,232.170517266452,34.14855339887417,1780
2,15,0,230.5234818388592,33.34334655119346,1791
2,16,0,231.5833503418605,33.37977757525023,1812
2,17,0,216.1035726519442,75.15883157125566,1682
2,18,0,189.4629068825703,25.97950939650647,1535
2,19,0,156.7262587582356,22.92082523720504,1239
3,0,0,130.170728954802,56.98460059952104,799
3,1,0,151.3305336064246,25.6670769842867,987
3,2,0,179.3015704421421,30.40872797836129,1166
3,3,0,210.2852153219926,218.7325652138366,1289
3,4,0,220.791821146795,36.09166698037078,1503
3,5,0,232.4740783366782,48.14113246510186,1558
3,6,0,243.3794846142814,38.89616731918687,1680
3,7,0,241.7332516681779,37.98878113318826,1692
3,8,0,258.2279455160415,121.3378406266616,1756
3,9,0,254.3918700617003,39.82776512778825,1808
3,10,0,264.6445324847269,40.2572741329752,1940
3,11,0,261.7916479824873,42.44458680632551,1939
3,12,0,260.2972812058687,38.85470454399625,1957
3,13,0,263.990256287875,39.11752848861867,1992
3,14,0,283.5868951487723,461.8946634102873,2023
3,15,0,247.7044381931851,36.56074696716284,1915
3,16,0,248.7481690279358,36.32835162346499,1931
3,17,0,222.5079449107005,31.39254893086504,1789
3,18,0,207.8060418920237,30.08781162164895,1640
3,19,0,171.2189637367033,24.59456035453117,1372
4,0,0,145.8809084671048,42.27906386127751,929
4,1,0,167.2951046589277,34.85724189344423,1073
4,2,0,191.6363237073524,109.6755014900578,1198
4,3,0,213.4182262551566,36.73519239397871,1402
4,4,0,243.1150947081048,40.70247875410616,1609
4,5,0,231.9962071757791,37.68509591887122,1588
4,6,0,258.3400793750838,107.7016429956681,1721
4,7,0,272.2313858916084,61.44126682863944,1846
4,8,0,271.3060770741521,54.33244379439481,1872
4,9,0,276.7711312096499,43.83319451914476,1947
4,10,0,276.7194306982665,43.05181642889573,2002
4,11,0,275.4941476594284,59.60170166041484,1990
4,12,0,277.8463262436486,48.51580205167505,2085
4,13,0,278.7625633702085,41.61125449957473,2106
4,14,0,276.1962210836504,43.09024382912995,2113
4,15,0,267.2070543955691,39.8110522715557,2077
4,16,0,260.2481681644436,41.24804211309179,2032
4,17,0,242.2506283495567,34.86072420079653,1913
4,18,0,227.5953912189175,123.8160301752964,1748
4,19,0,206.3450455383675,656.0576651715136,1452
5,0,0,143.9524863266921,24.7880933175299,932
5,1,0,176.6226653378641,30.64661050519897,1134
5,2,0,205.1428521665042,42.41426687836527,1312
5,3,0,219.9066491262314,36.30569106693907,1471
5,4,0,251.2312969903322,42.29309935810853,1653
5,5,0,245.5920799925334,39.5420388466646,1689
5,6,0,273.2130268790018,48.95093539433586,1875
5,7,0,269.1496839655411,42.76606259928501,1879
5,8,0,274.97460817592,43.05621898591822,1953
5,9,0,289.2490444365392,45.56586444501822,2052
5,10,0,286.4926669542331,44.27005800305259,2072
5,11,0,284.0499888712854,47.42196549438863,2079
5,12,0,285.8608094575162,42.99607093279145,2133
5,13,0,293.2928464072568,81.30432760173014,2167
5,14,0,296.4136990720539,101.3015512586029,2230
5,15,0,290.525839894216,48.74068501842974,2215
5,16,0,285.5388591633019,629.625323456156,2033
5,17,0,243.7968327173284,35.63757312706277,1900
5,18,0,231.7293380938825,33.78031929401733,1836
5,19,0,181.0859975554885,25.94833457766179,1455
6,0,0,144.5713352983069,30.05595098950743,918
6,1,0,185.703437969992,32.04856692831858,1191
6,2,0,203.2462001412635,34.04364049942707,1335
6,3,0,227.8996566634986,37.26235901629868,1530
6,4,0,257.2746871668464,43.44204888120618,1701
6,5,0,269.6661673794205,44.38505103673609,1818
6,6,0,282.1035112246135,45.74071900590071,1931
6,7,0,280.5368515771623,44.70756367873719,1960
6,8,0,283.8876432605789,44.42013559919356,2012
6,9,0,296.6783867133805,46.29051306639278,2132
6,10,0,312.6134569798225,112.4359539413466,2190
6,11,0,294.2359385731255,45.35925843133291,2152
6,12,0,293.2579196127423,44.22861024268494,2191
6,13,0,299.4484543038322,45.27652232666504,2251
6,14,0,290.9848157714986,42.78410052513842,2248
6,15,0,299.3998600323058,46.85810471448256,2299
6,16,0,277.4165468020843,40.24712475384139,2168
6,17,0,266.3658982005254,72.02116479369504,2074
6,18,0,245.7619118956606,247.8045783889036,1870
6,19,0,189.839927581845,29.7354909502704,1521
7,0,0,158.5489599927295,27.08176808285472,1035
7,1,0,187.1906383048329,36.25516631033591,1211
7,2,0,213.0425311039922,38.11253657868146,1396
7,3,0,238.5487312658903,40.36890465936887,1583
7,4,0,249.8142030178107,40.40763393559886,1690
7,5,0,273.3928905547417,44.32339716659304,1873
7,6,0,282.863509809605,111.9374796484974,1888
7,7,0,286.0516510361858,45.14864690486348,1999
7,8,0,306.9966240491028,132.1422288280937,2113
7,9,0,300.0909578769545,47.17666699858322,2141
7,10,0,301.6774027943791,45.95331013629973,2202
7,11,0,306.5200865979417,47.63254816779064,2235
7,12,0,302.7989581023095,46.4651674951064,2260
7,13,0,282.1021291849552,42.06767509103857,2139
7,14,0,299.8094605238686,43.95222075736748,2300
7,15,0,289.6826632225853,41.82946482330073,2239
7,16,0,288.7305185865728,51.06922037926412,2216
7,17,0,255.4941335661285,37.49025493865459,1996
7,18,0,235.6636269344694,33.78738432645829,1870
7,19,0,190.217791751445,26.6789777048775,1536
8,0,0,162.5624554219768,27.92774721654891,1038
8,1,0,177.5596734079782,30.54871004320867,1156
8,2,0,219.4070333314313,68.30085796986879,1408
8,3,0,243.5123618665582,41.40497694936836,1588
8,4,0,256.9793381711269,43.58102636840078,1699
8,5,0,285.5573222133257,58.00426118064219,1926
8,6,0,284.8539525244354,84.20900833203204,1907
8,7,0,297.3654329710778,48.35082030282251,2033
8,8,0,309.2554497019528,60.76083079751542,2133
8,9,0,299.3672974165421,46.72946768460741,2141
8,10,0,301.7136392386882,46.04617394148623,2198
8,11,0,304.549095137811,45.91475884458935,2248
8,12,0,293.2319179947155,43.58545322643567,2203
8,13,0,310.3614539630053,46.41580570895262,2343
8,14,0,333.4074708456777,537.7493742252402,2373
8,15,0,295.4198399198306,43.87859802966282,2281
8,16,0,287.7905500030076,45.04160785312676,2244
8,17,0,266.5263380140091,43.09283021405615,2085
8,18,0,224.0815862473758,34.46988103546872,1797
8,19,0,205.541712111055,31.5232811511239,1608
9,0,0,163.0101038660075,28.85006494996876,1053
9,1,0,176.8433644646464,29.63914448614385,1161
9,2,0,223.6786781627267,37.14371508780035,1467
9,3,0,249.9050365659962,42.43042080084984,1645
9,4,0,284.0208989742307,105.5130650822113,1816
9,5,0,285.5858460836932,60.53298870891995,1888
9,6,0,289.4331139411049,112.6662667361251,1934
9,7,0,308.6684041389121,236.4311615754858,2059
9,8,0,301.9241691350433,216.0078850850758,2060
9,9,0,295.1864301112495,45.70859805362205,2136
9,10,0,316.4670321273364,308.4647804217999,2201
9,11,0,306.8702642353849,46.37995463956777,2250
9,12,0,303.1969075824146,44.14822020734667,2316
9,13,0,302.71281212437,44.93888513057155,2302
9,14,0,309.5888535868257,61.52561376581799,2324
9,15,0,286.4559316826065,41.90799338538905,2225
9,16,0,271.7734135364713,38.3021303402686,2161
9,17,0,267.5288052786593,38.24483491323832,2113
9,18,0,227.7347531266766,38.25887708224829,1817
9,19,0,183.3641734492409,25.66997813077525,1479
10,0,0,152.9413531340065,25.94641827235518,984
10,1,0,187.2186748258708,31.2364920933665,1227
10,2,0,220.4355560687554,37.15379786483788,1448
10,3,0,224.4362173044248,37.30902582102212,1495
10,4,0,267.7290990149401,44.11193966149738,1798
10,5,0,277.7083645914543,46.32155931475695,1850
10,6,0,293.0773713509728,95.3639517277462,1930
10,7,0,292.2847071232171,52.01610408782342,2030
10,8,0,300.714245302587,47.58432035395881,2162
10,9,0,302.9905827051861,47.30684272153298,2163
10,10,0,299.2858329989111,45.96184512049903,2178
10,11,0,294.599509486549,45.10412948882882,2169
10,12,0,307.8897135769338,240.0203068598418,2199
10,13,0,316.6591986334806,88.45563001521552,2358
10,14,0,298.2318273185712,43.61728641325669,2305
10,15,0,304.2814647986868,72.50099811902106,2311
10,16,0,287.1501396886781,42.30395127949798,2256
10,17,0,263.8573051889578,43.5588013476498,2088
10,18,0,244.5297170007291,88.05582798124726,1872
10,19,0,200.6062585270667,28.65576698529519,1617
11,0,0,155.6899162062108,26.56564298826722,1005
11,1,0,183.6486288472604,31.74961584317337,1169
11,2,0,202.6306819770337,33.61589744322617,1337
11,3,0,260.9404160086191,43.62306204019184,1719
11,4,0,247.4601839207893,40.10527475641803,1678
11,5,0,279.0750811505855,46.39287759101295,1868
11,6,0,284.0361374395374,102.3261877236778,1876
11,7,0,284.6898639912127,46.19346947959676,1991
11,8,0,294.3626462044267,46.22577857327148,2084
11,9,0,310.2451232647089,55.78078921541085,2176
11,10,0,303.0330202727888,46.38927710528187,2209
11,11,0,291.3433255384509,44.35430234330599,2144
11,12,0,314.080443112844,68.93437292811635,2302
11,13,0,308.0991375372806,46.01246720428863,2336
11,14,0,295.6906914619177,44.30947602104467,2254
11,15,0,300.0755171001092,45.65764042475442,2294
11,16,0,305.5402809937551,405.8700813684794,2161
11,17,0,280.3317743101168,44.65307208131803,2197
11,18,0,221.7776563064041,31.58564121899076,1771
11,19,0,200.2537286087228,27.95934259536897,1606
12,0,0,153.1794674497413,26.08462251377913,995
12,1,0,194.2223430726434,37.01150299945148,1235
12,2,0,208.9198994474372,34.81238667865124,1378
12,3,0,230.6009153894246,71.6660181818804,1481
12,4,0,252.4937427654763,43.12649710627507,1664
12,5,0,261.7805369355704,42.66836308916058,1785
12,6,0,284.3276808734043,45.55962727497729,1963
12,7,0,295.1504910984324,46.79347718299515,2068
12,8,0,299.2356320027022,47.39249760844844,2102
12,9,0,320.392176884022,337.5360553264748,2169
12,10,0,306.4055876281135,47.33535193499143,2213
12,11,0,310.5645622347679,48.46337091015057,2283
12,12,0,322.9966409801183,308.549269160373,2280
12,13,0,305.1063886738251,53.69061320081214,2290
12,14,0,295.3129705151888,84.34106202495403,2204
12,15,0,295.3098148973158,82.24149154387989,2216
12,16,0,322.2765703289095,993.33012686443,2228
12,17,0,262.9791762612518,38.94724574998006,2095
12,18,0,234.6805286390974,32.99477074955407,1880
12,19,0,197.9451526070659,31.92758261462601,1572
13,0,0,153.9322351987428,25.72438091535539,1002
13,1,0,173.8759201128112,29.66175202616086,1122
13,2,0,199.6197611980191,33.15077963699124,1329
13,3,0,213.0362052093199,35.4756832239742,1421
13,4,0,252.2996737444357,40.78625312096163,1700
13,5,0,262.7684058285595,43.32242958243191,1759
13,6,0,272.2517280320991,42.94489874947396,1897
13,7,0,284.3677621643965,46.33338601271443,1983
13,8,0,288.119509283136,45.35937912869986,2043
13,9,0,298.8250924778277,47.13327014418149,2123
13,10,0,292.2954390627265,45.43048331195354,2135
13,11,0,296.948042114218,94.68647573331843,2133
13,12,0,308.7567930146691,74.98005347932582,2268
13,13,0,291.1386851493247,43.20173385859296,2202
13,14,0,294.1100470695449,42.05706406363926,2290
13,15,0,283.5834436701442,41.32946220951219,2193
13,16,0,278.6585307467864,70.1926910231346,2153
13,17,0,255.8725386536276,37.58189666016224,2011
13,18,0,224.0726426695508,31.81984519533054,1794
13,19,0,191.399109068931,27.41920013708121,1524
14,0,0,149.5464343211148,26.52016152206864,977
14,1,0,191.3530398962951,433.3455684008115,1101
14,2,0,214.5800267752868,36.5918217881407,1400
14,3,0,222.2945344621121,37.69642375065519,1454
14,4,0,234.6247644725221,38.48033182533201,1574
14,5,0,246.0804861176011,41.1779613576177,1667
14,6,0,260.8422419595046,43.65813670286093,1795
14,7,0,265.3282026215689,42.79738655969744,1844
14,8,0,271.5612355343092,53.35505329882904,1894
14,9,0,285.6262605332243,44.42049462465268,2057
14,10,0,287.8254074433154,45.39095736310593,2062
14,11,0,291.114636442633,44.10294441841874,2168
14,12,0,307.6787601788663,196.7933911572273,2219
14,13,0,303.6917206182072,127.7556248441756,2215
14,14,0,288.524782834452,42.87603218853887,2195
14,15,0,271.3642245277364,39.36547178145011,2119
14,16,0,275.5643812109123,39.95930597703917,2138
14,17,0,251.101522091941,36.13060772789392,1994
14,18,0,222.7419524722664,31.69917660612379,1787
14,19,0,180.5244987901249,26.09849048006782,1439
15,0,0,141.0329340858321,23.58707523118299,931
15,1,0,167.7477841074262,127.7880551136276,1029
15,2,0,202.9920354072938,106.0850883622599,1242
15,3,0,200.0518977406579,45.23227107303826,1303
15,4,0,243.4522339114738,189.8534115807699,1551
15,5,0,236.4317889236371,42.98901767233404,1582
15,6,0,256.114378150916,89.16873209775044,1708
15,7,0,257.6815989709428,41.72201628065473,1779
15,8,0,256.4264006250967,40.03991045880147,1829
15,9,0,268.157601725625,41.4693377644338,1936
15,10,0,280.0265976240907,43.08824279764821,2033
15,11,0,288.189591694228,359.3040327542249,1995
15,12,0,277.9878801686888,41.61300186058133,2081
15,13,0,281.7275873935257,41.59785859665617,2134
15,14,0,285.3602962330345,143.8159404979618,2086
15,15,0,281.3959242221597,45.58891780579041,2132
15,16,0,262.1559494389346,38.8485819981368,2051
15,17,0,234.2454909450862,33.10754277680905,1855
15,18,0,227.6710224657487,95.26082257201097,1742
15,19,0,180.0254287426854,49.40849495462662,1434
16,0,0,126.9436905217117,20.95398299129641,836
16,1,0,156.5589373438392,26.21992226427019,1021
16,2,0,177.9459534908373,50.09058309330381,1156
16,3,0,200.5914076510219,34.43095066472749,1315
16,4,0,210.1885164154389,65.07626886620091,1394
16,5,0,232.0683038249938,37.76862519163145,1581
16,6,0,237.8034701308796,38.53780723064352,1629
16,7,0,239.4425396649629,37.98462986697895,1671
16,8,0,246.0514532211796,38.99212770343972,1740
16,9,0,261.2555542664995,122.2822508759341,1795
16,10,0,257.5490430024652,55.18150573203935,1842
16,11,0,266.1555253878485,46.6471655288592,1925
16,12,0,282.1573505900452,232.927303854249,1957
16,13,0,254.6054720792979,37.66884531776426,1932
16,14,0,256.2823932367005,40.60644427787661,1953
16,15,0,245.6629074975974,46.32712175003142,1895
16,16,0,248.0236509554141,36.31070895130056,1941
16,17,0,223.8469778930844,31.92559396713908,1784
16,18,0,200.3692842625878,28.70570713460856,1595
16,19,0,192.9721488788315,229.7387594531077,1424
17,0,0,111.449630221215,19.09383338083847,721
17,1,0,136.5465906449261,22.84647015255544,900
17,2,0,156.7731153797517,25.85856968855688,1042
17,3,0,184.9608305682822,38.92263305709755,1217
17,4,0,187.583568679235,30.59038776475655,1270
17,5,0,190.4519487439378,31.15650104916497,1289
17,6,0,221.1276953595413,102.4658404501737,1477
17,7,0,222.9745743237825,34.91566367730537,1572
17,8,0,226.0336500812096,45.81973773822686,1579
17,9,0,246.5318291391431,180.3694436399838,1687
17,10,0,244.6582093695077,60.00315816586435,1742
17,11,0,231.9403337848707,34.75275658532344,1720
17,12,0,226.8173804038333,50.94358386056902,1675
17,13,0,227.8231781994854,35.07449515492011,1707
17,14,0,243.1559087416321,35.54464548026399,1868
17,15,0,227.1188605962051,33.83485263403838,1744
17,16,0,228.7505495097019,115.9023816654588,1707
17,17,0,221.7779536103661,32.52769942322193,1725
17,18,0,182.4735714192973,25.73752987018826,1453
17,19,0,162.2457230253044,22.77695595667409,1306
18,0,0,104.2306521671828,17.72875687676427,678
18,1,0,126.3373516187629,21.20774979345293,824
18,2,0,144.1581374891129,46.74712475276356,922
18,3,0,149.1666110931535,24.39980913617914,997
18,4,0,167.2565814137438,26.9856572267898,1130
18,5,0,177.7994220755217,30.54857074179591,1204
18,6,0,192.0995869665079,55.32804865405264,1283
18,7,0,195.7025855051388,31.15587315839567,1360
18,8,0,192.1340928538073,41.82459264604113,1364
18,9,0,208.1939337848478,44.13520566414643,1478
18,10,0,196.6096714612223,30.18571973145479,1425
18,11,0,200.3719113385031,30.31840967732973,1484
18,12,0,226.6428005872383,49.92561883982452,1680
18,13,0,198.7854031898804,28.88474027729302,1521
18,14,0,201.1433458034693,28.91269690836391,1561
18,15,0,206.745772195916,29.97402822584998,1612
18,16,0,184.23971065678,25.95934672493408,1473
18,17,0,194.2442484483697,28.28561573803952,1512
18,18,0,154.7111087853151,21.77801062260736,1265
18,19,0,134.1023735324689,18.24950388257631,1098
19,0,0,86.18054892542776,14.50431734919599,567
19,1,0,101.9264757255838,17.36138318097964,672
19,2,0,130.9172544324239,21.64605510687862,864
19,3,0,132.8475218341412,21.81502791191749,900
19,4,0,138.8002069582977,22.77137713481892,937
19,5,0,160.7161113360777,26.53616079385155,1089
19,6,0,154.1365069114126,26.97522654325583,1068
19,7,0,182.2852909631618,305.1393435131658,1165
19,8,0,173.479771476474,27.49014838980588,1219
19,9,0,168.2480783085266,26.72638129268332,1205
19,10,0,168.179914398467,26.00428344179975,1222
19,11,0,179.1266601777394,27.46478509684277,1321
19,12,0,183.4978178634966,97.88610883821528,1308
19,13,0,175.9333242635774,26.22248662905616,1330
19,14,0,174.4401828367949,87.694320306536,1279
19,15,0,153.41829425477,22.09889105605429,1206
19,16,0,158.7648707818573,23.18998252082964,1239
19,17,0,147.1883007485836,20.62306106769525,1175
19,18,0,133.9442062660827,18.98152582742035,1074
19,19,0,114.6319299889045,16.29696442805944,919
