# mesh name: boxMesh_1
# primitive scorer name: doseScorer
# iX, iY, iZ, total(value) [MeV], total(val^2), entry
0,0,0,99.56221691893653,14.93903386267942,747
0,1,0,113.3628306322008,16.96540217020544,861
0,2,0,127.3865858630899,19.43349805899985,952
0,3,0,148.3910330395974,29.87387938689784,1097
0,4,0,152.5614621314683,21.93530116908184,1187
0,5,0,157.662878017376,23.04428998486527,1222
0,6,0,171.8768022262794,24.83612584482253,1337
0,7,0,170.3003006741926,25.06843393932841,1313
0,8,0,169.3093371086217,24.92498800095174,1328
0,9,0,173.5717581900444,24.4849352278986,1382
0,10,0,169.0402474035199,24.40453723685465,1344
0,11,0,172.0497165895112,23.71405190162081,1405
0,12,0,178.8758519453311,95.88160099921218,1387
0,13,0,172.5271798442169,24.02438788899909,1418
0,14,0,183.2995152894474,162.0634214986486,1415
0,15,0,171.6673185477849,25.82792919027415,1406
0,16,0,170.980599779188,23.50607865514854,1415
0,17,0,164.4240969271299,22.99148861388446,1360
0,18,0,140.289000529099,18.75042306277622,1189
0,19,0,111.5379874097197,15.40743364666114,931
1,0,0,108.6326937265575,15.7664131695626,829
1,1,0,127.2968715773401,19.07814180033555,954
1,2,0,156.0646837112604,24.16284744443607,1179
1,3,0,178.4137613646817,26.02823567028132,1386
1,4,0,187.8106859956461,66.03711364279695,1399
1,5,0,196.3501774661855,29.3927329598677,1485
1,6,0,193.9779898256245,37.74350831096815,1481
1,7,0,207.7598833461054,29.75918116676058,1633
1,8,0,201.0577260378531,28.6420657423609,1587
1,9,0,215.7260465703941,81.60913599262888,1619
1,10,0,210.4610711159353,29.90347125246443,1669
1,11,0,205.7420456696072,28.58022394595626,1669
1,12,0,207.4880930207696,28.63347960307932,1714
1,13,0,203.5402165325405,31.81103840043243,1654
1,14,0,258.2517750461526,945.4423788823026,1768
1,15,0,218.4446828268974,29.88859083250805,1811
1,16,0,201.9281875709207,43.4917959748475,1646
1,17,0,193.0761873574367,27.55302888718976,1568
1,18,0,183.289203468842,25.96393687236006,1500
1,19,0,144.1851892781288,19.26965969381642,1235
2,0,0,121.7388414722402,17.9297012957927,919
2,1,0,156.6325172302324,23.42135171399182,1174
2,2,0,176.5411748492406,40.35635561773194,1314
2,3,0,188.8298271985117,51.94553204987231,1395
2,4,0,247.7228608536936,1331.234439504872,1623
2,5,0,216.5756599347262,31.20247819306485,1675
2,6,0,230.9099132313774,33.42829556536007,1797
2,7,0,250.0385266543157,36.85861049457424,1926
2,8,0,252.9356438734671,191.3170185177286,1865
2,9,0,242.7980446984257,35.34478803426467,1897
2,10,0,241.5146813761808,34.64999440188105,1929
2,11,0,250.2691151792595,36.62175806782284,1993
2,12,0,260.9203730414883,95.60311662053948,2030
2,13,0,244.3306798520017,34.23932983939343,1982
2,14,0,248.6581449015265,34.60325050753386,2036
2,15,0,242.2868814159314,33.80712950969177,1993
2,16,0,247.4250475094478,34.75447641196616,2029
2,17,0,235.463902363219,80.39359797353143,1891
2,18,0,208.2190736917618,66.8212163481964,1680
2,19,0,162.5129283307093,27.4310464126089,1357
3,0,0,141.1537506704957,21.4488678680122,1049
3,1,0,167.7595467783435,24.57909380524242,1280
3,2,0,212.3346337095688,168.7956474824799,1490
3,3,0,233.6983970344409,57.93851868098932,1725
3,4,0,240.9770032506897,51.7999418931343,1807
3,5,0,240.936769094529,35.34902896500696,1846
3,6,0,256.3971374960869,36.60304888303985,2004
3,7,0,254.8783429760224,40.1394990852256,1966
3,8,0,262.2140080490988,39.76429142928695,2045
3,9,0,260.7833516081948,36.62006020810614,2080
3,10,0,275.9016332128124,39.33164912641546,2185
3,11,0,261.948122021964,37.01615390735799,2115
3,12,0,288.6178156507605,235.5868761800219,2229
3,13,0,278.3332393994917,38.62847466096991,2278
3,14,0,264.7338049099775,42.598891597955,2177
3,15,0,267.8943931381523,37.95254496736246,2173
3,16,0,283.9737390341893,294.7154861659485,2171
3,17,0,258.9573318267113,62.62792259548473,2133
3,18,0,219.4147058644257,31.53533794966891,1816
3,19,0,171.9889197574388,23.85345109755362,1430
4,0,0,140.1204412132851,20.60885170934016,1066
4,1,0,168.6974274033419,24.48495387088181,1289
4,2,0,210.7692482716134,42.61308804513379,1579
4,3,0,236.4329518669258,34.08572565588569,1822
4,4,0,276.4933688274417,227.9132176190327,1987
4,5,0,258.550773481065,36.87409661063344,2017
4,6,0,272.9112817291345,40.20417341412325,2091
4,7,0,272.0217927114488,39.49401251833864,2113
4,8,0,271.4115234348438,38.44174238839376,2144
4,9,0,294.7658020894613,104.5778330108804,2231
4,10,0,288.1518135949428,42.06556249867014,2270
4,11,0,292.1938390973069,41.17344500400679,2345
4,12,0,324.7594207918489,1138.860350950263,2239
4,13,0,296.8339945586193,46.05652760832978,2402
4,14,0,315.1475454285937,717.884416747706,2364
4,15,0,286.7326132434236,39.53215002877489,2366
4,16,0,271.9515359200728,61.15323747557821,2203
4,17,0,272.2063898017282,288.1433914853509,2131
4,18,0,241.3477955215895,363.406747363186,1864
4,19,0,178.6534404030391,23.67878609489911,1511
5,0,0,165.5017769493149,25.64510035466184,1215
5,1,0,186.6356536931507,28.46216891510667,1388
5,2,0,202.4436496234115,29.69560364488666,1549
5,3,0,248.1354607641901,37.04005541538277,1880
5,4,0,264.8836088376277,50.68658859907966,2010
5,5,0,283.1733220222032,102.7730517286303,2119
5,6,0,264.4423002358203,38.19331781436883,2056
5,7,0,299.5767401124427,44.37426051526098,2309
5,8,0,285.2773839920731,40.29530124895047,2259
5,9,0,288.1597449240409,40.82888329615386,2288
5,10,0,302.8128167033568,64.88221426999186,2356
5,11,0,312.1275890581146,528.4572400161948,2327
5,12,0,296.988317460452,72.12668273506705,2342
5,13,0,296.8258844847757,45.18502062017762,2377
5,14,0,310.5649538276152,174.7246731715049,2393
5,15,0,284.9582600926065,38.38342696210531,2379
5,16,0,285.2837266421521,61.72633767839526,2343
5,17,0,267.3637949425896,36.73333580903603,2237
5,18,0,238.271449562696,32.88641651867022,1980
5,19,0,184.2749479750536,33.76482150822091,1542
6,0,0,166.149651934057,24.67897658509344,1258
6,1,0,205.1020079987875,177.7939695328506,1455
6,2,0,224.8262920211181,33.46677056546259,1683
6,3,0,256.990356612707,353.3637192724673,1820
6,4,0,259.6981148703103,38.57473793050749,1975
6,5,0,269.4208533179749,39.03120579856871,2085
6,6,0,285.5477901109497,41.78940319715805,2197
6,7,0,300.5068067224308,44.03633950864917,2331
6,8,0,286.0430476428241,40.47047283949795,2264
6,9,0,304.7606292541267,77.43022000908547,2347
6,10,0,313.1776224512585,93.78202432084518,2423
6,11,0,292.4025729208672,41.17553047933991,2355
6,12,0,291.8049557474829,42.30842149528949,2329
6,13,0,302.0712633700366,86.4531465216529,2374
6,14,0,291.0910288329662,47.0786795605113,2363
6,15,0,294.2681855635179,41.06456552957874,2413
6,16,0,281.6858270716794,38.69263433021636,2331
6,17,0,267.1035090259422,36.42008538160498,2241
6,18,0,234.8513574102887,68.80707194898795,1914
6,19,0,194.0476818208793,32.9483164896942,1593
7,0,0,153.6729504594979,23.35118681754602,1144
7,1,0,181.8518243326302,26.97842580799215,1386
7,2,0,232.7692891597588,34.41317416523799,1765
7,3,0,247.1628975098876,35.38528933825826,1909
7,4,0,259.0741921877904,37.52532648070243,1996
7,5,0,289.3835218832337,41.55218889625548,2242
7,6,0,292.9489997514141,43.56978127035384,2230
7,7,0,292.9525297574315,41.5767632816978,2311
7,8,0,297.1634021395597,42.1913738190045,2354
7,9,0,303.5397780935121,235.4781317102841,2281
7,10,0,298.0215921856283,43.06673636039879,2366
7,11,0,297.5982600126757,43.03543445533285,2374
7,12,0,294.3342021424929,41.64182178752737,2378
7,13,0,297.0746491026921,43.47887146228455,2383
7,14,0,303.1272358426098,134.2276790569341,2403
7,15,0,291.0312050574994,42.21041694963977,2398
7,16,0,278.2445464818964,39.31444346527917,2282
7,17,0,283.8438053315745,129.2768568321665,2282
7,18,0,243.5276049931201,93.16160908313805,1969
7,19,0,187.2277701259767,27.95132789321724,1587
8,0,0,161.6833084862992,28.69893249585836,1210
8,1,0,197.6973501951428,31.4266264060248,1484
8,2,0,231.4194428755131,56.3019879166805,1716
8,3,0,259.4260705622668,143.9567683101044,1915
8,4,0,300.9077713338152,537.3401200309763,2135
8,5,0,293.1823421272252,42.51130373866732,2255
8,6,0,277.91189223124,39.89837599119641,2164
8,7,0,309.8033369191072,187.5241982631741,2326
8,8,0,302.8931380103996,112.2550057441981,2322
8,9,0,305.7835431027593,44.84369720540657,2378
8,10,0,301.0392727492708,42.65816211917977,2420
8,11,0,307.2918976801829,55.33692078117431,2429
8,12,0,299.4054551428808,70.88641055926678,2355
8,13,0,306.9638604288489,173.0529175685964,2378
8,14,0,293.9567494611018,40.51691941035963,2417
8,15,0,282.6036046520254,39.08355846585437,2301
8,16,0,285.7415346226709,150.5966688426653,2299
8,17,0,266.9890382415963,36.65921885014291,2223
8,18,0,232.4930204000018,31.90024045232382,1963
8,19,0,177.0768854254174,23.34831580048779,1510
9,0,0,169.6244105016636,25.32252232024552,1276
9,1,0,197.720685036353,31.31348703408915,1478
9,2,0,236.3489862813755,58.67103416678884,1736
9,3,0,239.6289044574455,36.82895450331615,1812
9,4,0,289.7831390044537,267.4919930809946,2085
9,5,0,278.626902124267,41.42787806509972,2133
9,6,0,291.3162698045129,43.07518193140668,2243
9,7,0,313.2674386928275,197.8979032005859,2353
9,8,0,294.3344403796959,42.8712519964507,2274
9,9,0,306.9081647838938,66.73380566142629,2394
9,10,0,305.2199872522385,43.88076152595482,2421
9,11,0,289.1028529679357,40.04854041546779,2350
9,12,0,324.1229306098907,222.5771219410771,2466
9,13,0,296.6617786729534,57.03139312362656,2382
9,14,0,300.5050156982423,40.78919669572304,2492
9,15,0,305.8673031938918,42.26304736226953,2531
9,16,0,282.2062778965991,38.80036685856293,2340
9,17,0,286.5041385699341,185.0704622027613,2258
9,18,0,236.4192002559194,31.97987099581342,1997
9,19,0,197.6995941301777,27.41265589157482,1650
10,0,0,165.2662377378561,53.56342442863456,1204
10,1,0,195.5491982079517,28.61624587248627,1492
10,2,0,219.1679317854318,33.05084500242711,1641
10,3,0,251.7642286337848,36.74722475772234,1929
10,4,0,265.2781138424153,60.74344946073192,1982
10,5,0,295.2091219769331,141.1848419565947,2151
10,6,0,290.9886701848251,51.18213091270999,2226
10,7,0,299.5497066358496,45.58481298134489,2331
10,8,0,289.8123277688829,41.99975924028685,2267
10,9,0,291.651871942528,42.68591735334851,2279
10,10,0,296.0689953528905,41.28899207904485,2384
10,11,0,315.9203866325274,123.4747270942021,2429
10,12,0,297.9083190877595,50.24217320285378,2380
10,13,0,301.110759709409,41.6408008760103,2465
10,14,0,293.7577310919605,63.25068997161086,2380
10,15,0,311.4008658492335,44.35494561277431,2521
10,16,0,288.9980437418393,60.61282433193777,2377
10,17,0,258.271478716153,35.49398057656823,2141
10,18,0,235.9452768624488,44.2508143810124,1955
10,19,0,191.0947483288787,26.52055623676938,1587
11,0,0,165.8429008185651,25.72321573042162,1216
11,1,0,194.0981033627105,28.82139574137005,1460
11,2,0,220.4999655264538,32.5245354996696,1671
11,3,0,247.7902603576335,36.64498333717367,1889
11,4,0,296.1093785051878,450.7724202672765,2016
11,5,0,291.3451124917031,78.03718048956242,2201
11,6,0,271.5257486719724,39.09382457029213,2110
11,7,0,296.8905332450143,43.4102615273957,2298
11,8,0,309.6845277041642,72.85026777339702,2399
11,9,0,296.5167816727673,42.55532047160182,2341
11,10,0,308.2655088108846,44.08526520480785,2446
11,11,0,294.490850806404,41.30461833868784,2380
11,12,0,307.8489372585425,125.6161892932647,2385
11,13,0,283.726126487038,38.93313979848305,2328
11,14,0,294.2500644175197,40.32361580115834,2427
11,15,0,284.677918463631,39.06915654671571,2371
11,16,0,311.9869858974706,402.7191906433244,2358
11,17,0,256.8338349194691,34.40493773487692,2174
11,18,0,239.0892758939991,32.81464715204103,1977
11,19,0,190.0444903866055,41.11755341616472,1590
12,0,0,157.1312952291036,23.48451739251001,1186
12,1,0,197.666324045646,28.93999503048088,1514
12,2,0,214.6277567121148,31.557797963844,1633
12,3,0,261.2506711367888,148.4404944040552,1895
12,4,0,270.7572321482412,40.24792610415295,2059
12,5,0,269.3860962978306,38.94131072310183,2084
12,6,0,288.260214567979,43.50009195171724,2191
12,7,0,294.3175639847599,43.92179678228464,2292
12,8,0,286.8163625041453,44.66162207340957,2214
12,9,0,295.35405665858,41.91873734120771,2345
12,10,0,303.5515340552856,42.95078114224094,2420
12,11,0,293.901704385573,41.48087986170588,2376
12,12,0,301.6352665150407,53.06436839751035,2406
12,13,0,301.6971006123291,42.9235172994669,2423
12,14,0,304.9283889136901,43.42018823771495,2464
12,15,0,293.504334205492,39.61658463386673,2437
12,16,0,285.2258642386583,93.01562405005242,2302
12,17,0,265.9993885415229,48.69401965079847,2179
12,18,0,230.7027436358342,30.86096683623587,1952
12,19,0,205.1924869822426,83.44086621702118,1629
13,0,0,157.0104559347958,23.81375156340002,1179
13,1,0,195.7055232414903,29.13461925196326,1481
13,2,0,222.3948219121324,32.98420476364812,1678
13,3,0,243.4036605816179,39.20077379300002,1832
13,4,0,263.8388503392444,38.21199701728427,2032
13,5,0,268.6894611870808,39.06098877684337,2080
13,6,0,277.632223111192,39.78073868494726,2163
13,7,0,305.1813014778836,58.76261692472488,2326
13,8,0,298.0752906606535,301.3910324400325,2208
13,9,0,298.3212724621628,45.43861913930659,2337
13,10,0,299.3392014511776,42.79099301843927,2379
13,11,0,295.9528167202967,46.3184256549875,2388
13,12,0,316.6646274239691,103.9675777630251,2505
13,13,0,299.1740293263329,95.17391559818897,2383
13,14,0,289.7256782754455,119.0887060541673,2301
13,15,0,298.5271616833352,42.05820738806612,2434
13,16,0,290.8569545537543,127.2510147729873,2350
13,17,0,275.8307734430539,69.22091641446472,2210
13,18,0,228.5214818532865,31.05805564827072,1926
13,19,0,190.2517452531016,25.9127079394388,1596
14,0,0,146.7734583048057,21.70348036715994,1113
14,1,0,187.9273681442007,27.95057113959507,1419
14,2,0,213.1062991981794,31.61311949593198,1613
14,3,0,230.2812531775205,33.79852633976072,1750
14,4,0,259.1423310767118,62.81510850921201,1919
14,5,0,268.303084822011,41.24290164041078,2036
14,6,0,277.4760638197812,42.81894809489533,2131
14,7,0,282.6705519878539,73.91555486756401,2149
14,8,0,288.2235274904179,52.93097010958836,2215
14,9,0,297.609946814997,46.33738176106642,2324
14,10,0,287.5470638954011,62.02012169506137,2250
14,11,0,283.310585982361,39.77099271341282,2275
14,12,0,290.1342376934923,40.42202504875444,2358
14,13,0,293.7964830801392,41.53198781905092,2391
14,14,0,298.717829142283,119.0731564178831,2372
14,15,0,287.1057404976769,63.7660124428249,2326
14,16,0,273.3455027031008,37.56686246640937,2282
14,17,0,263.806113086412,36.21540332935953,2187
14,18,0,234.5503660286051,31.63068420430061,1975
14,19,0,212.036177827772,388.9771152454395,1616
15,0,0,149.0603362744157,23.42245716886983,1096
15,1,0,172.3883678161211,26.00876016857049,1291
15,2,0,199.848641460489,29.89693872428574,1507
15,3,0,236.7056665591582,104.8628619919422,1705
15,4,0,251.9064480601793,37.53378018461384,1914
15,5,0,255.8991480681769,36.64706081951916,1985
15,6,0,281.6480435498145,234.752276773533,2086
15,7,0,275.0524345898665,39.32534278759498,2151
15,8,0,285.4572497682189,51.89839054639248,2208
15,9,0,284.4473897997844,43.0710535460959,2210
15,10,0,292.2265657648866,109.15248048591,2215
15,11,0,296.6271070538662,120.7138546730467,2323
15,12,0,290.1329947775773,46.00157733919746,2304
15,13,0,286.9791032050892,41.27968375812718,2343
15,14,0,285.4575253364017,39.84582509792754,2343
15,15,0,272.7665812063157,47.31128835095231,2236
15,16,0,264.4001313747189,37.94030893613396,2194
15,17,0,260.7667209200433,35.59186143216996,2170
15,18,0,230.8848704575729,33.79055317541137,1918
15,19,0,183.3296196443096,24.52718053235825,1547
16,0,0,142.6991060490732,21.26543874469279,1085
16,1,0,167.6508888145557,25.5859533957128,1243
16,2,0,190.5000486382067,28.64193351885107,1433
16,3,0,205.9460353020484,30.02269406084955,1574
16,4,0,245.570906232881,100.602210119299,1790
16,5,0,235.1698917857721,33.9873616975792,1831
16,6,0,244.4748358326455,36.47794034714939,1865
16,7,0,257.052530772648,37.50144147723547,1995
16,8,0,271.658076846932,40.12297636637881,2103
16,9,0,275.3312758409885,260.0842725682099,2067
16,10,0,253.6765193594009,36.01903276506297,2027
16,11,0,259.5139435437749,37.2183090841126,2077
16,12,0,274.7693746449285,39.56348118186119,2198
16,13,0,268.1846884117664,39.26014418761086,2168
16,14,0,267.303907537826,36.70787269913973,2191
16,15,0,279.3780173887906,40.5426180646084,2290
16,16,0,267.519064845546,53.69315587562177,2198
16,17,0,261.7003177161407,111.6784815069042,2108
16,18,0,218.8815311118741,29.1734603475774,1843
16,19,0,175.3809886656956,23.9885612330525,1460
17,0,0,136.3997599779082,20.31582190056838,1034
17,1,0,145.1764257816767,21.85221862566209,1086
17,2,0,171.4975201897473,24.8578282897262,1307
17,3,0,184.8206235869798,27.67572025396195,1406
17,4,0,218.4867457956941,33.22035076836281,1650
17,5,0,223.0895126689357,33.20760763381721,1697
17,6,0,230.3510966605519,33.96024168815095,1770
17,7,0,232.0037381161346,156.5993236983453,1728
17,8,0,257.2141031826031,493.2577016992682,1840
17,9,0,248.9273776544412,35.73974609992302,1970
17,10,0,249.9728339315192,67.05587519017212,1944
17,11,0,245.4013376884041,34.42880601652028,1976
17,12,0,241.5486326509441,39.92200088580898,1929
17,13,0,245.7119594778062,33.96311634978971,2010
17,14,0,240.5032070781785,32.58994132975453,1988
17,15,0,246.1027428151341,33.46503849748177,2030
17,16,0,237.8128752429658,32.45874274711241,1974
17,17,0,236.7977120899511,33.17611934631558,1948
17,18,0,199.4140717757013,27.50883739917447,1652
17,19,0,166.6201483874017,22.67956355891875,1398
18,0,0,110.4543404113438,16.46173118096365,834
18,1,0,135.5853535073181,20.2978801501242,1019
18,2,0,161.3560472240011,29.02993642036552,1191
18,3,0,176.3788409615788,72.2960261553449,1285
18,4,0,198.0949492652244,202.2989702522611,1413
18,5,0,188.5670090902545,26.98660340925595,1467
18,6,0,201.5314226590896,32.42266589603621,1540
18,7,0,218.6619844298958,33.98750280788236,1677
18,8,0,191.55141897471,26.71829022576802,1536
18,9,0,194.9489068012857,27.6627333742428,1548
18,10,0,206.4358926468546,52.06083872300066,1596
18,11,0,215.7236688005123,30.11112814305683,1753
18,12,0,216.6724205179469,31.50576352232152,1715
18,13,0,236.30852852649,745.5390783040298,1706
18,14,0,229.9136677934239,426.7064131016145,1698
18,15,0,215.4908681628158,33.78340542906029,1774
18,16,0,239.2171831735713,532.9774783699967,1786
18,17,0,190.3481298027296,25.71707650952706,1616
18,18,0,186.5116722349812,35.01368084615832,1532
18,19,0,166.9377339029855,560.8417134428836,1141
19,0,0,98.61021267909415,14.7082345649406,736
19,1,0,110.7599762856398,16.76257178211159,833
19,2,0,135.2830273618022,24.54273054316639,989
19,3,0,137.9875491611261,20.30313605315753,1056
19,4,0,154.1488980321569,22.6044056935058,1185
19,5,0,148.8211060350672,21.48772680223203,1162
19,6,0,158.7754703324339,22.90327291010081,1248
19,7,0,174.7691581487853,25.48369183896332,1362
19,8,0,167.9285133736483,24.13987737459892,1329
19,9,0,171.9386975206744,24.89096514598614,1360
19,10,0,181.0215935101336,26.69717089924498,1416
19,11,0,159.386353089151,21.67893105145485,1314
19,12,0,170.3687215844007,23.65760676121391,1383
19,13,0,187.4924811582108,130.29868724937,1428
19,14,0,180.2830343219497,62.1106137546141,1420
19,15,0,171.057071336687,23.96581278803517,1395
19,16,0,185.97912392053,104.8468705463878,1447
19,17,0,159.994991812873,22.17212387352546,1343
19,18,0,141.7572712782431,20.01105284436747,1172
19,19,0,114.3405307344446,15.31166434818892,964
