# mesh name: boxMesh_1
# primitive scorer name: doseScorer
# iX, iY, iZ, total(value) [MeV], total(val^2), entry
0,0,0,89.36927694998363,12.82934835401029,715
0,1,0,107.3207112208006,16.16367115087198,837
0,2,0,119.4445043453748,16.77295033236716,959
0,3,0,145.3427533620805,50.44215836350627,1116
0,4,0,140.8914997960898,20.09291285768496,1129
0,5,0,164.3724703218123,134.856511280442,1223
0,6,0,146.5585003622466,20.53415362060356,1184
0,7,0,157.4209530844887,22.27968261881157,1270
0,8,0,162.9197298140622,23.85704006474067,1328
0,9,0,162.9467692872766,22.85096953238894,1306
0,10,0,157.7603076541407,22.43290027710995,1264
0,11,0,159.8019405029512,22.60665318731968,1295
0,12,0,163.8962056080898,22.7348124966304,1334
0,13,0,169.5840018152863,65.10941766303577,1344
0,14,0,161.8864804656887,64.08429294804321,1256
0,15,0,149.1758346453363,20.53587229825674,1226
0,16,0,150.7902406702037,20.96128915545639,1234
0,17,0,138.2672525933424,153.4959192425344,1057
0,18,0,111.7208485143983,17.08925282159128,914
0,19,0,100.3424518240021,13.81578358800233,840
1,0,0,105.3079162024307,15.33510392617319,830
1,1,0,124.5442954816998,18.48676235163262,966
1,2,0,148.4812248143475,28.03027193846323,1167
1,3,0,172.7392508774203,71.72304933593965,1285
1,4,0,178.1024885498571,48.06930428128146,1365
1,5,0,194.1328989834365,138.1270631995243,1428
1,6,0,176.3862615317352,25.12608250921578,1420
1,7,0,187.996717375194,26.3048765945956,1521
1,8,0,186.9081618555199,25.92341713584589,1504
1,9,0,191.2130523715901,27.30610608924801,1535
1,10,0,203.67536227058,53.26545356543885,1576
1,11,0,195.8954047757695,27.71072253791453,1571
1,12,0,206.1200630872728,29.31177047861822,1667
1,13,0,201.6943835963151,40.79036639432496,1594
1,14,0,183.6954784751385,25.94876652633279,1502
1,15,0,178.8894801465066,24.87705042315488,1464
1,16,0,186.6072606595289,25.68514518568353,1537
1,17,0,158.0771327643539,21.69098516831696,1307
1,18,0,139.3742288687041,19.80012780213545,1126
1,19,0,113.1009292004773,15.44481198229252,945
2,0,0,131.6043315233333,52.07597384148022,984
2,1,0,151.8979882441766,21.5482745173574,1197
2,2,0,172.1676475803234,24.92151826927433,1340
2,3,0,190.3637704378549,27.40571292158707,1498
2,4,0,210.2764403292172,94.35573959176882,1620
2,5,0,206.7561463422598,29.07604677346938,1650
2,6,0,213.1646859970676,30.72249604464032,1690
2,7,0,220.6224698093042,31.82899669066481,1749
2,8,0,218.8083262257919,30.31113982304782,1785
2,9,0,219.8672601369904,31.78195760272777,1749
2,10,0,216.4790216633395,30.34763048262945,1742
2,11,0,228.5147215155818,31.47254649004866,1859
2,12,0,220.0772972069524,29.68770289635348,1814
2,13,0,254.2749328128594,499.0970143371457,1800
2,14,0,213.4488282574837,29.77190819436594,1737
2,15,0,239.4119836804996,617.07849815064,1754
2,16,0,199.3532886589732,29.03148988501141,1598
2,17,0,189.612178393367,27.17415258873335,1544
2,18,0,166.2367742755645,23.70102111147667,1357
2,19,0,130.7477203081748,41.04561363963909,1026
3,0,0,137.4654054335011,20.19970853879963,1067
3,1,0,174.8135430823095,136.1601378414706,1290
3,2,0,192.0518378573185,28.56790530360057,1500
3,3,0,216.5427993446187,61.01970693277413,1688
3,4,0,230.9787878953074,33.57580640611144,1816
3,5,0,238.3390348749697,34.62564079735692,1864
3,6,0,255.9638113969358,37.67125290523394,2016
3,7,0,253.6682874084667,150.6731895046223,1915
3,8,0,252.9504622811948,36.37283409712835,2018
3,9,0,249.7658849071498,35.77198356681952,1991
3,10,0,244.2565748864656,33.51089432063878,1997
3,11,0,241.8659510483509,34.8175939458383,1937
3,12,0,235.1766773386968,31.91645329989986,1942
3,13,0,275.854240842185,296.8270951248547,1988
3,14,0,243.716997126958,56.87690177969468,1929
3,15,0,232.5781024223757,32.05000924014812,1914
3,16,0,223.5552183109167,38.02570197231604,1799
3,17,0,205.3874741607356,28.23695499910523,1692
3,18,0,172.6100563932079,23.48587403475715,1436
3,19,0,136.4873360669324,18.12742204555119,1144
4,0,0,135.0984067470372,18.8320951819791,1078
4,1,0,178.8800942780797,326.8638043635089,1302
4,2,0,209.7089979773781,236.5336613960465,1549
4,3,0,221.7158306296332,33.06567059500166,1751
4,4,0,244.3324408492348,73.05970142864926,1861
4,5,0,242.3254306826204,35.44119951001103,1903
4,6,0,257.5566634638172,37.33345916009519,2032
4,7,0,257.4654928831876,65.94576613594845,2027
4,8,0,270.7401951059647,161.0598776550538,2059
4,9,0,258.1448885769711,35.6582696305298,2095
4,10,0,284.3920106739578,195.3099282816392,2183
4,11,0,271.4510575273397,91.01049067101285,2106
4,12,0,266.1603298805887,37.37040221917134,2151
4,13,0,256.0464564696335,35.74178672174375,2092
4,14,0,258.167664601595,37.56348022647604,2084
4,15,0,246.4005369175848,34.59915881685237,2020
4,16,0,229.7218085058594,32.24706427098641,1885
4,17,0,214.1344225183459,53.17491040037982,1716
4,18,0,187.0056755415701,33.23301286859018,1517
4,19,0,152.5343664335204,21.03413470057234,1260
5,0,0,150.1537002483273,21.37601967388444,1191
5,1,0,182.6759538387809,25.79323767911516,1457
5,2,0,208.864285272918,30.04060162202637,1651
5,3,0,243.0779014764213,65.79349484717059,1874
5,4,0,260.6293218794653,37.69902886052945,2048
5,5,0,263.3561690820528,38.13666914169938,2071
5,6,0,260.2840989801248,36.80672560547399,2080
5,7,0,294.7539693731283,443.2181924740838,2190
5,8,0,283.1393230504174,53.27938848760716,2215
5,9,0,269.2288561789389,42.30023959711477,2133
5,10,0,273.5634230208383,50.71198750559902,2180
5,11,0,273.0263920082341,37.78257739937584,2239
5,12,0,264.6407150585318,37.28780814462018,2152
5,13,0,267.47146957628,36.42088019979398,2194
5,14,0,278.185663851294,73.8860059404748,2222
5,15,0,291.6533277625409,445.7834434416712,2136
5,16,0,229.2995251590463,32.26532974531913,1874
5,17,0,242.0994297678515,347.995425839001,1821
5,18,0,190.0138076600991,77.95420117352816,1505
5,19,0,172.4189311280545,136.1531128799671,1333
6,0,0,140.5381890299489,20.0166389116373,1117
6,1,0,184.3404678035191,26.54772648920817,1456
6,2,0,217.6909733814632,32.14464233605822,1700
6,3,0,235.3939586468759,33.81665126896802,1845
6,4,0,268.7371556755933,37.85817814469446,2143
6,5,0,274.3438938276808,54.13320065958219,2150
6,6,0,269.9323255449461,39.04953726752915,2139
6,7,0,284.4017194068319,84.56003158838365,2234
6,8,0,267.1621255797238,37.66707852694488,2150
6,9,0,275.1997233742722,41.37090817430484,2195
6,10,0,279.7882175547358,40.63123552319627,2253
6,11,0,295.6681432756561,209.4073895388568,2330
6,12,0,271.8620948338047,36.94136392661598,2232
6,13,0,282.8630768364628,50.79628844170642,2256
6,14,0,274.0753615109351,38.35898512195684,2232
6,15,0,269.9445082131768,77.48726567192965,2154
6,16,0,269.0921689275787,207.5956656011639,2081
6,17,0,225.7005414756484,30.80378518332819,1879
6,18,0,194.1536374362811,27.9024547206871,1573
6,19,0,159.4590663479132,41.60295085209945,1270
7,0,0,158.4495517569315,22.77390507454715,1248
7,1,0,187.2787827571423,36.08538054152782,1455
7,2,0,220.1982440417231,32.32690710445676,1717
7,3,0,250.6534459447578,36.50028799245037,1958
7,4,0,264.0664035559383,37.88596894738875,2074
7,5,0,274.7315598600241,39.78469635011241,2171
7,6,0,268.9200658586805,38.79297685334943,2142
7,7,0,303.2799069822705,287.3327391370529,2280
7,8,0,284.4184018521191,125.5778037353362,2211
7,9,0,279.4418473059415,53.19989635782523,2238
7,10,0,294.410044933497,47.45816546519119,2317
7,11,0,302.8107583711259,287.2266292543853,2302
7,12,0,286.9108088820884,45.48928486064948,2320
7,13,0,275.548591434686,37.97885486154071,2256
7,14,0,279.449598066276,39.05995431624911,2287
7,15,0,268.4331623248904,37.78888131052626,2201
7,16,0,241.3792020559775,33.27917916073154,1989
7,17,0,232.2587789147346,32.5748541151375,1902
7,18,0,200.1710389495332,45.0746279128096,1628
7,19,0,180.2950962607158,265.3726220525368,1357
8,0,0,148.9935197733825,21.57398520057731,1179
8,1,0,204.4687837245478,52.63932962236522,1560
8,2,0,224.5382011629989,31.9187514949267,1783
8,3,0,256.5476743383787,81.4631376154904,1981
8,4,0,259.123309481091,36.95716175607843,2053
8,5,0,266.9886530722163,37.13510482862466,2144
8,6,0,276.8839341199272,39.95920154540502,2202
8,7,0,293.8226582843992,41.65038842232973,2357
8,8,0,289.9759015400413,41.48132016174763,2340
8,9,0,291.8518417886596,41.47914032528476,2331
8,10,0,280.7489871511187,39.76205987839378,2258
8,11,0,282.7015857743404,57.39361621003482,2244
8,12,0,276.9701299242013,38.69364291974527,2264
8,13,0,289.8455610623715,219.0059034242435,2297
8,14,0,276.2395625472387,68.79226197527642,2202
8,15,0,263.2563369401249,36.24294725500805,2150
8,16,0,252.9578584050059,34.43925049443619,2077
8,17,0,235.4372028864834,32.8292511823884,1921
8,18,0,206.6005076974175,65.62107249870117,1649
8,19,0,166.7639834643513,23.52076780663545,1373
9,0,0,155.1569027158397,22.15957594463868,1230
9,1,0,190.4992657351785,41.63221623421524,1464
9,2,0,224.2396625385992,32.96780383269947,1759
9,3,0,226.5073295232982,32.04579872593622,1800
9,4,0,259.7248886445235,46.33885437748071,1998
9,5,0,263.8931749222299,37.79173365453664,2090
9,6,0,278.7544861345788,40.74028823697121,2185
9,7,0,273.9584781015153,39.62679398858422,2192
9,8,0,279.3261853119605,38.90021276550269,2261
9,9,0,275.4553861535698,39.36369607139867,2211
9,10,0,281.5466100227395,39.33537543590295,2285
9,11,0,296.6086553047589,43.06077058738578,2383
9,12,0,291.3496184362076,62.24826303001396,2329
9,13,0,280.5049969903077,38.80639561686964,2292
9,14,0,279.5018782984466,87.71569517093245,2229
9,15,0,274.639237143114,45.31785695007038,2211
9,16,0,255.5563393190523,35.86637378247939,2079
9,17,0,239.9291344569845,33.45099875034815,1964
9,18,0,195.2822139163225,31.48103703328459,1613
9,19,0,163.3831242753516,22.36260599869586,1353
10,0,0,157.003347223357,22.31200725377481,1248
10,1,0,200.5543928454019,59.29481338023052,1536
10,2,0,242.7832310178178,277.7007271215101,1716
10,3,0,236.7708484996323,34.31324750269427,1875
10,4,0,262.2775753814026,107.6774306503059,2034
10,5,0,279.4144053506552,58.81520580240529,2167
10,6,0,269.2315609712093,37.88359419876966,2158
10,7,0,296.329045229164,41.95981400406887,2372
10,8,0,318.2977624948581,607.1178446582078,2345
10,9,0,279.4213590075118,54.84034126882606,2234
10,10,0,276.9859251517912,38.43834101368369,2246
10,11,0,281.6003719278709,56.46710247477362,2234
10,12,0,282.344749807653,39.17047797096617,2291
10,13,0,287.7694967188336,41.78029074669673,2348
10,14,0,270.5778375511831,37.15735257138517,2224
10,15,0,266.4602365133422,36.52487604364921,2188
10,16,0,266.24463620642,37.16934613605454,2179
10,17,0,230.5620171895824,32.30235701594337,1876
10,18,0,204.5817109952536,42.98505482415018,1650
10,19,0,173.1056687122789,24.2961141046269,1422
11,0,0,151.5526057320461,22.20242634888181,1188
11,1,0,182.4090600563795,25.82015789844961,1451
11,2,0,229.6248529473376,140.5989733042644,1745
11,3,0,279.6287133823218,831.1241700718575,1906
11,4,0,260.6518562546584,37.61081278356382,2054
11,5,0,294.0227844151939,574.1185840147942,2138
11,6,0,281.6487791405493,39.50352932328564,2241
11,7,0,287.1648008465272,41.63552379348378,2271
11,8,0,278.6277393336234,39.4305838419962,2239
11,9,0,291.0263326150566,41.11786783633277,2328
11,10,0,283.1267459795804,59.64311872094987,2273
11,11,0,289.6036690684075,41.23850617310561,2327
11,12,0,285.071435153712,59.18084999984536,2287
11,13,0,280.2310197930604,70.01621496939597,2247
11,14,0,273.1327276990364,45.71457265289884,2219
11,15,0,278.9208060583777,74.36502403462914,2246
11,16,0,248.7655429814527,34.21991778200108,2045
11,17,0,228.1910501325566,31.30508418133942,1884
11,18,0,195.8316243810252,64.99064105147924,1588
11,19,0,170.1050851768047,28.82019380682281,1366
12,0,0,158.440600725238,22.05276339288009,1272
12,1,0,194.578728846748,55.92761327139431,1483
12,2,0,217.2467996935193,32.21607692448123,1691
12,3,0,240.6503239565631,37.54006059891469,1866
12,4,0,267.2496170587897,40.33187241201195,2087
12,5,0,274.6864349327441,39.55326023173179,2166
12,6,0,275.4718101808622,39.19787059850738,2196
12,7,0,270.9685452910228,38.1181589602391,2172
12,8,0,281.663861339589,39.79206779717974,2242
12,9,0,283.2731519616853,41.15771630892294,2305
12,10,0,303.1235590210304,637.9687741785028,2234
12,11,0,279.9949199864266,39.68765377500038,2264
12,12,0,280.2898950037337,51.05044275821388,2234
12,13,0,293.6336080032312,122.6651704699001,2320
12,14,0,294.8978676166552,300.7323297383425,2282
12,15,0,261.6120394659687,35.65250066871364,2164
12,16,0,248.784259915105,38.16032444481397,2031
12,17,0,220.8782877647627,30.12180256737567,1835
12,18,0,220.3499681146629,154.4872010230733,1651
12,19,0,163.3717018620148,22.46793447862591,1343
13,0,0,142.4752419238771,20.38606194311469,1135
13,1,0,191.3150500355925,77.83701286627212,1437
13,2,0,241.8328267032098,461.2691270635606,1753
13,3,0,235.3180232869423,33.99797657961241,1876
13,4,0,252.0884751054229,36.24350822858749,1999
13,5,0,250.5517092868336,35.34175772204327,2004
13,6,0,281.2033939964616,178.281475935025,2140
13,7,0,284.7041849560227,125.9935926492572,2212
13,8,0,267.2999472155637,40.48342477341357,2136
13,9,0,283.6334156318223,46.16092315959416,2233
13,10,0,284.4207888554386,39.47512020594545,2314
13,11,0,269.7893303994283,36.69680521498113,2214
13,12,0,278.3507297721208,38.94920699506877,2254
13,13,0,285.3287368353146,357.3689224656721,2152
13,14,0,269.3554332307036,41.48795458726553,2190
13,15,0,264.770969743027,36.65590287837507,2162
13,16,0,248.0185736516964,34.70283402487523,2028
13,17,0,215.0365849774538,29.17019574679773,1781
13,18,0,206.2420867030824,33.98661876608644,1677
13,19,0,161.4293683966941,21.88922428428528,1347
14,0,0,145.0054640889609,21.61890794889492,1150
14,1,0,177.9708405505499,25.62742547038919,1422
14,2,0,205.8892850804661,31.4013904520954,1630
14,3,0,231.9279324082961,32.92144993607635,1836
14,4,0,258.6024031572311,36.23937724978485,2058
14,5,0,246.346509138602,35.51271231874049,1952
14,6,0,269.161156627298,41.52836936989148,2124
14,7,0,265.6464692040767,37.85853822428244,2108
14,8,0,276.8629065526846,70.60652046686265,2172
14,9,0,276.4136977836667,39.02107415733619,2224
14,10,0,282.8914640787698,136.6336533576374,2197
14,11,0,275.2778118367023,39.92983428919561,2215
14,12,0,271.3999311736168,37.60297563323851,2224
14,13,0,279.6119576682974,38.58315595963501,2297
14,14,0,263.9455666872452,37.17285511953968,2158
14,15,0,258.1015505299461,38.52329882025898,2103
14,16,0,250.855065107364,35.42137539720965,2024
14,17,0,213.1606683991944,29.47367586067106,1760
14,18,0,204.191582629701,28.31040205186061,1680
14,19,0,159.6376895169696,36.17945395025283,1301
15,0,0,143.263920059912,20.86111178630521,1135
15,1,0,169.8455613728988,24.26974320595991,1337
15,2,0,200.1858489880081,29.68725777373211,1559
15,3,0,208.2433550193815,61.70510816954295,1599
15,4,0,239.3439094916675,57.67781596460092,1887
15,5,0,249.9531084178079,35.81314998432234,1978
15,6,0,261.9856724635967,38.03246393652364,2067
15,7,0,262.078946337608,36.68534810366753,2104
15,8,0,260.4220655964081,36.51204641764653,2100
15,9,0,256.2401314017538,36.07521243016287,2064
15,10,0,255.5256806528695,35.56349108176459,2083
15,11,0,258.4637826162203,35.83257465324839,2113
15,12,0,263.7986771315619,37.09739288266797,2142
15,13,0,257.1114882634513,36.37545230923691,2079
15,14,0,249.7539468189416,34.55555078162422,2043
15,15,0,249.3929488378156,34.65762960260538,2021
15,16,0,230.4097677595272,31.62244591692885,1905
15,17,0,212.2923705848288,30.83730355947755,1742
15,18,0,189.4862264876504,40.41747876871548,1536
15,19,0,151.7357411298582,21.33634830452279,1231
16,0,0,137.1720922112828,19.87563322989186,1078
16,1,0,156.976566614574,22.2311674971156,1254
16,2,0,183.0128363156007,85.63859763794233,1381
16,3,0,208.3614295019057,29.04341791693331,1668
16,4,0,221.3187042495139,31.46263506114484,1766
16,5,0,233.8023475731247,44.36273863194883,1819
16,6,0,248.3018169033984,53.47421740140545,1927
16,7,0,248.269996823532,163.508451799651,1910
16,8,0,259.4348046658449,81.25752388862529,1988
16,9,0,254.9467713995696,131.7753619364235,1962
16,10,0,242.1553905157829,35.22313074877267,1940
16,11,0,239.9398508167044,35.28364605879722,1946
16,12,0,251.9974117959195,34.71045129149525,2051
16,13,0,252.2380941366808,55.89106689225036,2029
16,14,0,238.1650736507675,33.19035540437539,1939
16,15,0,230.4437133620947,32.66059163939463,1870
16,16,0,222.9978520013081,131.0715745065939,1746
16,17,0,198.2420919560531,27.46957882865239,1630
16,18,0,170.3883266755272,23.51833224423218,1403
16,19,0,143.8786614916552,20.48278171868825,1173
17,0,0,125.0236308887459,18.03315670031349,988
17,1,0,141.8176273382439,30.43949963562673,1116
17,2,0,167.9099689696694,23.77718758182594,1334
17,3,0,197.0699765339783,45.64792132177776,1513
17,4,0,208.3212315746005,312.3602094059735,1519
17,5,0,203.1757788535477,28.87459082785731,1616
17,6,0,217.6482910723683,30.81409943899936,1727
17,7,0,222.1250107288094,31.07313586869866,1787
17,8,0,221.1870359231999,38.85009859892667,1744
17,9,0,222.6347043207936,31.92385340280674,1777
17,10,0,233.0725267243519,33.56720135839533,1855
17,11,0,214.8188013212542,30.22334312578892,1740
17,12,0,234.8084932739684,34.29386602921065,1880
17,13,0,215.913472441535,29.19150966780834,1792
17,14,0,210.7709100925456,28.38541182129148,1754
17,15,0,213.4221282222394,30.03591217015366,1734
17,16,0,207.8950518561612,30.15609705336355,1658
17,17,0,182.9037163856687,25.20364955748108,1495
17,18,0,151.4454073910609,20.19232186217125,1270
17,19,0,135.6897431154575,18.35557397628928,1137
18,0,0,103.7003881129529,14.6305609115089,828
18,1,0,155.5416282290419,1006.898756199502,972
18,2,0,150.0869581186795,21.48802576298831,1183
18,3,0,164.1058988615433,24.00022578906075,1285
18,4,0,177.2570433936431,25.00963199836464,1419
18,5,0,181.181855595853,25.81437536594754,1438
18,6,0,182.7303148363015,28.45812060258216,1438
18,7,0,196.8867327845929,30.05932401002118,1577
18,8,0,199.2937858272428,28.05241318362907,1608
18,9,0,196.5344992630181,45.07731303024626,1541
18,10,0,187.1259136252977,25.73034752702265,1533
18,11,0,214.883609202415,246.6993263691705,1608
18,12,0,196.1565851476489,77.87298480740905,1557
18,13,0,195.9738431400028,27.22679855036149,1604
18,14,0,184.5563903348999,26.07630835908819,1493
18,15,0,192.2997152313528,27.62544845119133,1544
18,16,0,175.6809173976523,25.23524442931327,1428
18,17,0,160.2045553127031,22.11358361084948,1311
18,18,0,141.9615935784743,21.14999482404843,1146
18,19,0,112.5458078014858,15.29732478866243,935
19,0,0,91.47789039590339,12.46965559025555,755
19,1,0,105.4293875990112,15.20652903813425,840
19,2,0,120.4562358500709,17.04958328346023,977
19,3,0,142.3088367699753,20.78941630532468,1116
19,4,0,144.6354833991991,20.76152908233201,1140
19,5,0,155.4266069457385,22.24910927389507,1254
19,6,0,171.7995398043535,25.14046782568673,1343
19,7,0,173.7447597397656,166.2843033188414,1242
19,8,0,178.9301291056614,131.3008930935781,1293
19,9,0,159.3626971108068,22.84915761147967,1272
19,10,0,163.6631681326748,22.93470390376562,1337
19,11,0,178.1265689632627,468.5140294958148,1273
19,12,0,166.5995334017111,41.60780963463773,1329
19,13,0,161.4190962448432,22.46747954139464,1321
19,14,0,156.546235203971,21.39458898086888,1302
19,15,0,153.080002803651,21.5645104347858,1243
19,16,0,148.048472997988,21.65021883788131,1199
19,17,0,132.0103827682017,88.48929268325112,1034
19,18,0,114.7521529657797,15.88664317820932,948
19,19,0,91.8787784724101,11.93619896241578,783
