# mesh name: boxMesh_1
# primitive scorer name: doseScorer
# iX, iY, iZ, total(value) [MeV], total(val^2), entry
0,0,0,101.6264960152048,126.172419096651,739
0,1,0,116.2623083299209,213.3589804280067,807
0,2,0,118.8357756646428,18.36547337759761,961
0,3,0,141.6751865963702,22.11153874501455,1144
0,4,0,157.5630976669529,70.75964675477486,1192
0,5,0,156.6100423243928,25.41240829808307,1275
0,6,0,167.3314179484854,23.50496778859347,1355
0,7,0,166.278759328829,38.21703001928178,1329
0,8,0,157.4086863592467,22.12861015898645,1295
0,9,0,162.5286809279096,29.09170153287361,1329
0,10,0,162.4521658025341,22.52137079158865,1344
0,11,0,164.5036467599442,21.99206126010212,1397
0,12,0,160.5291522716981,22.54900081985023,1357
0,13,0,163.693439532843,21.57550005401762,1411
0,14,0,164.0702450855179,22.33019417186502,1392
0,15,0,157.6151754233078,20.44756942785805,1380
0,16,0,154.2541837328223,19.57281298956324,1365
0,17,0,141.0806092945852,18.64816721420136,1223
0,18,0,132.9523520950699,17.49639744900709,1150
0,19,0,108.350064867187,21.49450452195037,917
1,0,0,102.6875503540109,14.4111090399009,833
1,1,0,130.0519514623363,18.63096738010669,1033
1,2,0,165.7960272655712,50.72479776382793,1256
1,3,0,165.4933844494392,23.93486460715867,1313
1,4,0,175.4396276992053,24.67553050730665,1426
1,5,0,187.4131894706173,26.9302048270308,1517
1,6,0,196.2919342615399,131.3742931877543,1539
1,7,0,200.527684610293,42.08189997744407,1625
1,8,0,191.1317081572861,26.89688540345522,1574
1,9,0,228.2012977682287,811.0680155219557,1671
1,10,0,202.1807261382201,97.81618848821228,1621
1,11,0,200.36135240314,27.36017954600513,1685
1,12,0,207.8044041814947,28.68334577402249,1740
1,13,0,204.4964069701589,28.16314045397047,1722
1,14,0,201.2323733704052,26.60535964545942,1728
1,15,0,206.6503327013073,27.16210102686394,1792
1,16,0,191.1816954745395,25.60343841395318,1637
1,17,0,189.0337246522164,27.01746098242501,1619
1,18,0,164.9026007559995,37.94461584493425,1392
1,19,0,127.2171444677749,32.99669466232785,1071
2,0,0,122.5188882406319,17.40207761365682,981
2,1,0,147.69963639465,21.03402645086133,1174
2,2,0,167.041254051599,24.10444649699442,1329
2,3,0,193.7878568089891,26.36401192383564,1598
2,4,0,205.2838212526763,27.89676102727752,1689
2,5,0,214.8021142860287,31.54542809580212,1718
2,6,0,231.1267849538934,32.56914274365422,1869
2,7,0,237.4737820791481,56.26296037118152,1911
2,8,0,227.6067513216607,30.80767203118385,1900
2,9,0,216.6499598799884,29.56368516815283,1807
2,10,0,233.5484007661641,32.68200024339974,1960
2,11,0,238.4305351694071,32.36799440319857,1994
2,12,0,240.4490472656368,32.01864475215005,2069
2,13,0,237.4668275674971,32.10044411384515,2019
2,14,0,231.4428047505014,31.59921422991256,1975
2,15,0,234.3748405413637,30.87223840069132,2024
2,16,0,241.3524340282899,34.73843304635113,2060
2,17,0,202.6367706877718,27.79414208664306,1741
2,18,0,198.1196294075751,83.22345693364448,1651
2,19,0,148.225002229418,19.54994891023382,1297
3,0,0,125.9183101925183,17.44406586839469,1017
3,1,0,165.7663427794352,24.46320957596295,1319
3,2,0,183.1957848049852,25.82091191089985,1475
3,3,0,215.7734236672725,32.45979341014635,1737
3,4,0,228.3348493360845,32.76813817530265,1836
3,5,0,239.5959104593863,33.86145170100503,1954
3,6,0,245.0179287516031,41.19213019184642,1975
3,7,0,271.0966771748438,305.1230573042994,2052
3,8,0,247.9058336498724,34.59667912698635,2015
3,9,0,243.3893340838719,32.70590681639505,2060
3,10,0,281.0031430193271,599.3313016803259,2118
3,11,0,250.0444439332835,34.07544835287329,2109
3,12,0,244.5969705849281,32.53230872663361,2082
3,13,0,257.4832306081965,35.60778317607223,2167
3,14,0,263.9457880633472,160.0044214508657,2138
3,15,0,246.9941837002874,32.51197686388461,2133
3,16,0,255.7864050581052,234.7289175510771,2105
3,17,0,228.9053003085724,30.54013378357693,1983
3,18,0,201.2792920536246,36.74975162242878,1723
3,19,0,161.0781972479501,22.3975542102125,1389
4,0,0,146.4630582985147,73.97140497129458,1121
4,1,0,169.6555753841728,24.3588328534564,1353
4,2,0,207.1316878342966,43.62103384487035,1626
4,3,0,220.7377112479077,30.88514187033857,1774
4,4,0,233.4999500364138,32.99153981931054,1882
4,5,0,247.7182384624858,34.60388285178168,2016
4,6,0,260.0120103534637,35.99300845281653,2125
4,7,0,263.6678421323152,36.76850959063499,2137
4,8,0,267.701364453923,36.06876488595829,2231
4,9,0,280.7053301359242,272.1834847464349,2183
4,10,0,269.6691063034295,193.6613281382059,2176
4,11,0,281.6206665491319,306.1619012145331,2244
4,12,0,271.9503299004144,36.28606742997311,2312
4,13,0,265.7781287456635,34.99477636820132,2287
4,14,0,272.2053537257599,208.4339199459066,2240
4,15,0,257.7258699833241,35.03533723206164,2204
4,16,0,256.5883772845252,33.39857941732692,2233
4,17,0,244.684886510633,78.13540792207613,2074
4,18,0,208.8264981562027,26.74085211960533,1846
4,19,0,177.4023596505844,213.4700490610014,1425
5,0,0,146.9092227321747,21.06089193170567,1176
5,1,0,177.1698787873082,25.2372406246734,1408
5,2,0,215.5970887974472,117.4683736025794,1667
5,3,0,231.8188186899094,33.11200354097732,1861
5,4,0,246.862006921278,38.24268474121578,2010
5,5,0,261.4896129875287,37.2920148161442,2095
5,6,0,264.3200037787303,36.61992227185591,2171
5,7,0,273.0101086138526,39.42213923886347,2218
5,8,0,302.3668932845001,270.9546521636381,2382
5,9,0,285.2224574102995,104.1050007131434,2292
5,10,0,280.7930654589224,99.28156870590153,2289
5,11,0,277.4097253524896,58.83939335531853,2298
5,12,0,284.4167970681065,37.77885233007146,2428
5,13,0,287.9828741243037,106.4793678851958,2366
5,14,0,292.3723120499654,54.26818649976355,2466
5,15,0,275.5246303613509,36.03133646146787,2379
5,16,0,263.4482086640501,54.97153386934117,2253
5,17,0,249.8459045501697,32.75120061486638,2169
5,18,0,212.1757553361259,28.13531586382562,1844
5,19,0,170.3665233060756,21.97440835008919,1509
6,0,0,149.4740715488148,21.46019928600406,1188
6,1,0,197.0945964220239,64.28622714527975,1542
6,2,0,218.7535354849298,31.54023879281158,1742
6,3,0,227.6174532967835,31.99669672800593,1845
6,4,0,279.6888915052547,1571.09706752527,1942
6,5,0,262.7317679766081,36.77173170551401,2130
6,6,0,277.5141366190245,39.56125652712487,2235
6,7,0,271.7431834274697,37.15312782255061,2257
6,8,0,282.9601160042926,75.23827017738664,2297
6,9,0,288.5412230364619,40.58050147754756,2386
6,10,0,281.1554280962209,38.72668094180371,2330
6,11,0,281.4845134477503,38.00530034863276,2383
6,12,0,278.8140564322445,38.08762775233291,2346
6,13,0,302.9512397836766,398.374030545151,2410
6,14,0,282.0158354656321,57.45818623337505,2379
6,15,0,274.5299848887174,36.73347149811419,2370
6,16,0,270.5068049220206,44.9422272938633,2332
6,17,0,258.0324177868001,168.8804616848948,2142
6,18,0,219.214001200373,29.10933087054314,1908
6,19,0,169.6976570660969,21.68629662345784,1498
7,0,0,156.2552720737596,21.38971751230601,1269
7,1,0,183.0778049050989,25.5003695684232,1473
7,2,0,221.5583342279086,31.87324221887849,1766
7,3,0,249.0967093008934,35.47573565262239,2003
7,4,0,250.8630967626932,59.74381296195877,1985
7,5,0,273.6278711056686,72.93082898442057,2173
7,6,0,274.7187867353497,38.22695216070537,2249
7,7,0,273.756791613925,38.57170901431642,2242
7,8,0,267.5613545401901,36.52486649801546,2216
7,9,0,295.4818644817748,516.9856167703856,2237
7,10,0,283.5700569894091,38.4551364807993,2366
7,11,0,281.740856192473,37.72344709360105,2390
7,12,0,278.6154023999111,46.78531833800347,2361
7,13,0,281.7835429068584,37.32262554359784,2422
7,14,0,299.8739804074875,549.5828555479245,2352
7,15,0,277.3301130488722,36.42579382821935,2389
7,16,0,265.9589016265832,37.13867226709574,2287
7,17,0,256.2922492846957,34.06999498416552,2209
7,18,0,217.3628614999003,35.22287808056785,1898
7,19,0,173.8709956852932,23.90566914890195,1498
8,0,0,159.3254105356273,23.32580123119028,1255
8,1,0,186.5295299344964,26.5762120886938,1482
8,2,0,218.5862401434852,30.63231898871573,1761
8,3,0,231.3083850444876,32.59241521915195,1871
8,4,0,259.6605039626839,36.45481553166956,2105
8,5,0,269.0682554603837,68.17583351369473,2129
8,6,0,263.7774439598502,36.41801590302518,2168
8,7,0,280.8186581525674,38.9168602450742,2308
8,8,0,277.8458518285531,41.13392262257737,2289
8,9,0,274.8631918327092,62.47522602674429,2281
8,10,0,280.4234773070971,39.64032585809791,2305
8,11,0,284.6064388618204,38.73066408363741,2396
8,12,0,277.9095991850161,37.05504039369095,2352
8,13,0,282.3621157938265,37.66552747076443,2424
8,14,0,270.8403562460475,35.78484444125993,2335
8,15,0,266.7320303679097,35.75343606443224,2284
8,16,0,265.6909630189456,39.38372188675772,2299
8,17,0,245.9909941192344,32.38527520100448,2151
8,18,0,217.2959691203774,28.45784270340812,1881
8,19,0,172.2437085814834,23.10648596601256,1492
9,0,0,156.6567462000836,35.92959849119404,1227
9,1,0,192.3083028351474,60.6095499277036,1475
9,2,0,226.617368187179,32.5601932364496,1812
9,3,0,253.7780565387004,36.00607901326438,2035
9,4,0,248.2441431899727,34.37757085807351,2035
9,5,0,263.8964649132478,36.62524815654788,2163
9,6,0,274.313437944721,37.68197929201948,2252
9,7,0,281.3098090759607,65.27642184903716,2267
9,8,0,292.5027715412651,72.77119673369776,2373
9,9,0,289.0288866062623,40.20258278964773,2400
9,10,0,290.8841265390509,46.58327183067394,2399
9,11,0,289.3681846916334,39.5611672314489,2430
9,12,0,285.4440011288448,75.21084042546137,2378
9,13,0,281.2359838840997,37.77088138796628,2383
9,14,0,280.3011247721566,37.1415779456128,2410
9,15,0,284.8238890934515,40.60826895825153,2424
9,16,0,269.6060165925601,59.25958944380685,2296
9,17,0,269.8864803061853,107.6201393583759,2249
9,18,0,218.128794176785,29.30745656458583,1897
9,19,0,172.9199680609992,67.035059151696,1457
10,0,0,160.037290408585,77.71462139491851,1225
10,1,0,191.5468437542837,26.98727477797508,1541
10,2,0,211.1994048436362,33.08954108456134,1683
10,3,0,240.5520703544003,34.3445391412859,1914
10,4,0,250.143030971542,35.32902329046802,2026
10,5,0,273.110275499048,85.95474060096315,2168
10,6,0,283.3815390881196,123.7357263708333,2257
10,7,0,275.3301200560233,38.96604695489009,2242
10,8,0,289.6843827234114,126.9662453579027,2276
10,9,0,299.9505052203335,192.5160539252345,2393
10,10,0,284.6544137803415,38.95023359909427,2390
10,11,0,288.636361137715,40.03659740976025,2401
10,12,0,276.8735573124055,40.0686585578652,2339
10,13,0,289.1098200391303,56.21361186765322,2437
10,14,0,286.9021064414983,38.45890362636304,2444
10,15,0,285.1736693128889,70.39117094219117,2426
10,16,0,270.7726054588964,66.28806439594335,2268
10,17,0,240.1551498172868,31.05012301135475,2095
10,18,0,222.7536638341419,31.99775986550693,1918
10,19,0,195.0777750232635,499.0116430221786,1518
11,0,0,160.8527626837541,25.03237669338805,1253
11,1,0,179.8435498602541,26.49813190289783,1422
11,2,0,215.7087097300284,30.14308978604258,1727
11,3,0,234.5494331919177,33.38269609877161,1877
11,4,0,258.1839923786292,36.40040029754089,2080
11,5,0,258.8998509381631,36.33793094329413,2101
11,6,0,275.5230613240469,39.46164190958235,2235
11,7,0,283.054980160445,39.87487758232351,2320
11,8,0,277.3394329735487,37.95172336075979,2290
11,9,0,289.2646612125495,40.14772042647686,2386
11,10,0,290.227278974871,43.253250512799,2406
11,11,0,278.7088456977702,37.55456831962007,2372
11,12,0,320.2597647716402,2374.602231129099,2292
11,13,0,285.8484789824156,44.08807544056236,2419
11,14,0,298.2615612696142,244.102855701434,2378
11,15,0,288.707822226243,38.87295120304247,2464
11,16,0,280.1533506805933,43.95373848261416,2394
11,17,0,261.5194026180934,35.24553495779408,2275
11,18,0,225.5791718339411,53.22725815495258,1960
11,19,0,176.4468995396743,23.36909835202589,1537
12,0,0,155.0219510469782,21.7590917652745,1243
12,1,0,184.4377922116629,25.84736392337483,1491
12,2,0,218.380956744628,41.38896118445454,1719
12,3,0,238.0260649146165,33.04806114002908,1937
12,4,0,261.1507701733626,47.441574686812,2080
12,5,0,266.1851856732226,36.95707977693797,2186
12,6,0,280.0637313927715,59.30184128410342,2254
12,7,0,285.5493802328513,40.67153996426407,2319
12,8,0,269.1476797590181,36.90397795137074,2235
12,9,0,285.1787039348829,44.29921328406674,2345
12,10,0,295.1088422018418,167.6970309429702,2358
12,11,0,299.425759171581,350.7586432949377,2338
12,12,0,284.7180529538086,38.09526894217191,2410
12,13,0,281.0387438613271,37.8494089409761,2397
12,14,0,279.2646180656909,36.48574178139381,2417
12,15,0,280.6795450016719,36.67696781780494,2446
12,16,0,268.1815561920458,35.98464480064695,2318
12,17,0,237.9390893890863,31.15281511246927,2072
12,18,0,218.3659103987267,28.59029008048463,1906
12,19,0,177.3857433675435,23.72571613852849,1536
13,0,0,140.7958134660781,19.71001225314503,1124
13,1,0,189.0013474027722,26.97701894285664,1515
13,2,0,204.8039182729238,28.39099770232745,1664
13,3,0,245.539989378451,35.06698042741488,1971
13,4,0,246.760923404921,34.44993631449095,2000
13,5,0,261.4079101589173,36.14821631544098,2140
13,6,0,272.4832377790839,37.93436397146512,2228
13,7,0,269.7093808069455,36.34758910211346,2260
13,8,0,288.9559895887776,48.88691283992418,2351
13,9,0,280.2960167196879,38.48663755802231,2334
13,10,0,279.2246232722198,39.06789321708285,2308
13,11,0,277.4988800001565,79.11931177761515,2242
13,12,0,277.5045294424328,37.4294269553187,2348
13,13,0,294.4603990372498,482.9698346961915,2343
13,14,0,269.7715111777879,36.23034712613055,2298
13,15,0,278.4014910468977,35.69239859241364,2434
13,16,0,259.3265604480939,36.07335561146513,2231
13,17,0,246.6265726197509,33.30483551528999,2126
13,18,0,212.9384129007858,29.36862187851559,1814
13,19,0,173.5440824975652,23.12224578330119,1505
14,0,0,144.3616904478759,20.63086868433787,1155
14,1,0,177.8171313371945,25.34566021270646,1432
14,2,0,208.9082914640772,29.98401612432228,1659
14,3,0,230.2341358143975,32.97294749770521,1841
14,4,0,248.1864367519806,34.53310835029448,2000
14,5,0,252.2784688500921,35.8191585983616,2045
14,6,0,264.6150798050713,36.82100806140624,2185
14,7,0,273.0893514548031,39.91492777200284,2202
14,8,0,260.3287569897815,35.00103533230698,2167
14,9,0,263.9339724807776,35.78684551293401,2218
14,10,0,287.2557902102375,69.79108061810516,2345
14,11,0,288.0320071169742,181.4258718062143,2321
14,12,0,280.3093297731232,37.47626016400717,2383
14,13,0,275.468040067574,38.5918736811454,2342
14,14,0,275.1380126020134,37.75409073631189,2325
14,15,0,268.0509672300155,35.32030280917964,2317
14,16,0,286.3312559718695,764.6320167135633,2145
14,17,0,242.8755127090027,32.40305122766399,2098
14,18,0,207.4841886699082,26.93285643530353,1825
14,19,0,168.4886286688388,22.06955249172896,1482
15,0,0,141.8109362583278,20.04041025819205,1146
15,1,0,164.6908132542709,23.04636834212307,1325
15,2,0,198.1360248328182,27.43534649371325,1608
15,3,0,217.6342803916777,30.01868827250626,1770
15,4,0,242.1316528762369,33.73782984557384,1969
15,5,0,266.7538519441974,402.0805905661687,2023
15,6,0,251.2785702128145,42.98395253657306,2025
15,7,0,268.5815426275436,83.69294688185417,2167
15,8,0,264.8293968301136,36.44715035384886,2191
15,9,0,264.4522171587345,35.64659964949406,2242
15,10,0,262.9968846530303,35.98680259990806,2196
15,11,0,298.0768402491639,546.2874519236782,2301
15,12,0,273.6553695522415,43.95492942647307,2275
15,13,0,290.2470552254679,254.8106543568969,2328
15,14,0,297.2105644446685,529.0515356063523,2356
15,15,0,270.1133866735399,57.96750963445348,2257
15,16,0,252.0698030100116,32.50718161761209,2200
15,17,0,260.5987252010006,220.3700516054194,2129
15,18,0,210.7849875324227,27.96252352788229,1813
15,19,0,170.6911031758107,22.57600038393362,1492
16,0,0,130.4644884579631,18.45210434243481,1051
16,1,0,157.2058241552875,22.2772495667028,1252
16,2,0,186.6184087904163,27.58152632105713,1476
16,3,0,203.1115528367283,28.16305870258143,1654
16,4,0,226.8459754315795,68.7413082763016,1800
16,5,0,234.3726505429775,32.62257040612965,1915
16,6,0,238.8175049146257,33.10399919608621,1969
16,7,0,242.7006697639197,43.22442276281687,1964
16,8,0,252.16327943679,56.44361167858251,2058
16,9,0,240.7936510543697,33.6685219509484,2023
16,10,0,248.6553980305745,33.80257229677672,2085
16,11,0,254.0214137653109,34.85892345385429,2137
16,12,0,264.4611137660327,38.259598822239,2231
16,13,0,249.7653718117136,33.331369653842,2140
16,14,0,245.1185196849922,32.5373210479734,2101
16,15,0,269.9973958589146,253.7703678278621,2155
16,16,0,260.1017988031164,203.7501362104118,2080
16,17,0,240.7461048196092,264.9674183442787,1945
16,18,0,207.8729360906933,27.97921391184004,1780
16,19,0,161.0948712735075,42.28119210047024,1373
17,0,0,117.6046672891262,16.61158161184037,940
17,1,0,146.2885063982202,20.94816152840532,1170
17,2,0,173.130651882191,24.9650488219891,1393
17,3,0,184.3896658934475,26.33244869657523,1485
17,4,0,206.5150007385869,120.6327350449391,1604
17,5,0,214.4454092581611,29.90697110326444,1756
17,6,0,233.005071917545,32.29658647826441,1917
17,7,0,212.7922770951934,29.71329064511346,1759
17,8,0,230.9678013909991,31.75795404533027,1908
17,9,0,229.5191012260107,36.34082603166051,1887
17,10,0,237.474447360497,90.56846908037154,1928
17,11,0,223.4169298510274,29.83060296070576,1889
17,12,0,255.2463438239585,592.1869754333334,1981
17,13,0,231.7261393506501,31.97619258048904,1953
17,14,0,233.8392284814651,30.83732199271675,2004
17,15,0,243.5859327010068,288.2910382347003,1951
17,16,0,221.054546972908,28.87493941747121,1918
17,17,0,209.7014570675127,30.1224896311227,1830
17,18,0,187.806596759191,24.62799301215961,1643
17,19,0,147.9069456412043,19.47265390652675,1292
18,0,0,112.6623013000122,39.42554077250934,854
18,1,0,166.8642528254811,649.3557491332177,1031
18,2,0,149.0216078400442,21.43081318334296,1205
18,3,0,164.5396496252489,22.7873682449334,1336
18,4,0,183.6589232881614,26.52402908362512,1450
18,5,0,182.0059256111237,25.5287030502355,1472
18,6,0,192.3593817968347,26.23587541646865,1592
18,7,0,198.5152121857255,26.98432843807571,1649
18,8,0,199.7578854994039,27.44005712232545,1658
18,9,0,193.3533919201471,27.54030035833508,1585
18,10,0,186.3180438510146,24.95055326777441,1578
18,11,0,195.883319244984,27.93806406195644,1633
18,12,0,204.8098446599946,27.58655825325836,1740
18,13,0,201.7813416668075,27.30232805695686,1709
18,14,0,194.1437929568425,26.26756448435684,1663
18,15,0,200.3470641418817,25.93801789904223,1743
18,16,0,199.9212696316883,26.44691322360148,1721
18,17,0,187.1200456233945,24.66979429508774,1626
18,18,0,162.6867205230997,21.71047491194909,1410
18,19,0,129.9324139886057,17.3018537094071,1129
19,0,0,91.5035674097178,12.74872625035268,742
19,1,0,102.6738234856972,14.21213819028725,830
19,2,0,120.876071837279,24.79152777950541,947
19,3,0,134.4212445933458,18.85012023617406,1079
19,4,0,149.2812104325869,21.06202874955881,1204
19,5,0,153.5082316918552,21.25378702131953,1257
19,6,0,161.3695262935843,23.17058246219695,1298
19,7,0,153.5633512186259,22.21369772129722,1276
19,8,0,164.376797881903,23.58121490453892,1330
19,9,0,172.2925468346404,92.40149667564002,1386
19,10,0,164.4719727216785,22.35885736632298,1401
19,11,0,151.7071573338931,20.25495281941421,1286
19,12,0,166.363040183243,22.218216278164,1412
19,13,0,157.9553262427533,20.76643719570165,1355
19,14,0,156.2196379513973,20.41324423851531,1364
19,15,0,160.8712208951522,22.01687621737469,1362
19,16,0,154.0277787595794,19.58965613365934,1358
19,17,0,141.8565345945711,18.29054946661115,1245
19,18,0,131.4546098364548,17.03351958923378,1157
19,19,0,113.5539499235739,40.54502318139757,938
