# mesh name: boxMesh_1
# primitive scorer name: doseScorer
# iX, iY, iZ, total(value) [MeV], total(val^2), entry
0,0,0,86.17133264277693,12.35754636391073,696
0,1,0,109.2854031170569,15.57468419343894,866
0,2,0,118.205367679579,16.43819549877205,963
0,3,0,135.0388084945358,18.55778925561132,1105
0,4,0,150.9542383111594,20.93144940589538,1236
0,5,0,152.9002318257567,21.55484207379147,1250
0,6,0,178.9551158356427,401.2188555578352,1326
0,7,0,160.703693489569,22.25263766994554,1323
0,8,0,162.0143057130069,22.18205444444273,1352
0,9,0,171.1565203378847,92.12617042851294,1368
0,10,0,160.8565941308858,21.33606868423066,1384
0,11,0,158.1616421595202,20.73793507047629,1375
0,12,0,165.9437310732301,21.6458628970541,1453
0,13,0,167.8851432175341,22.90407323336444,1450
0,14,0,164.3606105274976,21.83634017797016,1434
0,15,0,165.4194392569606,20.88610768265656,1488
0,16,0,166.0447342718157,74.20528015803716,1410
0,17,0,162.4111812546952,21.57999442688189,1438
0,18,0,154.6303739080677,23.10389138764803,1394
0,19,0,121.759834510094,15.74413458575155,1110
1,0,0,103.8439395896499,14.96205522125565,831
1,1,0,122.5799523353894,17.12788515430946,991
1,2,0,156.207210991881,22.34251811095423,1251
1,3,0,173.6570107010494,49.61569629318691,1352
1,4,0,176.6292939759113,25.38846438150338,1429
1,5,0,182.0248960640732,25.21414087468651,1486
1,6,0,192.3307726192283,26.6813945007712,1573
1,7,0,198.9947969660724,27.73394525685725,1643
1,8,0,200.2142848516125,26.729777791913,1690
1,9,0,211.7823966154306,72.04010861416066,1724
1,10,0,214.628313468449,39.6315027579974,1782
1,11,0,204.8869509853118,26.89115196797783,1767
1,12,0,205.276448938185,27.67834655814909,1748
1,13,0,207.1457542600232,27.82081737320028,1831
1,14,0,209.3439761447062,26.92359671614957,1851
1,15,0,210.3776638897606,27.19187735921227,1871
1,16,0,203.5400002172505,25.61459352916531,1843
1,17,0,211.6840761779371,27.1693013251599,1892
1,18,0,213.8463918486387,164.2782785288249,1816
1,19,0,163.9694253339632,21.40449624890643,1468
2,0,0,126.710494968902,18.49866287340685,1014
2,1,0,151.7117395301481,21.20508180130877,1215
2,2,0,164.5719873067075,23.03351375545557,1328
2,3,0,185.3901151575599,25.75395591165625,1514
2,4,0,204.8978862126825,28.87425252086536,1666
2,5,0,204.5261227842426,27.95146778532262,1688
2,6,0,228.2880997842811,31.73157104825703,1870
2,7,0,238.4348636713813,151.4365213645971,1850
2,8,0,238.4560316322728,31.78057143332043,2009
2,9,0,256.695154930916,555.1981385662742,1945
2,10,0,239.607189248447,42.52638538361529,2014
2,11,0,249.402846274093,114.1926131207456,2047
2,12,0,237.0612009849706,31.65977258720995,2042
2,13,0,247.9904156093607,33.3098180859595,2138
2,14,0,250.1300168014048,146.6215331654836,2085
2,15,0,238.2223413489529,33.67055879632974,2156
2,16,0,251.1857392799645,46.63759820814757,2193
2,17,0,243.6614876655833,30.71940479625786,2200
2,18,0,225.8543606799633,28.69902216587383,2050
2,19,0,180.4612461707124,23.76830378782671,1637
3,0,0,131.0249043434665,18.87205819843459,1030
3,1,0,170.7774150749663,175.4774560750155,1237
3,2,0,176.3610397134324,24.71872096345373,1422
3,3,0,199.4527474170569,27.5673409051916,1616
3,4,0,231.5384286788569,32.54689446358367,1869
3,5,0,227.2375269376649,31.90489060515866,1857
3,6,0,245.4668193121491,33.84986987439441,2035
3,7,0,263.4896842498805,103.5386220075265,2098
3,8,0,250.4652230100431,33.5546469968094,2120
3,9,0,258.5548034245594,34.75599940570793,2187
3,10,0,271.7683279354449,221.5822991836984,2154
3,11,0,255.5061805373935,36.34803244001542,2200
3,12,0,266.5995668562783,35.19984717395506,2307
3,13,0,250.9612891369029,32.69140119118111,2195
3,14,0,260.5499343293101,34.11297477527833,2292
3,15,0,269.2399496537865,66.73012426982594,2327
3,16,0,252.0550082730196,32.30691323341241,2258
3,17,0,263.4365133473436,34.02423588427352,2363
3,18,0,241.3441040813241,43.62476150731772,2147
3,19,0,185.6512812119813,23.84938596507722,1669
4,0,0,135.8433616763457,19.52294970049848,1080
4,1,0,171.9679655196541,25.42721820538234,1328
4,2,0,196.9304678929649,28.22553695960118,1556
4,3,0,221.0374344894361,31.11981219353419,1765
4,4,0,252.8807370395681,363.1326311990057,1878
4,5,0,258.6075661046505,77.35421326259834,2038
4,6,0,256.9361187332586,36.13818973951543,2095
4,7,0,262.5311953367632,36.52067150719336,2171
4,8,0,269.0026520434176,35.92769580750245,2286
4,9,0,260.3686566276597,48.86244443678949,2173
4,10,0,278.8122321056062,190.4801264995788,2203
4,11,0,267.7228804979062,35.8186445676228,2288
4,12,0,276.7511403024811,37.49124414806155,2370
4,13,0,269.934508496092,40.60282066720342,2343
4,14,0,268.3663080818622,38.53575419245196,2347
4,15,0,265.4933835868649,34.45122819541148,2340
4,16,0,269.529958626767,96.09714607486512,2338
4,17,0,255.5302803536991,32.07790220521026,2318
4,18,0,239.4784116024686,30.27274826258941,2157
4,19,0,189.3986489282921,23.69884144546174,1735
5,0,0,156.8627796764492,23.06402160918904,1233
5,1,0,182.655045882589,78.7285863188843,1392
5,2,0,207.9213288526867,28.78936206211319,1685
5,3,0,227.6835405175121,31.05528355255707,1858
5,4,0,243.237687015651,33.69376489975893,1978
5,5,0,263.9973576192086,36.97019795044955,2158
5,6,0,270.9731988060154,38.0810084572138,2212
5,7,0,267.0453133514295,36.69357321744338,2212
5,8,0,276.5540600135867,37.64676946347385,2322
5,9,0,300.5706767325935,391.5519536612495,2378
5,10,0,279.6650618378473,37.46320895087264,2379
5,11,0,282.8614923263403,48.77431846668775,2395
5,12,0,277.0936063478103,38.89938842771507,2393
5,13,0,287.0858841615631,46.09669756157928,2460
5,14,0,283.9042011822146,37.51018513055327,2488
5,15,0,279.0414543038725,36.56757388103182,2455
5,16,0,284.8965874243413,37.38320375626839,2523
5,17,0,267.6414930757398,34.893092799469,2384
5,18,0,238.3913067051971,63.55702685062163,2108
5,19,0,196.411147427623,24.98510913194794,1772
6,0,0,147.0626176365022,20.92286654938735,1174
6,1,0,183.8751080249822,26.2697525430057,1465
6,2,0,219.215435684953,31.61315922118292,1738
6,3,0,230.2594451116441,33.16370584188481,1836
6,4,0,235.2143267660419,33.99867503348115,1892
6,5,0,263.1685797895364,36.34191679613102,2167
6,6,0,288.3871962433646,132.471130326413,2272
6,7,0,285.1819740983697,46.14051031735363,2332
6,8,0,298.8592114729745,189.9269282648637,2364
6,9,0,278.4719939727394,37.25541432754417,2357
6,10,0,270.6575052557563,35.7620918024385,2321
6,11,0,304.5378712161781,348.0502155766565,2416
6,12,0,300.3867717364178,290.0345242299346,2460
6,13,0,281.2455031039488,99.74678747758095,2389
6,14,0,288.9073620551877,41.34487077377293,2493
6,15,0,278.5190221537799,36.34523214240435,2461
6,16,0,274.7678711275602,35.71864135318065,2439
6,17,0,276.6244823600202,34.56299609442034,2507
6,18,0,242.172633147797,30.54537527106215,2195
6,19,0,199.1227523347674,84.69866812308234,1734
7,0,0,158.7338981938655,42.36493611933756,1218
7,1,0,180.2170173274943,25.65356213135178,1438
7,2,0,215.581538970978,31.06040134634734,1709
7,3,0,212.3786362958452,28.64339462725077,1756
7,4,0,259.8485231062025,74.70069394798477,2082
7,5,0,276.7704292780928,73.32099705006075,2244
7,6,0,265.26673909326,36.70898758434622,2193
7,7,0,276.7020556325812,37.19874985888515,2322
7,8,0,274.0709938564754,47.44757823278651,2240
7,9,0,285.4912799417834,347.1487910332607,2264
7,10,0,283.2686443473777,38.13017810221283,2408
7,11,0,265.0277195034066,34.31598875688494,2317
7,12,0,280.2186580718705,37.48808421833043,2415
7,13,0,270.6417912768118,35.32111479073352,2384
7,14,0,284.6298452625598,45.08127977223462,2461
7,15,0,263.4886059208387,33.52567606307156,2353
7,16,0,281.3309337245069,36.41844724118742,2500
7,17,0,276.9674762738402,38.89495499272823,2467
7,18,0,247.4075015766175,31.32403897574234,2236
7,19,0,193.3783673553457,24.71183649363046,1737
8,0,0,155.8854277142529,22.60429017422416,1227
8,1,0,185.735694773623,26.24692532570529,1485
8,2,0,218.5586657237859,31.17830764611432,1750
8,3,0,245.5089313366954,43.03733697143567,1951
8,4,0,255.3454115346963,35.71233449634073,2070
8,5,0,267.565972299973,37.38184197964293,2187
8,6,0,288.1035996141305,122.5416147142494,2301
8,7,0,280.9215520974897,38.98262897274572,2319
8,8,0,291.8022823531818,42.16784236317795,2387
8,9,0,283.6846928389441,38.16803979143831,2408
8,10,0,273.3310367010233,37.28829706758027,2319
8,11,0,275.7336078515569,37.27970646765343,2339
8,12,0,282.6322912658345,38.28809813824164,2435
8,13,0,292.0739521105276,154.5453325491975,2427
8,14,0,276.8962042165576,50.79854121111036,2406
8,15,0,265.4870765201236,43.12151531034102,2348
8,16,0,271.9500664286461,34.98918286130371,2433
8,17,0,268.2764020899779,34.79936455469328,2408
8,18,0,242.02215142579,30.33821170969401,2204
8,19,0,189.2801736793276,23.40090125431364,1749
9,0,0,146.0039029629146,21.01906041466983,1151
9,1,0,192.621832780255,27.17071153801833,1544
9,2,0,205.1215987875222,28.81769120287233,1669
9,3,0,250.5287633324199,39.45229987543755,2002
9,4,0,246.5804171015967,34.30181830197094,2010
9,5,0,275.3608301520288,99.93031507798389,2188
9,6,0,269.8574450330643,38.35913210471524,2229
9,7,0,295.2274636642462,159.0049691615797,2351
9,8,0,277.5816393744909,55.26083380167833,2283
9,9,0,287.8139650890973,39.91602453156673,2415
9,10,0,278.9672462730967,38.05229874754824,2356
9,11,0,283.3889232900883,38.07889508603855,2424
9,12,0,281.1021992069086,36.20311889620369,2469
9,13,0,291.3381750138938,314.7000281756307,2386
9,14,0,295.1417758178308,339.4448633267857,2442
9,15,0,270.0250891591767,38.45691580478735,2371
9,16,0,286.3927544181418,104.5760071896592,2489
9,17,0,267.8201031528437,34.17658346385715,2414
9,18,0,273.2020021482764,375.7792143153652,2230
9,19,0,196.5719348382523,24.90021952908375,1796
10,0,0,151.1332581355066,22.38635957753906,1201
10,1,0,180.0533340799414,24.76576709061735,1460
10,2,0,220.4432697192998,32.16722628977539,1739
10,3,0,235.5071337313599,33.1521600102084,1903
10,4,0,271.1737420727729,422.2908608842046,2031
10,5,0,289.9244576091234,589.45587493574,2180
10,6,0,271.0937943746516,47.38094329802874,2237
10,7,0,275.3754546952872,38.75636857796114,2260
10,8,0,278.3113598295772,49.83649434382919,2314
10,9,0,271.7724918816829,35.99620593532606,2316
10,10,0,286.2021206309468,38.9452903044507,2430
10,11,0,270.2498362292404,35.8533535173713,2349
10,12,0,289.2327328595781,78.66859807803269,2478
10,13,0,285.7385089990281,55.17987487557847,2465
10,14,0,292.7865982151513,166.3421252075556,2444
10,15,0,274.6094461181372,73.6173909352172,2387
10,16,0,271.9871703726006,34.80087761383446,2434
10,17,0,280.369819512088,285.0051786783901,2402
10,18,0,241.3638021383867,30.37661701085991,2200
10,19,0,210.9017494595402,416.5179464215998,1758
11,0,0,147.0676036355425,21.48000104882079,1165
11,1,0,172.1213189709631,24.66960484032665,1380
11,2,0,216.8319388224944,31.28066159399143,1722
11,3,0,237.4814629914418,33.41876976785608,1912
11,4,0,255.8409700365967,35.9433394166148,2071
11,5,0,266.8430493252637,36.25979621993675,2195
11,6,0,275.503737603114,41.08013880915165,2249
11,7,0,269.428733500116,36.97287954701402,2248
11,8,0,289.4879398568878,102.2599691792763,2355
11,9,0,278.2566382330794,37.70139673051937,2341
11,10,0,280.4442649910544,36.89372111491754,2394
11,11,0,286.4236733082926,91.68719444832296,2396
11,12,0,277.4534799363313,36.15122348816989,2428
11,13,0,270.4687233733518,35.13632420355762,2367
11,14,0,272.5228767474795,35.0467531180485,2412
11,15,0,274.2065262402613,35.04694029581884,2436
11,16,0,286.8660710366436,38.27365390059126,2541
11,17,0,272.1679087307685,60.7088199919756,2405
11,18,0,245.6127272222211,31.10224476071161,2238
11,19,0,196.6676748988804,24.77847431808267,1813
12,0,0,149.5920498022684,21.06105230844731,1188
12,1,0,184.5279201059568,25.84201720173171,1481
12,2,0,210.5462258368296,29.81707007224326,1688
12,3,0,234.1445241409705,33.80908972105153,1891
12,4,0,256.8571382795724,51.64976871247433,2044
12,5,0,273.2160859731968,44.2738416683827,2192
12,6,0,272.6336837325389,38.03532395019122,2226
12,7,0,278.9814237111609,43.10092543597616,2292
12,8,0,273.3132316133493,37.03342992217718,2301
12,9,0,277.7843919264082,41.73108061662425,2339
12,10,0,281.9250662990719,36.7818221888822,2436
12,11,0,273.5308954337864,37.02771228432407,2329
12,12,0,275.5364449257972,36.43105090791928,2366
12,13,0,284.85438428479,38.57944038542036,2445
12,14,0,309.1539933447434,575.5248250313233,2475
12,15,0,265.9136277264234,68.08780507417548,2334
12,16,0,276.4965005666278,52.01122517581743,2422
12,17,0,278.9689721487367,204.7734074609567,2375
12,18,0,241.2404135000894,30.39814905200625,2187
12,19,0,187.9308633787509,23.69854392628281,1715
13,0,0,162.9129453855976,54.3327095301441,1226
13,1,0,184.6840490105688,57.82975946001208,1430
13,2,0,213.4605893819318,30.28304382404734,1711
13,3,0,244.2613238260287,35.17532318920379,1941
13,4,0,261.0189329839176,164.7491446048108,2035
13,5,0,264.0324157558945,44.82940904170315,2160
13,6,0,278.3932760640968,39.15345691358554,2277
13,7,0,277.3586132416364,39.3546043702797,2259
13,8,0,270.7147409142904,37.79690762308979,2259
13,9,0,277.7217198860611,37.98081770635345,2324
13,10,0,281.7308519577965,74.51493576172541,2384
13,11,0,280.0793935224055,36.8589536155422,2413
13,12,0,283.0664368519844,38.52911376015701,2447
13,13,0,278.5931220616421,37.18248860804949,2412
13,14,0,271.1258281567349,34.96812836833541,2409
13,15,0,283.8052330543783,36.33127460364629,2526
13,16,0,270.4341275778689,35.26428862170658,2413
13,17,0,261.6403939993024,33.06677265676525,2360
13,18,0,251.1793173546057,84.77034736626432,2201
13,19,0,202.4778897353413,26.04327333293996,1830
14,0,0,146.0728514267636,20.46996560444906,1174
14,1,0,178.3151670756703,24.55284391716642,1443
14,2,0,201.1486570558835,29.14283937661829,1595
14,3,0,226.9489520367903,130.900350902884,1755
14,4,0,249.1964938528785,35.21719288537333,2018
14,5,0,260.7138629393618,101.4468390718578,2066
14,6,0,262.2872733880831,36.10804145107583,2163
14,7,0,267.5419498394136,37.08738728594761,2231
14,8,0,272.832047687555,36.92579667125965,2279
14,9,0,275.8450844515181,37.72803926629159,2320
14,10,0,278.3716155305083,36.9012316968772,2392
14,11,0,274.0239707266134,36.73948134737822,2351
14,12,0,285.2579866650613,118.5035557420733,2404
14,13,0,283.9784575442498,37.85743282218092,2460
14,14,0,283.4861058041883,76.56725663187281,2417
14,15,0,266.4600358455479,34.11965446858527,2385
14,16,0,263.9655399201641,34.37703075859913,2362
14,17,0,262.3123097908339,33.65794292101084,2361
14,18,0,242.9926127195906,30.78125774091183,2202
14,19,0,198.6851988294457,40.84101611073644,1747
15,0,0,138.5244624327904,19.55037067342017,1113
15,1,0,161.5496809186401,23.54753617138498,1275
15,2,0,186.9733356031909,38.56998688312367,1461
15,3,0,209.8673202511251,30.36659250517907,1666
15,4,0,240.8464187643083,33.92809507842142,1982
15,5,0,251.0947072279142,35.13719651597566,2046
15,6,0,250.7963132854462,34.97740353422554,2071
15,7,0,280.8246672044303,158.0951244188432,2224
15,8,0,274.7768574370816,37.69878195418916,2285
15,9,0,255.1086760167499,34.28442775713415,2164
15,10,0,274.1469064855538,36.85857037212988,2339
15,11,0,276.1466548385621,37.15350661127062,2366
15,12,0,275.1801516062484,36.24380069631233,2379
15,13,0,274.5768795858721,35.22555253978248,2422
15,14,0,272.287434136388,35.15764639264279,2413
15,15,0,260.4797710460541,34.21742337662656,2290
15,16,0,266.2130355176759,34.10368821118801,2373
15,17,0,254.6444048120338,32.39051345654774,2303
15,18,0,266.1085941843479,300.4093531205991,2223
15,19,0,207.8739043748377,233.5763240222075,1736
16,0,0,135.5373216366343,20.27427829781067,1067
16,1,0,154.2603592480808,21.54923877613805,1240
16,2,0,166.5537748363482,23.04037815596616,1359
16,3,0,206.4293383564594,28.60240735200932,1679
16,4,0,217.0634951397372,75.92773628280666,1706
16,5,0,246.5023120713032,102.5152019011118,1937
16,6,0,243.8492412332012,33.86317169080822,2007
16,7,0,250.1557075622254,34.57689048387545,2073
16,8,0,258.7165877808199,34.9903747948448,2171
16,9,0,256.1225707589466,70.11067195728958,2120
16,10,0,254.3016335998362,34.18194962410016,2162
16,11,0,266.8582639960473,37.44757264628045,2275
16,12,0,258.2033328247112,59.31090196649266,2183
16,13,0,255.9154869981404,32.67202662161815,2266
16,14,0,280.057256430445,252.7161255592432,2281
16,15,0,264.1436695003976,67.87682308114317,2263
16,16,0,262.9021792691947,34.2127756150611,2336
16,17,0,259.4488770615299,33.45706118770399,2329
16,18,0,242.7700063737041,50.03831619988234,2165
16,19,0,186.0483236177294,23.51844866445145,1710
17,0,0,122.9505367704675,30.45875423208318,938
17,1,0,138.2137909716943,27.38017851595603,1075
17,2,0,170.0900800496059,69.12065729225581,1306
17,3,0,224.2170281469473,625.228934392591,1594
17,4,0,210.3371960936549,54.18850317438915,1670
17,5,0,218.8092416360321,54.30361193330935,1740
17,6,0,222.9929268217868,31.85682291233868,1805
17,7,0,216.9490160380541,29.10552676389215,1824
17,8,0,227.3451790906022,30.71373554280099,1911
17,9,0,244.0087010560968,33.26748584583712,2053
17,10,0,230.8341958341294,31.34646823623201,1977
17,11,0,261.9770647546916,300.1743048342668,2102
17,12,0,243.4239552838936,32.71900090055609,2108
17,13,0,242.1666910260967,43.81938510993593,2069
17,14,0,236.5965938009904,30.92071280011817,2088
17,15,0,237.7178218261695,30.32009372037076,2123
17,16,0,242.3608146214615,31.39533205829898,2161
17,17,0,249.6057934272832,32.68251272125539,2238
17,18,0,231.2824204220577,68.01946254615515,2024
17,19,0,171.6168637593736,21.42863665742182,1576
18,0,0,103.5754983673858,14.68307247017116,831
18,1,0,130.5776376565896,18.92203495098986,1034
18,2,0,145.6709870089879,20.88658036095367,1148
18,3,0,167.3633649476067,23.6876196748571,1344
18,4,0,177.8660939040788,24.73801398400463,1449
18,5,0,181.7941320038575,25.25369510861279,1503
18,6,0,198.0851080479257,45.08432384036161,1606
18,7,0,197.084228340371,27.27271801129682,1638
18,8,0,193.6928641706454,25.93186600060763,1650
18,9,0,190.6945984862492,25.32215705057881,1625
18,10,0,203.779197070777,34.475254150759,1697
18,11,0,214.9153551181554,29.71078166161469,1819
18,12,0,208.4716249573794,30.99742379306322,1797
18,13,0,215.3583652355227,138.1251059756429,1765
18,14,0,232.6608789441538,81.64939949698866,1956
18,15,0,209.3663752859616,81.6769696038449,1800
18,16,0,216.302628672846,68.51374849907917,1853
18,17,0,215.1883861287615,27.36618314188512,1926
18,18,0,197.6572483880041,26.5995327409719,1789
18,19,0,160.7868374577229,25.9466244765546,1416
19,0,0,81.27173322223673,11.14696988227026,660
19,1,0,118.5030802781968,197.646865895831,825
19,2,0,116.0247170618519,16.20283095066562,938
19,3,0,141.4663073162648,20.49695342837288,1119
19,4,0,146.8830920055536,20.74737335144281,1181
19,5,0,151.701426346011,20.82107313856036,1253
19,6,0,154.3686170012016,20.60141091388947,1287
19,7,0,157.8359942341461,22.49272128369205,1309
19,8,0,162.6315126310232,24.59066227607924,1366
19,9,0,163.2385316738244,26.66055504077374,1354
19,10,0,176.8054975892805,176.5491810850771,1406
19,11,0,158.3566980502496,21.37081988277918,1360
19,12,0,170.9507837327513,22.90968268952625,1478
19,13,0,162.7430958802071,22.53586251604763,1439
19,14,0,160.0702007563659,20.32698523557841,1431
19,15,0,175.0341587995552,45.789502584369,1531
19,16,0,157.2428315660219,19.58404746220444,1422
19,17,0,157.6574563261066,19.99946143555538,1425
19,18,0,157.9651283804454,20.08279871451227,1428
19,19,0,118.9760179079764,15.02203682760609,1085
