# mesh name: boxMesh_1
# primitive scorer name: doseScorer
# iX, iY, iZ, total(value) [MeV], total(val^2), entry
0,0,0,83.74778711455707,12.57040980715001,625
0,1,0,101.8053624176462,34.24028357218977,729
0,2,0,115.2426262220541,17.37099884185486,871
0,3,0,131.4311510296011,18.96565261152321,1010
0,4,0,130.9084901158675,19.24248780024424,1002
0,5,0,155.67348563283,22.73841832027646,1205
0,6,0,148.1943720949279,22.84070960126983,1131
0,7,0,159.9624985131578,29.25528681909377,1251
0,8,0,174.254385234025,77.91356253955391,1316
0,9,0,175.0224749242045,96.05249260748656,1307
0,10,0,167.69966266816,23.32070383620754,1355
0,11,0,162.5283468331532,22.88004203366738,1325
0,12,0,165.2630036358444,23.33189373948765,1338
0,13,0,162.9878828883434,22.48348506473291,1351
0,14,0,153.9846948905997,21.37438990098806,1262
0,15,0,171.5838431999678,23.41807505242788,1433
0,16,0,154.5329900591926,22.79145526668352,1268
0,17,0,141.4647789576323,18.62726090837431,1213
0,18,0,126.508786850854,18.37756640032872,1073
0,19,0,109.06488747394,15.24727282662695,920
1,0,0,101.7276814626903,15.50670540889622,760
1,1,0,117.963712880369,17.95985455167765,872
1,2,0,138.7087675615136,20.75494807544717,1047
1,3,0,149.3336331316847,23.41164503639333,1115
1,4,0,173.9376588354162,25.90385331048443,1317
1,5,0,172.8850537683217,25.10044789681254,1336
1,6,0,175.6428697451379,26.23162184591127,1342
1,7,0,186.5672885163806,26.79574621960423,1450
1,8,0,205.1599725569142,136.1277818979293,1522
1,9,0,196.7318989591112,28.06022373621374,1559
1,10,0,189.4263844038031,26.76713045302128,1523
1,11,0,200.6703048388324,36.72453794337636,1604
1,12,0,225.7027468204502,575.4037093932795,1669
1,13,0,194.1525434979927,26.07892892940686,1630
1,14,0,199.1984083004247,27.00864490449696,1674
1,15,0,197.1054186326429,26.20851272731216,1668
1,16,0,194.0121926835746,27.01247106596472,1614
1,17,0,187.914431389102,27.63380844033389,1580
1,18,0,164.6719130775388,22.86070532687412,1385
1,19,0,134.7924024601022,18.97688197218628,1149
2,0,0,116.2777554996876,17.92866658877919,851
2,1,0,143.9528595640137,21.41879953845044,1085
2,2,0,174.205646233017,192.2825908881789,1209
2,3,0,208.5363441933341,654.2976598047223,1320
2,4,0,193.7244343365278,28.1493127919603,1499
2,5,0,205.4868776353512,30.57791303146898,1562
2,6,0,210.6263969357003,30.96516871727059,1617
2,7,0,221.6974197638383,32.68368247121455,1720
2,8,0,221.1166401642281,31.32256296678662,1742
2,9,0,221.0404068769576,32.58578218741664,1741
2,10,0,224.2777091573414,31.53518551476484,1814
2,11,0,246.1410876130702,469.8172583911115,1846
2,12,0,226.3011271516666,31.5095320215115,1853
2,13,0,235.3500745504001,244.4175700873399,1839
2,14,0,254.0222122761939,773.270869351355,1907
2,15,0,224.2025840047375,33.28918190508456,1894
2,16,0,241.9582362378099,56.44591903601778,1948
2,17,0,225.5022329854063,180.4686841179151,1821
2,18,0,168.6353057512902,23.01160906034754,1439
2,19,0,147.6461048374541,20.34335486337198,1253
3,0,0,121.7038430696612,17.93047874224192,920
3,1,0,141.664634687686,21.27470608284205,1060
3,2,0,181.0884042008678,35.49788898294901,1330
3,3,0,195.763605705643,29.04422857261187,1472
3,4,0,212.7086931910383,35.2036733342613,1608
3,5,0,224.5640819412228,34.22290796466958,1696
3,6,0,239.9060145472739,35.68432950234169,1826
3,7,0,229.0753163646801,33.81488899181136,1768
3,8,0,235.0669111241352,33.89528841209561,1853
3,9,0,243.1780470589138,34.31172640277265,1950
3,10,0,245.0905446779239,33.86138778003717,1994
3,11,0,235.5365270781253,32.15095278582216,1932
3,12,0,258.976087574857,96.42393102241179,2043
3,13,0,253.3575246139022,93.05903496113731,1997
3,14,0,251.0379391437609,77.62757152888059,2034
3,15,0,247.286673630232,42.56168640990204,2078
3,16,0,249.870965448461,51.07093594111646,2068
3,17,0,218.4936665388883,41.74233812863296,1841
3,18,0,208.6700816076831,92.69037925128708,1708
3,19,0,165.6620807599301,21.89370223064329,1444
4,0,0,130.9487118557866,19.42098446838327,993
4,1,0,163.1714372539309,24.52655679942332,1216
4,2,0,199.4259363451294,165.7485024138444,1397
4,3,0,204.4981843102172,30.04554473119885,1559
4,4,0,233.2733148977621,35.08898553923988,1745
4,5,0,238.8630603442703,35.48699649070902,1834
4,6,0,245.969363387341,35.77412788430267,1896
4,7,0,253.2175381726864,37.13388246707225,1953
4,8,0,253.8066229564467,35.93347243033609,2006
4,9,0,261.5291338068449,37.3542373384422,2081
4,10,0,267.7647888138657,47.74648950299439,2120
4,11,0,262.7719766566,38.14033630952424,2108
4,12,0,264.9110553735536,36.93696534562348,2169
4,13,0,262.3119801079927,35.495897150363,2173
4,14,0,267.1473211247829,37.29531444125207,2193
4,15,0,262.9797470188906,34.95617153639255,2218
4,16,0,251.281385963445,36.60754611423102,2107
4,17,0,233.4685771611406,47.50179804321827,1951
4,18,0,226.2597167026222,114.8217872657253,1840
4,19,0,170.7421687951043,22.48653346410135,1487
5,0,0,151.9890165357586,23.2059618457997,1116
5,1,0,165.2358010817409,24.64275739696312,1240
5,2,0,199.7154895322033,101.3220918459406,1415
5,3,0,223.9384016550574,33.37223483505841,1686
5,4,0,238.8013180576905,34.79860737800051,1828
5,5,0,253.1068727045866,42.90789664916407,1937
5,6,0,272.3162270215972,297.9819679409274,1985
5,7,0,263.4290135303671,38.31253396062248,2053
5,8,0,293.1881393968294,86.05084130917196,2223
5,9,0,284.5566522987161,95.46317615869152,2170
5,10,0,267.9621724153092,38.16831598828728,2152
5,11,0,278.2953047907876,45.28631061017249,2215
5,12,0,263.7753622014019,35.93626759331833,2173
5,13,0,268.7840254934147,36.99547702424228,2213
5,14,0,277.0354788232478,37.17364638373473,2331
5,15,0,278.8842349301398,90.6729079082978,2272
5,16,0,268.9945014235865,64.80583064980192,2246
5,17,0,234.4518973847184,32.23386411916238,1963
5,18,0,212.2111446222721,29.87990451184044,1815
5,19,0,181.5281148642883,225.3165129304797,1446
6,0,0,144.9211299404819,22.40086203623843,1048
6,1,0,172.8596865511716,25.54752314941302,1304
6,2,0,198.0434766050281,29.43863903802738,1486
6,3,0,227.2148108853292,36.77886243226139,1697
6,4,0,244.5422149607863,77.20860364116177,1801
6,5,0,260.1949704888494,39.72667090514769,1988
6,6,0,260.5799562862104,37.54942787165155,2034
6,7,0,277.5706254746157,43.51009306171215,2150
6,8,0,278.4643563611049,40.31354600063326,2194
6,9,0,268.7787224049886,38.99379052418951,2119
6,10,0,277.5519975605307,38.11233898184549,2268
6,11,0,289.6815224158591,173.6893256682984,2260
6,12,0,273.2346640344385,37.79258440860522,2236
6,13,0,275.4338010972206,38.36870657351552,2248
6,14,0,278.9047885536291,37.87323658434358,2332
6,15,0,287.4999078906187,179.7693184264943,2305
6,16,0,274.178876099642,49.51792902246055,2286
6,17,0,249.131452578296,45.86691754187414,2102
6,18,0,216.3363632550505,28.99142290395,1862
6,19,0,179.5148144184715,24.12221265377556,1538
7,0,0,144.6246618353719,21.84312527425438,1075
7,1,0,179.5278226998454,27.86979206453589,1332
7,2,0,200.2821646185479,30.58521787314955,1483
7,3,0,223.683451566969,32.88248390920225,1696
7,4,0,248.1393582572394,36.53887233618993,1890
7,5,0,255.5587011695337,37.03623494932179,1969
7,6,0,263.5039620962132,38.59425586265473,2023
7,7,0,281.7207998421335,40.39719779860896,2208
7,8,0,285.5955521587525,40.70956471933216,2251
7,9,0,299.0122536598886,208.145442941932,2281
7,10,0,289.7747269967067,41.84291434592615,2302
7,11,0,288.6341663265022,40.88148406168639,2315
7,12,0,283.2353847767534,39.39795091781586,2319
7,13,0,278.8383774043432,38.97718281751779,2288
7,14,0,275.8986540374605,37.39790107053756,2320
7,15,0,275.9663734709166,37.36802569720972,2341
7,16,0,272.2565170558415,37.31460474991173,2295
7,17,0,246.0730627353082,32.58715708697604,2109
7,18,0,223.8587446542448,30.55038470518924,1895
7,19,0,174.3192285031406,23.51337513419261,1492
8,0,0,152.345623081062,23.41225002862294,1125
8,1,0,188.8737741958514,28.62087964509194,1404
8,2,0,206.5302244746896,30.79251205189822,1554
8,3,0,241.0862907146118,50.67361269890446,1798
8,4,0,255.8895332429191,37.96891887260006,1945
8,5,0,260.0784278532361,37.98301200673431,2005
8,6,0,260.1711116555841,37.9235997923222,2013
8,7,0,280.5355829374098,39.97558636074874,2202
8,8,0,294.1738171955408,149.851760704022,2218
8,9,0,299.5924397560286,63.35193434628029,2334
8,10,0,288.4945998558001,41.19002949162426,2322
8,11,0,277.9563594198052,56.40482330002037,2248
8,12,0,272.4470166006641,36.53612703443758,2277
8,13,0,290.2864909615975,91.26936629604837,2332
8,14,0,287.0540306160204,38.94465230556034,2406
8,15,0,280.566521541429,44.7704521995875,2355
8,16,0,262.80196236123,34.76731312987255,2244
8,17,0,251.3484217353785,38.68219831693897,2150
8,18,0,213.8226391141872,47.82097389751509,1814
8,19,0,187.6908207399024,25.30373007752943,1606
9,0,0,149.8797732069921,22.8528764012357,1106
9,1,0,183.4641199550236,27.35093385502932,1376
9,2,0,199.8070101710743,29.95973263826551,1506
9,3,0,227.4409999906492,33.76243368883242,1728
9,4,0,253.0642160625426,37.76018582297381,1924
9,5,0,262.2737965084512,38.67454339479097,2017
9,6,0,274.5490262537243,40.01623752378491,2116
9,7,0,291.8819293899924,57.94230721689242,2235
9,8,0,282.9036689159393,40.92366356905151,2235
9,9,0,295.3398188241493,270.2034779727627,2215
9,10,0,274.9463095628362,39.31108415689793,2191
9,11,0,281.1334846430752,39.7848530876435,2265
9,12,0,278.3300098106287,39.24035460753941,2278
9,13,0,289.2968825628215,77.90473108690871,2326
9,14,0,275.3291391320666,37.90120467254268,2291
9,15,0,277.1209038153023,36.78979589512397,2353
9,16,0,280.7872878518599,171.4594565319279,2264
9,17,0,239.4777198175123,32.52720814002658,2030
9,18,0,213.7433475103765,47.20589215908949,1812
9,19,0,218.6016566874602,569.2479453115325,1591
10,0,0,151.5152352708471,23.2433578518069,1121
10,1,0,179.3978588494831,27.0067612490333,1340
10,2,0,203.9692750357318,30.4466655654965,1529
10,3,0,226.8607810448913,34.85667566880878,1708
10,4,0,246.3359850018763,36.53185233257694,1861
10,5,0,250.6795119878092,36.6688284421918,1923
10,6,0,274.0487467340151,40.29116140787141,2120
10,7,0,288.5254729623879,53.45532079655268,2218
10,8,0,282.7267789313707,40.18015361992302,2238
10,9,0,282.1325154098735,40.63747735720475,2236
10,10,0,293.9099985017106,41.56727217849853,2356
10,11,0,296.7723622541669,381.2209587294048,2251
10,12,0,305.1522976388887,158.5176942253309,2368
10,13,0,288.4476142796331,43.28689644570176,2400
10,14,0,282.9205119052311,57.67001459019002,2336
10,15,0,282.3099262895108,38.31285396757548,2373
10,16,0,273.6239424663648,37.80588425253488,2286
10,17,0,247.7525947160705,32.78371607017657,2115
10,18,0,226.3463183796249,30.45055710652166,1927
10,19,0,198.2397129820433,70.687319036451,1598
11,0,0,154.7203218751957,23.92978115006792,1143
11,1,0,199.6496554123845,337.9800541244305,1352
11,2,0,212.7756413869681,31.63093189213469,1591
11,3,0,225.1998693946592,33.50456034651572,1698
11,4,0,251.7186168983916,36.7862260841631,1930
11,5,0,268.4050654692534,42.37040456979695,2044
11,6,0,280.4308985454836,57.62891004054879,2137
11,7,0,274.1855041324412,39.76599953967947,2132
11,8,0,282.5526449506178,60.1971816943949,2207
11,9,0,294.5999411469966,76.69670378026829,2253
11,10,0,282.0788574387771,48.49471754989627,2271
11,11,0,277.0073685239336,38.70347633253514,2256
11,12,0,285.0994174820781,40.41827940459817,2340
11,13,0,279.1941985122695,39.30682928121683,2307
11,14,0,286.9808314119621,62.61616075469075,2320
11,15,0,292.0061588700001,40.44200458941982,2467
11,16,0,262.1028183827161,47.62077374887789,2186
11,17,0,241.0257726200741,31.86852141104679,2069
11,18,0,223.6557852141781,31.25743632862303,1906
11,19,0,175.4914554502115,23.59841838991127,1510
12,0,0,153.0557828434294,22.72847777203296,1145
12,1,0,194.3848124320896,268.6497446513187,1325
12,2,0,214.0459031367026,31.56905486790736,1617
12,3,0,230.1155270128313,34.42339094080312,1726
12,4,0,249.871519667588,40.98998835134442,1880
12,5,0,267.2479200526113,47.67711018583643,2005
12,6,0,278.8661672275118,96.00014316087626,2104
12,7,0,275.6048379969028,41.15483314744783,2111
12,8,0,287.3589511774638,40.95991287299442,2270
12,9,0,278.8264803419718,38.84389809417389,2261
12,10,0,289.941267105768,41.26608792680879,2311
12,11,0,287.9712346025154,41.33676763160658,2297
12,12,0,266.4957509820534,43.85691117287968,2169
12,13,0,292.3435946083316,78.78874426067324,2344
12,14,0,289.5360269940003,42.19293750040099,2375
12,15,0,286.8645357567728,50.39770228426405,2356
12,16,0,272.877350805212,79.23718794156677,2252
12,17,0,244.7652860440804,32.70119734980619,2089
12,18,0,220.9054126613616,29.29764755374279,1900
12,19,0,186.4604580534111,264.6076851209927,1479
13,0,0,147.9180227630868,23.37337281798117,1067
13,1,0,183.7316545204986,71.53534257591608,1319
13,2,0,201.7642003615438,36.9443664141796,1488
13,3,0,226.6153615765057,34.13060903359484,1684
13,4,0,240.1206736379121,35.81036966639181,1814
13,5,0,243.2853640522921,35.32588588366748,1869
13,6,0,257.6198870485462,40.53651155951071,1962
13,7,0,271.384904753545,39.05025602807409,2122
13,8,0,269.6271407302445,38.83820073081839,2112
13,9,0,274.8513272125988,39.58282059328064,2171
13,10,0,297.3098829842614,604.1036190084862,2196
13,11,0,291.3247234592443,100.9679552695712,2308
13,12,0,284.8421751906987,127.437740005308,2254
13,13,0,284.5371473848437,39.79402822178157,2339
13,14,0,277.0410303418266,38.14013728320464,2293
13,15,0,272.8522108679192,36.40928462043856,2309
13,16,0,275.5776583831783,48.72971945177769,2307
13,17,0,239.8538268622455,32.53404101958662,2048
13,18,0,209.878427619388,28.4697451725967,1799
13,19,0,170.6903205945825,22.33589427869418,1474
14,0,0,139.8921561212605,21.38502325736264,1052
14,1,0,167.7599386711107,25.54702051218707,1244
14,2,0,182.829871423769,27.46781767019162,1364
14,3,0,217.8933782271178,36.12831224357218,1616
14,4,0,230.4232508791462,33.74714198288503,1759
14,5,0,250.5324589721749,46.5506117844342,1891
14,6,0,276.8707004764367,176.8546129470897,1991
14,7,0,262.5844781431019,43.84260293784059,2006
14,8,0,261.4479945537789,38.30956106802996,2040
14,9,0,277.3335766294105,85.72166034435432,2127
14,10,0,277.2037771596518,39.01738425786928,2224
14,11,0,274.56773844995,53.7749428116955,2204
14,12,0,267.1780348022614,36.02676835340063,2215
14,13,0,277.817173666851,50.42187525726693,2246
14,14,0,274.1216961683015,37.19064687325322,2285
14,15,0,258.4806832755809,34.41420430712395,2193
14,16,0,260.8397126141726,35.44854464692751,2197
14,17,0,247.9041995515886,34.22069226835734,2083
14,18,0,216.2795966180684,28.85408711694221,1844
14,19,0,169.6882121418867,22.09504143921864,1482
15,0,0,137.7832170142529,20.42277699979508,1029
15,1,0,159.585130564981,24.02305479690431,1191
15,2,0,189.3632990416171,28.58565240536644,1415
15,3,0,208.6825966666124,31.29497183061915,1578
15,4,0,218.44827325554,32.44573113208867,1652
15,5,0,238.014918902481,35.3315921517907,1820
15,6,0,245.051848816201,35.52959189301843,1895
15,7,0,252.4460328040886,35.88579732711352,1993
15,8,0,265.6722398147967,48.3101467148615,2060
15,9,0,251.7618886738775,59.1657776576746,1957
15,10,0,259.8056501440529,36.52806065033827,2090
15,11,0,260.7441410641054,52.9116757733677,2074
15,12,0,265.8882777297881,36.29674896334063,2193
15,13,0,259.9992908520781,35.13449854253501,2175
15,14,0,255.4341846605986,35.1478103899391,2134
15,15,0,286.6121310274582,274.5011408427164,2290
15,16,0,256.3214670391101,34.67059592990248,2181
15,17,0,239.4922786243184,35.50726952159721,2048
15,18,0,202.8636528233655,26.96958584593014,1741
15,19,0,168.4252333627169,45.1091310996276,1399
16,0,0,127.5616488014717,19.9937042939963,949
16,1,0,151.4570254540423,22.88276457698145,1128
16,2,0,181.5547675188838,28.03432100500667,1331
16,3,0,185.1989928803442,29.24114422934486,1381
16,4,0,209.6806515832072,31.42439423179053,1581
16,5,0,231.8125161698605,34.43637338755588,1771
16,6,0,237.9887945690158,35.46841958820654,1826
16,7,0,227.982652453379,32.87669577900811,1785
16,8,0,244.546151716827,35.36666208871073,1926
16,9,0,250.1670329148453,35.44841839305894,1987
16,10,0,235.0549704986695,32.0444506813671,1928
16,11,0,250.0687356778466,35.32115407520708,2023
16,12,0,259.9364040225202,75.81395013235084,2074
16,13,0,243.4372324482541,33.14475740851582,2034
16,14,0,254.0343733577074,35.15065811286038,2104
16,15,0,246.267758225366,34.28626563449703,2069
16,16,0,230.472457246618,31.05565175121345,1943
16,17,0,233.3283179264242,63.12882461476843,1954
16,18,0,202.7445276745975,26.53830947876194,1753
16,19,0,161.3111473768348,20.48575161940935,1428
17,0,0,108.071802191873,16.02169271595163,812
17,1,0,132.3004894741168,19.67197088870164,994
17,2,0,186.5375685357172,832.0616484871297,1184
17,3,0,180.2290308584658,27.31864157813849,1346
17,4,0,202.0193739677756,29.92041047056106,1549
17,5,0,207.4362664868648,31.11369478039797,1572
17,6,0,211.1153472618501,30.73400971253127,1626
17,7,0,212.2701527153929,30.64150990353237,1658
17,8,0,219.6463618325513,32.04636074005987,1717
17,9,0,220.2986833326357,31.70174460748027,1741
17,10,0,222.4435613327055,30.7017516056847,1798
17,11,0,227.3452876367752,32.98067363228328,1822
17,12,0,225.1407660511522,32.04717237133242,1830
17,13,0,216.6486434124288,29.7797261576947,1783
17,14,0,220.7121980439583,29.61175518697545,1871
17,15,0,228.8972073073924,31.97926184687626,1907
17,16,0,221.6390175480696,29.98937971162221,1865
17,17,0,204.2198152228155,26.60696515431112,1768
17,18,0,180.1524240311857,23.65019083348711,1564
17,19,0,147.3149952269798,19.26838722708603,1270
18,0,0,113.0628887079561,129.0621214374035,768
18,1,0,122.5461228308857,17.98521736653444,930
18,2,0,145.9730525305523,62.11909209975843,1042
18,3,0,147.4915732139569,22.02188453199639,1125
18,4,0,174.1612167288,25.67841276501206,1326
18,5,0,200.32236001991,1051.867971191011,1297
18,6,0,190.1706113531688,28.67567038498204,1436
18,7,0,181.8868331975887,25.34951827124526,1453
18,8,0,195.3248910412997,28.39656171165961,1527
18,9,0,199.7991489750272,28.99494958976884,1580
18,10,0,192.3008464109778,27.5220652312107,1547
18,11,0,202.764192832799,47.90429605779326,1574
18,12,0,191.9640848508556,26.7216525474573,1595
18,13,0,201.283946494158,27.660792377665,1656
18,14,0,201.6895150765181,64.75926775425593,1620
18,15,0,198.6177797664446,27.28119382941647,1687
18,16,0,205.1083424482349,104.2851625731083,1655
18,17,0,180.2344524915545,39.65636965596844,1494
18,18,0,158.1769739473252,22.30836377616823,1354
18,19,0,128.2905873039144,16.88176894681951,1109
19,0,0,81.40147340839397,12.33500960604956,612
19,1,0,97.73821712092207,14.93311080611451,723
19,2,0,119.2458952670247,18.0634170565292,882
19,3,0,131.9678732712366,20.06021165689031,990
19,4,0,135.1069846382229,20.09621563545868,1025
19,5,0,155.5188574597576,25.80417722197884,1170
19,6,0,148.9436356597573,22.4870705239994,1128
19,7,0,158.3212649177718,24.23508710517038,1239
19,8,0,162.2160416154903,23.64208869125182,1273
19,9,0,162.3839146020087,27.69229267573068,1267
19,10,0,162.0043425329725,23.03014660913239,1303
19,11,0,157.1740091590417,23.0854792938687,1253
19,12,0,160.0704087675198,22.54022506392507,1324
19,13,0,164.1944195468537,22.6704385312796,1359
19,14,0,157.3119503957547,21.95199274451385,1315
19,15,0,162.8861970964213,23.00766972142695,1352
19,16,0,152.2527926651638,20.32748525746916,1295
19,17,0,147.0614295481407,19.09155228712189,1276
19,18,0,127.0456149090413,16.92724240160133,1090
19,19,0,109.2931906267477,15.12176391722388,925
