# mesh name: boxMesh_1
# primitive scorer name: doseScorer
# iX, iY, iZ, total(value) [MeV], total(val^2), entry
0,0,0,94.57665747604985,12.21117436492899,827
0,1,0,117.2484374120044,15.88974093144071,1007
0,2,0,129.9487456472567,17.13575325458417,1119
0,3,0,148.2381323360822,19.22931393013863,1293
0,4,0,155.1483563851392,20.99125122545677,1329
0,5,0,166.5702894427397,29.5698726322487,1421
0,6,0,161.6712878706665,21.26240525078196,1414
0,7,0,169.8940028365353,41.6703789168943,1445
0,8,0,169.4039257630286,22.07134368693301,1475
0,9,0,167.4562773487109,21.74105291359543,1477
0,10,0,171.9616426222451,245.0773422262389,1388
0,11,0,165.0172293736546,22.19558654624717,1468
0,12,0,164.1101508387235,21.10919997911723,1451
0,13,0,172.0355733894565,33.81812721313504,1503
0,14,0,179.7689972992001,290.9744107256843,1454
0,15,0,166.3818801539005,21.7717695007173,1473
0,16,0,163.1028057402554,20.13682733395658,1482
0,17,0,160.7250578073789,21.63417378371475,1458
0,18,0,146.3173635472383,41.66601317377543,1263
0,19,0,111.8219543674357,13.9154068999701,1019
1,0,0,113.9791085334173,15.18753289733559,991
1,1,0,154.4452495989736,20.50017966931307,1336
1,2,0,172.7541372522204,23.08921542995263,1488
1,3,0,188.2328579158763,25.17846494658898,1623
1,4,0,195.8334523829682,27.15357948409402,1674
1,5,0,218.8311191364299,174.183491360598,1801
1,6,0,202.7317057783842,27.809374254336,1759
1,7,0,230.9175281971529,350.0364124708254,1806
1,8,0,217.1954533959169,28.72938929046242,1888
1,9,0,211.7170170434563,31.32428848569747,1828
1,10,0,213.4360776378996,28.39514868760272,1854
1,11,0,212.2337476096334,77.1136679072301,1821
1,12,0,214.6830187543541,27.2777069611005,1924
1,13,0,206.4343778302855,26.17490836167501,1845
1,14,0,218.4239905228388,27.87234048156992,1953
1,15,0,208.2978207652807,28.37554837238885,1839
1,16,0,209.873521915789,27.59764963179821,1878
1,17,0,203.2940763783369,26.40954705966855,1808
1,18,0,184.0835092211719,26.43952404218482,1665
1,19,0,150.8792294370602,95.32551393816195,1277
2,0,0,132.7908069865111,18.00165127000932,1136
2,1,0,158.5617318121184,20.09688047879058,1399
2,2,0,201.5497448834449,62.03227349544436,1676
2,3,0,218.3856921563452,29.12139590925677,1865
2,4,0,229.4746783712195,35.73440673801627,1954
2,5,0,245.35035629852,104.4623625530726,2064
2,6,0,234.4681092741057,44.87175520181868,2036
2,7,0,238.3770418339932,58.33747310619107,2070
2,8,0,250.8014164100799,88.81657486165064,2120
2,9,0,245.4377189415107,68.86124558246389,2073
2,10,0,241.4130836737149,31.56990390354364,2122
2,11,0,258.3757458988184,76.33227669591399,2183
2,12,0,240.5489908690557,35.48337551352388,2134
2,13,0,246.5758704862801,32.19411797916731,2170
2,14,0,248.6674265297571,31.37132816932194,2235
2,15,0,251.5664258017218,32.45801238463607,2231
2,16,0,244.4602330490576,31.66349772237466,2189
2,17,0,235.2659061338747,29.89773381962102,2123
2,18,0,209.2415044064111,27.23084525783869,1870
2,19,0,166.8138090367937,21.77742136867629,1499
3,0,0,145.3283075017075,19.32029147508689,1249
3,1,0,188.8841976494053,26.14679034165572,1600
3,2,0,214.9481722437845,28.32764558645477,1851
3,3,0,225.8249661852696,29.57484027125973,1957
3,4,0,243.7182210249159,31.86628151687852,2125
3,5,0,253.0028728912135,34.12970491953581,2203
3,6,0,267.335468949293,148.9715815215132,2246
3,7,0,263.3126024142294,108.3716459076349,2228
3,8,0,262.4666536798799,33.80145051613115,2315
3,9,0,276.9796853586465,62.57741108221279,2383
3,10,0,276.3733975008739,250.3009470051973,2268
3,11,0,261.1554905119763,36.07811738948003,2306
3,12,0,267.3883301702367,34.07807178663069,2375
3,13,0,258.5800102933038,32.81551373787464,2315
3,14,0,263.1299202687529,46.67257960485225,2316
3,15,0,254.8851590317244,37.85173367647961,2292
3,16,0,263.2050764127001,34.27172512239384,2344
3,17,0,276.5721195781998,751.3314385498197,2264
3,18,0,204.2146821449239,25.15496263333329,1877
3,19,0,174.5285291335874,22.21156040038474,1576
4,0,0,153.9739658918559,20.65114286511217,1332
4,1,0,190.1807430553777,25.08771363774158,1656
4,2,0,228.7691697295734,31.27190211191637,1948
4,3,0,261.3096080486757,96.76712902310283,2177
4,4,0,252.7927308993415,32.98636539419415,2207
4,5,0,282.02620412392,557.0711033333267,2224
4,6,0,264.9225419696075,35.29541340245776,2296
4,7,0,283.9171269941036,107.5156001636385,2373
4,8,0,265.8226355013647,35.18163118090672,2316
4,9,0,269.8369829427375,35.50819968083961,2353
4,10,0,278.4392718521755,37.28875030105574,2419
4,11,0,285.760630801698,176.7722973894554,2447
4,12,0,277.6179987534009,35.95461679778107,2482
4,13,0,276.7907186266119,79.11258410122377,2370
4,14,0,270.6994846870931,37.36799145621772,2354
4,15,0,262.999452833686,33.51370404854362,2360
4,16,0,278.3923247015634,129.0132978452659,2432
4,17,0,251.5359419229327,32.45555757849299,2244
4,18,0,223.3956621909827,28.98865009979107,1999
4,19,0,182.4817962501777,58.59476299881586,1553
5,0,0,164.314878030855,34.60130334012029,1391
5,1,0,213.9127991304609,140.2667724360739,1719
5,2,0,227.4226051382119,30.27738440120481,1943
5,3,0,247.6435672604614,33.22958951177353,2125
5,4,0,269.7476142357247,42.0583453190238,2306
5,5,0,259.6181199364008,34.17321295976228,2249
5,6,0,275.0699805973189,41.76936155029833,2399
5,7,0,280.8299786091089,37.54417320110624,2426
5,8,0,275.6716817465031,35.79172563204131,2414
5,9,0,275.6559658417708,37.27901830355866,2391
5,10,0,290.6659389314482,56.15225569947617,2514
5,11,0,283.6341928388283,36.59801321970098,2515
5,12,0,276.233522648912,34.88774089276615,2478
5,13,0,266.2877969944285,34.15896515768638,2378
5,14,0,270.029872624219,34.85962113057865,2403
5,15,0,269.8424047341778,35.50367982343644,2404
5,16,0,272.631257148728,34.45929395948595,2443
5,17,0,257.6509012139639,39.68258292461797,2266
5,18,0,240.0582103948325,70.1422525420713,2078
5,19,0,168.9300762139727,20.71416414426599,1561
6,0,0,149.3348244719921,19.17086453599872,1310
6,1,0,189.9480040495549,24.75464171049365,1641
6,2,0,235.3075113457042,31.49733341888813,2018
6,3,0,259.1721555515013,35.25620426720147,2224
6,4,0,257.8230791837113,33.85546412404126,2241
6,5,0,269.8629389570197,35.61354006818216,2328
6,6,0,277.8549539214475,36.24976492852591,2432
6,7,0,270.2275220633081,34.71070509417261,2390
6,8,0,268.6897838028675,34.86406059338239,2360
6,9,0,289.6203720265565,198.9771728909334,2404
6,10,0,275.5084552009301,41.2094003219222,2417
6,11,0,279.8676155816748,37.3926032039452,2448
6,12,0,271.5590640117863,35.11873291454901,2425
6,13,0,270.0304028620383,34.23331136835693,2413
6,14,0,269.6300445976739,34.48620029334822,2405
6,15,0,274.8706965135817,45.29733058312434,2452
6,16,0,271.8463066329704,34.67986521270581,2431
6,17,0,270.479445591675,66.59925733857321,2382
6,18,0,244.7292988779263,145.4124736576504,2114
6,19,0,177.8356552263009,22.79602065132056,1589
7,0,0,160.7045096306335,21.01003478323048,1383
7,1,0,197.5584861303116,26.59352919222225,1681
7,2,0,232.3077465437667,31.01460704907682,2006
7,3,0,258.3627752539638,34.15274156410673,2227
7,4,0,267.4062965006627,35.3747502615817,2301
7,5,0,267.3852364549188,35.00428734915977,2330
7,6,0,295.3433070586312,85.03176082786125,2499
7,7,0,291.1649949477323,149.7273577109243,2437
7,8,0,276.4588309904983,36.40857737451654,2427
7,9,0,275.2150578211799,35.3950196032832,2427
7,10,0,299.9674153620031,541.3962188977117,2436
7,11,0,269.1125777190808,35.14856927073499,2373
7,12,0,272.4688140397116,35.77667575717471,2403
7,13,0,289.4771319410318,570.404664217724,2327
7,14,0,283.653628648193,44.90909689767396,2526
7,15,0,274.95490392856,34.81662032329832,2477
7,16,0,275.4671719278832,36.02505068974751,2440
7,17,0,263.5779770164559,35.18250569112989,2340
7,18,0,220.433138522636,30.7716571032449,1996
7,19,0,172.8834294598966,21.86121069862667,1562
8,0,0,157.1886186224644,20.7124274197412,1357
8,1,0,208.1789978308303,28.43476466508333,1782
8,2,0,228.2729378617617,30.10167967673832,1968
8,3,0,262.5582474591664,35.26166338039812,2241
8,4,0,267.0883631951775,34.50258985669031,2329
8,5,0,271.6243860897425,35.62186377192802,2357
8,6,0,269.020009319681,36.0543891426903,2344
8,7,0,268.9359797137623,35.43061817509145,2346
8,8,0,274.7254862549879,38.79449094535877,2372
8,9,0,286.7975778065642,114.9664297200229,2462
8,10,0,282.0351217405846,37.58043966904742,2453
8,11,0,275.9926437056163,37.00081927656856,2391
8,12,0,290.6385276333684,217.3553534841282,2460
8,13,0,267.163581743698,66.91889043900427,2358
8,14,0,278.897514320123,64.88595604517901,2443
8,15,0,270.8421228115402,35.53901979541757,2392
8,16,0,262.5833201242855,32.88422395424932,2382
8,17,0,269.2363757174829,163.0098733069902,2332
8,18,0,233.6753776287909,39.76765929140203,2080
8,19,0,176.6023377348148,25.72171504269115,1588
9,0,0,156.714538947748,21.14635371589049,1329
9,1,0,203.6118132846793,43.09952989832428,1725
9,2,0,231.6688241498639,29.73240736719521,2028
9,3,0,266.1703968025273,35.16661949285494,2290
9,4,0,270.9330052152335,35.66601227280288,2360
9,5,0,280.5947722954124,37.10329715690465,2424
9,6,0,278.9539420688869,37.38101129043483,2406
9,7,0,267.840497023015,34.15457242751057,2380
9,8,0,274.1318752622983,36.6128056742914,2389
9,9,0,277.51801989873,36.97221901492874,2432
9,10,0,278.6949038388686,35.73015757931847,2480
9,11,0,277.9541123829019,36.10165354618309,2454
9,12,0,278.1714555893167,45.78286073703708,2465
9,13,0,286.6591226830826,150.2363623915618,2444
9,14,0,284.5537028011585,36.71513890426353,2549
9,15,0,270.5206784333679,36.06165236510433,2415
9,16,0,256.8354500584692,32.28587930552369,2331
9,17,0,255.6000371516278,46.92837185973019,2284
9,18,0,227.9123768709873,29.04879707088384,2065
9,19,0,191.7704258299225,109.5715030295917,1614
10,0,0,156.6507569807841,23.81706717076718,1346
10,1,0,197.596724827922,26.06774674737113,1705
10,2,0,227.3594679149886,29.90890579396421,1965
10,3,0,255.2091830121375,33.47699687968571,2208
10,4,0,264.2875379301267,35.96945548668321,2266
10,5,0,290.1245947935066,270.0649992445441,2366
10,6,0,282.3083050731132,81.9797987072991,2372
10,7,0,282.1018913578307,35.93599157106259,2490
10,8,0,282.1367657455461,54.69707950150332,2421
10,9,0,287.6040207147048,103.0561995367402,2430
10,10,0,280.8637633679688,36.28533368211684,2486
10,11,0,278.7834781185255,36.47983785133044,2445
10,12,0,287.3669101465891,40.66719661270839,2509
10,13,0,278.4924994808068,71.74580907069213,2460
10,14,0,268.660565713406,34.99919667995599,2374
10,15,0,279.2902584087898,36.0700450846324,2480
10,16,0,271.2489824113367,37.08063359378544,2414
10,17,0,261.3966461937813,136.7975267903144,2257
10,18,0,221.4254128137104,27.60264104001285,2023
10,19,0,198.874482568701,203.7255097742186,1677
11,0,0,170.3822027144014,126.4343744109261,1379
11,1,0,188.9725709261041,24.8352446150154,1628
11,2,0,238.5562308299426,112.4730075835616,1953
11,3,0,250.5412989295329,33.93660830944626,2128
11,4,0,264.4035268224827,34.65322860271318,2284
11,5,0,272.3785394656598,36.42079930388889,2359
11,6,0,277.1610643125939,36.38400355541091,2436
11,7,0,278.1724884715321,36.89184032495405,2418
11,8,0,269.7154429282837,35.43157752976651,2360
11,9,0,274.5817162561124,36.64410058328083,2387
11,10,0,269.9002693502372,35.12707983104004,2390
11,11,0,288.5057092136517,73.55356176185698,2493
11,12,0,298.2324953458305,139.3506268422432,2466
11,13,0,262.6975596105441,34.24768304430318,2332
11,14,0,272.7804957939917,35.00435680031949,2417
11,15,0,278.775062624975,36.08067267580892,2484
11,16,0,273.4428204195466,68.85546737831973,2396
11,17,0,265.4036831231163,34.32244767669322,2373
11,18,0,230.7037714426771,29.3216815240363,2083
11,19,0,173.3901516676659,22.42155002233297,1553
12,0,0,165.5393978704584,21.22468764486135,1443
12,1,0,200.7007939122374,25.84112429808065,1744
12,2,0,238.1257095319763,31.75584616379936,2039
12,3,0,258.135188783281,72.00524365412871,2179
12,4,0,309.1839387125176,1050.448140080152,2373
12,5,0,280.908630471116,107.3534039181919,2357
12,6,0,288.0063871006997,70.60404392061577,2430
12,7,0,270.2603929969704,35.36944153514564,2359
12,8,0,279.6760397843394,36.78248910442225,2448
12,9,0,284.7166289287826,40.37509326647299,2466
12,10,0,278.1987232992019,36.62142216050905,2437
12,11,0,280.7036346558469,46.40934934032584,2464
12,12,0,270.7184894334048,34.67210200305553,2413
12,13,0,277.9499276231246,36.46575099888451,2453
12,14,0,274.5784985477184,34.84644435173358,2465
12,15,0,275.4026953467794,35.69358580431014,2447
12,16,0,282.4089340597084,67.61527356292584,2451
12,17,0,259.4165797729166,32.90115318842857,2329
12,18,0,233.2907995840104,29.99812665617871,2098
12,19,0,189.8563401603294,145.2224338564811,1610
13,0,0,160.2674602098212,21.2246600571631,1377
13,1,0,188.6341690833781,24.66641720936116,1634
13,2,0,232.9956695167145,31.08965307695255,2005
13,3,0,248.5774543722027,32.69405244975169,2158
13,4,0,262.3219629471719,34.76955848579672,2251
13,5,0,275.0357339223926,37.15674577858449,2341
13,6,0,262.0605691008252,34.40405302115462,2274
13,7,0,276.8198378546355,39.6249163811503,2437
13,8,0,265.3770714274946,34.8677486409577,2308
13,9,0,291.6392011538503,476.2395718311054,2384
13,10,0,289.3761627010722,109.9042447021773,2461
13,11,0,289.0793918863758,72.11397230136348,2462
13,12,0,280.9535181462451,36.4090412365415,2475
13,13,0,290.1103123098198,106.7148580103536,2501
13,14,0,283.7134587475488,37.11959180976426,2501
13,15,0,268.8227952017436,34.93497445792079,2401
13,16,0,279.6703747666306,137.9099911190204,2393
13,17,0,241.2131274628349,30.98056194610418,2161
13,18,0,237.4892923089809,137.5604431003146,2028
13,19,0,178.1997077291982,22.82965442143785,1625
14,0,0,154.6181551602579,20.74636175159242,1319
14,1,0,187.3318077487129,25.18153225127247,1593
14,2,0,225.2476308560795,29.48330503339299,1952
14,3,0,270.5969532038714,259.0134624124946,2200
14,4,0,257.9039461494093,34.12256594321553,2235
14,5,0,263.911138942603,34.6635318410403,2299
14,6,0,259.5729452282366,32.96942219441909,2298
14,7,0,275.1542305473057,36.02305371383145,2390
14,8,0,269.1700924613526,34.41237033580367,2380
14,9,0,271.3028353780871,36.13686361372677,2402
14,10,0,294.5860499393602,341.6359346035045,2444
14,11,0,272.0515352502367,34.64419697081502,2417
14,12,0,270.0260028420425,34.67505413124812,2408
14,13,0,276.5654140997558,37.75420419808022,2450
14,14,0,269.5100539170732,34.69846754120636,2391
14,15,0,268.2838978437343,37.66668581514939,2386
14,16,0,259.7570066061394,32.46652495919985,2348
14,17,0,265.6019601259621,87.35420930037294,2327
14,18,0,232.1292395118247,43.88078912693328,2032
14,19,0,182.4466619534452,26.16145649008995,1638
15,0,0,151.0366118796063,19.87238919056135,1309
15,1,0,190.4806542022113,25.68234603324433,1646
15,2,0,228.7931827635093,30.49338418460626,1949
15,3,0,247.4464115025626,33.38684479179262,2108
15,4,0,253.133844825102,33.38201284751769,2186
15,5,0,261.4179101062429,34.89374224400717,2247
15,6,0,281.2497646552379,229.9660856046852,2337
15,7,0,277.0158879611977,72.29347523344008,2357
15,8,0,274.8563942396582,312.0530869537099,2274
15,9,0,308.6768340762228,870.7068660421685,2286
15,10,0,285.4986321505828,137.0169968658418,2368
15,11,0,276.7925863055607,84.54949747789277,2387
15,12,0,297.8377863581993,114.9320205271245,2521
15,13,0,284.151489766151,37.2047897407135,2507
15,14,0,270.8862054581585,35.50034022192346,2415
15,15,0,268.1801460644995,34.31337957884841,2425
15,16,0,254.190579143086,32.21564923839715,2290
15,17,0,264.3617396914799,51.11550717047183,2324
15,18,0,229.24478866249,89.45803092280109,2007
15,19,0,180.7959867760314,31.18625726112863,1584
16,0,0,146.1563773478141,20.24641869278839,1231
16,1,0,179.4996978630993,24.88654993579068,1533
16,2,0,215.5411381102878,29.41753761509769,1815
16,3,0,243.8726385053644,33.35675038199346,2073
16,4,0,247.274885222253,33.28624937670966,2112
16,5,0,257.4365986699032,199.4202737748544,2135
16,6,0,269.4356475204212,41.20016930187352,2311
16,7,0,270.3119750483483,36.8569731218248,2320
16,8,0,263.2105292459426,59.88772968272376,2237
16,9,0,271.5877302621367,374.8483087977755,2171
16,10,0,257.2003124179599,33.44572431402052,2267
16,11,0,258.6871215462452,55.54980070951941,2273
16,12,0,264.7700280225695,34.91352568264024,2342
16,13,0,259.3413774001384,33.38199906621252,2299
16,14,0,273.2084823720573,41.07456055250845,2417
16,15,0,265.9686435922875,59.41334091238469,2361
16,16,0,258.4794432730457,60.58563141753298,2271
16,17,0,246.8399894698314,31.73538918026736,2211
16,18,0,215.4070138573197,27.24554448894198,1952
16,19,0,180.8409136628602,39.24207582183945,1586
17,0,0,131.9059372762031,17.58410224858603,1126
17,1,0,185.315539042313,337.4927438456124,1441
17,2,0,190.6965944440279,24.50570623917473,1659
17,3,0,216.5822808821001,29.15036553497806,1869
17,4,0,224.4426283742212,29.8588734134439,1944
17,5,0,232.1454581120847,30.23836459785537,2025
17,6,0,235.1084786749539,30.4866457646825,2057
17,7,0,241.3052386786724,31.73587880129255,2106
17,8,0,237.7595300652997,31.62975734561125,2071
17,9,0,251.2321485309588,210.2578060303049,2094
17,10,0,246.5952367181073,31.96469652946231,2174
17,11,0,245.1808055058332,30.64388417981044,2212
17,12,0,257.6809684100932,33.0932486511633,2292
17,13,0,242.7075403108624,31.5236342664714,2155
17,14,0,245.5484712660036,31.01623413985617,2207
17,15,0,233.9424885435858,29.15430323860281,2112
17,16,0,241.9352280267185,34.27235450318612,2159
17,17,0,263.3134456702838,529.2186364958507,2172
17,18,0,203.6488919574995,25.51279662322257,1839
17,19,0,159.9093852807339,20.24529667774149,1447
18,0,0,118.9422821917498,25.44022831337586,969
18,1,0,146.0841658791882,19.07539516883756,1260
18,2,0,171.8063764993777,23.24559257731963,1461
18,3,0,193.5923691757806,26.21011292413912,1653
18,4,0,200.6551732205908,26.33205262532179,1745
18,5,0,204.6946824672282,26.9249295824458,1780
18,6,0,226.8680544719186,508.8393756125853,1766
18,7,0,203.8196621022429,32.97671734041079,1718
18,8,0,206.3155939005811,56.0114615664947,1762
18,9,0,210.0472658007189,27.43795571095021,1847
18,10,0,211.702934034236,27.24813530415691,1868
18,11,0,214.7953281267405,27.99199526693015,1895
18,12,0,226.6290684790656,122.6315081072234,1908
18,13,0,209.87337146115,27.06591711892282,1874
18,14,0,211.6122294161755,27.66344098278243,1874
18,15,0,220.2416995346289,28.65255692788734,1950
18,16,0,212.3428064525687,26.45512481800495,1935
18,17,0,208.7655409930152,26.78080972408257,1883
18,18,0,184.0964482223305,33.50900705205868,1632
18,19,0,146.7629232154306,18.39400065076834,1349
19,0,0,96.83576001279242,25.33853047106198,798
19,1,0,120.3115617020049,42.60199340046073,997
19,2,0,136.1542784113354,17.90501128604151,1174
19,3,0,146.1832405148079,19.48941970091425,1271
19,4,0,155.1627231502096,20.84685676071879,1344
19,5,0,156.893708805916,20.37585879174539,1380
19,6,0,162.6869661178676,29.98078176016822,1395
19,7,0,161.9174744767111,24.67339218246847,1403
19,8,0,160.1583257551428,20.58973193441004,1418
19,9,0,159.5177538648242,21.19646561759954,1395
19,10,0,168.9723392082807,21.9410934597751,1483
19,11,0,163.3379726512888,20.99248498880629,1463
19,12,0,171.151491556527,21.10861383765602,1565
19,13,0,166.2508990397075,21.46743948198051,1475
19,14,0,163.4851634352337,20.66474631649033,1467
19,15,0,167.5167520723093,21.39294766846478,1508
19,16,0,161.6996365075526,20.79377624571421,1455
19,17,0,163.742628587439,20.7029247359586,1475
19,18,0,156.8812461671708,352.2933479969699,1226
19,19,0,107.4298728971486,13.79967085164677,962
