# mesh name: boxMesh_1
# primitive scorer name: doseScorer
# iX, iY, iZ, total(value) [MeV], total(val^2), entry
0,0,0,93.71493106424467,12.38220121842372,802
0,1,0,116.2685154918252,16.2224657892105,973
0,2,0,126.2171736166711,16.68699116211788,1090
0,3,0,162.83270143436,22.44005225855511,1368
0,4,0,157.9407375385914,20.8591394188614,1354
0,5,0,162.9228966435031,22.42451228343203,1373
0,6,0,160.660505563204,21.55736993218189,1371
0,7,0,165.0982134790892,55.87909828272386,1357
0,8,0,164.932229510741,22.00611335771859,1413
0,9,0,158.966818256109,21.48511541533714,1352
0,10,0,168.0360962570275,22.51664447867184,1432
0,11,0,162.8055596728358,22.3092785135278,1367
0,12,0,162.5002630369555,25.92241699856394,1349
0,13,0,159.4126027903915,21.35262539898784,1377
0,14,0,165.1424099448211,22.89736142064439,1389
0,15,0,155.080878526081,20.87436367854343,1333
0,16,0,140.0624403127979,18.89842159630524,1190
0,17,0,145.0344088502871,19.95109528400491,1234
0,18,0,119.0638709809386,16.89745712054133,1013
0,19,0,90.99208349268935,12.30575201143017,775
1,0,0,122.0599732773016,16.64172168660267,1031
1,1,0,151.6284269869545,20.8504748779625,1285
1,2,0,170.0288729493375,22.65797669331598,1453
1,3,0,181.8666235541876,23.65873301945043,1570
1,4,0,190.2268910504532,25.62878056993044,1620
1,5,0,203.8578980033827,28.56226740351966,1699
1,6,0,206.398176602244,28.3013680689311,1736
1,7,0,202.3002323950597,26.92762164864734,1727
1,8,0,206.533161746808,28.11069472392122,1741
1,9,0,207.6383957826197,33.10214218372904,1745
1,10,0,217.0992979175322,111.1797187336942,1774
1,11,0,202.5622232655524,26.38410831325534,1765
1,12,0,204.0379659800449,77.68855146573489,1668
1,13,0,218.9613181069826,455.8689613912895,1701
1,14,0,204.1043199209669,86.58465276937594,1654
1,15,0,196.4802256926322,26.40008996521387,1673
1,16,0,186.1383818410448,24.94803567792729,1582
1,17,0,170.0131734586786,23.38312849833439,1439
1,18,0,152.1601076149758,21.61087709549636,1248
1,19,0,132.2066146064047,146.4842412231387,1023
2,0,0,152.8998831734758,248.4235316236635,1136
2,1,0,165.2519353640629,47.39395804686119,1373
2,2,0,201.4332436216072,97.79132706612982,1652
2,3,0,234.4131791829611,1039.001579382863,1742
2,4,0,255.6874311778139,335.032186573338,2025
2,5,0,228.6314114259175,30.65925107343552,1943
2,6,0,235.3393664483474,31.31094870430127,2005
2,7,0,240.5006489625747,33.49410149040269,2034
2,8,0,238.4647812988918,31.76404817296677,2032
2,9,0,235.7272849950894,36.61130751695107,1965
2,10,0,232.744094750469,30.42856506745971,2021
2,11,0,240.9096818187266,32.4271592006214,2033
2,12,0,227.5902634514745,29.62463342632183,1974
2,13,0,235.7075311814644,31.6461502706536,2006
2,14,0,230.1579973486422,31.77642340501216,1950
2,15,0,223.4595666902165,29.87840966660287,1918
2,16,0,209.6502047530878,26.94678302578725,1823
2,17,0,214.3756205921775,380.085490097808,1656
2,18,0,177.5956659219308,215.5373673385702,1394
2,19,0,140.1052921013063,19.21591425062379,1180
3,0,0,150.6272905567641,22.95948298750342,1271
3,1,0,190.7359751005747,25.72839465506434,1626
3,2,0,205.3544027353008,32.99201064441869,1753
3,3,0,236.6621015813297,110.156753317077,1936
3,4,0,240.6497851372419,37.48217396635776,2021
3,5,0,234.6081899431007,32.44707728120936,2011
3,6,0,260.8589070078811,35.37084132918608,2199
3,7,0,254.9264331621349,33.81324502619023,2181
3,8,0,272.9840181900674,120.1855944371929,2218
3,9,0,251.387832581862,33.63406369677895,2141
3,10,0,247.8332709403835,36.90591318198101,2112
3,11,0,266.2466792477051,53.50712902512667,2245
3,12,0,256.3037016426899,33.64616909019989,2215
3,13,0,251.8764189116168,34.72664178333906,2134
3,14,0,260.8042448457176,110.8010348120346,2089
3,15,0,258.1917355963658,138.9252490420099,2082
3,16,0,237.614520634315,32.29394573586855,2014
3,17,0,214.8695885469627,28.64907567148258,1832
3,18,0,181.5464819782842,24.13190915416688,1549
3,19,0,151.3544238879795,20.54040229749797,1285
4,0,0,151.5581756973456,20.39439315178846,1304
4,1,0,198.8267668134084,75.22535012192907,1636
4,2,0,220.6659950429068,30.24410664849288,1881
4,3,0,241.8799180676543,32.49899285719389,2048
4,4,0,250.566440025118,33.20271566310228,2148
4,5,0,251.1620757385054,33.02496038506871,2155
4,6,0,279.1638888401057,38.43835489650572,2343
4,7,0,272.8162214226095,37.21872410646933,2309
4,8,0,263.3770177181779,35.91987275791269,2235
4,9,0,268.4188453730488,62.14987383406119,2243
4,10,0,294.7883763872798,494.5619054144228,2292
4,11,0,276.9943567906829,119.2495254601668,2268
4,12,0,280.796713254984,106.4693147818485,2293
4,13,0,270.3372470651088,46.68901031777268,2269
4,14,0,292.9307099447395,261.9686888754892,2309
4,15,0,261.05706517539,78.59662738533282,2134
4,16,0,244.3933041652616,43.50061264968762,2040
4,17,0,225.6788743382336,30.25631873138816,1918
4,18,0,194.1928233754866,26.33556287374974,1647
4,19,0,155.2120720292036,20.30792161162458,1344
5,0,0,161.2397501932713,21.55078562523396,1386
5,1,0,193.9127421445961,41.41023380498507,1626
5,2,0,232.2184274028367,48.05653544983408,1943
5,3,0,261.3990961457612,334.3962861417164,2080
5,4,0,261.7366057203985,34.84906207120802,2238
5,5,0,280.4104691512136,38.59939961500383,2354
5,6,0,274.2857439821914,67.61604279946013,2292
5,7,0,276.6737291143546,38.39017022750577,2321
5,8,0,281.7159453953133,37.50099868100228,2409
5,9,0,278.4919054785937,38.42852267935893,2339
5,10,0,292.64911368467,162.6598161827996,2394
5,11,0,273.2981781550386,35.72487940456625,2360
5,12,0,267.1926736905334,35.28236868101719,2279
5,13,0,280.7292724712594,46.42568220810986,2389
5,14,0,273.594734234671,45.33817394755567,2307
5,15,0,269.7647229618715,35.64466228456315,2302
5,16,0,254.0012280246175,33.34083956384488,2180
5,17,0,230.9100414451359,29.91013978627311,1997
5,18,0,196.2636696595798,26.09044147741541,1683
5,19,0,164.8759702379357,22.14052185160186,1406
6,0,0,158.8047628863183,21.65926903285558,1357
6,1,0,203.9180576365854,58.18572483864379,1679
6,2,0,245.6173789636665,207.0592809532608,1991
6,3,0,253.6871015140758,33.5874163562732,2161
6,4,0,256.5832244249948,34.39521966171174,2171
6,5,0,275.7230783672643,36.83611568575753,2353
6,6,0,278.7752187512526,37.858964915527,2359
6,7,0,276.7925231881051,65.68942799901623,2328
6,8,0,304.072023091442,329.1402166794757,2427
6,9,0,283.0392718365474,38.21272785940103,2398
6,10,0,281.7632855486737,93.09101003828513,2351
6,11,0,278.1477963643996,36.93560807549295,2388
6,12,0,276.9950814535807,36.48520533368726,2386
6,13,0,278.4939004672366,38.16260982222891,2364
6,14,0,268.8252255119407,39.67499691442341,2284
6,15,0,279.0681789319822,44.50741903193006,2355
6,16,0,252.444603745525,32.86388965363586,2180
6,17,0,258.1467173236362,461.320905550071,2029
6,18,0,210.1854691686811,28.23047300616147,1793
6,19,0,167.2959157845254,124.0148612067015,1336
7,0,0,156.8105183250512,21.23840280784451,1324
7,1,0,201.6828165394726,27.04253799578379,1732
7,2,0,228.1141052881227,31.36810949726525,1947
7,3,0,255.8248198859618,34.38128990223969,2181
7,4,0,260.1013434747253,35.21345418870596,2195
7,5,0,303.7041007815142,376.9724317758408,2334
7,6,0,284.9987183798597,38.64547408105496,2420
7,7,0,265.6360817161378,34.13263259229762,2314
7,8,0,300.9994888509788,384.2807436172029,2418
7,9,0,268.4534166427113,35.5306344090115,2292
7,10,0,258.688688450719,34.8377689417713,2212
7,11,0,281.7409187905975,36.85330115111531,2424
7,12,0,282.5333505146799,46.32893597673978,2378
7,13,0,277.3955447455214,42.13961833966484,2352
7,14,0,267.6413363614728,35.23857731243648,2300
7,15,0,267.8203424003042,35.28851260990766,2302
7,16,0,265.4756547968007,50.46820968749029,2224
7,17,0,240.1925078029671,35.19574865411251,2011
7,18,0,204.8630764474854,28.34927187354699,1719
7,19,0,162.0431079245575,22.83725391128467,1377
8,0,0,155.819484512083,20.62746901072359,1347
8,1,0,212.9139655842845,27.85090168629555,1825
8,2,0,234.1374696288088,31.03763808537473,2000
8,3,0,269.4987672723469,37.10451612073111,2267
8,4,0,262.402350086814,34.75379247496086,2248
8,5,0,273.3317004481418,36.72349760220882,2327
8,6,0,282.7382620100049,38.11740518004968,2408
8,7,0,279.1514631746041,36.96713307696566,2386
8,8,0,306.6624039263899,734.7657369585346,2316
8,9,0,280.4530427153359,37.15680867074099,2410
8,10,0,274.3048138831718,36.77558110428885,2327
8,11,0,278.3247594310476,46.74019273382208,2348
8,12,0,294.3355353553577,122.120921438417,2389
8,13,0,280.2314919581537,37.51409909444357,2401
8,14,0,262.2195404543026,34.2228875622358,2267
8,15,0,270.9192374072488,36.99661041888488,2293
8,16,0,258.1566507708973,34.81882160873079,2207
8,17,0,245.2496682112421,143.9540620375122,2011
8,18,0,201.3973252818463,26.25042756425031,1728
8,19,0,157.9275453614355,20.92823077755535,1362
9,0,0,173.3768005891635,23.5882790048331,1466
9,1,0,216.565965240701,29.91024009432258,1804
9,2,0,234.1375825522381,32.08404901521227,2002
9,3,0,292.5094061472885,1017.836993678404,2209
9,4,0,296.8363676009692,176.787028367118,2345
9,5,0,277.2148916631926,95.94739655234076,2318
9,6,0,276.0901428920102,37.01707297951675,2348
9,7,0,290.833457902925,43.92122731186781,2458
9,8,0,309.9775091700435,472.2598014068477,2361
9,9,0,274.0560949902502,36.7034070792421,2341
9,10,0,279.7222964070826,38.1056180381106,2367
9,11,0,285.3418977194914,38.55596793135297,2434
9,12,0,286.6174532675238,38.43474300601295,2447
9,13,0,272.092872040576,36.77203384583888,2317
9,14,0,269.3883533677308,35.11214663588729,2333
9,15,0,264.0127276313712,34.90668534387729,2258
9,16,0,243.3594616430086,32.23865390292659,2107
9,17,0,240.4479148002874,32.08241018167234,2049
9,18,0,208.7425265713519,28.70527812347399,1761
9,19,0,164.4592119573862,22.19661801725189,1411
10,0,0,154.8265392166268,21.24817964612641,1310
10,1,0,201.830537173528,26.8777877770947,1730
10,2,0,242.3299444830718,55.45277658585029,1994
10,3,0,257.7523589344068,35.11003240787316,2170
10,4,0,264.2784703337974,34.69099696508457,2278
10,5,0,273.4353916829584,37.13005746027812,2329
10,6,0,274.2197680620419,36.8647625266874,2351
10,7,0,275.0145385642026,40.29780153905168,2345
10,8,0,276.1674414507978,39.24076358525997,2337
10,9,0,287.5823285539801,92.87405846980074,2398
10,10,0,295.4914495489647,373.4067501839098,2368
10,11,0,280.9773427055391,38.33587701166302,2362
10,12,0,280.1445552828342,38.49428193952895,2364
10,13,0,274.0383115056104,36.53388815890216,2340
10,14,0,286.539723842736,39.35437722939921,2429
10,15,0,266.7891151280035,39.43185441650409,2243
10,16,0,248.8908818298798,33.53332844412469,2127
10,17,0,239.8404224720983,32.48567067579916,2038
10,18,0,203.9632463169391,26.68984972502825,1756
10,19,0,174.5256661568505,24.18556737541527,1474
11,0,0,158.9954739552261,21.5318596758688,1357
11,1,0,219.2404891650124,745.4697999246519,1654
11,2,0,219.7647474179552,29.33730623129579,1893
11,3,0,248.4485198354831,33.16299850303835,2124
11,4,0,259.5307696627141,34.66384660141469,2214
11,5,0,274.0441352100354,43.39817937634456,2310
11,6,0,286.1380776918138,67.01186095654762,2373
11,7,0,279.2444429719637,53.49886939401426,2353
11,8,0,286.2240931580467,59.20695541983459,2395
11,9,0,273.4484523501611,36.57335020748503,2331
11,10,0,276.7977076096313,36.39143338098182,2389
11,11,0,277.1794074154797,59.89510614246435,2326
11,12,0,273.2803162841312,37.24406309179049,2324
11,13,0,309.9941440566051,254.3653017499946,2442
11,14,0,268.3540808030872,35.24860651849787,2311
11,15,0,275.3818604044623,36.47519428677188,2353
11,16,0,254.5003055528447,34.39614882360045,2157
11,17,0,233.8539149710637,30.89950382008739,2008
11,18,0,204.8728124544803,27.14056887581431,1752
11,19,0,167.0708504737863,22.79679863778641,1412
12,0,0,176.6939069491742,59.47189467079369,1467
12,1,0,202.6955504436025,27.54496698766745,1727
12,2,0,237.1667852260616,31.82329818498946,2028
12,3,0,252.5234639296132,33.79031197210857,2155
12,4,0,277.4271754732709,37.08239989269838,2364
12,5,0,281.8382658197619,58.34355586993046,2296
12,6,0,285.686072921524,42.849157529798,2429
12,7,0,272.7073043799188,36.93228174091519,2309
12,8,0,278.0552996213377,37.09074189502736,2375
12,9,0,292.9617661148132,267.2133540736949,2375
12,10,0,290.9652164932996,39.06262145011129,2490
12,11,0,279.115005798306,37.24164725598053,2372
12,12,0,285.3888505925505,92.63591165911531,2359
12,13,0,270.4056394671796,35.82618116719699,2318
12,14,0,259.1838198601507,34.33681802724456,2238
12,15,0,275.226967550901,37.07201575055213,2336
12,16,0,256.2696043593977,52.62752299216983,2149
12,17,0,236.3428608232833,35.78844913797511,2006
12,18,0,208.5920318337302,28.20891651821652,1766
12,19,0,159.8070871888701,22.28866271625239,1360
13,0,0,162.6769461806077,22.5086713796058,1360
13,1,0,204.0302671442891,32.12781297188904,1717
13,2,0,243.8364935930938,99.0091288924947,1981
13,3,0,258.3590415310853,35.62475461314705,2165
13,4,0,259.0868677529802,34.47313299319708,2207
13,5,0,259.9184787397982,54.86021770709845,2218
13,6,0,282.5899313792788,37.12363585931519,2433
13,7,0,271.333676938679,36.4655571447127,2303
13,8,0,273.6584834868709,36.6892531626183,2333
13,9,0,273.8930246497383,36.29988156664833,2338
13,10,0,278.983187116477,58.9130081146639,2340
13,11,0,304.1304233167863,523.65319038609,2343
13,12,0,302.3915171665905,292.8807028883851,2410
13,13,0,281.0207661988761,175.265590713691,2282
13,14,0,275.9064242224946,38.69407309137269,2316
13,15,0,264.8533405169792,34.7845598036298,2277
13,16,0,277.5458346470314,565.1409865181778,2147
13,17,0,235.1982341244535,31.14068025892952,2012
13,18,0,200.7785687712141,27.23715909650598,1711
13,19,0,156.8019999602784,25.16370942490185,1343
14,0,0,158.0315716188652,21.06435684287217,1349
14,1,0,202.4847036831102,27.00309881682577,1730
14,2,0,226.5977456841899,30.95621364008981,1914
14,3,0,240.1159056789299,31.42324777923616,2070
14,4,0,270.6179430835661,51.4583360990761,2219
14,5,0,278.1605511953105,39.67898511779757,2348
14,6,0,285.0697555209845,63.98147954883437,2378
14,7,0,281.6160840411009,50.64685776267602,2327
14,8,0,264.2360157615109,35.38173560703503,2258
14,9,0,280.115257227718,37.90458343834861,2366
14,10,0,289.7896216600521,94.97882029283448,2411
14,11,0,276.5856946212374,37.30976981227965,2357
14,12,0,275.3588382889989,47.47559328855083,2330
14,13,0,286.1041008446517,39.22553586740149,2415
14,14,0,278.3525922672655,37.24239249271413,2364
14,15,0,266.6390410538339,36.00881659039172,2260
14,16,0,245.2661342940269,31.77843585381135,2134
14,17,0,228.511631274738,33.69915513008536,1929
14,18,0,201.3615499242618,26.84737829981177,1729
14,19,0,164.1116022794102,22.13657430395428,1403
15,0,0,143.1307824916994,18.73941991966557,1233
15,1,0,187.0066702131694,25.04281150019489,1596
15,2,0,218.6723975805963,28.22212843101173,1885
15,3,0,246.1998464453911,94.57749662526425,2044
15,4,0,262.1024736712704,55.92813840815848,2179
15,5,0,256.8123945610123,34.03007867950984,2211
15,6,0,273.2294185474568,196.0401345021846,2232
15,7,0,277.80836444795,50.8102809136152,2327
15,8,0,266.0749430836797,35.47350490196006,2274
15,9,0,270.0198023473849,36.68061038717498,2299
15,10,0,274.2454500471586,53.44997279237998,2281
15,11,0,269.5181043016717,36.29485387833927,2319
15,12,0,283.3934801490596,38.53663922474927,2398
15,13,0,267.5312887106331,45.77660240383786,2280
15,14,0,270.4642685469856,36.15036107451256,2319
15,15,0,250.2790358811432,34.04094758284877,2105
15,16,0,241.474846021642,54.08854523105262,2021
15,17,0,231.7919835484423,31.18420218585971,1983
15,18,0,189.8404019191546,25.69854179891927,1602
15,19,0,151.2572985197091,21.01112688040284,1264
16,0,0,152.2211449079882,20.99742621178062,1272
16,1,0,176.5688527890681,27.38657730115604,1512
16,2,0,209.3325551670712,28.1285595048924,1778
16,3,0,228.2809198892895,30.94962992145775,1924
16,4,0,244.8784602540929,32.84948818571398,2083
16,5,0,248.2843996854897,33.3716468765346,2117
16,6,0,247.4552700059337,54.02664286970758,2081
16,7,0,246.2426376005663,32.54125854092847,2109
16,8,0,266.1773415251535,36.64016563288294,2234
16,9,0,263.3512052347024,142.2183504025133,2175
16,10,0,266.7686901482092,238.4541011977944,2125
16,11,0,262.0371107731188,35.62244637345368,2217
16,12,0,246.4279494195181,38.72876212483487,2101
16,13,0,256.1969500932011,34.67972125808111,2183
16,14,0,251.2940861301985,42.35828821180638,2109
16,15,0,248.2552944747013,38.5361367477927,2101
16,16,0,230.729716417664,55.55614877654332,1933
16,17,0,214.7896767104923,29.24168053698043,1810
16,18,0,196.5504707306492,59.39773951014209,1623
16,19,0,140.235378212952,18.05760385196426,1225
17,0,0,130.9889353245962,17.5781281441739,1128
17,1,0,165.9645988157613,22.74608262930303,1404
17,2,0,190.9716031170732,25.49251109380485,1625
17,3,0,223.0133692938311,32.15930478389922,1871
17,4,0,220.5724887886649,30.16594242541934,1857
17,5,0,226.7197269934751,47.18137564828988,1931
17,6,0,237.2574287113644,44.81115585748503,2002
17,7,0,231.7398599456729,30.67758110008835,1989
17,8,0,257.3275690142431,425.0702874416933,2005
17,9,0,239.5143152194798,33.3271614497866,2035
17,10,0,238.8755868276446,42.96213182966235,2017
17,11,0,232.9409810382547,31.01976008682645,1995
17,12,0,227.9679845768074,33.11312741313487,1952
17,13,0,229.9034824777104,30.48566534483981,1979
17,14,0,230.4084006550925,31.56768272062651,1952
17,15,0,231.7727800024938,47.23897858516248,1933
17,16,0,212.9340961031358,29.37755748775584,1777
17,17,0,196.6464412155886,34.4764069675736,1672
17,18,0,164.6744968461097,32.45881195877693,1385
17,19,0,135.6580483489121,18.63400347620388,1151
18,0,0,115.1433495603775,15.51410132616576,986
18,1,0,147.1100208197497,23.59806978365328,1245
18,2,0,164.6129310237484,83.60678738130186,1341
18,3,0,215.9018929916647,322.4934996938614,1643
18,4,0,195.4692287357911,26.29953091143991,1646
18,5,0,193.2298701052746,26.05138510916369,1640
18,6,0,202.8907001156306,27.22318887157381,1734
18,7,0,199.9371210988112,26.68626829302164,1694
18,8,0,204.9430034388589,28.58134546506711,1710
18,9,0,194.2821770513035,25.7680977397431,1661
18,10,0,212.4567316883696,146.6361459341125,1640
18,11,0,216.5242023961908,292.1866612670324,1702
18,12,0,211.7859923293747,29.38522703023097,1801
18,13,0,219.5973183117572,123.2201125659648,1730
18,14,0,200.6254171480016,28.03652903760891,1687
18,15,0,208.054896598201,297.8456469690595,1641
18,16,0,181.7969462597706,28.43710605915392,1525
18,17,0,177.6862973805392,46.16530805384659,1467
18,18,0,146.6262109876647,19.52627470512764,1255
18,19,0,118.1653891356161,15.83531045617904,1021
19,0,0,93.16786289467734,15.31670262831783,791
19,1,0,121.6687937671985,17.03751659116426,1023
19,2,0,130.4278783139314,17.54706396791168,1112
19,3,0,142.7574198497053,19.18376619643566,1218
19,4,0,156.5519945153218,20.70439602888582,1353
19,5,0,152.7242312759422,20.36988679366847,1313
19,6,0,165.7856854355243,22.26463998224626,1432
19,7,0,157.7162419094836,22.6723662226477,1321
19,8,0,167.2754212890873,22.29258446421124,1433
19,9,0,161.9623704306027,21.45938313134087,1383
19,10,0,161.593605655138,22.56580845205363,1365
19,11,0,162.3275308700707,21.34234053423616,1394
19,12,0,163.8604306692823,21.65986238449072,1414
19,13,0,159.3126540297861,20.95525564604766,1384
19,14,0,170.3853285829593,78.14426454030581,1385
19,15,0,161.3311777500065,21.28549659168771,1384
19,16,0,148.1341731442606,20.09052669092307,1272
19,17,0,139.6311182970296,19.39361125943354,1169
19,18,0,122.6647975642346,16.59363787420003,1043
19,19,0,91.49885533295891,12.25552404158229,781
