# mesh name: boxMesh_1
# primitive scorer name: doseScorer
# iX, iY, iZ, total(value) [MeV], total(val^2), entry
0,0,0,84.88683265389777,12.67382286447559,660
0,1,0,100.6688896842323,14.52128385458489,797
0,2,0,118.1309581275187,17.22129632616946,928
0,3,0,131.0000347357071,18.36976544380054,1050
0,4,0,140.989058090489,19.9485162452912,1128
0,5,0,154.6124022472623,21.55179234002038,1258
0,6,0,156.1394191333679,21.79157020977349,1276
0,7,0,158.007199164968,21.81735420750844,1307
0,8,0,160.3463077973315,21.91706411411619,1327
0,9,0,158.5733922322439,23.37135631795549,1318
0,10,0,153.0215987403311,21.0388436578597,1308
0,11,0,168.5432635887422,22.85535461869493,1430
0,12,0,161.5060997645357,20.91586336162949,1407
0,13,0,166.1357942600521,22.58952607716119,1415
0,14,0,167.8611949862772,22.48562582599656,1463
0,15,0,165.8466197204218,21.22973825469195,1472
0,16,0,156.162909312031,21.36763346805563,1378
0,17,0,151.6777697955714,19.62638588519916,1351
0,18,0,154.0699836010881,19.75805411460509,1378
0,19,0,111.5975442673338,16.70380746717244,1017
1,0,0,102.3711832139411,14.50419242926299,807
1,1,0,125.4078806487551,17.79209137396922,989
1,2,0,148.5036371799122,21.40127666273259,1161
1,3,0,164.342753191791,24.02838139082444,1287
1,4,0,177.8017944367461,25.81324555212493,1400
1,5,0,188.5035014908271,97.91665295737347,1450
1,6,0,180.1680671574071,25.29745967319913,1460
1,7,0,207.8876838636124,164.078864157612,1618
1,8,0,196.835228022187,27.89263755503044,1608
1,9,0,191.5541410581277,25.57072234621173,1611
1,10,0,207.0407045525826,62.19778442437366,1693
1,11,0,202.9228733959293,26.80787084508065,1736
1,12,0,205.8854765048656,27.73862105531668,1761
1,13,0,202.3082992567277,26.93847497262419,1739
1,14,0,210.7913694514806,28.06690169112002,1832
1,15,0,210.3772313306915,43.23202208049079,1818
1,16,0,243.7199188534256,1194.585770580958,1860
1,17,0,216.4007450680989,86.93554620447726,1884
1,18,0,193.3283115651186,24.93247978724412,1734
1,19,0,154.6949687007291,19.22891606781733,1413
2,0,0,113.2275313665941,16.35502419627968,887
2,1,0,161.7089271795948,186.9162134790423,1160
2,2,0,165.1039116805209,24.15856531793256,1293
2,3,0,192.2907098763746,53.20160829840388,1504
2,4,0,202.1985101163204,28.02334226561197,1629
2,5,0,205.5429485640897,29.40388141163357,1637
2,6,0,222.2738451390174,30.91983758698296,1821
2,7,0,222.9497909676914,31.67400076350036,1810
2,8,0,227.5453699394758,30.94528330771682,1886
2,9,0,236.590213177421,32.9747692998751,1941
2,10,0,226.0930019829542,30.16530698453601,1918
2,11,0,233.1622205490587,31.57339177929573,1982
2,12,0,247.2860718114123,134.0496439910372,2019
2,13,0,249.0767956260993,38.49603047208108,2108
2,14,0,254.9432495800781,287.779426127602,2001
2,15,0,249.8216494513915,80.61712170607977,2155
2,16,0,257.5964705204593,86.38391640261005,2205
2,17,0,244.1875760202939,40.77000886937238,2131
2,18,0,221.6561822049709,29.73092943983604,1986
2,19,0,175.5880423906315,23.06427869771214,1570
3,0,0,124.3533894343448,17.92357420611007,977
3,1,0,156.7667916919681,23.98370760405774,1217
3,2,0,186.4699613081649,27.62247055813986,1452
3,3,0,201.4553775546075,28.18262054717903,1609
3,4,0,218.8577045663023,31.05534767869912,1740
3,5,0,226.1020899198193,31.85505548273009,1835
3,6,0,237.5186383928362,33.32163575529704,1935
3,7,0,263.4948382023815,144.9397183803026,2068
3,8,0,240.7613792714427,32.2848173371405,2005
3,9,0,262.8428984664885,47.94248935152121,2132
3,10,0,247.8025139903919,33.09278283360116,2090
3,11,0,258.4143358100358,34.8250437645584,2193
3,12,0,283.6185343514059,390.3353243514596,2264
3,13,0,260.1734645670642,56.77532433795531,2210
3,14,0,258.9142849300134,34.14390819782162,2259
3,15,0,258.8381082885124,33.75042409824849,2270
3,16,0,251.7382270893981,33.02666678182958,2217
3,17,0,253.9484864546402,32.42810437561016,2269
3,18,0,225.1725722635863,28.9017565685081,2026
3,19,0,185.3937112936574,23.05897037819085,1692
4,0,0,144.0849465568491,21.21277475787629,1111
4,1,0,171.0001258304239,24.63940807920077,1342
4,2,0,194.7549689826542,28.98563818130049,1518
4,3,0,212.8311440326814,30.31368401447277,1674
4,4,0,238.1410338917086,34.22923944786284,1881
4,5,0,234.305261856857,33.50925035311098,1876
4,6,0,260.8608708663618,37.28935930816697,2089
4,7,0,267.937354813832,36.77492585688793,2207
4,8,0,273.549606938196,39.15014808995908,2264
4,9,0,260.2590742364755,35.06956423734666,2195
4,10,0,263.1948176878458,36.0022893823614,2232
4,11,0,268.2596909135796,36.77732975048888,2263
4,12,0,262.4048455609835,39.18407589464428,2250
4,13,0,267.9556467604638,35.54458827727698,2313
4,14,0,276.8136755880821,41.51742982606468,2387
4,15,0,261.4711736986347,33.83823253551118,2319
4,16,0,274.2825584589251,207.9243608717544,2314
4,17,0,258.1244517977315,41.13075157996328,2308
4,18,0,242.7755364638332,31.17819087720993,2170
4,19,0,186.3158701160802,24.03694510867047,1670
5,0,0,147.2187839036372,21.17453929190136,1159
5,1,0,164.2654138486398,25.03514337359263,1284
5,2,0,206.6428706823426,30.06249016891762,1624
5,3,0,212.5060936963448,30.41844000195648,1684
5,4,0,242.2563015347629,33.82865565447032,1952
5,5,0,265.8589278915271,38.2777015922419,2113
5,6,0,250.0931834652997,34.63364537191681,2048
5,7,0,277.8056787267835,39.68234965184292,2265
5,8,0,277.9667541064731,37.93313788235841,2306
5,9,0,265.3177718670298,36.01040568595837,2223
5,10,0,280.2043047110139,37.61755988314841,2366
5,11,0,282.7370049581039,37.52732724406273,2404
5,12,0,283.4770022735368,37.86956861781306,2443
5,13,0,281.9556427732088,37.21457377022004,2439
5,14,0,291.6455992003874,126.4441671093336,2426
5,15,0,269.9602280512362,34.46363303650142,2376
5,16,0,287.9829579014912,381.2747234385867,2386
5,17,0,263.4130240974296,33.80684405633924,2357
5,18,0,238.2675372403548,55.65358141582572,2120
5,19,0,193.0731572746965,24.45377618129638,1729
6,0,0,153.2086281442618,22.0423923861472,1205
6,1,0,182.1303967773251,26.0082965546548,1425
6,2,0,218.2669624943366,31.89275041774893,1707
6,3,0,225.8161095302127,54.40642994367159,1760
6,4,0,242.1989002088554,34.14945659785226,1938
6,5,0,269.5924812562742,94.36237092773901,2105
6,6,0,265.1382319764207,37.15916668538968,2161
6,7,0,269.8311891799633,37.27121269420245,2211
6,8,0,289.9604340532657,60.87579117203391,2307
6,9,0,276.0157099204459,38.05544253375135,2286
6,10,0,266.5865008639603,44.48235421341347,2239
6,11,0,287.497537106553,55.18290807166229,2394
6,12,0,290.0370460952323,74.08128408364713,2425
6,13,0,269.6463972248363,35.98924619882369,2330
6,14,0,281.7330796264276,37.82827555164609,2430
6,15,0,283.5024102976231,36.71702927852628,2503
6,16,0,280.8178925409181,39.86322056351424,2484
6,17,0,265.7375759614878,36.4895670412486,2344
6,18,0,248.9290867985542,31.9171766677463,2229
6,19,0,190.3232664219551,23.94124848318912,1734
7,0,0,180.4551239374195,495.2971380350909,1230
7,1,0,179.5390668280627,26.51578724842975,1409
7,2,0,211.3841272322096,30.91395374245455,1653
7,3,0,257.4745404711661,228.1507297961932,1884
7,4,0,251.6276649578108,35.57253893194023,2017
7,5,0,268.7975259737838,37.36831223571303,2170
7,6,0,275.4405518929095,40.0231903545088,2222
7,7,0,286.3492401806063,64.09850744619297,2293
7,8,0,276.5196529671755,70.38774158341917,2236
7,9,0,281.7164758712539,42.92623623792979,2302
7,10,0,287.1830748595764,39.3707638502562,2401
7,11,0,272.6836705635108,36.32553975289424,2347
7,12,0,302.0318734741714,263.5009697190696,2471
7,13,0,278.9966644978177,46.63679419390122,2377
7,14,0,287.0416424091314,38.47128625101159,2484
7,15,0,279.8944273471544,36.28357960948572,2463
7,16,0,274.9364602979242,36.65527718924252,2407
7,17,0,276.8417297999737,41.72816455587896,2445
7,18,0,237.3979994192147,30.0029727439621,2152
7,19,0,189.2714001116119,28.02078278644004,1695
8,0,0,150.5303131014801,21.81253599679164,1174
8,1,0,179.5598257762215,35.41076089902609,1383
8,2,0,213.4569718027185,31.02513605798532,1668
8,3,0,260.4732437570109,791.6008826372129,1850
8,4,0,255.2865557844351,35.98565457479645,2051
8,5,0,262.6226580173283,36.81586787701215,2124
8,6,0,268.9410711109956,37.52121514338511,2188
8,7,0,281.3423264454308,39.46395262509592,2293
8,8,0,280.0026136916662,37.93861581242373,2333
8,9,0,267.3730263456933,36.68647043787088,2250
8,10,0,285.0267325695572,68.01497855076323,2358
8,11,0,272.4381857612506,36.56628582795565,2322
8,12,0,289.1838543281783,42.10975838247877,2446
8,13,0,299.4700799736598,391.2132192966353,2397
8,14,0,277.1857807859871,36.5688376329114,2414
8,15,0,268.4531915869728,34.18698125025836,2395
8,16,0,285.4546778981423,64.09500597458486,2426
8,17,0,278.3662167317626,96.04712372767361,2421
8,18,0,240.0636278845579,30.01466308318247,2185
8,19,0,198.1909855513192,132.2434082990122,1722
9,0,0,150.7391231374848,21.48137685786407,1192
9,1,0,184.1201847489935,26.5101477503245,1457
9,2,0,208.0743046665594,30.14329346069441,1622
9,3,0,261.1353165283131,668.9351652447891,1884
9,4,0,248.8229751391548,35.42162733309264,1983
9,5,0,269.0208732274526,113.5867926082828,2111
9,6,0,274.8351799284681,38.47843152644312,2237
9,7,0,289.3765420691182,40.25280195251382,2387
9,8,0,294.245917159386,356.5008497488427,2282
9,9,0,289.8250796694331,40.07647306689401,2393
9,10,0,287.5657142993314,39.59872867043928,2416
9,11,0,295.8524820176797,95.221393909657,2406
9,12,0,284.7986407447046,76.85315954883164,2399
9,13,0,271.0930177741611,36.00027564592991,2355
9,14,0,294.0390016962908,342.480546579793,2425
9,15,0,272.7506351721644,35.78143604502822,2381
9,16,0,281.2728482425339,51.08986316296291,2461
9,17,0,262.1159454056165,33.42860484915499,2349
9,18,0,246.784196640219,43.03618451349811,2188
9,19,0,187.7263262829222,23.49218468682035,1728
10,0,0,161.6875122835592,24.02125719131852,1242
10,1,0,181.0708986519294,56.57952657488046,1408
10,2,0,201.7913853834644,28.87608126650008,1600
10,3,0,250.2148803849837,109.7793101970755,1887
10,4,0,258.9904150276938,39.29064416612118,2051
10,5,0,259.8320204599,36.85360739431738,2077
10,6,0,274.9577011485548,37.93567840832804,2246
10,7,0,276.8459609936129,38.12467548478221,2277
10,8,0,284.9866826235651,133.3753678571824,2263
10,9,0,284.5503548214701,70.18325273421149,2294
10,10,0,294.8347411164638,238.771476692116,2362
10,11,0,292.6383302756684,40.93075638880196,2458
10,12,0,273.7252552047536,36.25043608557718,2360
10,13,0,285.5337026871577,38.98955882006161,2446
10,14,0,286.1882627025392,70.74421101168411,2464
10,15,0,277.2513723737077,36.1657427801032,2448
10,16,0,287.0340086116175,383.6966066849135,2397
10,17,0,273.7349193893539,112.0354959969155,2338
10,18,0,236.4513324943646,30.1847700001041,2127
10,19,0,198.5362798495472,89.79556453441381,1709
11,0,0,142.7172511394376,20.73778645562754,1114
11,1,0,196.3292901655211,160.6111749735603,1416
11,2,0,212.1639803111539,33.12699490766421,1659
11,3,0,232.6954939098171,32.9785449299965,1856
11,4,0,253.6568344498159,69.49772030284694,1979
11,5,0,256.6402012485878,36.64080431805194,2069
11,6,0,268.4610537524101,55.17378185122659,2158
11,7,0,281.2477330743335,244.3987248916058,2180
11,8,0,281.5787209083211,40.29858868599664,2303
11,9,0,280.101511285064,38.79330309499828,2335
11,10,0,283.430198162965,43.30664264705511,2366
11,11,0,283.8048257138227,79.08386897540022,2339
11,12,0,278.3608764253841,37.99467988359719,2366
11,13,0,276.8788385194821,37.56254724102392,2395
11,14,0,277.6595982548063,38.28880518079442,2421
11,15,0,275.547912808652,46.98680676823651,2399
11,16,0,288.8584301808394,93.30566195701842,2454
11,17,0,267.2183426134701,34.47595369567463,2371
11,18,0,239.8583153108263,30.06784677932239,2174
11,19,0,200.4958952075994,26.59273188257927,1779
12,0,0,157.7862893180416,22.56966050049085,1230
12,1,0,190.9698342705682,60.93063512244833,1439
12,2,0,218.2552918404815,31.29980219896774,1729
12,3,0,224.9244087251768,32.73099938357592,1787
12,4,0,265.2986367192519,116.380264157258,2035
12,5,0,275.1770154887842,114.6084014405179,2107
12,6,0,258.7061837416059,36.44770278058927,2078
12,7,0,281.7694024638869,39.59334765086125,2292
12,8,0,274.3144663248093,39.3817056582966,2257
12,9,0,281.3672857721355,55.3988132651703,2290
12,10,0,279.3298203396554,37.90477098871204,2348
12,11,0,294.1455609616409,185.3196629011935,2368
12,12,0,287.1915176242763,46.36201305237901,2423
12,13,0,281.5634393969914,38.09928213032242,2408
12,14,0,280.3306968730823,36.98721263385244,2438
12,15,0,302.1027982184058,145.7500442751013,2527
12,16,0,270.6070072960213,34.64754681433794,2415
12,17,0,256.8440210816045,32.86887516633624,2310
12,18,0,243.5666051497895,31.73757764788443,2175
12,19,0,195.4280344105574,24.85644958835398,1760
13,0,0,150.4531875401193,21.59344828027377,1183
13,1,0,194.4295569189727,125.3522834150569,1442
13,2,0,206.5493267661357,29.56215644994642,1635
13,3,0,233.5602637005819,33.41853740997619,1846
13,4,0,243.1172996015797,40.48446983777491,1930
13,5,0,272.1195675869075,111.5071748768286,2099
13,6,0,269.8689869476181,37.56785165184581,2208
13,7,0,281.5051882642661,62.80261073877686,2262
13,8,0,297.8931393837693,160.9516174673134,2333
13,9,0,280.6776680062123,48.25184474771832,2325
13,10,0,291.7033202353501,94.26586225151964,2384
13,11,0,263.3125782666707,36.30940944449562,2263
13,12,0,278.8877922735438,47.6407901971617,2398
13,13,0,274.4369797190612,36.64045545640154,2366
13,14,0,270.5288635611249,35.48853250478727,2366
13,15,0,273.1609138916147,35.04618020749812,2445
13,16,0,281.8442312837588,36.46692462784523,2518
13,17,0,300.4717855204484,816.2367630323606,2377
13,18,0,237.4007920871146,30.14217980361675,2146
13,19,0,192.2417373285895,24.16996677866166,1740
14,0,0,149.1333590962257,73.14856690255471,1108
14,1,0,173.7710926394174,31.99615781862151,1343
14,2,0,199.7241124278334,28.25544405351195,1577
14,3,0,228.4773916991578,33.31380244478301,1807
14,4,0,242.667507866703,34.83264312860862,1921
14,5,0,259.0067579350052,89.50273201680828,2030
14,6,0,257.1825861969152,35.77459713584646,2095
14,7,0,269.1345461608465,37.69721786264495,2199
14,8,0,266.3232532381924,37.21931367677817,2191
14,9,0,269.5951126813366,36.72597783645721,2247
14,10,0,278.0754234878572,42.31638341782583,2322
14,11,0,273.6984366455753,36.5574435636459,2336
14,12,0,287.2062398537062,294.6456069761863,2345
14,13,0,288.4402193643888,95.30259492716553,2375
14,14,0,288.4262457002847,61.5353817412871,2472
14,15,0,275.4592404059944,35.99196424536128,2430
14,16,0,257.0930409602158,33.51165853685549,2283
14,17,0,269.1296639721701,234.2987923574161,2289
14,18,0,236.0586999737707,29.70063300771464,2129
14,19,0,191.3531799647728,24.19431630017156,1747
15,0,0,136.2329994720642,20.24314673674152,1045
15,1,0,161.2380194470222,23.34463845846232,1259
15,2,0,189.3959800757637,27.49692571233642,1493
15,3,0,208.5742130253108,30.03350516524156,1642
15,4,0,250.6934782342097,66.86835977130916,1918
15,5,0,252.6502494427672,35.12109277470505,2036
15,6,0,247.3610037494966,34.23577467047169,2023
15,7,0,261.8235505140745,36.43908017695104,2136
15,8,0,270.2656094928665,45.05507187103667,2200
15,9,0,294.7014019652358,825.2443002133767,2201
15,10,0,268.2225363159841,35.93273754141871,2273
15,11,0,279.9441356109003,77.29497656001466,2303
15,12,0,280.2120112736129,41.09446715087203,2374
15,13,0,267.9542371470445,35.3709254842082,2341
15,14,0,275.5909674947566,36.85043436436318,2413
15,15,0,272.8580625086528,35.72217878060412,2382
15,16,0,264.4359683877056,35.12512947632965,2345
15,17,0,258.0571535209321,32.87679827034717,2316
15,18,0,238.6540248109568,30.28973838426906,2145
15,19,0,188.4941357480789,56.04074213198273,1655
16,0,0,129.6155927469008,18.72366080052159,1014
16,1,0,167.319209032985,131.0690491585302,1200
16,2,0,191.9729022438687,28.03211657914148,1502
16,3,0,208.1212678414651,171.224261814449,1532
16,4,0,209.5885634953592,30.23878871217827,1677
16,5,0,223.7485928448291,39.2686309156184,1795
16,6,0,238.651519815183,33.76968392865867,1935
16,7,0,262.4010343836022,219.7903318676425,2027
16,8,0,249.2929764992861,34.87600686892596,2051
16,9,0,254.9806610751342,33.84450364043559,2160
16,10,0,250.1220233700479,33.28095299410764,2123
16,11,0,273.2056893581965,324.1810622266855,2165
16,12,0,246.6416253651482,32.92395631455156,2109
16,13,0,260.2978926440736,34.52212663151806,2247
16,14,0,282.9704537563385,530.5267982724794,2262
16,15,0,257.7725874546393,34.91480520414048,2260
16,16,0,255.35430872277,33.72032665485865,2232
16,17,0,252.3383395432008,32.38497294473812,2254
16,18,0,233.024062199171,29.84237196974862,2099
16,19,0,183.527903985123,22.53691524063101,1686
17,0,0,119.2902665816513,17.02444645943772,940
17,1,0,176.0029651792109,1313.129267614136,1118
17,2,0,163.7581216272711,23.14346604823504,1302
17,3,0,180.0434682257799,24.81399387413149,1450
17,4,0,199.6486153738677,28.48841577783454,1597
17,5,0,205.9105289225302,28.51819267462309,1680
17,6,0,223.6553771693098,31.63353816945353,1810
17,7,0,221.1447604281069,31.04872716694699,1801
17,8,0,217.1768105662296,29.98175292115359,1804
17,9,0,226.889439828615,31.535349060749,1880
17,10,0,225.8294375698044,33.83087896194824,1876
17,11,0,227.8286401082954,33.09308998619518,1933
17,12,0,237.5658919240932,31.30085494324667,2049
17,13,0,244.4301376637343,32.68514159375078,2113
17,14,0,242.4325556464351,33.42783765093306,2079
17,15,0,237.4431143007058,30.57115641971281,2105
17,16,0,236.1625382554126,30.13526210602209,2112
17,17,0,244.241887746585,39.48738818834416,2169
17,18,0,219.5392833567345,74.21239638303298,1933
17,19,0,173.9121860793464,22.10165150400279,1577
18,0,0,99.61014704530902,14.2101924921909,778
18,1,0,139.6023189492007,77.92108230768093,985
18,2,0,151.7820581718615,22.26511602617525,1183
18,3,0,163.5825793192879,23.84485569086459,1295
18,4,0,177.804097433149,25.26206791465636,1423
18,5,0,174.2041909867319,24.86932019862825,1396
18,6,0,183.4589713743556,25.33798501220679,1506
18,7,0,191.0566551093699,30.70170825303875,1560
18,8,0,197.7748427776407,27.3248030218145,1626
18,9,0,222.8832597588042,384.0251736203731,1648
18,10,0,224.6783539303878,635.488565458267,1693
18,11,0,199.2008758762574,27.14550782846745,1683
18,12,0,205.2105647395239,26.68284778866675,1780
18,13,0,206.9582345751805,34.43047116305541,1758
18,14,0,213.3287654366655,28.46715310953148,1849
18,15,0,211.3303780177856,26.5663533569325,1892
18,16,0,205.2845271021081,27.16028730931441,1801
18,17,0,213.2429440633001,27.60910704217845,1899
18,18,0,197.0379537853375,25.51705700689714,1749
18,19,0,157.7962029608896,25.18567805373907,1420
19,0,0,83.40258575399037,11.79423727581522,662
19,1,0,109.011515787781,16.16348878792615,843
19,2,0,118.1008166211233,16.83082701276597,945
19,3,0,143.8223714159297,159.8707353943129,1061
19,4,0,148.3479016538117,25.16283011722224,1151
19,5,0,158.1917996670809,22.08504749550513,1280
19,6,0,156.2952262627998,21.91892862701071,1279
19,7,0,151.1616191043519,21.1101691472189,1241
19,8,0,165.6418697199202,22.60269189566096,1376
19,9,0,164.7171057755844,30.29438228496494,1367
19,10,0,165.5124681866052,24.4276438752555,1395
19,11,0,158.6370142143034,21.37908059020313,1351
19,12,0,170.6165588215061,23.27152054647244,1450
19,13,0,164.3320732659449,21.56512476397441,1434
19,14,0,191.7359899080191,981.3866458459469,1413
19,15,0,180.7213577061489,109.1968131372437,1439
19,16,0,160.7833620141054,19.82962437276978,1468
19,17,0,158.6079285682673,20.2014683450847,1424
19,18,0,152.0368411293493,19.82167793829005,1350
19,19,0,123.3992674023654,16.38555872880833,1093
