# mesh name: boxMesh_1
# primitive scorer name: doseScorer
# iX, iY, iZ, total(value) [MeV], total(val^2), entry
0,0,0,88.44651533025174,14.15391597611159,618
0,1,0,100.4801475285747,16.59180081327125,702
0,2,0,108.4856233444781,16.64495503662476,789
0,3,0,123.920047017924,19.32463903741801,887
0,4,0,143.7953619703482,22.18780319892577,1049
0,5,0,154.8365412618148,23.72221003987524,1158
0,6,0,152.4697698201927,23.08173827614553,1144
0,7,0,173.6313498397976,72.7555924198742,1248
0,8,0,162.4143748904493,22.97859783278022,1281
0,9,0,163.1428534780444,30.29614399889239,1265
0,10,0,191.4908098875456,730.3314103410902,1329
0,11,0,166.1955879238704,22.9618004746771,1363
0,12,0,156.5793090994666,21.91829180420041,1284
0,13,0,170.0784321241753,23.76667182884902,1413
0,14,0,158.8270805798117,21.0442615494487,1353
0,15,0,170.702594121793,23.74733897204536,1437
0,16,0,161.6904419158418,22.01761008965691,1392
0,17,0,158.2203349986525,42.23769591255333,1341
0,18,0,138.4381179296454,18.48630672758371,1199
0,19,0,120.7245844479399,22.9304761910474,1045
1,0,0,99.34693361455631,16.06117084354491,696
1,1,0,106.7973298047156,16.37992954277872,768
1,2,0,149.0044157458185,81.77853208916893,997
1,3,0,149.0151330970799,23.47925631039022,1075
1,4,0,162.7927307713242,24.70537019844436,1196
1,5,0,176.7763732384315,27.40006194037164,1307
1,6,0,182.0469664712757,27.11752216556057,1372
1,7,0,184.3638477202259,27.29589735349438,1390
1,8,0,196.439882125004,28.96990876466235,1514
1,9,0,207.4683354285803,231.8534119735582,1504
1,10,0,192.7173358302022,27.47342295644216,1548
1,11,0,191.7671431958912,27.0791695421802,1548
1,12,0,206.3260660309419,28.51742614967437,1693
1,13,0,203.5116419361774,28.59452087655304,1669
1,14,0,202.3030790333537,27.47742059335773,1703
1,15,0,204.4185350693564,27.34216747644787,1745
1,16,0,203.7076800630836,27.30961974722837,1750
1,17,0,207.6870818171148,27.46676933653017,1795
1,18,0,194.5759164763176,262.4672935237398,1603
1,19,0,147.5220517986333,19.29971547479827,1302
2,0,0,115.193656807511,22.94193571211133,789
2,1,0,135.409586993153,21.63976937318393,957
2,2,0,156.0691391282043,24.35433178279113,1117
2,3,0,166.6149459798037,25.2223221481829,1222
2,4,0,177.9529853199803,26.52923775576861,1319
2,5,0,208.1967724379924,31.97417644187394,1522
2,6,0,198.5316238025621,28.872868853363,1514
2,7,0,217.1147560334459,32.35091877098122,1650
2,8,0,213.5520157682145,31.04421005678505,1651
2,9,0,219.7218369404462,31.87996242052488,1718
2,10,0,230.2499698917005,43.03651423041714,1805
2,11,0,218.969930058497,29.71328568759951,1802
2,12,0,230.1231322628572,31.88238781131007,1901
2,13,0,220.969427079453,30.60098936138496,1848
2,14,0,233.7679141780404,44.8067273362761,1942
2,15,0,230.6342291441779,31.46645587218617,1978
2,16,0,226.8768351694335,29.90297675546828,1961
2,17,0,239.7425613445296,102.2965416421602,1994
2,18,0,203.2542621338524,26.32724485200352,1793
2,19,0,174.366152545651,39.4552746530038,1529
3,0,0,129.154099076377,20.97310568763173,914
3,1,0,144.8532440111384,22.54764219765822,1038
3,2,0,163.1555694192354,24.70187095778321,1188
3,3,0,193.9532303107218,29.67298343834042,1418
3,4,0,213.0303694360568,33.20023333391318,1540
3,5,0,217.9204481399318,32.93481224631314,1640
3,6,0,216.802516254323,32.50523438280272,1631
3,7,0,232.4294261075158,34.74267163583455,1767
3,8,0,240.824802871212,48.51134388366653,1841
3,9,0,250.066212085127,162.0444629415514,1876
3,10,0,238.3852159866382,33.44462780575897,1921
3,11,0,236.9027466447942,33.45234856767797,1918
3,12,0,256.0771606725215,48.93074259791576,2067
3,13,0,259.0491164416684,130.3326759435601,2101
3,14,0,253.8837309604375,34.00828125522968,2155
3,15,0,249.5725492896678,34.19315103626322,2112
3,16,0,260.7818975375313,35.21378060221398,2239
3,17,0,238.7852784256134,31.2810970523431,2088
3,18,0,215.1107372745978,27.20720334773372,1929
3,19,0,184.8148900060301,23.39262094049473,1660
4,0,0,130.9096661596051,22.07146756393459,904
4,1,0,147.4617504515743,22.73856543567449,1060
4,2,0,181.4216321677315,27.59954788829575,1319
4,3,0,216.8498916838302,108.4284796681231,1519
4,4,0,223.9219844888763,35.50152988989693,1626
4,5,0,234.9614363890947,36.93290229573287,1754
4,6,0,254.5645862047286,161.3170948130739,1802
4,7,0,296.6473573191853,1243.305220200408,1924
4,8,0,252.4816403056653,38.5640657940703,1928
4,9,0,248.6369691593704,35.59321892092367,1978
4,10,0,272.3966669627279,77.14243803928484,2131
4,11,0,272.5329309930272,204.215167068131,2039
4,12,0,265.2396422744306,37.80855342925507,2126
4,13,0,274.6267102787911,48.94400927800837,2246
4,14,0,274.4996698700684,66.31351810903804,2272
4,15,0,295.4637361221004,199.6381337503678,2395
4,16,0,273.7676863527793,142.6206328275674,2271
4,17,0,252.0291981776272,33.29208708379772,2201
4,18,0,232.3677383896568,80.35647781514122,2002
4,19,0,187.7618394560805,24.28085260520803,1667
5,0,0,144.5522517738647,22.96338502935193,1018
5,1,0,163.3510751931921,25.90733308754202,1168
5,2,0,190.6376691743233,29.60686231661879,1369
5,3,0,213.3910351283733,33.29303051137352,1540
5,4,0,231.6583390091714,35.71826989603027,1688
5,5,0,249.0864495415898,38.40940375393991,1849
5,6,0,256.1778715477708,38.256205497217,1927
5,7,0,263.162498741311,42.58578947808127,1985
5,8,0,264.8769214279805,38.1787578827609,2059
5,9,0,270.9579736812136,38.25321005325366,2152
5,10,0,276.5821134477018,42.40411401245665,2177
5,11,0,271.7840536976135,38.45913608877166,2192
5,12,0,283.4176211628762,68.35132720710189,2282
5,13,0,270.4288180287161,36.35423731605133,2273
5,14,0,285.1561573095544,38.29497320563933,2404
5,15,0,270.3812589537849,35.62930167263052,2332
5,16,0,273.1809932578847,144.374271307771,2262
5,17,0,276.325154254098,146.4875661637027,2308
5,18,0,239.4138248670062,63.40756873886492,2050
5,19,0,185.9082436422086,33.60631010621923,1606
6,0,0,138.4336900510878,21.85403517847812,990
6,1,0,170.2639006959847,26.65070514197663,1211
6,2,0,201.909113020781,33.38482669296906,1451
6,3,0,228.2586093898258,35.16073277078041,1648
6,4,0,239.5734014427337,37.19944647457625,1755
6,5,0,240.3169795942111,35.75611431017943,1795
6,6,0,272.0310994690588,41.40359639190482,2029
6,7,0,277.4394862544368,41.10651055924246,2112
6,8,0,276.8696381248318,40.05260774192184,2156
6,9,0,268.605826077743,40.05549864871976,2103
6,10,0,291.9120935332937,66.23849451821727,2271
6,11,0,284.0262336624458,74.35572247541894,2223
6,12,0,279.8428894511023,42.07921524409637,2280
6,13,0,286.7435873090798,89.63742491030844,2286
6,14,0,290.1645350923321,109.6373154975957,2380
6,15,0,286.1872715809203,290.3802506247677,2304
6,16,0,281.7935533935379,38.14355206912671,2444
6,17,0,270.8782644337335,92.44101797594386,2295
6,18,0,237.5886439176249,30.08626337224224,2121
6,19,0,184.5405679678349,23.93285735096484,1639
7,0,0,141.9161581696624,22.15519481653165,1009
7,1,0,174.7512545101399,27.56379654940306,1237
7,2,0,206.2937731068024,54.77856772741546,1421
7,3,0,223.0376127886173,34.67749016483949,1600
7,4,0,249.0189515028834,40.45325103112622,1805
7,5,0,254.064957353051,38.55098277748675,1876
7,6,0,269.8522522930023,40.32035273990878,2016
7,7,0,268.5052946627263,38.81960322989663,2074
7,8,0,274.634426432735,38.75195869847925,2158
7,9,0,272.4592906039798,40.60908445138964,2136
7,10,0,286.1429168358806,41.04093068507071,2269
7,11,0,289.2721308507321,65.22819662691195,2307
7,12,0,288.8343317764312,64.03289190934181,2330
7,13,0,278.9802918519937,75.34083691229499,2264
7,14,0,280.2254562107942,38.5184124320009,2370
7,15,0,287.1478157260636,40.89326454777557,2418
7,16,0,274.3791758603743,36.71054615470284,2379
7,17,0,273.8694163425038,36.02682751353375,2382
7,18,0,243.2914278116605,39.93579877342881,2103
7,19,0,183.2278582603688,22.65053176077525,1666
8,0,0,150.5917946845907,23.64112772195641,1070
8,1,0,177.3912173718291,28.14150043966776,1253
8,2,0,205.7601371235678,32.28174645860049,1469
8,3,0,229.2463499835281,34.89785900790292,1669
8,4,0,246.6046335917122,37.59801817883609,1799
8,5,0,255.5652292243261,38.76020018687322,1895
8,6,0,270.7925383310216,53.15778732358287,2008
8,7,0,283.305317669974,41.8571010033375,2155
8,8,0,270.8049929874159,39.5031021001278,2115
8,9,0,284.6621799412039,42.74445732646042,2206
8,10,0,300.037329314179,46.35238794540882,2355
8,11,0,287.7905390456681,40.31996697309993,2338
8,12,0,300.8442099873074,242.8241428807842,2340
8,13,0,287.7627255338765,53.44861345554456,2352
8,14,0,304.4008109362492,102.1229540726243,2451
8,15,0,285.4535201172813,73.27340348696053,2348
8,16,0,286.8852269112543,72.20919275998429,2418
8,17,0,253.1547380853269,32.60384248968797,2236
8,18,0,239.7937244339021,31.45638999867267,2105
8,19,0,186.7589215479252,23.95891131124684,1668
9,0,0,155.4520558251595,24.78378020860121,1093
9,1,0,186.5515605948476,68.3260899662441,1291
9,2,0,200.1650875659433,30.60215632522276,1441
9,3,0,225.346394312115,35.23082490194304,1624
9,4,0,257.387949081717,40.23549591440189,1866
9,5,0,258.3303923065052,39.21267874122,1910
9,6,0,263.5312524365,39.12601772325601,1989
9,7,0,295.6767807344475,386.2386930085966,2101
9,8,0,286.9473692274684,118.0651305337717,2188
9,9,0,279.9108587465417,40.55572798040581,2188
9,10,0,270.3816294025503,60.61101671981282,2111
9,11,0,269.6917035713597,37.91937977244943,2185
9,12,0,293.3837871100972,445.4084392549873,2245
9,13,0,280.7931557990144,37.8906798374969,2371
9,14,0,303.7504645423516,555.6874656350135,2383
9,15,0,283.4248700362919,54.76175057051016,2377
9,16,0,273.4888477245506,35.58702495948842,2378
9,17,0,267.8971498147525,35.62377675291074,2320
9,18,0,233.1150408569973,30.25365986401458,2054
9,19,0,192.7190924360941,24.98910041905531,1706
10,0,0,159.6334584810826,34.72281039988457,1106
10,1,0,175.6840223224785,27.95477013583269,1233
10,2,0,199.7531695108963,31.17221699865846,1424
10,3,0,242.6859421971874,247.0129819954924,1651
10,4,0,250.96425718671,38.60212216410295,1832
10,5,0,262.9606687410367,58.8498379038232,1910
10,6,0,272.636874923835,41.24149997475196,2045
10,7,0,274.5474502803023,41.41113369123092,2075
10,8,0,268.3516974520531,38.82984858049709,2105
10,9,0,293.1252525863987,65.4491528295605,2248
10,10,0,295.2991512426437,43.71228671209813,2295
10,11,0,282.1364166526084,73.27097293133785,2249
10,12,0,294.1060828847143,93.9127812528901,2354
10,13,0,294.2256531336192,40.21361771477395,2449
10,14,0,279.4910442785672,36.56409105912224,2403
10,15,0,283.3867429502508,74.00987749137089,2367
10,16,0,295.0013313618145,104.2153297851018,2452
10,17,0,271.9373965745727,86.70749867723397,2302
10,18,0,234.4652165532398,30.18921604205674,2079
10,19,0,208.6175630204132,51.86899451225367,1807
11,0,0,148.5541934275442,23.86646154421626,1034
11,1,0,176.9507395225573,28.36861774379066,1250
11,2,0,207.1663090347044,32.49800134192476,1485
11,3,0,229.2049949169579,35.93725276171882,1631
11,4,0,242.0630914027371,37.16303186734329,1770
11,5,0,262.3960902609026,40.59191604784612,1948
11,6,0,265.1107897718684,39.22793668932782,2002
11,7,0,273.3228072393264,39.90615086871023,2106
11,8,0,290.7189723761381,42.76109709416593,2236
11,9,0,275.448384119283,46.26933855656102,2123
11,10,0,287.8297363107824,40.32076307128109,2307
11,11,0,281.2963604371315,39.86302704348655,2276
11,12,0,281.6307850045096,40.1739726789285,2275
11,13,0,282.214518491566,38.93890567921378,2335
11,14,0,289.5354731591443,39.77243355577689,2404
11,15,0,290.9929248493905,39.58527863183223,2465
11,16,0,275.0074120611976,124.2548026220547,2320
11,17,0,271.2149552350551,36.63387697060288,2337
11,18,0,248.7803616439157,36.28763993016337,2163
11,19,0,191.5437504824112,24.62645083519696,1700
12,0,0,150.3600905756506,24.49573986503987,1046
12,1,0,175.0196828115991,27.40339404618427,1246
12,2,0,195.5955798725319,30.17616357577601,1413
12,3,0,220.2237198771466,33.72481494062604,1603
12,4,0,236.9553734433468,35.98121271187534,1729
12,5,0,258.7535156642914,43.22315545630113,1912
12,6,0,262.2498703298654,55.95913248727938,1948
12,7,0,271.4734519006439,40.29148859937352,2061
12,8,0,280.6894388702398,40.49695539342028,2183
12,9,0,270.2171031422003,38.78475060216547,2124
12,10,0,279.1606934541131,40.17896301651406,2218
12,11,0,284.130185947325,40.01473183641021,2290
12,12,0,290.1938692633763,125.0182765937114,2316
12,13,0,295.6916459471451,41.82274365560938,2433
12,14,0,290.7955005032558,40.03020699047072,2431
12,15,0,274.5758009483616,36.73562460696809,2357
12,16,0,269.1704253663169,35.41226842937272,2325
12,17,0,262.8037891106035,34.71930129644171,2295
12,18,0,270.2172147645633,825.5045353183928,2119
12,19,0,196.6969445746288,26.24467366813993,1727
13,0,0,140.2975777855893,23.26662096627414,966
13,1,0,172.4630637672259,27.03069337159946,1220
13,2,0,198.2053835493348,32.16411328107892,1391
13,3,0,222.1904528072788,56.2109763288106,1553
13,4,0,246.1404413182715,45.22844754024904,1775
13,5,0,241.2089558121649,70.93617354416766,1768
13,6,0,261.0021219022608,39.02728747052888,1964
13,7,0,268.6569145949481,40.39437031557555,2041
13,8,0,277.474336702992,40.71934849266936,2146
13,9,0,280.4607224747652,43.66565769862797,2144
13,10,0,280.7433574202076,40.31810889637267,2237
13,11,0,276.9109999001215,54.68901060606488,2205
13,12,0,277.5555199409345,37.99219806143508,2295
13,13,0,282.7426938824154,39.67232250362986,2328
13,14,0,285.6669514376134,38.61505003498278,2414
13,15,0,289.7542957517556,127.1072995733167,2385
13,16,0,268.7145998424168,35.78321984466247,2308
13,17,0,273.2617909587946,54.72538076794966,2328
13,18,0,240.3249995715774,31.72979088060332,2103
13,19,0,183.6105897080166,22.94437652697297,1661
14,0,0,145.7824782619579,39.52613399421693,989
14,1,0,161.5010252040623,24.98236346012478,1154
14,2,0,197.0984702866723,31.02173445686606,1401
14,3,0,219.6220681479076,44.27808912228932,1572
14,4,0,252.7146318654957,179.8834695481011,1689
14,5,0,243.9446845387241,37.07559958027121,1796
14,6,0,256.1227779566804,38.7339442066813,1910
14,7,0,284.572240222853,203.3815687409125,2047
14,8,0,273.1142993130257,73.81593729467433,2063
14,9,0,267.9540749225167,39.3027617991576,2089
14,10,0,266.138185589871,38.07520764661672,2135
14,11,0,304.1254390204149,570.670372690682,2251
14,12,0,259.6341509048846,36.46795227294108,2126
14,13,0,284.1080432327215,115.8977755598855,2263
14,14,0,270.4788583991532,36.16735932117042,2287
14,15,0,286.7187162865411,241.4204886188872,2263
14,16,0,273.6486139744086,35.4161931737458,2395
14,17,0,261.045191133639,35.09306192257944,2263
14,18,0,233.4738524186845,30.67213344008074,2056
14,19,0,188.3195694312558,24.61898168423285,1654
15,0,0,134.7897015042365,21.7324532533406,943
15,1,0,149.433842742299,22.92800598917479,1068
15,2,0,181.1428378900548,29.3862120537411,1276
15,3,0,198.1400058584288,30.01723267145032,1451
15,4,0,210.7700056365231,31.41157945632096,1563
15,5,0,234.1444360082347,35.81146848614414,1729
15,6,0,238.0725915018299,34.72447943779585,1826
15,7,0,279.441518178408,427.3440513107434,1980
15,8,0,247.0147862111239,35.70242570140245,1931
15,9,0,261.0114467808291,47.35634661639092,2012
15,10,0,274.2102467397512,58.63141711292126,2135
15,11,0,259.5776944962025,38.45975095913153,2099
15,12,0,274.1737220112913,38.23384026747571,2243
15,13,0,277.1164698266932,39.48647178729358,2296
15,14,0,258.6093679944456,35.14729532814295,2180
15,15,0,274.2458870133714,91.46020423179192,2285
15,16,0,268.8903534420089,35.19002578036355,2329
15,17,0,258.7392094050765,45.02167280132853,2214
15,18,0,233.5920612108945,30.10265821203998,2067
15,19,0,189.6777407485063,47.69198474539209,1613
16,0,0,128.3675825219266,20.3630221890654,890
16,1,0,148.6840841677317,22.70474621901289,1065
16,2,0,189.5746591864711,199.6738721865371,1242
16,3,0,183.1733205479479,28.5863095477219,1313
16,4,0,200.2979643264241,29.76045338639126,1490
16,5,0,223.6723147908979,34.18651262160037,1644
16,6,0,238.5673488162342,72.80204836483746,1718
16,7,0,246.8434609398069,108.6459689346935,1805
16,8,0,239.27357561895,35.77105163952663,1854
16,9,0,239.0985948240666,37.5443475857124,1883
16,10,0,262.3590753627954,374.5618566380626,1944
16,11,0,243.585542240636,34.43701742915583,1966
16,12,0,253.6072528966303,34.98853911797033,2088
16,13,0,251.9551927904907,34.63963196158037,2104
16,14,0,253.9334289738753,34.59035240234338,2135
16,15,0,252.0174526106086,41.29823493676228,2144
16,16,0,248.2563024878777,32.68618406076287,2158
16,17,0,237.6352926557828,33.52152857161371,2094
16,18,0,219.4492333332028,85.82426249700809,1840
16,19,0,206.5146821209485,568.7586659038559,1549
17,0,0,111.1099497982943,17.07332793892198,797
17,1,0,138.003651979515,209.4128646045642,869
17,2,0,160.6465161959776,26.52124540968871,1128
17,3,0,168.4752827235276,25.69974776117901,1224
17,4,0,181.8305018284653,27.36066343181251,1345
17,5,0,199.7161117298943,30.36228132212029,1487
17,6,0,203.7426727421463,30.20473246796891,1539
17,7,0,210.7512776627019,31.56360270167236,1601
17,8,0,226.1196791351327,33.87876000172204,1724
17,9,0,225.4343400351125,32.84162835809195,1765
17,10,0,224.1833797744206,32.0576398347899,1787
17,11,0,227.9709245914725,31.61489384533041,1853
17,12,0,215.7095706894231,30.3672709988278,1762
17,13,0,223.2774762766818,30.35338905128467,1871
17,14,0,238.196047569292,49.41995759411991,1940
17,15,0,235.181465001348,43.95271016330584,1965
17,16,0,237.4785755712786,40.36129379076351,2022
17,17,0,238.9278512848774,341.7134850571499,1945
17,18,0,215.3140786381981,29.57603027516706,1861
17,19,0,164.7912008002089,21.69574075338022,1458
18,0,0,99.08618759644446,15.6001284453835,695
18,1,0,115.480280908342,17.65899133255475,834
18,2,0,152.4525877910511,416.079261204004,950
18,3,0,149.9175315549244,23.45032440692916,1085
18,4,0,166.5399892814296,24.79773117953503,1235
18,5,0,172.9015130184239,32.84968913570819,1264
18,6,0,195.2684099347369,266.4670768958848,1340
18,7,0,205.1149092884852,476.9708662677937,1408
18,8,0,210.6218175815749,141.5119035560895,1513
18,9,0,197.607627315763,27.77951464651167,1584
18,10,0,188.8015416121526,26.59932829258004,1527
18,11,0,207.2562409758175,141.4565691357504,1592
18,12,0,195.4343459981869,68.30652900354914,1582
18,13,0,194.4713374721761,26.68683183274852,1605
18,14,0,203.6133782830665,27.87928074856772,1709
18,15,0,200.35270095532,26.45862112009494,1723
18,16,0,209.2086057227338,28.31722735554343,1788
18,17,0,207.5994605913701,101.5477157008912,1722
18,18,0,193.010216193985,151.0767810703706,1612
18,19,0,168.2715835906044,115.6999787570374,1361
19,0,0,80.55446075278523,15.95232990509684,562
19,1,0,96.87413506974742,16.63750016894481,674
19,2,0,114.0008814757014,17.30937702621872,841
19,3,0,129.6527765378927,20.27582057469543,938
19,4,0,133.0735264712419,19.65512098438469,996
19,5,0,158.4696441114057,158.5071489072905,1067
19,6,0,149.0666566964961,22.19776155754507,1126
19,7,0,156.9026071171,22.931332229453,1209
19,8,0,163.5304669854931,24.05521683724538,1269
19,9,0,163.9088911538881,24.02939317720918,1279
19,10,0,156.0625099443989,22.04265351765017,1246
19,11,0,160.1608999408464,23.31115307001111,1285
19,12,0,163.0938576003693,22.4885416708947,1352
19,13,0,162.2284891301077,22.07825949210509,1365
19,14,0,166.2592355874517,22.237983169767,1418
19,15,0,167.0611549725318,30.2365590777266,1397
19,16,0,157.4593610013517,20.39587450559079,1369
19,17,0,157.7067472683358,20.11803185021716,1395
19,18,0,153.6698259781011,20.50440785802152,1340
19,19,0,117.2521183235804,14.87189264469716,1050
