# mesh name: boxMesh_1
# primitive scorer name: doseScorer
# iX, iY, iZ, total(value) [MeV], total(val^2), entry
0,0,0,88.42641317468106,13.54715010848211,675
0,1,0,102.6999878242934,14.61492075602964,819
0,2,0,122.1492047783881,17.85129748408425,959
0,3,0,128.1946624285337,19.16635990551893,1013
0,4,0,144.8978240232661,21.01554832808538,1145
0,5,0,151.5955910168804,21.98316488389674,1198
0,6,0,155.0414116707114,22.00615999601404,1237
0,7,0,153.7919120741582,21.28717026424727,1256
0,8,0,161.8669147477611,27.77878736642759,1292
0,9,0,159.9441243234313,22.67114690332362,1294
0,10,0,167.6684297322657,22.90154007989213,1395
0,11,0,160.0993970643544,27.00138626796189,1305
0,12,0,161.868401664204,21.81903417458422,1361
0,13,0,180.9351112910926,280.4362532084469,1381
0,14,0,162.5106619562318,22.2404848226952,1379
0,15,0,158.7901018483688,21.26037349537299,1353
0,16,0,154.6857039475052,21.91526591454811,1290
0,17,0,143.0418688232442,18.50237988036631,1238
0,18,0,133.1232379323807,18.74886369753343,1121
0,19,0,97.60139053866533,12.80313887437423,846
1,0,0,104.58941624257,15.2024402128107,813
1,1,0,134.5099779957451,20.0205301267246,1041
1,2,0,140.436834607769,20.10520172529698,1108
1,3,0,162.5063356518605,24.05220105715653,1261
1,4,0,178.6883638031837,26.23351574772237,1399
1,5,0,184.7867167892472,26.43143525647338,1463
1,6,0,180.7274904929307,26.33682000091292,1429
1,7,0,187.6879864041319,26.37520265873834,1510
1,8,0,175.8821088663263,23.77749241056494,1455
1,9,0,214.1238591731903,585.2053736916962,1555
1,10,0,202.0977577371341,43.22546069550414,1636
1,11,0,199.5104303578493,38.05949900759454,1626
1,12,0,201.2696774871378,27.45572670856705,1672
1,13,0,205.1591878678308,28.70813530792993,1685
1,14,0,194.1401802288893,26.07481719751865,1641
1,15,0,193.113055305217,25.82981766462067,1647
1,16,0,188.6472896475762,25.58866549699918,1606
1,17,0,189.148668882396,180.5692677417478,1534
1,18,0,159.9037120352154,25.64388023426495,1359
1,19,0,138.1843354536315,29.49455660547269,1169
2,0,0,127.7376252232201,102.1231121321379,912
2,1,0,143.3333794886369,21.1061062698185,1099
2,2,0,174.5816332503076,51.96149282193394,1326
2,3,0,185.1012943531382,26.52351736950349,1452
2,4,0,204.739947784489,29.79091533684884,1607
2,5,0,218.4692618216567,104.6601627189241,1648
2,6,0,212.4915499209745,30.3715236983895,1704
2,7,0,224.8429457602816,39.74289446758226,1773
2,8,0,228.5238012840686,31.73725860608987,1867
2,9,0,218.9361964119269,30.46619969480654,1777
2,10,0,228.1991315909093,31.8655265235802,1877
2,11,0,233.4551883811862,51.41869588694061,1867
2,12,0,230.7295760362024,59.44873309952653,1897
2,13,0,232.12805667491,62.30312664219321,1889
2,14,0,231.9411064200058,68.97733344090354,1925
2,15,0,244.634638571694,270.9963132905772,1958
2,16,0,218.6914858821175,29.64660483434969,1863
2,17,0,211.8152104355823,28.25317122823313,1822
2,18,0,187.4124036172879,27.17990213169669,1588
2,19,0,147.3221945039755,25.50406413212171,1256
3,0,0,134.5044302259855,22.11084671186759,1016
3,1,0,149.252969371634,21.64035550357783,1154
3,2,0,178.9636295140107,25.00787778673244,1430
3,3,0,207.64571747557,30.51384212050431,1611
3,4,0,217.4478822119741,31.69028599751517,1695
3,5,0,241.1692685896958,83.11446353580114,1820
3,6,0,244.9280285800787,38.35421272860037,1942
3,7,0,259.7049545413298,335.3657203925717,1948
3,8,0,264.3471964597652,126.9981630816897,2032
3,9,0,242.1885496467231,43.56160961316269,1948
3,10,0,253.9182649935865,49.83043870926255,2068
3,11,0,255.4493815926342,84.8594778204228,2032
3,12,0,260.2829788501663,35.78465377878577,2149
3,13,0,254.9908305273557,35.60035699219613,2125
3,14,0,258.6575626103168,80.95082912046314,2135
3,15,0,246.6207380388681,34.24501002819357,2075
3,16,0,245.2313596846498,32.75504322787867,2092
3,17,0,230.5515721662216,31.22325822819532,1959
3,18,0,206.4573045209512,138.2180612416007,1658
3,19,0,158.9665544052819,21.11355956050026,1377
4,0,0,134.3535455431683,19.43755708945361,1054
4,1,0,167.9243161482874,24.17318867257958,1324
4,2,0,188.9564967288435,27.06219199605962,1479
4,3,0,213.8982868665031,31.2062509881153,1680
4,4,0,235.7149031225698,78.55598446878342,1817
4,5,0,239.2338174929195,33.91378284818439,1911
4,6,0,262.0782654415032,38.22996260887442,2059
4,7,0,261.8230609706599,36.77756345238564,2114
4,8,0,270.5133816999582,135.9576686657852,2109
4,9,0,262.2302405514338,35.57334889498831,2173
4,10,0,268.3055364372565,89.30922333670905,2182
4,11,0,263.2216576154408,51.14539313094542,2139
4,12,0,266.9798078154101,36.49490509934115,2236
4,13,0,268.5523805263559,43.05458765736871,2234
4,14,0,263.3857284821174,35.16488536655277,2232
4,15,0,266.1854343702145,35.38475361344372,2257
4,16,0,249.8571802086573,33.26761828808401,2136
4,17,0,235.8241218871018,31.22385291586144,2035
4,18,0,222.5549333238047,67.17629531608468,1865
4,19,0,171.8154270907013,23.06263369706791,1485
5,0,0,143.1996600662224,20.71751401367722,1118
5,1,0,170.3053096926526,25.1959356678548,1327
5,2,0,206.2633565034671,29.75198723797014,1628
5,3,0,232.1486003845138,66.82694003844878,1778
5,4,0,240.8215478875889,33.4584897834671,1939
5,5,0,264.2073473032938,37.75404893940932,2095
5,6,0,260.5238902884135,36.94235191999704,2073
5,7,0,267.1522866737232,38.20326181860398,2142
5,8,0,270.062154351214,47.17555929249824,2175
5,9,0,282.0034529636927,38.63673843244089,2319
5,10,0,288.637429074317,183.3344808939396,2223
5,11,0,286.1923644592985,120.2711010273252,2280
5,12,0,287.5236949601261,156.5887776060207,2308
5,13,0,270.7803571733912,39.53461566974381,2259
5,14,0,287.9940420274323,38.72624802629556,2439
5,15,0,270.3174224626496,36.20334973276235,2299
5,16,0,272.2876182298388,79.01702527925171,2250
5,17,0,230.1559349560385,30.49148838825461,1980
5,18,0,218.6488956842774,40.16896876579391,1842
5,19,0,171.8042658592935,30.01983102872369,1435
6,0,0,159.5580003323869,23.65000686253975,1230
6,1,0,172.4705880560444,25.47247617222488,1329
6,2,0,212.5866713241243,37.17633106973554,1627
6,3,0,231.1128911096008,34.00705268765245,1801
6,4,0,238.2804378046524,33.65006482110881,1886
6,5,0,268.5672326688168,48.61509419369096,2116
6,6,0,266.8345422086313,37.72615211317046,2149
6,7,0,287.5679124154633,96.27731035997085,2257
6,8,0,294.9599139530198,278.5165587744347,2245
6,9,0,273.4461161080159,38.49623466976986,2233
6,10,0,285.5362790273622,46.58859185222296,2318
6,11,0,283.9913560914641,40.16920992785357,2326
6,12,0,279.9052784119372,38.72302363229975,2317
6,13,0,272.9022194685913,37.97934150337019,2287
6,14,0,306.5201280834304,692.0115873390707,2371
6,15,0,279.8522280959597,38.13841816701986,2363
6,16,0,267.2448484207902,36.19932476338404,2278
6,17,0,250.9456765328835,56.67477241964353,2129
6,18,0,223.166907595053,45.52354832678726,1852
6,19,0,170.790789700487,30.89307489695777,1456
7,0,0,142.9171560333498,20.82756930178616,1116
7,1,0,182.0367178656498,25.94134119157699,1433
7,2,0,207.8517930154496,29.46534813741802,1643
7,3,0,233.0179063064383,36.2588734404186,1810
7,4,0,253.161799183394,36.1030798475407,2003
7,5,0,264.8482490798591,37.66905284667224,2105
7,6,0,270.1774543890982,43.97977236965594,2158
7,7,0,284.7330617502305,66.58304516348382,2239
7,8,0,287.1756518776215,69.77034834434275,2235
7,9,0,302.1353936802867,281.5843190823106,2334
7,10,0,278.8439671406048,39.06760351896549,2274
7,11,0,290.056072244416,170.7472031381056,2307
7,12,0,291.0561916323214,49.98104935731059,2420
7,13,0,285.2822745762741,43.10102398323491,2378
7,14,0,271.6790041181407,36.16711154535531,2304
7,15,0,286.3671968713919,165.7822752281486,2277
7,16,0,265.2778067924884,35.26997681195988,2271
7,17,0,246.7857580420038,32.54721274910514,2127
7,18,0,217.179013463315,30.52043537760869,1871
7,19,0,169.2796421148883,21.63719872531305,1495
8,0,0,149.6234313836979,23.57561047322511,1172
8,1,0,182.1361186100208,216.164620358781,1309
8,2,0,212.6605990906646,30.6006339531292,1652
8,3,0,235.0481140365924,33.79835688285577,1846
8,4,0,252.1648829311359,35.77464953942638,2005
8,5,0,266.480495890264,38.01820913127548,2131
8,6,0,272.3979666927962,40.50207191767334,2181
8,7,0,271.4004566123834,51.79576823074508,2160
8,8,0,285.8695841002481,69.92301043548008,2251
8,9,0,329.2043782244953,452.2551325110204,2400
8,10,0,288.1416861460215,39.94399338503266,2379
8,11,0,296.5626073315171,213.9211238440066,2337
8,12,0,278.5844386974164,77.83123105618566,2271
8,13,0,272.5865855636656,37.92710295779951,2275
8,14,0,275.6560052152654,48.30588965030509,2314
8,15,0,276.7733137838978,37.70700551396913,2339
8,16,0,265.7017183942081,34.70922711733547,2291
8,17,0,250.4412208790677,33.01098095580374,2156
8,18,0,217.87327532434,42.07555397542314,1866
8,19,0,168.4862365176791,22.67033552028965,1463
9,0,0,149.7988809309409,21.04232155646696,1190
9,1,0,191.4011256652703,35.62102513148595,1474
9,2,0,216.8375746505461,32.993805725309,1699
9,3,0,229.5301483165908,33.04589798808648,1805
9,4,0,261.2085113473033,438.1533863757982,1918
9,5,0,257.4221929732182,36.21942961736755,2057
9,6,0,280.3752770864557,49.62048351076694,2221
9,7,0,290.1204433290375,41.567803308184,2306
9,8,0,288.315894761174,40.83254196631177,2336
9,9,0,285.5460210989523,40.54347414300107,2321
9,10,0,285.2473254422787,57.50026508014602,2299
9,11,0,303.400406992247,53.35617922614148,2480
9,12,0,274.7159984037295,37.33492396629237,2304
9,13,0,300.7186725966845,106.2709568685588,2452
9,14,0,282.4312438013543,42.51503914286374,2377
9,15,0,308.7690637681619,387.7818297061278,2396
9,16,0,267.5422517280097,40.29616997069814,2268
9,17,0,247.4764847459924,34.5516982974757,2111
9,18,0,216.0567790194995,42.60455664354354,1807
9,19,0,174.9632466812194,24.05268110710813,1503
10,0,0,152.6461464893071,22.31799884544285,1189
10,1,0,195.3173751865354,28.69794952102936,1507
10,2,0,216.1354895666925,43.91463832879,1676
10,3,0,237.7003567024924,45.80653126633796,1856
10,4,0,260.5936651400038,53.93421794639388,2015
10,5,0,275.8134131617868,44.58967502831931,2163
10,6,0,271.6296278279962,38.26566428987228,2181
10,7,0,288.9835434286245,122.5284066400355,2235
10,8,0,306.8863934267274,234.9728154193548,2382
10,9,0,280.6119797914276,46.01692185619267,2268
10,10,0,280.5807914137768,38.80751665421411,2315
10,11,0,279.0552471038622,39.65960512016914,2291
10,12,0,272.6556959497264,36.09753722199678,2329
10,13,0,278.7450097314779,37.67107793284192,2329
10,14,0,270.1697262323755,37.30577982696878,2257
10,15,0,283.0069040414135,42.62996544417491,2340
10,16,0,288.5363845660757,198.9776023433883,2330
10,17,0,249.7428568506944,32.44685122039846,2170
10,18,0,206.3680378559744,27.16708500633639,1788
10,19,0,174.5793501204547,23.17164302479532,1495
11,0,0,148.2780781305723,21.21221924142371,1162
11,1,0,198.4759525916237,101.4678285897787,1458
11,2,0,208.9603586418058,30.58890306429178,1635
11,3,0,225.1907029351553,32.00427987985108,1787
11,4,0,245.9893222874402,34.85078441763915,1953
11,5,0,274.7470680777112,39.30996137864081,2170
11,6,0,278.8341181873265,40.77776652503749,2211
11,7,0,272.1991862221841,38.58540580180718,2181
11,8,0,275.0114999407585,57.80187694642512,2188
11,9,0,286.9849287979307,97.8029151733555,2269
11,10,0,288.1056779741654,88.45945367686461,2319
11,11,0,273.8916128993217,42.12422233831965,2229
11,12,0,283.5835062145642,39.57785803245412,2349
11,13,0,282.5683476530409,86.18115186204682,2327
11,14,0,295.662100195229,40.73039580264837,2468
11,15,0,295.3361132954867,373.7874551504395,2378
11,16,0,263.5790173694011,35.26502702888522,2258
11,17,0,249.5060523854439,33.34596300459441,2135
11,18,0,222.5158091188407,29.19665514124348,1920
11,19,0,172.0728514330681,30.01088355102079,1458
12,0,0,144.1247350529205,20.61728699896495,1129
12,1,0,188.4912339728037,27.15163019734426,1469
12,2,0,217.6051292545725,31.60825281598091,1696
12,3,0,235.1083530572631,33.61993797226255,1853
12,4,0,265.1147426396461,117.5960331498155,2020
12,5,0,276.3748681589421,40.43380939533806,2153
12,6,0,269.4126029200255,38.9631235988846,2136
12,7,0,281.9902803222499,40.37595772994832,2268
12,8,0,272.6647931795692,38.31013495983735,2205
12,9,0,296.0106907082041,89.70998726493497,2334
12,10,0,288.7849479742876,389.5395192086259,2169
12,11,0,282.1232689504503,39.30303788431057,2331
12,12,0,299.925765897952,64.94745901939208,2422
12,13,0,286.9776092852674,51.48111886539368,2354
12,14,0,282.2275800432608,41.36579702515105,2377
12,15,0,281.4414550606157,39.59146093609701,2336
12,16,0,264.6399871822919,35.53610451069683,2264
12,17,0,245.2126717576704,31.99258935319225,2128
12,18,0,216.2794280385003,28.36544769647467,1877
12,19,0,179.9570879270275,26.139385460093,1544
13,0,0,147.9200459604695,22.82739835386972,1118
13,1,0,186.5505431212765,39.15104656531803,1413
13,2,0,207.0843728639031,29.55097944595882,1644
13,3,0,237.1810885492575,35.35619453993857,1829
13,4,0,251.8738869651856,37.87252870469941,1959
13,5,0,257.9395098823086,36.96587402509655,2031
13,6,0,259.0921621372274,38.34050948984735,2054
13,7,0,276.9428627933573,38.6629797093489,2228
13,8,0,274.435343434377,38.77244573191303,2214
13,9,0,280.6414638645352,44.4036505256727,2245
13,10,0,285.9232177423518,122.2822224991293,2258
13,11,0,286.1973120844912,58.46143621987081,2335
13,12,0,285.0794147360897,44.27833842728467,2340
13,13,0,281.2666123786983,39.7332015021143,2337
13,14,0,271.5812987202536,36.99282656792152,2291
13,15,0,296.0692738352147,680.1946484120025,2263
13,16,0,251.3373920002754,32.80044372269984,2180
13,17,0,238.3004961563456,31.29312101644814,2064
13,18,0,220.6228762824861,93.91122634954056,1805
13,19,0,174.7669278268995,28.88417048781769,1484
14,0,0,138.0832104861548,20.17990410616281,1070
14,1,0,174.5297087777488,26.18424860062883,1331
14,2,0,197.0089141288191,28.1862650170449,1557
14,3,0,229.9985966795946,264.0242089611394,1685
14,4,0,248.0231233318975,35.79479144604973,1943
14,5,0,258.1635095556839,37.29760369455911,2048
14,6,0,261.3019653513811,37.51788855668435,2079
14,7,0,249.7697679990194,34.76088301827217,2036
14,8,0,259.3183239774175,37.14528788619053,2073
14,9,0,269.5269563854675,38.26842399815529,2182
14,10,0,285.5452086131156,67.55251021792174,2242
14,11,0,273.7958440126716,37.73757069216314,2276
14,12,0,271.3104861932184,37.28185942604379,2258
14,13,0,285.0438968355144,197.7631796542481,2236
14,14,0,274.2979524485954,38.16221027788876,2284
14,15,0,273.6018832559777,49.8425823440616,2298
14,16,0,255.8962412387532,33.9868332979126,2197
14,17,0,237.034980627836,33.15193954186655,2008
14,18,0,213.7974024105575,27.92899598652781,1843
14,19,0,165.5749292978364,21.10079790809721,1453
15,0,0,141.7156630489713,20.65171088101634,1099
15,1,0,165.6087456187607,24.2070387680129,1289
15,2,0,191.3084449901338,27.10431163135915,1511
15,3,0,213.6770945019221,30.61959901525054,1682
15,4,0,242.9817520408963,35.5318830094502,1893
15,5,0,242.6456827285545,35.30996238169085,1915
15,6,0,254.5626179883007,37.14683653555663,2011
15,7,0,261.7660792996477,36.30376183849621,2116
15,8,0,262.8920551227415,38.120097610652,2130
15,9,0,268.2147695044137,37.58262947779696,2177
15,10,0,276.6842062178719,555.7406573152275,2087
15,11,0,261.183191344077,36.43939693584848,2151
15,12,0,261.6275424333145,35.63880051214556,2182
15,13,0,273.8005648135043,37.73199020842039,2287
15,14,0,261.4582251834695,34.13811015704226,2259
15,15,0,263.3868073692514,35.2588446390532,2251
15,16,0,286.5885272154873,846.3587668583963,2184
15,17,0,240.6581118224559,32.22548025850911,2064
15,18,0,205.4487588112765,27.04779570610104,1772
15,19,0,163.1591906738396,21.16915146179413,1422
16,0,0,123.134209510477,17.80761170344481,952
16,1,0,167.7333473816296,92.36798717329866,1216
16,2,0,194.3340380560692,270.6123977074487,1400
16,3,0,201.7876409997313,29.37593667461321,1580
16,4,0,217.0635899389492,30.54057279814922,1727
16,5,0,221.2571584297185,31.47200692504342,1759
16,6,0,251.0552610511463,57.7221921394169,1968
16,7,0,241.8732316782758,34.38771432159073,1938
16,8,0,247.7141303929132,34.32037158968759,2025
16,9,0,254.6215748595795,122.9999089894596,2006
16,10,0,241.8313094986294,34.18193962943434,1983
16,11,0,251.6545406837733,34.8288659483677,2073
16,12,0,280.0456144815081,514.7420560837825,2115
16,13,0,260.9320633552273,102.0294682930745,2095
16,14,0,260.6081866476283,86.98367712414606,2122
16,15,0,260.5408173170095,35.77878749467378,2191
16,16,0,243.4528211794255,34.17673045626154,2060
16,17,0,220.9937642292339,29.26068201954946,1905
16,18,0,194.9131994842184,25.76869688765911,1671
16,19,0,158.8179985753332,21.28439808838675,1370
17,0,0,116.8303999885691,16.90879465354579,919
17,1,0,139.1785367235269,20.34819438884494,1084
17,2,0,159.1732917383021,22.10953561584062,1272
17,3,0,180.9562438740594,26.15065518537537,1409
17,4,0,199.0235815514963,27.99521903915306,1592
17,5,0,206.4987481292628,29.37044375290318,1656
17,6,0,209.9594295307154,29.8130079657008,1679
17,7,0,222.5398952707348,31.71454045153114,1784
17,8,0,226.1514705146724,63.43898840490977,1787
17,9,0,234.0069812492599,91.39710461323375,1860
17,10,0,218.5984035687868,30.47911109091349,1792
17,11,0,225.2722880228586,116.1252842269401,1791
17,12,0,230.6522458995022,31.89910007167423,1907
17,13,0,264.7497311585981,439.475752260543,2008
17,14,0,231.6538159564951,31.34769867316596,1955
17,15,0,232.4568882343891,31.36824371843417,1969
17,16,0,232.9345953387646,41.85188205247913,1925
17,17,0,223.4750756347605,354.9729050355811,1774
17,18,0,178.0937067493451,22.9974455948014,1551
17,19,0,146.0882973745655,19.40604439961359,1267
18,0,0,103.3566557410849,17.65339265610547,793
18,1,0,133.3416780937265,43.2468867971926,1006
18,2,0,151.0029130285981,26.00468516130133,1162
18,3,0,166.0118468985281,23.84761452376707,1313
18,4,0,176.8561170372729,26.40427570300834,1387
18,5,0,180.6539849755051,55.67881798375323,1394
18,6,0,189.4986832925485,26.78053396821757,1527
18,7,0,191.91419002589,27.81007785685327,1524
18,8,0,196.9645387787717,27.93702596265021,1591
18,9,0,200.091700116899,28.63958717615322,1602
18,10,0,192.5294362408622,26.01971796665946,1598
18,11,0,199.0255362044682,26.8573018986493,1657
18,12,0,197.9733288495038,27.52112284068034,1641
18,13,0,193.8215881183311,27.93369670184421,1611
18,14,0,195.7748801928886,93.30775556705221,1587
18,15,0,194.3164280379028,26.30186800816099,1639
18,16,0,192.6887746665804,27.18117471947013,1621
18,17,0,181.5509479715817,25.3910012896261,1543
18,18,0,156.1050732665413,20.35497237491441,1361
18,19,0,119.5165225885698,15.23843120137591,1049
19,0,0,86.25345710756564,13.11485631881432,656
19,1,0,103.1470450073223,14.96675385996848,805
19,2,0,116.4950923751809,17.24643161042903,905
19,3,0,135.1680956672373,18.99218493946578,1068
19,4,0,154.4598728036811,30.88486242395269,1203
19,5,0,160.5652326432745,36.51543788590846,1237
19,6,0,159.7143897440621,22.54364133060842,1286
19,7,0,160.955682006258,23.09013566693998,1278
19,8,0,154.3458175785283,21.62206892724686,1253
19,9,0,158.6147622587646,22.33538967475831,1295
19,10,0,166.8837127620816,37.01864366949467,1349
19,11,0,175.3194994886572,411.6877615351069,1271
19,12,0,165.2487809833239,22.72127377206801,1366
19,13,0,159.0161891435347,21.58160413612523,1344
19,14,0,175.5395288098365,200.3816999760664,1379
19,15,0,178.215555827629,191.5213538278279,1403
19,16,0,152.7769190375103,42.88710331689254,1273
19,17,0,149.2055164219062,19.30487956669808,1306
19,18,0,126.3064034353031,17.05949976275088,1077
19,19,0,102.4220109915731,13.51040073764467,893
