# mesh name: boxMesh_1
# primitive scorer name: doseScorer
# iX, iY, iZ, total(value) [MeV], total(val^2), entry
0,0,0,89.64845218474362,13.19447028317608,715
0,1,0,117.1796024281971,62.83872744570663,871
0,2,0,123.2511069788,17.81323176357338,975
0,3,0,141.5543553737188,20.69011173707786,1119
0,4,0,142.7710911167237,20.89346878841116,1139
0,5,0,158.1332790941641,22.10904703792333,1292
0,6,0,156.934364439419,22.09930420624208,1279
0,7,0,160.600232362585,22.0495410377236,1328
0,8,0,162.8219002498452,23.81597985853426,1313
0,9,0,164.1603918067241,23.17473351556342,1331
0,10,0,163.3506502552057,22.80606867929725,1344
0,11,0,155.7665256306888,21.29194502996897,1298
0,12,0,164.5288752800185,62.62667666319258,1348
0,13,0,169.0412210798625,23.49159319541294,1414
0,14,0,163.9322680528066,22.45440648964277,1374
0,15,0,161.3046277414715,22.2042470296262,1353
0,16,0,156.2091757308187,109.963470259144,1247
0,17,0,144.6415462421062,20.78364194886343,1220
0,18,0,119.3815003635196,15.52231812477169,1040
0,19,0,99.95611976859553,12.59075658205987,877
1,0,0,111.1245794504692,27.49225596583209,875
1,1,0,137.6215392502684,20.62190020983507,1067
1,2,0,143.6383572888118,20.26969470728289,1152
1,3,0,167.7312801178904,23.64332697422039,1345
1,4,0,185.4292471716732,37.42667899640862,1447
1,5,0,179.7633832021359,25.09378143478728,1462
1,6,0,186.883556357138,26.21521398935858,1511
1,7,0,194.2902016640697,53.52553456009408,1533
1,8,0,184.934808602682,25.3808269225268,1522
1,9,0,196.9437997962312,27.4478298106506,1611
1,10,0,199.0499816461657,29.0398202888711,1619
1,11,0,207.0674057632856,159.7016383241175,1615
1,12,0,195.7018652061769,26.17142202292719,1652
1,13,0,200.2250782002993,27.81141568299169,1665
1,14,0,194.5356654428111,26.19033474377803,1643
1,15,0,210.9599578021998,150.021177931863,1643
1,16,0,199.9406002592871,57.27172836212146,1631
1,17,0,182.0793692728342,24.52226001636404,1538
1,18,0,154.3633816035646,20.83764615519397,1299
1,19,0,121.3565863892973,16.82876475951184,1025
2,0,0,130.0362789647733,18.77778852857036,1031
2,1,0,158.4487596313004,22.73170646262578,1263
2,2,0,171.9960815058224,24.34413745376965,1376
2,3,0,200.0171160318013,62.86220024466247,1523
2,4,0,203.5926550727118,28.3836707415043,1646
2,5,0,203.1212219034845,28.44371591940941,1654
2,6,0,213.9892069643065,30.06977202610017,1732
2,7,0,221.4166137270913,31.79824567506938,1775
2,8,0,218.702533688735,29.83337454302923,1798
2,9,0,222.470662551955,34.25044788836167,1835
2,10,0,248.2165796524346,148.7670433672818,1946
2,11,0,235.6557564157096,65.91259828297096,1898
2,12,0,232.0422357518975,36.59185339155067,1922
2,13,0,216.4905556427496,30.41808601161163,1828
2,14,0,223.606685963523,61.70524408944959,1829
2,15,0,231.7800630976666,87.15975309062749,1864
2,16,0,220.1775987038032,32.86804418830006,1860
2,17,0,206.8859343296707,31.44928127834737,1728
2,18,0,184.366020036155,28.84896314038865,1526
2,19,0,142.2481622152391,19.24881581071606,1212
3,0,0,137.3349694015949,19.10600329295667,1106
3,1,0,156.7935800288299,22.12918004106114,1249
3,2,0,183.152887663224,25.19894128780316,1507
3,3,0,194.9797403806737,26.97046997269488,1586
3,4,0,225.0913427955959,32.15652785206816,1808
3,5,0,240.3044763012498,34.91503803439051,1915
3,6,0,243.904743006369,34.54280780322921,1976
3,7,0,252.954677626909,35.54399585153245,2072
3,8,0,265.7887135716391,102.2167201797382,2095
3,9,0,248.0251426288967,57.86661417859212,1976
3,10,0,252.9870372546972,133.1066148683859,2004
3,11,0,248.572138997647,34.83699858647255,2044
3,12,0,250.3588132748712,33.98611330244839,2090
3,13,0,248.2047628217194,33.80051714528302,2085
3,14,0,251.8752232687232,33.85592295985015,2130
3,15,0,241.654084109885,32.94624950874303,2023
3,16,0,218.9207683066997,28.7079564680669,1897
3,17,0,220.077289660017,29.82757943841668,1859
3,18,0,184.6470163598282,24.79480128726914,1577
3,19,0,166.5833161788482,327.9406861539032,1273
4,0,0,142.7497376653115,20.80623275759512,1128
4,1,0,167.980632252219,22.95186907897985,1360
4,2,0,205.4620600849413,29.5452991870512,1633
4,3,0,220.5149559432432,32.10489764683334,1748
4,4,0,249.8583090814815,45.28998657508068,1992
4,5,0,250.8198889890253,35.56713496229865,2014
4,6,0,262.3386671162841,36.12322389670589,2140
4,7,0,267.9513763286611,37.3834914144888,2195
4,8,0,258.9842124256262,35.24355383750365,2142
4,9,0,262.1623173700286,37.05169255946986,2172
4,10,0,266.1055875004009,61.76381032406223,2145
4,11,0,271.755627629091,74.95781784919318,2160
4,12,0,270.8758270646161,48.89023253574614,2240
4,13,0,260.0672568658908,34.40482157485378,2196
4,14,0,264.9305748956078,54.37085397824679,2193
4,15,0,254.3875272693967,42.67279919585657,2119
4,16,0,254.3033094876383,34.01385039951793,2169
4,17,0,225.8724651362259,54.28948195598323,1873
4,18,0,196.8284521794157,26.99714769936265,1687
4,19,0,164.3900477537472,22.87727776182835,1392
5,0,0,150.6341103320231,23.72699003266803,1190
5,1,0,178.5614797423168,25.65269816330539,1437
5,2,0,207.1179740068594,29.45185908156101,1645
5,3,0,231.8387434064517,33.90674240347711,1856
5,4,0,255.0930748742196,173.1189107759953,1977
5,5,0,269.951285109248,74.57039986247086,2120
5,6,0,274.4489273486716,141.4798841237717,2114
5,7,0,269.7286897805069,38.11209209103787,2191
5,8,0,276.3679655394557,37.77725093113572,2297
5,9,0,280.8568820190544,38.05450015181869,2347
5,10,0,271.4284968330621,36.99836774241618,2253
5,11,0,283.950719563835,96.39296996456089,2291
5,12,0,273.8590440635108,37.84800990036495,2266
5,13,0,272.7617217215923,39.70403039450918,2296
5,14,0,278.7688234243023,36.70828952993112,2374
5,15,0,264.9436477540381,35.54818247557893,2241
5,16,0,258.8009288658723,35.35289318011304,2178
5,17,0,225.6504340946273,30.3472348368384,1924
5,18,0,214.0196765084338,32.35229909400842,1804
5,19,0,170.7755267668262,25.72555700931368,1420
6,0,0,153.4703454186936,22.36782498618992,1213
6,1,0,185.8533956311055,43.55432043205769,1452
6,2,0,262.0630150431336,1174.585815925348,1765
6,3,0,227.7420279709885,31.71899208760656,1844
6,4,0,240.3622268106243,33.88090957558055,1944
6,5,0,272.585823420134,39.1665426030719,2202
6,6,0,286.9126097949606,43.49866265531543,2304
6,7,0,279.747991094876,39.11264092046613,2286
6,8,0,272.514607997709,38.04725130137317,2242
6,9,0,272.4826943063554,37.61035321444287,2255
6,10,0,274.3925298226754,37.99877730746775,2254
6,11,0,292.9937746616242,302.5610206551543,2303
6,12,0,286.0021914690762,39.28547913285989,2383
6,13,0,265.3736251808236,35.80692125304957,2240
6,14,0,278.0401659375489,37.54821445262397,2344
6,15,0,268.4997624596556,35.14074380693034,2305
6,16,0,264.0861940220091,35.80097983528078,2238
6,17,0,227.085996934758,30.65665854185666,1932
6,18,0,213.6889114618645,125.5740465697948,1743
6,19,0,164.5636914970389,55.66009488532573,1387
7,0,0,152.3373597752662,21.40417187925424,1228
7,1,0,181.4114931527617,25.26812313614041,1462
7,2,0,221.7376463085913,47.51363103910905,1734
7,3,0,243.1738666176469,35.91727053806475,1958
7,4,0,256.1594973015983,36.53768181078746,2051
7,5,0,282.9958774025508,45.40716127614665,2248
7,6,0,267.8538914353495,37.06706112147153,2190
7,7,0,279.0605091358513,78.31742735923557,2206
7,8,0,296.6160228979172,347.5566040252689,2259
7,9,0,287.1691125346322,115.3509001040322,2256
7,10,0,282.502395004583,38.45228750128579,2344
7,11,0,281.5037110998553,38.77480021879499,2342
7,12,0,279.7548507308167,37.80108146278389,2338
7,13,0,280.0817578662782,72.62945484633987,2282
7,14,0,277.3683984743757,67.55260084867884,2283
7,15,0,274.9564383579748,45.83088626723499,2289
7,16,0,264.2526652387801,38.15698481076683,2194
7,17,0,248.4031312101007,127.3941742168945,2036
7,18,0,214.5891729149401,30.25509104444716,1827
7,19,0,172.1052194775876,40.21838177638822,1426
8,0,0,153.8872363340696,21.61357896643773,1240
8,1,0,194.5518070290905,27.72788457527912,1561
8,2,0,221.724890815331,32.51441448279359,1761
8,3,0,244.0268417435267,34.56764781572778,1939
8,4,0,282.823427427894,607.6021261884318,2022
8,5,0,278.85277595297,131.0425731585084,2156
8,6,0,295.3230037484375,736.0059334792873,2198
8,7,0,272.2529516926352,37.91587834344751,2223
8,8,0,269.8855226771865,37.51985768111044,2206
8,9,0,311.4821813544541,305.3758662992856,2435
8,10,0,291.9984851208783,45.29718051790981,2374
8,11,0,277.9680412381624,37.69534575695884,2322
8,12,0,280.890682953451,83.76271736696935,2283
8,13,0,276.434091478115,62.25199591981858,2265
8,14,0,260.6630647140777,35.01162762574147,2219
8,15,0,268.0946467781756,46.51794134536264,2241
8,16,0,279.1284331132954,88.29879218352882,2259
8,17,0,266.8421192445516,644.0298671270735,2022
8,18,0,203.0419192403257,26.20145423131101,1771
8,19,0,171.1974066520712,23.62221499678506,1437
9,0,0,151.1337849730455,21.76540580291038,1197
9,1,0,196.5829408386803,83.56075390178059,1501
9,2,0,236.2854750550282,326.9309138617011,1755
9,3,0,247.255640707516,135.5481281977776,1869
9,4,0,257.2167166490233,36.25780089531613,2082
9,5,0,261.4311150737797,36.31866475475024,2138
9,6,0,284.8167038756955,40.41676863342408,2300
9,7,0,283.2807488616561,48.14366702537134,2292
9,8,0,296.3148181198072,185.0528893245475,2326
9,9,0,290.4127966862372,143.5790631977377,2300
9,10,0,280.2029918032698,39.45428833071478,2294
9,11,0,313.6138512551448,590.7517673098897,2408
9,12,0,270.6086851373154,36.79588733276158,2277
9,13,0,288.2338840218854,39.38419435335346,2404
9,14,0,290.6954701604256,97.2462185634604,2371
9,15,0,296.5747282422144,413.1899549421041,2274
9,16,0,262.8254401990855,35.81983000507798,2203
9,17,0,227.5749764741774,30.44989070073165,1934
9,18,0,206.7557565921547,28.03506726744116,1766
9,19,0,172.3287966868264,181.6056611464906,1397
10,0,0,163.1767337541261,26.67655229720578,1305
10,1,0,191.8897258544514,27.9562467907743,1522
10,2,0,229.500467092581,112.4034485013854,1783
10,3,0,236.026937626575,35.21259432282662,1901
10,4,0,259.614147828298,37.25357415849015,2069
10,5,0,272.6890494559459,38.64193635904086,2203
10,6,0,272.8706833261546,38.23891111951146,2208
10,7,0,278.7013560589568,37.92246216348438,2294
10,8,0,293.8690598959954,56.34658096483176,2375
10,9,0,297.8388002898797,175.3505891554288,2362
10,10,0,296.2245839646241,129.9292994078196,2327
10,11,0,284.9141806633577,39.94184676569319,2348
10,12,0,275.1491160128968,37.02498174211796,2321
10,13,0,275.4738843658184,40.67831662854447,2302
10,14,0,285.8836061807061,117.8087051694652,2318
10,15,0,277.4626034522354,37.55024121319511,2337
10,16,0,268.3385819152739,36.5608759446498,2253
10,17,0,244.62451657853,40.57373049527727,2047
10,18,0,208.1059664196075,28.71182412964938,1756
10,19,0,182.9977197832168,119.4284708139034,1466
11,0,0,152.1428820880412,21.48999284539655,1228
11,1,0,231.6900351266114,1708.3820820551,1513
11,2,0,212.4519046865115,30.35122596078691,1694
11,3,0,231.752771271432,32.89661459403134,1847
11,4,0,274.7446725784936,457.640099542296,1995
11,5,0,275.4225644719558,39.19043736938549,2221
11,6,0,285.570645997117,41.13679424327641,2315
11,7,0,276.977689026604,38.48551419045694,2263
11,8,0,281.3004252926469,40.63434573351362,2275
11,9,0,295.5738526882095,177.434728679715,2335
11,10,0,282.2013786043026,57.38117463019723,2305
11,11,0,337.3372286603533,2035.750964491113,2322
11,12,0,307.3195306348557,785.3812864340574,2281
11,13,0,287.330675044122,82.88452269537589,2320
11,14,0,290.7269757374492,87.71822439420646,2368
11,15,0,287.4000252668098,47.35654866943828,2386
11,16,0,248.3362199664229,32.61012848155666,2141
11,17,0,263.4467532070143,263.5094477008505,2101
11,18,0,212.1739817078585,29.49786298513523,1804
11,19,0,171.4418786685441,23.72028337670361,1444
12,0,0,142.1442023504461,20.25513680592253,1138
12,1,0,194.5433487527327,27.90188621694244,1549
12,2,0,221.0818943928027,31.65179576478597,1756
12,3,0,288.4643426024435,1097.189558152997,1971
12,4,0,261.6554871131302,37.68473357844248,2076
12,5,0,272.0484805351537,37.97505358466498,2208
12,6,0,273.8984688755008,40.84732618473269,2212
12,7,0,287.2048311630684,40.57879516889231,2310
12,8,0,274.7146777001309,38.64129428496063,2241
12,9,0,297.6064645615596,261.9473543847619,2311
12,10,0,281.1411458320267,53.15999515379345,2285
12,11,0,279.6441877875243,38.44300631041337,2330
12,12,0,288.9952049347463,40.99550429221198,2368
12,13,0,278.6612026945966,40.54698787828465,2294
12,14,0,287.9531959410153,128.2987332439537,2304
12,15,0,279.2932564441309,120.0131755591787,2271
12,16,0,257.9982132381468,35.02859248661281,2184
12,17,0,243.7006914581492,32.86932594988154,2062
12,18,0,226.8336021134038,180.8881833335206,1840
12,19,0,170.9387621077011,23.4940904988955,1458
13,0,0,147.114931035667,20.83071050022582,1179
13,1,0,200.0326502715053,213.7399857451483,1482
13,2,0,224.0561364224114,31.4554987315041,1788
13,3,0,248.0286217537357,98.31457671994779,1915
13,4,0,242.7929297342045,33.94634915914837,1964
13,5,0,258.9051067784437,36.71238272589285,2079
13,6,0,278.4990181592685,186.6195508609725,2122
13,7,0,276.4445740429405,38.79682352401593,2254
13,8,0,277.9871553592797,38.44596700110232,2282
13,9,0,284.7506052811583,55.75387678399516,2300
13,10,0,295.8776625301869,138.2645015345658,2360
13,11,0,286.8523638774374,39.72582249889943,2375
13,12,0,291.9175846974379,63.10397147169915,2363
13,13,0,274.4262803716096,37.41496387180123,2301
13,14,0,278.3510998937621,150.488733795431,2251
13,15,0,269.7346771209795,36.7566029757196,2279
13,16,0,259.9199072399048,36.11102931029884,2156
13,17,0,232.9579500610814,31.53222487088299,1973
13,18,0,210.7228630056154,28.58005554790135,1781
13,19,0,167.9123776993629,22.17489526232957,1463
14,0,0,151.6415106397483,21.98386324885679,1195
14,1,0,178.8642818735938,25.75302521992286,1424
14,2,0,201.5324831922667,29.51904107682596,1601
14,3,0,217.7996877474465,30.8275560182607,1746
14,4,0,260.2977944263819,38.02970501466427,2057
14,5,0,272.7066023388423,86.72160977435819,2127
14,6,0,271.6071609584304,65.0961615988726,2169
14,7,0,258.239532232014,35.84147679786185,2123
14,8,0,258.0098882043009,36.12025657261523,2112
14,9,0,281.2555748773981,102.0410295089933,2224
14,10,0,267.0715896307802,36.2190293126701,2223
14,11,0,261.4125972025811,36.63687923360951,2142
14,12,0,313.0579594646446,855.3863850170653,2275
14,13,0,262.5490733489522,35.44091112872717,2209
14,14,0,282.3278100448665,40.60093006039519,2308
14,15,0,251.6101551562448,34.04212152140808,2135
14,16,0,248.3754158323611,33.63412889663466,2098
14,17,0,226.9175410861687,29.76921576974245,1955
14,18,0,206.3377833046762,48.81517782311309,1691
14,19,0,164.5286238029361,22.19128895096886,1405
15,0,0,144.2955192481627,21.13293444202124,1133
15,1,0,168.0188220458674,24.67890340236863,1321
15,2,0,204.4876043764094,32.90068822937261,1625
15,3,0,219.5576132376702,30.23887467779353,1789
15,4,0,237.2468860380612,32.93425556330885,1921
15,5,0,254.3665925366086,58.11694461071809,1995
15,6,0,255.2652328808825,36.72582459223793,2046
15,7,0,263.8197902144821,36.70313460027374,2148
15,8,0,251.5480635064804,34.30470309365056,2090
15,9,0,267.6068045412592,78.7633046260116,2165
15,10,0,263.1207835692435,36.26436990837379,2178
15,11,0,298.5199674850912,868.4237723524277,2230
15,12,0,293.5007791815017,663.9828753395253,2210
15,13,0,278.2445369860181,37.14412039967982,2346
15,14,0,262.0527676856506,35.46670703259429,2209
15,15,0,258.4775435082299,35.27272501626309,2181
15,16,0,249.5205310534556,35.93724985668325,2102
15,17,0,227.4828251705632,29.99032067216653,1943
15,18,0,198.640864323814,27.22734868935629,1682
15,19,0,158.1426177013564,20.41430890283881,1378
16,0,0,129.8558573897031,18.71595094796989,1043
16,1,0,165.3191013314748,80.23743056081801,1267
16,2,0,183.2214348781387,25.90414638127364,1462
16,3,0,209.7254468951029,31.19007790767762,1672
16,4,0,220.7313522205613,31.18143097048004,1765
16,5,0,228.0559911821732,31.12273244298679,1871
16,6,0,256.4378280811777,75.47503035950784,2002
16,7,0,237.8498358325059,34.43421380865465,1956
16,8,0,250.9550245568915,34.36931455028245,2068
16,9,0,241.663560333266,33.01834677291577,2000
16,10,0,253.0257960023601,35.0229046742161,2080
16,11,0,253.9943221193697,34.90597043934675,2102
16,12,0,252.8187554925379,55.67734871380883,2065
16,13,0,256.8442885724084,161.1899670540718,2062
16,14,0,251.7709325313385,34.94876074909033,2079
16,15,0,242.868270994421,32.8658368747881,2032
16,16,0,234.0131125223234,31.60603657931981,1980
16,17,0,213.4475633678991,28.48479813817946,1807
16,18,0,194.9369898901652,26.216697219838,1657
16,19,0,156.2519246973949,21.09715891144453,1313
17,0,0,124.1153876321153,18.13022690977115,979
17,1,0,140.7155925929386,19.46602531811303,1139
17,2,0,171.7032859517319,24.36025023170385,1379
17,3,0,192.7899361378507,33.66163642781149,1529
17,4,0,216.6049165887239,54.17415141478859,1688
17,5,0,213.2388393273833,29.93065721033452,1730
17,6,0,222.9784218008207,61.9399937641598,1774
17,7,0,221.7333982207814,44.85579287679346,1814
17,8,0,230.293957498361,32.40617537119061,1881
17,9,0,229.0762254901734,34.00765272045521,1875
17,10,0,230.1720072989462,32.3096390754831,1893
17,11,0,223.8317051432848,31.16763233887666,1854
17,12,0,235.2212767405723,31.6332673352167,1969
17,13,0,254.840787234594,720.3529205851352,1916
17,14,0,223.3399058815053,40.61022253068263,1851
17,15,0,235.0691635976405,46.57081002555275,1936
17,16,0,208.093039017331,31.14293020558622,1761
17,17,0,200.5291774267963,27.24486803970142,1694
17,18,0,166.8357624670248,22.43014138988814,1421
17,19,0,149.6632613724987,55.71723770843691,1239
18,0,0,105.9212285466495,15.31563748058554,843
18,1,0,139.0426064576001,213.2523574887085,975
18,2,0,146.8377149875287,20.35839369040014,1182
18,3,0,166.8591016886602,23.85777569402698,1340
18,4,0,179.9630220176946,25.01946879243082,1469
18,5,0,193.6777419016928,108.4149663972253,1490
18,6,0,197.7295018526213,27.97651136257127,1602
18,7,0,191.1520396160088,27.49813737752013,1544
18,8,0,197.464012589287,27.21286357847898,1627
18,9,0,198.5695815317945,27.29785814044097,1642
18,10,0,194.4762850539531,26.86314291903676,1596
18,11,0,202.8282482990661,40.18448024061267,1685
18,12,0,190.8500236160592,26.3507338198932,1590
18,13,0,192.9512851963637,26.36107195742488,1621
18,14,0,192.3083160977305,26.13249995074566,1622
18,15,0,234.4794635781905,1542.947960318266,1645
18,16,0,180.7813849731477,27.38237216274052,1505
18,17,0,174.8546072750606,24.21830706231679,1488
18,18,0,146.2726542872302,20.03767111598617,1232
18,19,0,123.9522224807572,16.91937416902309,1048
19,0,0,92.13011865796271,12.61569520156522,757
19,1,0,105.172740609269,14.55980718201545,859
19,2,0,126.221543247268,18.05167585342884,1001
19,3,0,136.5025794066844,23.58333768280067,1084
19,4,0,153.0737081337378,21.77508164863526,1226
19,5,0,157.848840638476,21.95578313745207,1285
19,6,0,158.5019635587866,22.20030269871578,1287
19,7,0,161.7510270883609,22.63298743000708,1342
19,8,0,157.8015099448239,22.28654485338819,1283
19,9,0,155.626492026325,21.27235896018405,1293
19,10,0,164.5800899843569,22.55980072809687,1364
19,11,0,152.348095586292,20.98506629271711,1272
19,12,0,167.388366101343,23.28761607284692,1382
19,13,0,158.2372654976302,21.17510169042075,1332
19,14,0,156.6739550003934,28.83485672475194,1306
19,15,0,167.5963256299387,26.03124653744057,1393
19,16,0,148.776353704695,40.08337698213157,1205
19,17,0,145.1728806690842,19.31540860636265,1230
19,18,0,118.0485082479013,15.38766667941308,1028
19,19,0,94.47650906386667,12.11838633134693,831
