# mesh name: boxMesh_1
# primitive scorer name: doseScorer
# iX, iY, iZ, total(value) [MeV], total(val^2), entry
0,0,0,95.43989674106014,11.75613715072559,873
0,1,0,119.0151549559425,15.94360244378069,1043
0,2,0,134.8288787166683,17.28592904493355,1199
0,3,0,158.9968955161368,21.11889560043456,1381
0,4,0,149.4483737996688,19.41847176136852,1323
0,5,0,164.7440640272162,21.7173258178932,1448
0,6,0,177.9889691701902,66.21851370161946,1520
0,7,0,163.8833529384603,21.54971866719231,1447
0,8,0,173.6388063234292,21.97274789396624,1554
0,9,0,160.1601436481191,20.8221192361724,1419
0,10,0,166.2541614935178,21.05963409945543,1502
0,11,0,184.1268046911682,154.8028212239662,1546
0,12,0,171.23791661746,21.59461154683667,1533
0,13,0,168.7450681777737,21.48894175946517,1526
0,14,0,175.1505004441721,135.7034850251939,1496
0,15,0,176.568804261501,22.46527982958258,1579
0,16,0,164.4756808297908,21.16286361168391,1477
0,17,0,172.2027775969439,100.7995389849097,1461
0,18,0,142.176320668805,17.7988227201144,1292
0,19,0,109.4937351869926,13.64368181905192,1000
1,0,0,121.2280218387369,15.71151361771599,1066
1,1,0,164.7771396931025,34.21448870095946,1427
1,2,0,197.9350800413478,520.0556358908981,1544
1,3,0,202.4260218450167,26.544313733257,1782
1,4,0,209.6735170756959,27.39198023617576,1853
1,5,0,214.5472598911385,27.64500526303382,1889
1,6,0,209.3731523721949,27.3011600794994,1851
1,7,0,220.5205036882473,28.97494908442719,1946
1,8,0,217.4115604239664,28.70346483026885,1927
1,9,0,219.2506431937178,28.32483802073442,1936
1,10,0,250.1504717393347,1209.910294103415,1900
1,11,0,207.0271114643947,25.96918746428337,1864
1,12,0,218.3501843552978,28.18652763192949,1954
1,13,0,214.9620478594332,28.4784495708557,1940
1,14,0,213.0004208109918,25.95775321950521,1958
1,15,0,218.4356601077038,27.63148427959742,1972
1,16,0,204.0358711477374,25.83358414748633,1847
1,17,0,204.9492718675854,27.2497805468626,1811
1,18,0,182.9052761425064,23.20515189601438,1677
1,19,0,140.2676549430219,17.86371551725948,1283
2,0,0,140.2815121801875,18.26062092846421,1232
2,1,0,176.3096027617676,22.83549603887688,1564
2,2,0,215.7943746612848,68.13116640745748,1852
2,3,0,231.9884227669552,30.05844581152389,2035
2,4,0,238.7989932647561,31.58746739361192,2105
2,5,0,237.0400016963744,30.36396030328545,2106
2,6,0,243.6282867295538,31.56042921634578,2171
2,7,0,255.9063734830664,86.54243953582559,2226
2,8,0,269.0324822936671,356.6069451455044,2171
2,9,0,244.983458295727,39.09844659821258,2139
2,10,0,255.8024959043604,33.48197133045682,2264
2,11,0,249.2970005701186,32.4211907374306,2214
2,12,0,249.0021997822261,31.54579265250098,2248
2,13,0,245.4070511270957,32.03642710213065,2173
2,14,0,264.8378448868283,257.7959229229614,2232
2,15,0,273.2526394636438,263.2500717738785,2286
2,16,0,243.7309681092323,30.67807943462834,2208
2,17,0,249.1640264171754,148.2738600083665,2163
2,18,0,208.4010804504145,26.96989804729283,1879
2,19,0,162.0252634640913,19.91354102582807,1492
3,0,0,150.3011877397873,19.36212606623125,1329
3,1,0,197.6109420480188,25.57907741232404,1733
3,2,0,234.4677491022726,174.1743641162724,1963
3,3,0,247.8015899015404,32.1418101417106,2191
3,4,0,269.4345411490872,184.392383649931,2276
3,5,0,259.5736302953245,37.33080193590293,2272
3,6,0,278.0164286709226,262.6327768427535,2320
3,7,0,260.7205552313281,35.26121074375053,2291
3,8,0,270.331689496383,34.69843047304363,2402
3,9,0,274.948820873749,65.77711860545573,2407
3,10,0,261.2042592534121,33.37585984378238,2335
3,11,0,265.1995355589461,34.23761286089452,2370
3,12,0,269.0376207303004,33.7035112915037,2427
3,13,0,265.0633740931987,34.30423616622091,2387
3,14,0,260.4200330872483,39.20393003008814,2316
3,15,0,266.8628869874876,52.84125839916197,2373
3,16,0,263.2014061359149,33.40043031111082,2369
3,17,0,257.6940804604345,32.23830450486582,2355
3,18,0,217.9172894787157,26.5917956020259,2001
3,19,0,166.0296861530322,22.40343334716535,1492
4,0,0,162.0516271815351,36.91982870917583,1400
4,1,0,204.9710187758128,27.11356441538705,1785
4,2,0,233.7026116505045,30.1221775294718,2080
4,3,0,258.4491167552483,33.78091804891913,2263
4,4,0,254.2384945702872,32.6796701296488,2255
4,5,0,273.2524181998469,35.75104403591647,2400
4,6,0,278.358967655459,36.11431159755168,2458
4,7,0,280.0565397916343,36.52824857892156,2469
4,8,0,259.0356051999611,39.708588841314,2325
4,9,0,271.4992354664645,36.14858455369022,2420
4,10,0,277.4922619657311,36.03709948095228,2456
4,11,0,265.3216522398855,33.60672188480167,2371
4,12,0,274.7566047248984,35.39895204504379,2460
4,13,0,265.3482568722118,34.03223064056702,2389
4,14,0,272.849335543649,47.52521337046968,2420
4,15,0,276.7601523968544,34.85530663143241,2499
4,16,0,264.0491256773311,72.99375479170506,2324
4,17,0,260.5845501446844,33.84192558198055,2332
4,18,0,221.9975579487336,28.56060655333372,1997
4,19,0,177.3796211076952,22.60470384532439,1595
5,0,0,168.280167829189,32.08729077962916,1435
5,1,0,211.0304181734371,27.46997135438914,1875
5,2,0,237.2918998470308,30.57006088162264,2100
5,3,0,263.3176617334565,35.11949901935245,2293
5,4,0,273.8787971872392,35.9273411598389,2405
5,5,0,257.2073904220529,32.94338611594195,2288
5,6,0,276.3648399802876,35.86017086055593,2446
5,7,0,278.8145291242039,35.56382755129327,2475
5,8,0,293.6515793574695,201.3140771614655,2479
5,9,0,281.4270558766895,38.0282923815498,2495
5,10,0,283.8646134345186,36.86726075228263,2520
5,11,0,273.2971698604632,35.17988437286802,2444
5,12,0,283.5098598774451,39.02180574476682,2516
5,13,0,270.9556556117446,34.82034827851569,2430
5,14,0,280.5313061410317,49.33112359554366,2494
5,15,0,269.3442254835784,34.73513454429776,2411
5,16,0,275.1720703214359,38.02472998430301,2514
5,17,0,264.1931909754261,33.49899687648436,2387
5,18,0,230.509946240583,93.84877362593117,2022
5,19,0,180.6328834931031,23.76383180183858,1611
6,0,0,158.1487932095186,20.7345706538516,1384
6,1,0,207.9293208510647,143.6270475923097,1705
6,2,0,243.6654818773608,76.41897402955205,2040
6,3,0,270.3454168771257,35.49806530576067,2359
6,4,0,266.8571794667233,34.82998529347694,2328
6,5,0,310.0652959194392,818.3744581345526,2398
6,6,0,310.3554467666052,768.4902394452436,2533
6,7,0,268.4687455772988,34.37172545222839,2408
6,8,0,275.3662610909272,36.39843723787321,2448
6,9,0,266.5446618525032,35.14120193299097,2377
6,10,0,269.4536312572259,33.52680717365565,2452
6,11,0,265.5472778523907,34.19819782685959,2386
6,12,0,270.470719725037,34.25995744549554,2439
6,13,0,265.19240765211,33.86362138544206,2372
6,14,0,270.6623260784939,34.78697384314937,2418
6,15,0,270.5921492572348,34.38856731078494,2437
6,16,0,280.8788444688533,42.01803109892307,2497
6,17,0,269.1417838965215,33.76244961474795,2440
6,18,0,228.3713046451589,28.75037223217594,2063
6,19,0,172.0803181947004,21.72105466129216,1568
7,0,0,161.2839530768204,20.99650306011528,1421
7,1,0,198.2654692435348,26.12380543228888,1745
7,2,0,238.1464012477941,31.84951035493126,2062
7,3,0,254.8980831601673,33.31600970719797,2238
7,4,0,275.6658510784546,251.9161319360992,2321
7,5,0,277.0554310303899,39.33103117936621,2409
7,6,0,270.1365499964418,34.96137475473562,2399
7,7,0,274.0016207751044,50.94761539476465,2411
7,8,0,289.4044389797474,79.42310834259736,2492
7,9,0,262.7910926918944,33.01966890471863,2372
7,10,0,280.4071572140933,48.49503132514287,2475
7,11,0,271.6626174155328,34.7579254221506,2432
7,12,0,279.9175022409936,36.52902176779843,2495
7,13,0,287.9479750331478,404.8678529057181,2416
7,14,0,282.1469905909292,66.90516969886444,2491
7,15,0,268.9851099259201,34.93699324639057,2419
7,16,0,269.213205020064,86.34973158052935,2330
7,17,0,253.4333987471963,32.22662396134836,2287
7,18,0,227.4505892556411,29.20976508236201,2032
7,19,0,174.9783444205686,22.80382339008736,1575
8,0,0,158.0282687688228,20.6282290034729,1405
8,1,0,202.0514921899949,26.81345698242125,1755
8,2,0,245.6912607522385,32.0899700200337,2151
8,3,0,262.00085805891,34.42598671587708,2299
8,4,0,266.9844116077868,34.82485523369006,2352
8,5,0,292.7254907623274,227.5977801823248,2442
8,6,0,286.0336938139773,84.05572090356831,2472
8,7,0,270.4591437031385,35.98696171835785,2385
8,8,0,282.6781647236188,69.34175906817639,2471
8,9,0,270.6612636720961,34.73867139578572,2423
8,10,0,273.7030407473882,56.35914894265151,2392
8,11,0,277.1646128588249,35.55251045507138,2480
8,12,0,276.6001119611834,35.8347642329259,2467
8,13,0,268.6376842107363,33.81016525055324,2442
8,14,0,270.8392672857994,71.10005588525664,2383
8,15,0,279.697089258244,37.3422115206567,2473
8,16,0,281.0363414757138,141.2984090589836,2463
8,17,0,260.8836319761405,33.56348338221933,2343
8,18,0,225.2865756793913,27.8803989430396,2060
8,19,0,182.3622008360342,84.05333000355397,1583
9,0,0,160.6090970867485,20.36585433022813,1430
9,1,0,217.5240038669847,132.3139800685765,1813
9,2,0,234.5973418122778,30.20046400078846,2071
9,3,0,272.7665809800999,58.18996886467692,2350
9,4,0,292.2714916359699,266.2945745132005,2413
9,5,0,290.6596226017043,39.47737387125034,2519
9,6,0,270.1899318066571,34.73767352749477,2398
9,7,0,276.4295259644169,35.81167661906482,2451
9,8,0,265.7844491724605,42.34193024995866,2353
9,9,0,281.425049707289,36.95450664683636,2494
9,10,0,278.098167501457,45.59769550091047,2438
9,11,0,278.0200932207591,78.81463740400514,2426
9,12,0,289.5802510987729,46.13554187336002,2569
9,13,0,313.7484920736482,523.3707527260842,2469
9,14,0,283.1824575124548,108.6186134083649,2455
9,15,0,271.875427475192,36.74700642675061,2414
9,16,0,272.9556068003764,34.0124061563945,2470
9,17,0,253.6987039892761,35.97029833560072,2284
9,18,0,223.1271741646617,28.86240593732406,2009
9,19,0,173.9990164977561,29.34680209237596,1549
10,0,0,157.7074163257995,20.17447480638583,1401
10,1,0,199.59780707974,25.69698075401462,1763
10,2,0,242.6772939853012,31.18100792226272,2154
10,3,0,263.0942102343061,33.91461516519571,2324
10,4,0,268.908921935902,34.80904032828578,2395
10,5,0,264.6246079380639,34.65258397011971,2336
10,6,0,293.1121020821219,367.622934955424,2425
10,7,0,274.0545238678287,36.20750399446199,2419
10,8,0,283.4404979696581,37.34093556226451,2527
10,9,0,269.4392491901218,34.96765081461461,2397
10,10,0,272.8079270606891,36.28082911299456,2409
10,11,0,274.0810170026537,46.54977617994363,2434
10,12,0,278.9705196830529,36.71786364914316,2485
10,13,0,276.7782323973407,36.47742055260724,2473
10,14,0,272.4931337480167,37.90611640196114,2425
10,15,0,279.3766305492586,42.63624465820503,2506
10,16,0,270.2281904223503,51.19082849029846,2398
10,17,0,282.2415071478217,659.9369432793837,2307
10,18,0,218.1742317503247,28.82599759502544,1949
10,19,0,193.3906616715641,228.4397313935624,1610
11,0,0,172.9091465667064,23.14939147006911,1502
11,1,0,202.0394497093918,26.47891553816257,1778
11,2,0,229.3838178274585,29.34770073159592,2032
11,3,0,263.0925407173941,34.12206897191579,2313
11,4,0,267.3044751831178,34.22269160578613,2371
11,5,0,270.2226301806512,34.13900589007961,2406
11,6,0,279.6220521755367,36.9938974246917,2457
11,7,0,280.2486310331428,36.0071331170348,2496
11,8,0,276.7648698665594,36.23389471241138,2443
11,9,0,279.8333272520467,37.84506727396703,2459
11,10,0,276.9102081891102,35.21764137570863,2481
11,11,0,274.9156845413025,34.34280847229082,2496
11,12,0,283.4330340399146,37.37477508444253,2516
11,13,0,294.6002215240751,315.8843185859417,2463
11,14,0,291.2517625534887,483.0330214517364,2453
11,15,0,274.5318463646478,44.83600440680907,2434
11,16,0,300.2592764260314,545.9961195320834,2487
11,17,0,258.9989651247635,33.90017688479685,2346
11,18,0,239.8552072505595,126.8172601658817,2071
11,19,0,164.8755445529931,20.85749918686128,1492
12,0,0,155.2440027555782,20.46381546368202,1367
12,1,0,206.8438653384202,27.88793133645507,1803
12,2,0,241.3221198122384,60.49267044281345,2085
12,3,0,271.3398788571373,42.23186699454013,2357
12,4,0,264.244561402096,34.55514129608377,2317
12,5,0,285.7253702682872,229.9445311984967,2409
12,6,0,288.349578628083,67.54557930995102,2472
12,7,0,275.3204196422826,36.22859772724782,2438
12,8,0,276.738101377422,36.96557936568379,2431
12,9,0,281.873628996534,122.1856938134974,2405
12,10,0,282.1250053937853,66.01408696441182,2452
12,11,0,284.0839508033055,165.7547053148163,2441
12,12,0,271.2351699608113,34.3958364744768,2444
12,13,0,283.8733973167638,450.006375389983,2367
12,14,0,274.122082328392,34.97107241594103,2480
12,15,0,279.5592758614362,45.500229036625,2490
12,16,0,284.0295794201197,162.5280369899537,2428
12,17,0,275.9154824388678,462.5924220106651,2300
12,18,0,227.8957452863907,29.8010352179888,2038
12,19,0,178.0811387079919,44.86372030689947,1569
13,0,0,163.5989413710732,21.00100787143046,1445
13,1,0,210.9759459660632,36.74567583036033,1850
13,2,0,234.5915569371136,29.60881851293914,2100
13,3,0,267.8765005078527,35.57692696193976,2331
13,4,0,272.0254680386777,74.53296286522084,2355
13,5,0,277.0395030365532,36.05660428011625,2459
13,6,0,280.8457104928138,59.74713335758609,2433
13,7,0,258.4097020421717,32.90165825051455,2310
13,8,0,269.4660330714375,34.59238906321206,2407
13,9,0,269.6503957509705,35.19166732307337,2388
13,10,0,274.1553979712905,54.5146160041864,2423
13,11,0,296.3338421848413,257.0599745775186,2485
13,12,0,276.2145259792895,35.06967668961028,2480
13,13,0,289.131794124246,61.19989000490286,2541
13,14,0,279.557815699666,40.2799557509397,2486
13,15,0,277.1141201460049,114.2200609323978,2403
13,16,0,279.8104090436068,109.163027446314,2418
13,17,0,274.7147521879986,151.4047675332467,2357
13,18,0,252.6151032745881,575.6465888769933,2060
13,19,0,184.4611691770593,41.76694967400643,1620
14,0,0,155.2402219051179,19.73386087553414,1376
14,1,0,204.3525099501045,26.83769162649327,1793
14,2,0,244.9001606786347,32.1666098308858,2143
14,3,0,250.4753459089723,32.70376400492717,2201
14,4,0,254.7687292012489,33.1306396694997,2245
14,5,0,274.8536997267985,50.25410695340518,2386
14,6,0,289.9238152473271,202.7472032824504,2418
14,7,0,276.6653243575789,35.95081436759059,2437
14,8,0,270.300018534413,35.01284722647051,2387
14,9,0,280.3279693521519,35.62483493383309,2520
14,10,0,277.4338021529047,35.56783853125562,2492
14,11,0,275.9090096329583,36.24504124042739,2429
14,12,0,283.6027843987786,36.34664445667749,2544
14,13,0,273.878661838555,35.01930410493136,2466
14,14,0,291.3919479871548,430.9325941907786,2427
14,15,0,270.0480611164867,34.43534601573068,2438
14,16,0,256.7867444591762,32.02915700954681,2340
14,17,0,259.1622439094979,77.36788178051091,2259
14,18,0,230.8453044172899,43.28678496767316,2045
14,19,0,173.0894152879632,23.40930053025581,1560
15,0,0,159.338941956276,21.10912796497112,1397
15,1,0,207.6032264597608,28.17517688278094,1796
15,2,0,245.2239052722529,92.84360210829507,2053
15,3,0,244.4225244731157,38.47906892430685,2147
15,4,0,259.8413314081055,33.3626959818334,2310
15,5,0,274.4510140837816,95.70772339319441,2342
15,6,0,272.3964647306862,104.8634277628879,2291
15,7,0,285.5802510754855,605.1105885442125,2320
15,8,0,277.2316514064223,262.8312168025957,2325
15,9,0,262.4900680124596,34.77535320628122,2333
15,10,0,268.56916874338,34.87526454584033,2390
15,11,0,274.7365931616806,35.18358761704926,2441
15,12,0,271.2375884564754,34.70701582903002,2449
15,13,0,275.6475529295052,34.99253626167749,2482
15,14,0,271.0953264579305,39.22146845889982,2380
15,15,0,269.9115662611621,33.06152364234683,2486
15,16,0,262.3762616552665,33.18718432881699,2377
15,17,0,259.8596744540608,85.67709851458547,2274
15,18,0,223.4147204897372,28.97607631461372,1999
15,19,0,170.0046193164108,21.4230897733535,1551
16,0,0,150.3262177088093,19.50558930368555,1323
16,1,0,191.5365021221863,24.62595669140029,1699
16,2,0,238.8480868877654,113.2973516215069,2004
16,3,0,258.134178013132,191.4666682737858,2140
16,4,0,253.6197690365941,32.75811549611743,2229
16,5,0,257.1747130785191,32.99294825666517,2302
16,6,0,259.228552381404,34.97928265049083,2262
16,7,0,293.0149228261963,353.5825200620849,2408
16,8,0,262.9639756038642,35.34798928508648,2311
16,9,0,266.2616047362449,45.76643986095642,2347
16,10,0,269.2750420488966,35.02702259038708,2387
16,11,0,265.7435579343653,33.58463610932392,2390
16,12,0,253.2192251233527,32.97306909930418,2247
16,13,0,270.069230330811,34.4402254346904,2412
16,14,0,257.9947626848701,33.63792532104655,2297
16,15,0,269.15842834797,33.57006304874538,2446
16,16,0,263.2774575083863,38.42385251477904,2340
16,17,0,249.9833746387039,31.49811619375292,2269
16,18,0,221.2349481558029,27.9845408854183,2001
16,19,0,173.3766831809417,22.61437614342029,1551
17,0,0,147.352317628709,19.4902696967291,1286
17,1,0,178.1688853405504,22.73469276440878,1575
17,2,0,211.2449050304533,27.60420563209686,1856
17,3,0,221.8053749658915,28.99871121464281,1949
17,4,0,234.3452771839138,30.52042947928769,2061
17,5,0,250.7558561124355,36.39300498850801,2177
17,6,0,259.4462941785006,40.62297503163639,2266
17,7,0,241.847258819427,31.60352475565711,2143
17,8,0,243.0075895552624,31.43314313829296,2165
17,9,0,250.4538222943028,32.68440850678505,2215
17,10,0,248.4882777180378,30.83887655186805,2252
17,11,0,242.8713139758112,30.82731849070798,2197
17,12,0,253.2108912392806,31.72026282519925,2295
17,13,0,230.6687555312665,29.3989188018371,2082
17,14,0,255.0478325025784,47.61771261657486,2255
17,15,0,250.658264821403,32.33516079582583,2238
17,16,0,246.1539491843134,35.47744125853917,2200
17,17,0,244.6409754597056,30.69637562934225,2225
17,18,0,207.7608674720339,78.10520274350741,1841
17,19,0,163.0833382760528,20.52496807377749,1482
18,0,0,139.3292931826549,392.2989922133342,1036
18,1,0,156.8601164263795,20.5717772053423,1378
18,2,0,182.1852835792462,23.61702819195315,1597
18,3,0,192.9833950121839,25.40843556409277,1687
18,4,0,208.9120771790435,27.7623686849701,1832
18,5,0,225.2946790407397,122.4609908688353,1920
18,6,0,221.6890735318675,29.22237477678949,1945
18,7,0,215.3031074299602,28.23278767969982,1896
18,8,0,209.7456979985866,26.98276874020141,1867
18,9,0,212.1883087762145,28.32597020863987,1882
18,10,0,211.7841161575174,27.42799648992547,1894
18,11,0,213.850877436889,27.02601801256523,1923
18,12,0,236.4962760041372,180.8399996140894,2002
18,13,0,221.9337616352509,29.1381707728302,1960
18,14,0,215.5710549142397,27.71175998773028,1948
18,15,0,221.2465631034931,28.43489704344561,1989
18,16,0,231.6038698820794,97.63335568450447,1977
18,17,0,209.9070421871666,26.53678671085842,1900
18,18,0,197.976737208384,456.4859194025871,1606
18,19,0,150.9371867336661,110.0165868885579,1286
19,0,0,95.01907759315206,12.6255413406872,828
19,1,0,122.6324504172426,15.8807128602343,1088
19,2,0,135.1083960589882,17.21926234013327,1197
19,3,0,157.8956677835938,20.6562075956624,1384
19,4,0,158.6144828596654,35.28649184594656,1366
19,5,0,163.9598309377352,20.30891964017408,1484
19,6,0,163.6112888058956,21.18161166824606,1453
19,7,0,168.6757590024327,21.65081035183778,1506
19,8,0,171.0211666819798,22.32923737638541,1519
19,9,0,166.1786136124986,22.00172589264785,1466
19,10,0,195.2469418853934,373.2033540800781,1505
19,11,0,172.9340863164489,22.11788471815233,1549
19,12,0,170.5573351077313,22.30149610635724,1517
19,13,0,173.8706296435896,48.58106879742832,1537
19,14,0,163.0020287773663,20.6015192064256,1469
19,15,0,171.1974673490535,21.86125172970426,1550
19,16,0,160.6709818370795,20.12351302924802,1468
19,17,0,173.6210648984696,22.08135412463778,1562
19,18,0,143.6934075361903,18.56656495048686,1290
19,19,0,111.7587948540371,25.14515518729776,981
