# mesh name: boxMesh_1
# primitive scorer name: doseScorer
# iX, iY, iZ, total(value) [MeV], total(val^2), entry
0,0,0,93.88134130116327,11.8903126117673,880
0,1,0,117.5154397425403,14.03440221298896,1107
0,2,0,135.9875647549066,17.00165276424993,1269
0,3,0,152.3082775160865,19.45609345228958,1401
0,4,0,169.1118813377021,82.79700092407833,1505
0,5,0,167.3288094467882,64.23044710812499,1486
0,6,0,162.4422591349902,19.91735315518253,1519
0,7,0,155.0833642483597,18.68520571838026,1479
0,8,0,174.6385532916258,46.11188708828671,1581
0,9,0,168.7539504593038,67.61697139275076,1528
0,10,0,160.9365736913975,18.94695304604083,1545
0,11,0,162.0303043193123,20.17016163295218,1521
0,12,0,156.7619783438771,19.15712798087784,1485
0,13,0,168.4694346866466,20.90687505302873,1580
0,14,0,163.775870400035,19.32743660999465,1580
0,15,0,157.4369935134424,18.85420586621245,1504
0,16,0,159.6941369118145,19.48559189817567,1512
0,17,0,181.3506861129266,250.0161389218271,1596
0,18,0,168.272247967538,170.4917600562067,1436
0,19,0,113.3953809985487,14.7461223789471,1075
1,0,0,118.6091890335752,15.4566094083855,1099
1,1,0,148.6044307803638,18.42192006238238,1385
1,2,0,180.0144228359444,22.13077753647236,1679
1,3,0,200.1708917723772,24.85642581099265,1856
1,4,0,198.3037114831729,24.54687472638624,1843
1,5,0,203.0476649083281,25.06647308466414,1893
1,6,0,195.3580510076876,23.46935774064844,1851
1,7,0,204.4414635668124,24.49360283604843,1946
1,8,0,209.5347622023717,25.58897591937288,1974
1,9,0,210.9648479830704,25.96982298142415,1971
1,10,0,196.5711558674058,24.42449727464057,1848
1,11,0,205.0246806577662,25.43323343048074,1925
1,12,0,218.5522574207609,26.6385587462286,2058
1,13,0,217.5583441362799,26.62188169592437,2057
1,14,0,217.6290989352368,27.09862228466771,2041
1,15,0,215.0534006148627,26.19677712228264,2038
1,16,0,211.9926143105881,25.44834118463165,2036
1,17,0,205.4321630114234,24.65773778781948,1969
1,18,0,208.2103824227143,165.1666092837078,1874
1,19,0,151.8396046507038,18.89396958737377,1446
2,0,0,132.0117726296347,16.44764643742882,1235
2,1,0,174.5294328766843,21.65383372241116,1622
2,2,0,202.601410759584,24.83383845782479,1892
2,3,0,224.8786522298358,28.71390595604587,2068
2,4,0,241.7543119299018,73.48072370362917,2182
2,5,0,235.4182984381886,28.58526592220214,2208
2,6,0,232.6031721098074,28.3850311326073,2187
2,7,0,244.6596725484838,38.23657997569502,2286
2,8,0,235.0872386536094,28.4020276996183,2221
2,9,0,254.9092762784328,95.14113570216186,2318
2,10,0,239.3862466929042,34.93466672448516,2226
2,11,0,238.4908303124849,29.5264450068885,2252
2,12,0,247.6696218549963,69.44202956104772,2302
2,13,0,249.1188994816744,38.46986506258873,2340
2,14,0,243.913701335626,29.39733653630422,2323
2,15,0,258.4125779805313,31.76972152346554,2448
2,16,0,248.9858369356412,39.82545403597418,2370
2,17,0,241.9113131992439,29.14858233524726,2313
2,18,0,226.3872256796377,135.7674591739156,2093
2,19,0,163.9442824704598,19.64317939810321,1580
3,0,0,151.1599185037038,18.81229694002641,1399
3,1,0,183.7055153713072,22.64404313987276,1716
3,2,0,220.2137048403648,27.34062976713047,2038
3,3,0,243.3044323319939,30.29287655098594,2261
3,4,0,226.866054681267,27.16260390550592,2161
3,5,0,254.7795098256565,31.39722164463107,2386
3,6,0,258.5681195228679,32.94597731544573,2392
3,7,0,247.7798617621062,30.42631423387268,2327
3,8,0,256.8315271453197,44.77103853268246,2382
3,9,0,255.8764850963441,30.75597256472695,2434
3,10,0,256.7264926048479,31.71619859678873,2423
3,11,0,277.7103559362873,357.2613636902246,2437
3,12,0,274.5581906080421,141.2937504126547,2431
3,13,0,244.6882629878082,29.65568944241707,2328
3,14,0,288.5907111200481,444.8772254012508,2475
3,15,0,282.293641199627,299.2632126444258,2479
3,16,0,265.705962998694,110.7517834890797,2402
3,17,0,250.3052631981651,42.64049671525552,2378
3,18,0,221.1360327414725,26.03162478622875,2160
3,19,0,166.3211744876959,19.6529947341604,1631
4,0,0,159.8538744077529,196.5985621532398,1352
4,1,0,194.2953910709581,24.05610352787999,1807
4,2,0,224.3185240399096,28.10473029074461,2068
4,3,0,250.2152255000178,38.25216644515564,2295
4,4,0,254.6616205052311,36.00962531009844,2330
4,5,0,257.4448202809069,32.85431800494075,2363
4,6,0,258.3464069813443,32.0877677884672,2425
4,7,0,252.5369518582143,31.07402035304812,2382
4,8,0,256.0930999562227,31.10089129878518,2411
4,9,0,261.3548751335948,32.0255216519307,2458
4,10,0,259.9660829957812,37.18683935303685,2435
4,11,0,247.7948460694456,30.05257486158766,2360
4,12,0,276.4968771160136,234.2285992046484,2437
4,13,0,253.7700428208229,30.3729754577373,2435
4,14,0,278.2500919096771,436.4581139952637,2415
4,15,0,264.7587288135567,73.00698541431487,2421
4,16,0,262.6894730395168,31.57101357516883,2514
4,17,0,266.9267826848274,73.04279093270387,2486
4,18,0,226.3800852943733,26.93995654641297,2176
4,19,0,175.4011774320888,21.42571885353864,1676
5,0,0,153.385213306217,26.71374139518761,1395
5,1,0,207.856311605028,118.0835184439377,1823
5,2,0,225.8200697342693,27.88825991226157,2102
5,3,0,248.7439042811325,31.47394922978789,2301
5,4,0,252.2012724892986,45.41900290033306,2316
5,5,0,259.0424897394338,55.51570751871945,2356
5,6,0,281.8369149750251,498.73174296119,2442
5,7,0,261.3906827431586,32.29809431308094,2455
5,8,0,265.8957575715791,89.46644887376929,2428
5,9,0,263.9588846467341,67.87793768447456,2457
5,10,0,252.7230171186248,31.70505220631514,2419
5,11,0,263.4376734436345,32.27589646825017,2485
5,12,0,266.188443348942,40.24990707650199,2530
5,13,0,279.462993285535,507.974259472894,2430
5,14,0,269.6595638978131,31.93309111923532,2613
5,15,0,268.4216972498285,90.63269255528357,2505
5,16,0,288.7274242530345,754.5917735683089,2475
5,17,0,261.0638568324903,31.38752849229537,2505
5,18,0,249.0003630904342,331.4260473494594,2159
5,19,0,175.21088286875,21.03439879877982,1693
6,0,0,148.1778235854969,18.69880876145503,1369
6,1,0,189.9504957467504,23.09260428827668,1783
6,2,0,224.4863719594856,27.837847545339,2091
6,3,0,236.6356078485149,28.60290794560926,2227
6,4,0,257.7862315890386,32.29835552418784,2376
6,5,0,255.2912689706197,34.73033617038186,2365
6,6,0,260.3735634704157,35.8477896002905,2424
6,7,0,270.8587228001412,34.67202382748965,2509
6,8,0,280.1598442280805,155.1776740169627,2528
6,9,0,265.3454906522488,32.06191046613131,2509
6,10,0,251.8484116126918,33.75065996776059,2364
6,11,0,260.6948778129573,31.94171281319667,2465
6,12,0,265.3476010775115,78.49715888053792,2476
6,13,0,273.6394640382096,59.74527500295587,2511
6,14,0,250.2595868096473,30.18064141637317,2372
6,15,0,270.8935957737107,206.7585227867096,2452
6,16,0,261.8994678967774,36.0824220077257,2468
6,17,0,259.2492251853324,37.5214356961045,2415
6,18,0,232.4279472041145,27.62737717717131,2245
6,19,0,203.3940772340839,690.9114598340282,1667
7,0,0,152.6355285117305,18.62477216301429,1450
7,1,0,203.4266028905563,25.28056473894557,1891
7,2,0,238.9944528827653,30.08126003469244,2209
7,3,0,241.6937576406302,29.10886882682868,2277
7,4,0,262.1251757040421,32.56064321519322,2441
7,5,0,259.0523321109576,35.99232648367569,2409
7,6,0,270.2918507706543,33.40341847738858,2535
7,7,0,258.2363423832635,31.47442977682801,2430
7,8,0,262.7015767321169,32.2453461975762,2459
7,9,0,255.5488028317798,31.31650068532003,2413
7,10,0,257.708372155513,45.30252633510715,2420
7,11,0,280.5468426089845,168.9303729393415,2526
7,12,0,263.8026177884988,40.48414031855813,2466
7,13,0,260.3999999786633,31.36235926667374,2490
7,14,0,255.9287307007245,31.21635349570379,2429
7,15,0,256.1921828468234,31.45319524044221,2416
7,16,0,267.6358769847649,34.4307802231469,2543
7,17,0,256.6558093204488,31.36003718234094,2436
7,18,0,239.1189697339873,33.66297126270864,2264
7,19,0,174.220942471706,27.57430376946008,1646
8,0,0,156.645090844113,19.06831925508583,1463
8,1,0,201.6748332310913,68.72692455494393,1813
8,2,0,239.8257014905876,57.71156470670894,2191
8,3,0,247.2572185193486,30.37007099697431,2310
8,4,0,254.219123376411,31.65670239561357,2346
8,5,0,251.567048585032,30.63535561491927,2362
8,6,0,275.8166989922947,169.6221824340399,2457
8,7,0,265.0786173722076,33.08807611424125,2477
8,8,0,263.5866106359694,31.96016554883907,2480
8,9,0,253.3497013876067,30.38209626833622,2412
8,10,0,267.3454690412857,33.61779888244116,2491
8,11,0,257.5886964087681,30.95352025666015,2448
8,12,0,291.911416997015,557.0455856342293,2494
8,13,0,262.4145158876838,53.46553978339526,2452
8,14,0,264.8987144271954,31.46507770997594,2560
8,15,0,258.6539137883539,30.55688970024474,2496
8,16,0,271.1535275641619,191.6960680499718,2476
8,17,0,252.6090860303372,49.6142426797479,2386
8,18,0,227.9289723438276,28.14747334017629,2177
8,19,0,176.8306220709153,22.8734556961811,1645
9,0,0,146.5990284891895,18.79495741889797,1348
9,1,0,220.8429051769512,223.4145880699754,1884
9,2,0,235.8348139593384,32.80868085997946,2168
9,3,0,261.90031256901,56.23209063957725,2373
9,4,0,293.2599580037994,758.8023981928114,2413
9,5,0,271.4837147987568,166.7116207538032,2406
9,6,0,247.8904641360943,32.0869857310559,2339
9,7,0,264.9292608299994,33.02388373796604,2471
9,8,0,295.3100744182474,517.4772239895051,2490
9,9,0,273.0323202437428,33.49143367051641,2563
9,10,0,258.91064015565,41.16697499608878,2443
9,11,0,262.5163101637442,62.40933994887305,2441
9,12,0,270.5272657835508,35.83675065281348,2518
9,13,0,276.3156827521738,332.3546934768082,2420
9,14,0,266.0168407865824,33.15579745951295,2507
9,15,0,270.8552057435635,63.78264086948763,2504
9,16,0,256.196934448554,44.17151483352481,2420
9,17,0,254.4830409760537,30.69510627900823,2435
9,18,0,234.1863707834119,27.76448085029945,2268
9,19,0,175.2746535950851,21.23522128890032,1683
10,0,0,158.3102701298646,19.2822337168732,1484
10,1,0,201.1544570093388,48.15851764369926,1801
10,2,0,223.9969625805192,28.19404772250352,2080
10,3,0,268.8272854251237,237.2348313102179,2362
10,4,0,251.7298679590183,30.56162209385477,2368
10,5,0,251.4325553411745,31.67197022310139,2339
10,6,0,252.2104867720339,30.14559534523004,2393
10,7,0,265.1117661776138,42.88732857453086,2469
10,8,0,265.7413460226595,41.92762713586394,2467
10,9,0,259.5538236116025,32.23743441937378,2427
10,10,0,255.1186650211837,31.55863577565673,2387
10,11,0,269.0057212791888,65.63675037410208,2471
10,12,0,284.1770867540973,366.6157319288714,2453
10,13,0,260.2601827107226,36.28835943998313,2439
10,14,0,263.4673080947762,33.54329934423274,2471
10,15,0,264.78262091618,123.0512431418038,2452
10,16,0,260.1307579828298,39.26350051134272,2478
10,17,0,244.8747965619802,29.29931768681836,2346
10,18,0,229.5298450135527,36.55560650534451,2159
10,19,0,171.2993770016122,19.93164906692507,1680
11,0,0,155.5698298623919,19.52929832371318,1431
11,1,0,194.0052008824792,23.8820530420511,1810
11,2,0,225.5024536845397,32.98781768998354,2076
11,3,0,253.9051245730815,31.32380861376964,2365
11,4,0,252.0603953165993,34.85533143867825,2334
11,5,0,278.0161235028035,318.4823629594707,2420
11,6,0,268.8414768154164,172.3147035758855,2411
11,7,0,270.7320569597712,135.309112603363,2440
11,8,0,275.9933641325411,372.8840624003836,2389
11,9,0,285.4969377098432,224.4766830548834,2499
11,10,0,251.4343826190725,30.63845317839911,2390
11,11,0,280.2259473339152,98.6074071640889,2530
11,12,0,275.0957482629986,63.27403155598809,2543
11,13,0,262.5368510769736,32.31806419957686,2474
11,14,0,264.1669459425308,183.2390713916699,2405
11,15,0,260.6430522153335,31.42579046646385,2493
11,16,0,259.4579457098599,31.55850367778518,2488
11,17,0,253.4271498252514,34.71113099411678,2413
11,18,0,229.5486464990187,27.5905974773277,2226
11,19,0,168.4595790134616,19.57485459355465,1638
12,0,0,154.2386924757296,18.82588713041061,1442
12,1,0,198.8400029981616,24.14619218921801,1857
12,2,0,230.7133232634854,29.57518428157893,2112
12,3,0,246.5791531073576,29.91469582216002,2308
12,4,0,263.9723256869335,76.13247626454479,2358
12,5,0,280.8050316590109,262.0852956992135,2474
12,6,0,266.7259459702945,32.62298533964778,2494
12,7,0,262.4417112861029,32.95384983741117,2431
12,8,0,257.8426526670767,32.70933169912858,2403
12,9,0,261.8523599423245,32.18174068208461,2465
12,10,0,261.1299117411161,57.76730305093111,2410
12,11,0,267.3033505901071,36.54180890606789,2534
12,12,0,261.4012303232904,34.56445064811227,2473
12,13,0,257.2541516090239,31.39524714206033,2448
12,14,0,260.9636751795961,31.25052142420953,2490
12,15,0,264.9408263184611,31.93647180322078,2528
12,16,0,255.2696208969372,43.80573879460508,2404
12,17,0,259.2614174531331,54.93431899802678,2438
12,18,0,235.4009915850286,29.54676267530951,2236
12,19,0,183.2189162901748,22.53065711486536,1751
13,0,0,153.4105478366654,19.68648119427194,1408
13,1,0,189.7387572785833,23.77832207900469,1750
13,2,0,226.0274145102494,28.9512084700753,2090
13,3,0,248.8690253645286,31.30461797012091,2297
13,4,0,255.7140400766546,31.94201614852402,2372
13,5,0,247.7615270758384,36.23696070117931,2308
13,6,0,276.4960713969584,199.2855057784621,2441
13,7,0,286.0411403489545,290.804974260111,2499
13,8,0,260.1903092733512,58.38811327719877,2382
13,9,0,265.189595627606,32.152131798532,2501
13,10,0,271.6952197971662,134.6572242276201,2452
13,11,0,263.2060036723037,32.79654821333698,2487
13,12,0,274.5508654929733,38.52122404535834,2540
13,13,0,259.8933460315783,40.59943229673613,2424
13,14,0,270.4371238979488,136.9377305484895,2486
13,15,0,260.9828665869309,41.06880452404625,2450
13,16,0,257.5949713934178,91.7531461308951,2388
13,17,0,250.0223320054623,32.39104715082678,2395
13,18,0,228.2657957627903,27.21808353109869,2200
13,19,0,187.5719084190798,103.2450754668689,1701
14,0,0,154.26958819587,19.5445302820355,1422
14,1,0,186.6458352087594,27.40518113665648,1703
14,2,0,227.3201082347793,28.35541049894789,2101
14,3,0,234.8351045825162,29.29947840575162,2194
14,4,0,263.0117778227238,111.4112516455302,2348
14,5,0,249.356245395918,30.78210788581722,2336
14,6,0,259.2050106409603,31.99037177497888,2423
14,7,0,264.8600641426339,53.87735716746192,2397
14,8,0,266.4556833957952,219.5874811506288,2384
14,9,0,277.9008147794076,445.8028938642231,2448
14,10,0,264.077373317933,34.13880772099437,2489
14,11,0,277.3140728794893,134.7595951816819,2497
14,12,0,261.5851028182166,34.8757296484174,2473
14,13,0,268.5198117055655,40.97803685800221,2505
14,14,0,257.2464550481753,50.1992544614494,2437
14,15,0,243.5417947088793,29.12835033851566,2342
14,16,0,258.0649906420708,73.81287956373042,2421
14,17,0,244.4239436902395,29.13326578803249,2359
14,18,0,241.3209162797579,200.2891490080925,2195
14,19,0,178.4621937587074,21.99602836109338,1705
15,0,0,152.5598268468244,19.00829976496321,1411
15,1,0,202.9940450152235,41.20452010783599,1801
15,2,0,245.3202148046971,298.2560713755553,2135
15,3,0,244.1853075317474,60.28838509427668,2241
15,4,0,275.5216666691757,261.2404431084303,2360
15,5,0,296.5386646562739,554.9391224616483,2369
15,6,0,254.8188093132115,31.71593740394155,2388
15,7,0,280.2206175291631,466.810946318462,2413
15,8,0,246.8528706797799,30.15091924473836,2326
15,9,0,250.7583865389945,31.0390390426697,2367
15,10,0,277.1017924288122,504.3484341873949,2417
15,11,0,269.0116950867597,55.38057837917985,2483
15,12,0,272.9493335968767,61.86173190677732,2512
15,13,0,246.3456442375524,29.47756785806758,2355
15,14,0,266.0118584410266,32.58590366066822,2524
15,15,0,261.0102885416204,32.93605736852282,2485
15,16,0,254.2858882448373,35.10280914341488,2421
15,17,0,249.2917449214075,29.9488369040909,2399
15,18,0,236.1074485552555,93.24163981159235,2199
15,19,0,179.3636847495769,31.5578455409613,1674
16,0,0,154.5406015899254,18.79197714599084,1453
16,1,0,182.9977134178644,22.17105339091361,1717
16,2,0,214.7350670948291,26.33865742318546,1996
16,3,0,257.5458370989894,154.3025301404953,2229
16,4,0,253.9129532111938,233.1189807547584,2214
16,5,0,254.7823619911182,31.53790911192058,2373
16,6,0,247.8611984542673,30.05287503625714,2349
16,7,0,254.0933921347252,31.35227804416519,2381
16,8,0,243.3120388046123,29.93458186257131,2290
16,9,0,243.7710243267597,30.4141606987757,2294
16,10,0,259.2807790935608,36.4258547176873,2394
16,11,0,255.8177104323013,30.93884373326978,2438
16,12,0,250.5026605836225,30.10138925423739,2392
16,13,0,255.4758563329063,36.29396357761716,2387
16,14,0,260.703179389086,31.66213902539259,2487
16,15,0,262.8808691072223,32.62106246237121,2477
16,16,0,249.342845654123,29.99834006754487,2379
16,17,0,267.7934193102643,437.4273881181434,2376
16,18,0,230.5811647729736,27.74327909053068,2221
16,19,0,178.3092137391145,21.67058898571248,1699
17,0,0,140.6302815590844,18.2465737123397,1271
17,1,0,186.4393285859499,35.69762724244971,1656
17,2,0,225.5661983437596,193.9133253410488,1926
17,3,0,224.6896352286811,84.95031448846068,2015
17,4,0,241.0454849109856,132.7113820120692,2135
17,5,0,247.1837937775541,131.4039718686496,2232
17,6,0,245.7166812782952,45.14250391763943,2236
17,7,0,240.310010015852,28.77588954951762,2281
17,8,0,237.7812191026763,28.97602781265305,2240
17,9,0,237.4967543272077,29.18824145872174,2245
17,10,0,232.6798471254538,29.01814707961802,2190
17,11,0,232.3967872183887,48.43246383790812,2184
17,12,0,243.92501787425,29.66171666724552,2331
17,13,0,261.4881039381085,125.4672579656741,2376
17,14,0,250.5350610553819,62.93084604270373,2325
17,15,0,237.8658290675159,30.36999424916765,2266
17,16,0,251.2400323576015,86.20135737429524,2334
17,17,0,247.6525208623247,29.51155574646919,2397
17,18,0,222.0339190886975,28.60201019889591,2123
17,19,0,164.8757546851593,19.48230399663947,1586
18,0,0,118.4178509592752,15.22670865611252,1082
18,1,0,160.445558329663,37.95836293133887,1412
18,2,0,179.5103272054713,22.05042602873938,1688
18,3,0,189.3050437166732,28.39210222870193,1733
18,4,0,207.9812029103156,25.8037893579694,1932
18,5,0,202.448026808499,39.91223765465252,1843
18,6,0,204.6842865471675,26.12159847280924,1887
18,7,0,201.7143990199011,24.09219755611063,1918
18,8,0,209.1710656524694,34.28691655629331,1941
18,9,0,216.2737190644134,34.04968733513701,1998
18,10,0,203.9058225579107,25.59895277688244,1914
18,11,0,214.3562140507707,26.11019800590087,2038
18,12,0,217.4116355563371,26.41506735941515,2060
18,13,0,229.2855111957015,242.1197327616855,2024
18,14,0,217.1455492171241,29.79871874095303,2071
18,15,0,215.1500822417582,25.62062313064592,2067
18,16,0,220.6896027711807,40.40604986570662,2054
18,17,0,220.7690185846863,26.16037253894394,2129
18,18,0,191.9066895496154,23.62232820510475,1824
18,19,0,150.0146578970509,17.93446248974709,1452
19,0,0,89.69716502792454,10.99174461120928,838
19,1,0,119.6624542237435,14.5328959863847,1132
19,2,0,143.0398629081689,17.74234456126453,1329
19,3,0,153.0056671819268,54.3371515973608,1375
19,4,0,155.5612865802331,19.47688359913693,1456
19,5,0,152.1223807645081,18.282447326394,1438
19,6,0,155.3637192360388,18.56090215386245,1467
19,7,0,165.776663730604,21.70709108881029,1538
19,8,0,153.9690877757358,19.64937787476023,1418
19,9,0,161.0417179613154,19.51860455894846,1522
19,10,0,157.1503169606314,18.83382545247478,1501
19,11,0,160.6325010556068,19.87643176147769,1500
19,12,0,157.1403818425138,18.90784694062559,1496
19,13,0,176.9043107786765,25.28427477101571,1651
19,14,0,171.1711551433064,22.33700968916357,1587
19,15,0,159.4700490125702,19.19786464411487,1516
19,16,0,166.1904589850861,20.01071928488784,1608
19,17,0,159.3104470890576,19.50334467778708,1525
19,18,0,151.0308160133478,20.04857263018944,1447
19,19,0,109.0283888953374,13.71142533290235,1035
