# mesh name: boxMesh_1
# primitive scorer name: doseScorer
# iX, iY, iZ, total(value) [MeV], total(val^2), entry
0,0,0,82.28820164023935,12.3151937628705,622
0,1,0,93.57886816645006,13.65955771664603,721
0,2,0,115.2081265113145,17.34107518056624,878
0,3,0,123.4780498589343,20.7271931534587,946
0,4,0,137.1954423491193,19.78476256555591,1082
0,5,0,141.6066865171878,20.98280069304676,1108
0,6,0,137.3195945726482,19.13538180163286,1116
0,7,0,154.2871481958702,22.02783327296738,1272
0,8,0,152.1762088690745,20.68874549854561,1274
0,9,0,160.2515922261718,22.37840428854834,1321
0,10,0,150.7257495040642,20.06318552529051,1288
0,11,0,153.5031491687841,21.0184609810596,1318
0,12,0,154.4611945421404,38.97175542470235,1322
0,13,0,171.2058476888481,68.81091482226746,1400
0,14,0,156.5976671434128,26.58369668406278,1392
0,15,0,148.651793883396,18.98272086728631,1355
0,16,0,156.5564670936271,19.74707271464355,1429
0,17,0,150.9153945913943,18.85794598296748,1393
0,18,0,144.6716840657417,18.18796918485488,1340
0,19,0,120.3257557384521,14.35950544223695,1145
1,0,0,89.71267856843275,12.73031421428479,696
1,1,0,113.4616978939279,16.93073781471298,863
1,2,0,130.464169648859,19.11367014828763,997
1,3,0,145.5576024747998,21.94729284467309,1121
1,4,0,154.3571895636391,22.31452558274078,1213
1,5,0,159.5867902134768,22.46602474235034,1275
1,6,0,179.224443913883,25.6838980129858,1434
1,7,0,179.1275475620214,25.66760732827694,1458
1,8,0,176.1376355491869,24.16547718355981,1468
1,9,0,185.2882160584239,25.3784376026133,1555
1,10,0,189.6996300158685,25.51207040705662,1610
1,11,0,183.7427133536135,27.77289840411534,1549
1,12,0,196.2803805052451,27.35242192845887,1674
1,13,0,189.0203999425114,68.61604545375462,1614
1,14,0,200.3326942282604,41.15087894923347,1743
1,15,0,190.7759547294723,23.98639281247657,1755
1,16,0,187.9319872729409,23.4057021093162,1723
1,17,0,179.8102364048498,22.22859187519495,1666
1,18,0,184.5174496408273,74.25814678240441,1666
1,19,0,147.8794127312711,57.4545993853181,1332
2,0,0,107.1173196869897,16.13794156934648,803
2,1,0,124.5620292313428,17.95672386851769,958
2,2,0,145.7145927169455,22.33351277345755,1104
2,3,0,164.8962988046098,24.46092361685526,1273
2,4,0,186.6697897128639,45.86834368921,1416
2,5,0,186.9046100230508,27.09078050870917,1473
2,6,0,208.2187614903466,30.08850045861309,1647
2,7,0,210.9122943282077,29.25021225824744,1723
2,8,0,221.0787555690162,126.8671567411344,1752
2,9,0,209.689665610666,39.64259955330861,1756
2,10,0,224.7705367354476,50.48119575195963,1872
2,11,0,208.2338761042528,27.25652108868409,1804
2,12,0,209.2125383129149,28.05776129296465,1835
2,13,0,216.9612518184893,28.6181135653016,1895
2,14,0,229.6018060581966,30.48061505738769,2025
2,15,0,229.3960707075207,42.22928976001077,2082
2,16,0,235.4812143566702,43.5768648032231,2111
2,17,0,225.1086310913806,30.85737198317329,2070
2,18,0,196.5936059436538,24.42474682446655,1840
2,19,0,174.1011588918146,203.2522309567493,1511
3,0,0,122.3531745473946,18.41660599185256,925
3,1,0,143.3699731994512,21.1190332467108,1087
3,2,0,169.0371320619012,24.98436663824251,1297
3,3,0,190.8735899403854,39.48453624155631,1446
3,4,0,197.7120110380724,28.26169095841295,1559
3,5,0,208.1154122193994,37.31787635178811,1632
3,6,0,238.9596032780897,240.1338527790762,1782
3,7,0,219.1120078650828,30.36538429897453,1807
3,8,0,228.4361654277607,32.21813005097493,1868
3,9,0,228.4330387705229,30.56310104626359,1929
3,10,0,240.9459933022382,53.82341654787328,1989
3,11,0,243.7152463362343,134.0125391052519,1996
3,12,0,232.7193737793748,33.7401636895168,2028
3,13,0,248.7956900149741,33.38645513671175,2157
3,14,0,238.1574212133917,31.02886233436963,2107
3,15,0,231.9446665487941,29.36529468527672,2105
3,16,0,244.2092414744713,31.13640072181586,2230
3,17,0,227.6078895647325,28.51133232606085,2107
3,18,0,224.9260852482242,27.94698095405206,2100
3,19,0,197.1654336096802,575.1467086299897,1598
4,0,0,129.183201784234,19.59933101058983,982
4,1,0,146.4979868337447,21.35053211892424,1128
4,2,0,172.0629104016284,25.6636952274886,1315
4,3,0,194.348398176114,27.47794923604999,1533
4,4,0,212.8867358713247,85.40197859232757,1647
4,5,0,217.6116223872078,31.2809234177069,1726
4,6,0,230.8978998479517,36.58996726434631,1857
4,7,0,242.1188079850123,34.689474873668,1955
4,8,0,245.8131573909052,35.03193310179414,2001
4,9,0,261.9780534162263,38.68361409524555,2116
4,10,0,245.39565888106,33.52746766634203,2071
4,11,0,267.2456082966785,43.33818687069574,2219
4,12,0,252.9584904584536,34.66541043295151,2210
4,13,0,252.8554549517787,34.19797685283327,2200
4,14,0,270.1812517759583,192.6700029975141,2243
4,15,0,254.2676138963046,31.69632469678954,2324
4,16,0,265.5331055308242,137.175660010795,2346
4,17,0,280.0569069530226,603.4363601095159,2288
4,18,0,224.5448855660496,50.97781816350042,2048
4,19,0,183.6357374767562,44.67051404951177,1688
5,0,0,131.635958410068,20.20072286023574,986
5,1,0,162.6550455473175,24.63037773692232,1230
5,2,0,178.0272272000669,25.33433118721272,1392
5,3,0,203.8943718535036,30.7162905623707,1558
5,4,0,253.2177493943024,827.2085957115992,1749
5,5,0,231.753103756487,45.00706686780344,1824
5,6,0,249.3479248379546,35.44445625688535,2008
5,7,0,261.8020351550261,73.14527352889138,2051
5,8,0,255.8666426758483,35.04918233849259,2117
5,9,0,251.4160002824166,34.59457231418284,2108
5,10,0,262.2252944150204,35.76022474509911,2220
5,11,0,270.7900153553991,36.95479413498336,2287
5,12,0,260.8407057132901,35.26694888209528,2270
5,13,0,287.9910120722743,432.4701748057083,2337
5,14,0,276.9444843776581,76.24125824101752,2427
5,15,0,268.155496260259,34.06509597808051,2425
5,16,0,265.2985080880054,33.77204291001503,2423
5,17,0,255.1597731980951,32.56538570450745,2325
5,18,0,230.2529738283183,27.82517389745933,2169
5,19,0,180.4975216304873,22.7582987308476,1676
6,0,0,135.8107398129501,20.0052063646224,1036
6,1,0,167.6067389667468,24.86035772902185,1268
6,2,0,184.4145733859076,26.22686901606537,1434
6,3,0,215.8789974506512,69.67357555276259,1627
6,4,0,238.6997991607404,35.24677497124449,1843
6,5,0,252.4636969820327,162.71272068203,1901
6,6,0,244.7798842904556,34.46798752352117,1970
6,7,0,262.824867847871,37.74390224054297,2103
6,8,0,256.7289818674239,34.93939868674144,2132
6,9,0,261.1489584474582,36.13132775651007,2172
6,10,0,269.940701173907,36.56961730882118,2288
6,11,0,257.0121570063999,34.49279257220423,2223
6,12,0,267.0135902714496,34.47094327495869,2349
6,13,0,263.2132477274089,39.20110462260574,2305
6,14,0,266.246223099317,34.6191697437306,2371
6,15,0,267.528316222305,34.65919671199792,2396
6,16,0,263.6750085648692,185.2829861950206,2313
6,17,0,245.3497499601177,30.49855769948953,2272
6,18,0,245.6521878268333,221.8451902451849,2128
6,19,0,189.0103671711646,23.97993038573173,1766
7,0,0,136.4347489653307,20.61100271484159,1024
7,1,0,167.0448689938393,25.34938191856311,1245
7,2,0,196.7793286720604,30.40930809288013,1491
7,3,0,218.630879855714,31.48735340961636,1689
7,4,0,237.5620049908847,34.66699870562559,1859
7,5,0,259.3248405317932,37.602032551848,2060
7,6,0,258.5103311553792,37.00955993686128,2065
7,7,0,266.8704064751323,38.55175995228907,2128
7,8,0,257.7678975752842,35.38187339060217,2147
7,9,0,260.9028532431829,35.26028359481776,2204
7,10,0,278.8234820658219,37.25677598690054,2376
7,11,0,265.6671516852529,35.35550294332267,2286
7,12,0,271.2944090855366,54.55050463465537,2328
7,13,0,269.5420369286223,96.19269156774604,2251
7,14,0,281.1791242528542,81.2827063946078,2395
7,15,0,263.4309608157242,34.3418188288313,2362
7,16,0,261.0993757082443,52.67683588160623,2358
7,17,0,258.4891000860373,32.34339134247264,2389
7,18,0,254.116741049894,923.9514706344604,2107
7,19,0,192.1301872751253,83.67678782609475,1738
8,0,0,151.945124324327,97.52882063225255,1061
8,1,0,177.0722344010273,75.19906810172613,1281
8,2,0,210.6126945055241,130.6163344538853,1522
8,3,0,222.3725763719359,31.89691587222824,1741
8,4,0,228.4563385776167,32.77519346035289,1799
8,5,0,242.2170244922414,35.60221129486738,1886
8,6,0,248.8884050033761,35.07736329196793,1999
8,7,0,275.8370722479798,63.1672279280175,2199
8,8,0,264.6303096869222,36.76389759906036,2193
8,9,0,278.928561794455,172.4766009232159,2218
8,10,0,259.9123438767633,50.72034185824937,2188
8,11,0,270.635131215276,36.53423757149521,2326
8,12,0,278.9238760897987,506.2537758401483,2261
8,13,0,273.1095436615685,212.9790465076086,2313
8,14,0,261.271369987582,33.85638298100067,2342
8,15,0,255.6091499606811,39.05172519574308,2278
8,16,0,264.3051501672394,34.28422079797196,2395
8,17,0,248.4490716317916,30.75838372071815,2298
8,18,0,230.4699329395763,66.85357408102868,2120
8,19,0,186.303219939977,22.85105934954275,1742
9,0,0,144.9133834005224,21.45641173431699,1110
9,1,0,187.8136508590239,325.7509943837472,1269
9,2,0,218.424360101052,188.4056946486506,1490
9,3,0,221.3217722270645,32.24706109017561,1724
9,4,0,246.4892209094295,79.70832076865685,1875
9,5,0,254.9893341264163,58.4610651480148,2010
9,6,0,262.9464949463165,36.28643173376958,2136
9,7,0,265.1054595607986,117.7560070318015,2112
9,8,0,268.4218460248223,37.17810834210751,2207
9,9,0,267.4953250091896,37.30867281317666,2221
9,10,0,281.2000073464062,42.52937573372991,2365
9,11,0,275.9463458478128,106.1729402326544,2310
9,12,0,277.0944835893187,71.61556430448123,2379
9,13,0,276.3616738168494,55.01496022411889,2406
9,14,0,269.5920491014136,34.62262595040999,2408
9,15,0,275.6654553343687,34.97359147927686,2489
9,16,0,258.43916593183,41.05047198807188,2338
9,17,0,248.5735688348261,31.72354347499138,2297
9,18,0,249.207644783693,92.51734297014399,2242
9,19,0,200.5254142374338,160.244033922599,1763
10,0,0,145.1074156790357,22.47252483223757,1094
10,1,0,176.6124365813441,26.43885465656854,1334
10,2,0,199.3368087986738,32.37594577746805,1520
10,3,0,244.3131064177904,159.2304467735246,1812
10,4,0,234.8267251466208,33.53830421290073,1848
10,5,0,233.6482582043907,32.79206159617302,1866
10,6,0,255.5922586602662,35.59554909981477,2059
10,7,0,266.8595851589564,70.3486133820282,2112
10,8,0,274.4652344981755,38.14616174120528,2263
10,9,0,266.5895310859291,36.25228939906151,2235
10,10,0,260.9349282973013,35.30093577964935,2206
10,11,0,270.0094615661999,37.99391691875512,2330
10,12,0,266.2686783310623,35.69533357276352,2303
10,13,0,272.1051930697084,35.23943918525558,2397
10,14,0,284.1448600361368,504.8844408242102,2371
10,15,0,293.5338015056072,594.5957331391671,2409
10,16,0,262.7812870954324,33.33635400019447,2397
10,17,0,251.8133977894062,31.25829033631218,2332
10,18,0,220.6705956548226,26.56910072409488,2082
10,19,0,184.5650565526617,23.12289696198762,1715
11,0,0,149.4523493315408,22.42355387962111,1121
11,1,0,171.0025879838869,43.84818548249088,1262
11,2,0,195.9197666560899,29.05763223633821,1501
11,3,0,210.8474183293715,30.26007139897542,1638
11,4,0,237.8933085274484,34.83568239057271,1864
11,5,0,246.4706407242438,35.05756837220401,1951
11,6,0,255.9328528162564,42.58986209298533,2012
11,7,0,255.0914181889493,47.55173037655987,2051
11,8,0,273.9927458575983,38.8048116816185,2246
11,9,0,290.1113180911962,148.8523915037299,2261
11,10,0,277.7270608792584,40.73177192212518,2330
11,11,0,267.7368974304415,35.51591443299157,2308
11,12,0,280.2345199072452,87.24721331605269,2350
11,13,0,257.294718083532,33.31459982666547,2277
11,14,0,275.1156912774372,35.86402146253316,2441
11,15,0,281.6396465565586,76.80201671495394,2471
11,16,0,258.981749153996,32.75497105736543,2376
11,17,0,253.7670902207915,35.73321335406992,2337
11,18,0,238.5730974907989,33.44155338919798,2193
11,19,0,189.9087889736479,23.30173570014595,1781
12,0,0,137.3039502223575,20.35790600627347,1031
12,1,0,161.3066207609635,24.55426453604449,1223
12,2,0,196.2967540192866,45.92261769651468,1471
12,3,0,226.9079104657255,33.34349884639747,1758
12,4,0,232.3445126632583,325.631284608865,1674
12,5,0,251.5112150349586,36.38143376415605,1987
12,6,0,252.8197272231111,36.30565345760408,2018
12,7,0,261.0108227705724,47.43813799021872,2068
12,8,0,267.9884775633508,37.44874431337431,2208
12,9,0,272.3721935269729,45.70169083048842,2261
12,10,0,266.2979366449935,46.68559417665529,2226
12,11,0,278.0718066664573,45.33832302600229,2331
12,12,0,260.8340384297912,33.98964915796004,2292
12,13,0,263.8895652877717,34.12174680522742,2344
12,14,0,274.4698973309598,39.98160254413634,2408
12,15,0,259.9800215670888,41.41438171030543,2329
12,16,0,268.8284645432611,50.69942124512708,2396
12,17,0,243.5665196478261,29.9542556950562,2280
12,18,0,236.1537327974799,30.37983276628686,2159
12,19,0,188.7888764141138,23.48228019500867,1756
13,0,0,137.3805954055932,19.73844801575011,1057
13,1,0,156.1040408317487,23.71790507977074,1201
13,2,0,193.604924577927,30.61123052878981,1458
13,3,0,245.8257585480715,1014.921497251407,1615
13,4,0,246.3497230351879,347.7737509800948,1810
13,5,0,253.4307458953096,36.3797383685219,2008
13,6,0,250.6032928361656,57.51970212795435,1957
13,7,0,250.9870618793677,35.48456749317736,2037
13,8,0,268.554601791048,38.93725277205439,2196
13,9,0,267.0921093441337,149.9418043788327,2150
13,10,0,268.4185155974085,37.29464444829233,2266
13,11,0,256.8623439759634,33.79384366920343,2224
13,12,0,270.5850822252656,35.77926465772224,2353
13,13,0,260.4698598834996,55.71802411530363,2275
13,14,0,272.28185097956,81.59620397656789,2370
13,15,0,272.6282137468676,66.64990840781442,2392
13,16,0,250.5382397800624,31.21001438290986,2312
13,17,0,262.6137152418004,233.2973157623723,2298
13,18,0,221.3607061148735,28.08264740046353,2059
13,19,0,193.4482443527836,59.49683856163229,1734
14,0,0,136.5298053753488,20.91568683380055,1013
14,1,0,156.0531454835711,23.48246374939239,1187
14,2,0,182.9798198351,26.42730861920156,1416
14,3,0,208.8635040073464,35.07133345190045,1582
14,4,0,250.2631658335968,386.5244572694567,1816
14,5,0,241.1670476374482,78.81848312093373,1847
14,6,0,243.9854672082095,34.69278820880682,1958
14,7,0,247.4956936939483,34.45566443970055,2040
14,8,0,263.4720878248865,48.52981508808881,2119
14,9,0,259.7256216184719,36.21157007948207,2149
14,10,0,264.0445822610297,61.35297539356097,2173
14,11,0,255.6076191804393,33.58817374571885,2213
14,12,0,277.0143412654086,101.1308378383117,2329
14,13,0,278.7702215190877,36.69035615669361,2430
14,14,0,256.5323939511662,33.07391754771219,2291
14,15,0,261.4844583393049,33.39265293242732,2363
14,16,0,271.6376700283806,36.1604527892011,2483
14,17,0,243.8379296188446,30.47930748154299,2257
14,18,0,230.3266447223093,28.8535828464916,2131
14,19,0,179.3855892628131,21.91241677730517,1701
15,0,0,127.3213775818169,18.8441251610515,966
15,1,0,139.1900405492717,20.54034413504487,1060
15,2,0,177.0028511255184,25.80711690092321,1358
15,3,0,193.7773086338965,28.3902862935467,1501
15,4,0,211.1918948468243,30.88928707850675,1642
15,5,0,228.727172862845,40.13419762655197,1792
15,6,0,237.7433773652733,33.57023411626047,1914
15,7,0,235.4245323929663,33.25759272299931,1921
15,8,0,246.5092042073183,34.22422852247105,2034
15,9,0,245.0115901189851,32.96351927800633,2066
15,10,0,248.4568272067609,39.3955273836765,2093
15,11,0,253.6499651060943,47.60984537338538,2157
15,12,0,257.7624374509435,33.85954769317882,2238
15,13,0,281.1775042487691,592.789428338062,2285
15,14,0,254.1858242205635,32.93911104019443,2276
15,15,0,253.8815317571151,32.51344103571608,2277
15,16,0,253.5035132927883,35.37705759889098,2297
15,17,0,235.6151463892499,29.13739683268351,2198
15,18,0,231.83037743872,95.47313437424994,2081
15,19,0,179.5673747573821,21.94744593479957,1681
16,0,0,116.4339080764883,17.13759449762349,890
16,1,0,135.0443082975112,20.04416610636418,1025
16,2,0,161.5517246875785,23.38979557618045,1254
16,3,0,193.427855292333,28.50544892896909,1496
16,4,0,189.9635792700817,27.3466267098458,1491
16,5,0,209.7554579745498,30.28584844372878,1652
16,6,0,213.6217973278184,29.38691732551354,1729
16,7,0,221.7806354847223,31.38586517602841,1786
16,8,0,232.0265606883065,83.53623001541166,1841
16,9,0,231.3008020475752,38.25741815876236,1932
16,10,0,226.1921729830417,30.39654824484093,1933
16,11,0,236.1601772919567,30.94010485846517,2042
16,12,0,237.430515768425,31.62030775779337,2065
16,13,0,248.3754964206702,32.60437537036093,2183
16,14,0,250.4392351057694,33.83824346600765,2211
16,15,0,244.2547136397671,31.05810738465815,2209
16,16,0,238.6498180626342,32.63377184190034,2176
16,17,0,236.6191035810733,29.07444397963607,2213
16,18,0,203.79144003487,25.62469203887386,1883
16,19,0,177.0656035099527,47.83401542262697,1611
17,0,0,105.9171430505393,15.78863223726032,804
17,1,0,136.0436484551621,21.84074724264334,1024
17,2,0,145.7846603539179,84.49368606775596,1056
17,3,0,171.0912112977621,24.53208526045228,1327
17,4,0,175.5379111586897,24.74232869817742,1398
17,5,0,192.3587206214677,27.23701163322843,1537
17,6,0,205.6626137912946,28.91127777543923,1655
17,7,0,207.5915863601168,28.70081354398409,1701
17,8,0,207.375607331772,29.14480471204511,1710
17,9,0,206.7624831889593,27.97692475698218,1745
17,10,0,214.7965735724805,28.77293949049672,1827
17,11,0,221.8436122077744,32.18872650049019,1887
17,12,0,213.6873071636257,27.2309773391812,1884
17,13,0,227.7011974667529,47.68879140920934,1960
17,14,0,220.39677883104,27.46569977801355,2004
17,15,0,218.1685946520179,27.50502135613215,1991
17,16,0,229.8806182850717,29.88305386864902,2102
17,17,0,221.2633636146583,27.94576367230158,2020
17,18,0,204.9250900039657,25.35916057585637,1922
17,19,0,168.974833824142,22.07683422531159,1572
18,0,0,94.87017664541074,13.87905642059971,723
18,1,0,116.4243956178206,17.41647935866942,886
18,2,0,129.2528484266296,19.33048254284945,994
18,3,0,146.0430833635982,21.29189789352205,1132
18,4,0,164.1373767054598,25.61137437376307,1269
18,5,0,161.9848298190214,23.54126008223287,1279
18,6,0,177.0947611370217,25.05631020541299,1419
18,7,0,177.0614615628782,25.10975332203732,1429
18,8,0,175.7773000711616,24.67884121351067,1447
18,9,0,177.1823980745096,47.4154956166707,1435
18,10,0,186.6422526380501,25.43806338819831,1571
18,11,0,186.436277807778,24.82608841139328,1618
18,12,0,183.5354097312011,24.97985396369774,1599
18,13,0,197.4658442607127,26.01214840900684,1737
18,14,0,211.7984546914565,141.7169329692254,1773
18,15,0,199.8783820690116,33.2819750697372,1779
18,16,0,217.523364850423,732.9224541548178,1726
18,17,0,220.7138120391963,466.834264903008,1850
18,18,0,191.6357030607962,236.2847865233754,1615
18,19,0,134.72183239899,15.69634029263968,1302
19,0,0,76.11710101297771,11.35420243708054,584
19,1,0,98.51831928793945,15.96219827774945,740
19,2,0,104.4972169421174,14.75010250253694,821
19,3,0,126.5700405301782,96.90453416816993,921
19,4,0,144.3359739932087,28.46467181733723,1101
19,5,0,144.3721169648082,28.16282493255039,1121
19,6,0,141.5333900451157,20.6140675221285,1126
19,7,0,142.1614111841589,20.04377768532655,1155
19,8,0,146.983192338909,20.42204274884277,1212
19,9,0,175.3204890281211,801.2370299298341,1241
19,10,0,143.8721874028701,21.04388495459217,1222
19,11,0,151.8517656084228,20.84296595175327,1290
19,12,0,162.1605378997405,23.7567601569173,1391
19,13,0,155.6060417086057,20.46078573017731,1375
19,14,0,157.3487669358506,21.01603546391584,1387
19,15,0,149.36343888751,18.679776578913,1377
19,16,0,148.633503139949,23.10862506204338,1350
19,17,0,161.583785720275,46.18060887133496,1419
19,18,0,146.0007964366114,20.29849724805376,1324
19,19,0,117.1323793595955,14.77205585539008,1086
