# mesh name: boxMesh_1
# primitive scorer name: doseScorer
# iX, iY, iZ, total(value) [MeV], total(val^2), entry
0,0,0,72.71155177331555,11.06896662649043,570
0,1,0,104.9263223686134,97.26735175349656,744
0,2,0,108.4451519141231,15.67512505008037,860
0,3,0,132.2888521857843,22.36614484460064,1020
0,4,0,131.0741829129576,18.29951451867376,1059
0,5,0,149.3691487677345,64.21002756614854,1151
0,6,0,158.1441771708657,30.85134563058983,1272
0,7,0,156.3906616809932,22.12788521345452,1304
0,8,0,143.6847066987925,19.58866623382552,1212
0,9,0,159.7413105478742,21.89524326730438,1343
0,10,0,147.7567387102587,21.75370225312576,1261
0,11,0,172.6349061304014,408.0673102375102,1337
0,12,0,157.6783809495707,20.56726593078798,1394
0,13,0,162.600749796599,21.18542550905395,1445
0,14,0,166.6479091952518,106.6183658746328,1429
0,15,0,158.0832904942669,44.67869936664777,1389
0,16,0,171.0680560907923,156.7954762980974,1430
0,17,0,152.9275240200734,28.8303050826413,1417
0,18,0,139.854787738204,17.85993428554324,1282
0,19,0,114.5368408793048,14.30068109236917,1076
1,0,0,96.74992107562929,14.37106146194535,743
1,1,0,112.545404620661,17.46105184492848,859
1,2,0,131.6643758912155,18.89966431375042,1039
1,3,0,142.9534056439812,20.64859097644281,1136
1,4,0,167.2829479803188,97.92562075777147,1263
1,5,0,153.8425622135339,21.25459836963217,1266
1,6,0,168.3005345110457,23.08021560398313,1392
1,7,0,177.92757117772,25.53277318855973,1469
1,8,0,176.4066077082072,23.79328962125867,1496
1,9,0,181.5110477497512,23.91271158232248,1551
1,10,0,182.3465763616886,23.8803541474407,1575
1,11,0,182.4849182818261,27.97957724963883,1588
1,12,0,183.5068824122965,23.83336460010751,1619
1,13,0,195.3012470413123,25.58888767342347,1735
1,14,0,190.4060022178193,23.84572488714748,1720
1,15,0,195.8461154447455,24.84433713763762,1794
1,16,0,199.9851241129581,25.39770544577364,1836
1,17,0,202.1011937725195,89.63707305252842,1791
1,18,0,180.7610491160766,21.97834237277813,1708
1,19,0,137.8239546064307,16.81663753219867,1307
2,0,0,106.332010768579,15.19451295034324,835
2,1,0,132.767751015668,19.47305614919562,1029
2,2,0,148.9903905328848,20.73879433148768,1188
2,3,0,168.9743887975674,24.18359659937792,1333
2,4,0,184.7055019718248,26.14088743732047,1476
2,5,0,197.8822200064909,28.205912797417,1585
2,6,0,184.4081349218618,25.95829480704089,1499
2,7,0,205.8598650662458,28.1102881445322,1725
2,8,0,217.4536337607532,29.97659062288613,1813
2,9,0,241.3005082977297,1030.875114263628,1773
2,10,0,240.4732304543206,726.8893912240831,1827
2,11,0,213.5179488311869,28.17044478495108,1855
2,12,0,220.2256834844196,28.522157638208,1936
2,13,0,223.315693386596,29.43798177288369,1964
2,14,0,230.9572058636737,67.01478223821556,2021
2,15,0,229.4762446597552,29.03733074955614,2104
2,16,0,237.4983621401568,119.6595458020417,2089
2,17,0,216.9656549807903,26.68445438078374,2021
2,18,0,211.5553129322691,32.97845578752251,1939
2,19,0,161.8758046340509,34.10965462170042,1490
3,0,0,115.8782439540265,19.90512619043994,891
3,1,0,146.2550689122533,21.78076070496666,1129
3,2,0,166.4446451391876,23.9542852074697,1305
3,3,0,182.3428379782653,25.76065049388765,1447
3,4,0,210.4538132069233,30.51075823190657,1663
3,5,0,205.576076281709,29.52351965784469,1645
3,6,0,222.8208507554687,44.16675463805324,1792
3,7,0,215.7141996514355,29.77698613057319,1780
3,8,0,235.3732477209542,33.23240155473754,1937
3,9,0,239.1320342255346,31.29497495933527,2051
3,10,0,236.6477060096232,36.92715944735246,2019
3,11,0,246.4637316952183,97.93891265345626,2058
3,12,0,226.5612308391687,28.84402420934209,2009
3,13,0,257.2190656316453,142.6259866452315,2183
3,14,0,240.4801021683428,30.36817276770185,2158
3,15,0,229.7083321475342,28.78742156147266,2088
3,16,0,243.7068266630061,30.83412471257164,2236
3,17,0,240.3883342281746,100.4421967182039,2174
3,18,0,225.6625013415539,32.77851415321803,2067
3,19,0,176.479032357471,20.95825700834873,1686
4,0,0,127.7565434884766,18.40936856818495,995
4,1,0,165.5631994528004,426.346488404697,1147
4,2,0,180.8437199770189,26.06714806481467,1427
4,3,0,201.2756542205902,28.86957147911277,1595
4,4,0,221.7378606861859,148.7457661367397,1700
4,5,0,253.0678211446657,394.9497490172018,1876
4,6,0,238.6449960389409,33.18809453607847,1960
4,7,0,246.9871769094759,33.70350927505863,2045
4,8,0,248.1562569672201,33.98347729910989,2074
4,9,0,259.674746934251,36.41205644305906,2157
4,10,0,255.5283277392388,34.24899240083652,2186
4,11,0,274.0931773776877,213.0545525812088,2268
4,12,0,246.3427603189441,31.75961383086383,2182
4,13,0,251.3197105156848,32.36328854410362,2228
4,14,0,256.9934834425922,32.58539883588622,2306
4,15,0,264.0182362829081,33.51990378342345,2399
4,16,0,264.082860960095,33.76739361204677,2396
4,17,0,250.9041667154112,31.36119116371676,2325
4,18,0,231.9506454075204,52.55053497956507,2146
4,19,0,179.4624486753405,22.30685020135,1674
5,0,0,133.6369725280011,24.36744482435451,1029
5,1,0,160.7708263316798,23.58603980605353,1257
5,2,0,189.7210729606186,27.23109288414868,1492
5,3,0,198.5157481849311,29.17777131034935,1560
5,4,0,229.7474637321477,56.18263506629197,1778
5,5,0,253.4952048071859,200.0732562872705,1918
5,6,0,247.1125623293574,34.23436751631278,2016
5,7,0,262.1363832995681,36.21203233235678,2162
5,8,0,265.3535439511826,78.46059485876792,2164
5,9,0,253.7904596650305,34.10814465234134,2152
5,10,0,253.1694250138579,33.87586184406889,2171
5,11,0,261.1148859099276,34.09484495725812,2265
5,12,0,271.3592179198765,129.0522728966381,2299
5,13,0,260.3693612458736,34.2587513747352,2304
5,14,0,264.7783042810782,33.65072892027683,2392
5,15,0,270.3984790140511,35.18913760150708,2426
5,16,0,264.9058667500031,32.97582841815291,2447
5,17,0,246.6387388629701,103.7181352687166,2242
5,18,0,233.00380246647,29.43601036892093,2144
5,19,0,171.1143945013678,20.9542518809354,1603
6,0,0,133.8916962166909,19.74744301818039,1023
6,1,0,155.7703030705947,22.77575627391376,1221
6,2,0,194.2583370557146,42.12618648728888,1485
6,3,0,214.4397369363997,30.49012435725409,1710
6,4,0,233.4956198793126,33.22836162170127,1856
6,5,0,249.6932625417678,36.8438899867877,1990
6,6,0,253.5900526992862,35.90293178339399,2058
6,7,0,264.4045385026133,38.09843917118515,2173
6,8,0,266.4930280591194,118.0606428615375,2167
6,9,0,262.092545489465,43.41870130256333,2193
6,10,0,269.0378569134939,37.80329943501296,2320
6,11,0,259.5514193068818,33.11226414357409,2294
6,12,0,288.0929817055539,250.2406380993838,2356
6,13,0,264.0578080610554,46.55747455534843,2308
6,14,0,266.7581810787141,34.45249800127052,2416
6,15,0,257.846782043495,32.7500654247962,2333
6,16,0,254.4375574980683,32.06201759958347,2327
6,17,0,252.1328278102347,31.13350676358236,2347
6,18,0,231.3705398669258,28.92212141413669,2136
6,19,0,190.1607788351066,24.0756566595021,1780
7,0,0,137.3143508204952,20.25080854912279,1056
7,1,0,170.8792271735915,24.08099050395579,1355
7,2,0,198.2805830554549,28.43856740652119,1554
7,3,0,225.0191940385203,52.68401491287219,1753
7,4,0,233.6385920050782,32.326556742965,1894
7,5,0,254.917624499353,35.01507491369374,2081
7,6,0,259.0585799511163,35.84578226437745,2123
7,7,0,272.6543451774499,37.64654152432405,2247
7,8,0,262.0846026066529,35.20276154815275,2218
7,9,0,259.4679594376294,34.67465243065668,2215
7,10,0,288.3498020998579,234.4139246387294,2292
7,11,0,272.4649998785648,36.62638025086479,2369
7,12,0,270.040618442791,138.1398439543995,2280
7,13,0,269.1313418405643,34.60789315745436,2400
7,14,0,279.4046718383834,108.5413601675333,2427
7,15,0,271.3120560993789,41.62991834315785,2439
7,16,0,277.4002928930604,117.776662999577,2470
7,17,0,249.3057363262701,31.09471743959384,2306
7,18,0,232.1777793169784,28.7820923491095,2156
7,19,0,180.5498796012607,21.83194873373664,1703
8,0,0,149.7102326655234,69.75120216037811,1085
8,1,0,173.3765910763495,24.75123371589205,1367
8,2,0,199.6093821136591,29.40963674809401,1556
8,3,0,215.3230131994371,30.68833029555502,1708
8,4,0,233.7731092505533,32.75833523867886,1892
8,5,0,270.0432306071672,479.1122566163835,2025
8,6,0,254.8393833562011,35.14644608597052,2093
8,7,0,254.9391414723692,34.8941236162507,2106
8,8,0,270.940067663491,37.22271883601332,2272
8,9,0,269.0864377871777,36.07746867244904,2284
8,10,0,274.5928761254248,39.13701356841344,2347
8,11,0,263.9317046340144,34.53964045173281,2304
8,12,0,262.405798738739,33.83209936926312,2320
8,13,0,268.8644147088199,34.06937783413932,2425
8,14,0,290.1356884838741,410.0072775951383,2373
8,15,0,268.8261072469303,357.0784873680454,2262
8,16,0,258.0329397653576,32.87843376068716,2340
8,17,0,253.7685087222477,31.84593255279578,2347
8,18,0,236.7223519383144,116.3878403295645,2138
8,19,0,186.6032458889386,26.02543637787328,1751
9,0,0,149.366395177998,21.47774648759945,1162
9,1,0,170.1151443712569,24.89845141051845,1317
9,2,0,199.4458503383329,31.68143187431138,1530
9,3,0,219.5510447840657,69.82919396829402,1716
9,4,0,240.5617250090565,33.86603433490887,1925
9,5,0,251.2254581131037,35.90359072807923,2032
9,6,0,275.6067707576839,111.2805665463063,2164
9,7,0,266.0362005520197,99.32301342295113,2130
9,8,0,267.7472764860274,38.73751229392465,2202
9,9,0,271.3601210666192,37.07826496275393,2288
9,10,0,282.6638816517587,223.0170649393504,2308
9,11,0,274.6955201616482,149.186626943983,2280
9,12,0,263.9718797696079,34.88763517646878,2307
9,13,0,272.3821112517727,83.54135459765253,2359
9,14,0,277.6424472461864,82.04039475985532,2411
9,15,0,266.3990642760235,38.18888679464948,2416
9,16,0,266.6597606156896,36.08594673155789,2452
9,17,0,256.9312409504564,34.19951986723948,2331
9,18,0,230.2719554421666,28.9046842941438,2147
9,19,0,187.9751135921607,74.21708050679587,1717
10,0,0,145.6730806181137,21.27391945994875,1131
10,1,0,166.223274938686,24.15635326295132,1286
10,2,0,212.3263627550742,94.46227192986325,1596
10,3,0,228.399062840317,32.1454211167551,1821
10,4,0,241.1509526539037,34.10597275288381,1927
10,5,0,245.6826834011319,34.63579808686696,1964
10,6,0,257.1916629344869,35.43976919268236,2110
10,7,0,264.486846215493,62.79651833134935,2108
10,8,0,272.8949915875948,37.22555309455864,2282
10,9,0,270.6816773997007,36.16344047303428,2303
10,10,0,271.9031056812512,268.9157320370853,2207
10,11,0,266.8122792711565,35.51074013001895,2313
10,12,0,270.1045316935095,87.73882651600576,2321
10,13,0,274.9186527096444,60.31781192498099,2380
10,14,0,274.7962568083288,38.58192270152988,2459
10,15,0,263.2931177794723,37.58691589877671,2393
10,16,0,261.6645014363634,33.20733751935765,2377
10,17,0,248.2838566044485,30.39398602790629,2338
10,18,0,225.6267124209187,27.51335707363407,2140
10,19,0,196.0411958572373,50.56796983217755,1762
11,0,0,138.9868885832399,19.92186435893834,1088
11,1,0,170.4723544128361,24.8303380864396,1324
11,2,0,188.0243450124015,27.32981611653677,1472
11,3,0,215.5144299368396,32.74637931764568,1696
11,4,0,229.6893055626415,34.57373420360874,1813
11,5,0,256.8358813606234,39.01120917728797,2048
11,6,0,246.5201781534577,34.46371713195441,2009
11,7,0,292.5860027867181,453.9866892414951,2173
11,8,0,270.8790771857944,36.68813313408079,2270
11,9,0,257.3560102199776,34.99251888502079,2187
11,10,0,270.5875977715305,36.30497521593841,2311
11,11,0,267.9674408657767,36.22009219242928,2317
11,12,0,268.165495154274,35.25795542122375,2332
11,13,0,260.1727947858939,33.63810726005295,2300
11,14,0,268.6963075550389,34.0008908649196,2425
11,15,0,258.8451949777768,31.91606143596942,2389
11,16,0,281.5071227202836,377.1328119930098,2420
11,17,0,245.3117613936152,46.26270993528138,2255
11,18,0,230.7710861089657,28.27510165848225,2168
11,19,0,189.3729341405809,23.73950681377931,1782
12,0,0,137.7545926783393,19.52802142627367,1082
12,1,0,167.5688759885719,24.27645109309011,1296
12,2,0,222.9983870058279,437.025877895315,1592
12,3,0,232.3453952600054,67.94044994113062,1792
12,4,0,225.8008502278584,44.39073849795872,1803
12,5,0,251.2378779660251,101.6944865421727,1953
12,6,0,250.0554912239296,41.68811178706669,2032
12,7,0,327.7928431183759,1230.474402966951,2228
12,8,0,264.2406826541327,36.66948089887269,2232
12,9,0,264.7578465356584,36.54330628581803,2238
12,10,0,268.5630634540214,35.31637040286729,2314
12,11,0,260.9314272066181,33.76663972548552,2278
12,12,0,276.0925646176303,36.07552027739299,2421
12,13,0,257.2243918901516,33.66889870105654,2278
12,14,0,265.8792925507487,33.90173636850693,2420
12,15,0,262.522934298906,33.51605755323462,2398
12,16,0,268.2610461141508,33.79082190061928,2452
12,17,0,246.8073632428052,30.64708918934387,2286
12,18,0,226.5385022477017,28.27892832237224,2097
12,19,0,184.2615568365836,22.76258633035527,1728
13,0,0,130.4660978345739,19.13620413457962,1018
13,1,0,176.2118151117148,45.55015623857671,1328
13,2,0,185.5015919710023,25.83589048333761,1481
13,3,0,210.3610642849379,30.3830682299085,1666
13,4,0,249.6193166483823,282.8321046446625,1842
13,5,0,250.9218932997234,34.86745878929849,2046
13,6,0,259.7724611079657,65.65286200622157,2083
13,7,0,275.9734784824067,341.6048103138161,2134
13,8,0,271.0292856355979,107.8674917784289,2200
13,9,0,268.9787826155002,36.73749997316823,2270
13,10,0,264.8356342966013,36.40444520934343,2237
13,11,0,254.3353150294641,33.12870016120443,2223
13,12,0,267.1588452627961,34.74774504134653,2355
13,13,0,262.4506251235654,32.38499308694801,2384
13,14,0,254.7422567138513,32.98440951940616,2281
13,15,0,288.9643986647184,528.3606298121057,2371
13,16,0,266.9880466838786,236.6880287670415,2296
13,17,0,256.2745231749869,33.2436016438183,2336
13,18,0,217.5809396038866,29.68399276960157,1994
13,19,0,200.1301899518377,216.4366881914205,1704
14,0,0,135.7068832342907,25.19982595703823,1040
14,1,0,165.9150517221122,33.24201717230535,1270
14,2,0,182.1267355302798,25.52499454416405,1461
14,3,0,212.0411439225064,30.95462112663741,1670
14,4,0,229.997669501885,33.44323469312695,1825
14,5,0,244.9790649175939,34.68345501657591,1980
14,6,0,258.5832930281908,130.6045200221403,1990
14,7,0,256.6807502893233,35.94979020380367,2108
14,8,0,255.3950953160484,34.70454716855643,2124
14,9,0,245.1853182270944,32.44093119441067,2087
14,10,0,268.5901879742854,36.32872225496575,2292
14,11,0,260.9163440767306,34.91009804654553,2278
14,12,0,273.3854498914068,35.71131380679658,2413
14,13,0,273.4790772231405,36.10647640102091,2403
14,14,0,256.3628122407778,32.24914459622136,2338
14,15,0,255.9667382470512,32.24954005745189,2333
14,16,0,249.5884716246386,31.86007636920785,2299
14,17,0,244.6412222045939,30.61158258557836,2280
14,18,0,241.831871132747,226.1055441355039,2118
14,19,0,184.5282865529518,22.22101366158504,1750
15,0,0,126.7591717191839,19.32904824313967,966
15,1,0,149.1970609671092,22.23140555227907,1148
15,2,0,170.1312906200508,24.25534549849489,1352
15,3,0,214.1946549978295,127.379438738606,1605
15,4,0,211.7340181943191,29.99974867818039,1689
15,5,0,229.7203832461765,50.48291912345653,1837
15,6,0,235.2833893230025,32.64455857314667,1923
15,7,0,228.2427675662747,30.89149137403309,1915
15,8,0,248.0543921436966,33.40646334258973,2076
15,9,0,248.6258513797466,33.3737856202595,2119
15,10,0,244.4715543736797,35.80445506749379,2096
15,11,0,268.3229769333687,284.1828651815923,2150
15,12,0,266.4385049550361,106.7071498307115,2267
15,13,0,269.2336130399299,135.4295264818661,2268
15,14,0,260.4841220180436,45.77833730041186,2293
15,15,0,254.1885340038854,32.16490102734196,2319
15,16,0,257.5348091437571,32.80499694478535,2335
15,17,0,251.1798022482915,31.40665881244922,2328
15,18,0,227.8111808936742,36.17651668649069,2070
15,19,0,182.5585014679345,22.3583946359056,1704
16,0,0,116.7418432349522,18.9544504782628,886
16,1,0,149.8164128025655,21.96647351759762,1162
16,2,0,165.6749692135743,23.60762314170025,1314
16,3,0,177.7071151543528,25.06873846524394,1428
16,4,0,216.6131942034918,178.2794399478131,1603
16,5,0,212.1282025559692,30.05881751953537,1717
16,6,0,221.5601306749149,30.97478179067028,1816
16,7,0,250.6387645107798,522.4146579163844,1822
16,8,0,235.9978944273805,40.89298197104874,1939
16,9,0,228.4936068593499,30.13025073429503,1961
16,10,0,238.8229081310785,113.9276520333311,2006
16,11,0,242.5279515497857,32.1064616328978,2108
16,12,0,243.9854046296551,64.07316038308814,2089
16,13,0,248.2093611663186,67.37280169723769,2157
16,14,0,242.0355991841795,31.65994566374948,2150
16,15,0,239.6067156697692,29.84482497843274,2211
16,16,0,240.3610860173823,29.42775463440962,2221
16,17,0,245.3019310548038,35.04649443476842,2238
16,18,0,206.2168983948377,25.73304443718587,1916
16,19,0,172.4375999637104,21.25477851128728,1622
17,0,0,107.2562324691643,15.55932214454877,830
17,1,0,132.4785968585342,19.51667464599122,1018
17,2,0,151.5261467406176,21.98231748345714,1179
17,3,0,172.2360858170879,24.15990791762632,1376
17,4,0,185.3994251712842,26.32979072097214,1481
17,5,0,193.658238839967,27.38965491705396,1560
17,6,0,200.9091024792455,28.06627496206499,1634
17,7,0,204.5734225889642,62.67909856552294,1644
17,8,0,205.7367123188228,28.09094021497248,1717
17,9,0,207.3628230988056,27.9151346303787,1770
17,10,0,205.8999544690505,27.18300362167481,1793
17,11,0,240.3122111543457,310.2967755753797,1951
17,12,0,220.240235278952,28.33344982215113,1952
17,13,0,224.4668171582227,29.47796463242379,1971
17,14,0,221.3342559864586,28.59408273307004,1967
17,15,0,230.0638829470596,28.88390859387009,2115
17,16,0,221.243964082361,27.20727915006032,2063
17,17,0,230.2813697417957,177.6665529512929,2037
17,18,0,214.5751467976106,26.47135899228879,2005
17,19,0,165.1052852322838,19.9784672850038,1557
18,0,0,105.4251357479237,176.5654659905945,721
18,1,0,115.7540643235607,16.31986173308691,917
18,2,0,143.8951350119227,21.23973008264777,1118
18,3,0,147.9912164488875,39.18996730698005,1141
18,4,0,157.8977161059443,22.53537676884855,1277
18,5,0,159.6783779188491,22.55505240480874,1311
18,6,0,176.0159647656076,24.14565116643191,1460
18,7,0,194.9981990700051,192.4157665570841,1461
18,8,0,184.7778748591861,25.66147680728923,1542
18,9,0,180.1312189658008,24.09533904084944,1539
18,10,0,184.4749346631253,24.08334858562698,1597
18,11,0,184.7140738837253,23.87093481574608,1618
18,12,0,181.3147043910517,23.61102864108615,1608
18,13,0,189.4060758869176,24.14166837207064,1692
18,14,0,201.0662023911805,26.208588535402,1795
18,15,0,194.7067686706714,24.86909293730732,1766
18,16,0,205.2463974116179,26.33749780589656,1884
18,17,0,206.2796146208046,37.42561596387986,1847
18,18,0,173.1619562165999,21.04385597801551,1632
18,19,0,153.4820639989158,62.07279991019299,1368
19,0,0,80.85166309437867,13.68211403100182,603
19,1,0,90.84431305340595,12.80250950097186,715
19,2,0,110.6944978572319,15.94517234001215,870
19,3,0,121.6338188058485,17.39429515426894,964
19,4,0,134.3925759542111,18.95061454896349,1078
19,5,0,137.376917510722,20.157578427495,1114
19,6,0,142.2777176529238,19.65325062034623,1180
19,7,0,146.7360360732529,20.64127828987719,1218
19,8,0,143.0939699071549,19.36077065132173,1213
19,9,0,147.2782474430026,19.43622347033586,1263
19,10,0,152.920425241677,21.85036052358582,1304
19,11,0,167.4267363034503,146.9468271088859,1365
19,12,0,152.4590605039655,19.81236714821222,1350
19,13,0,156.3678575665811,20.2301834062724,1395
19,14,0,149.0204165735126,18.67060592423003,1358
19,15,0,158.6651596487519,20.06364522391483,1453
19,16,0,153.8545788010707,48.30982364451906,1369
19,17,0,146.6949842013191,18.31469926327858,1363
19,18,0,146.8512686301409,18.74701942358958,1354
19,19,0,108.0064985642463,14.03222724322499,1016
