# mesh name: boxMesh_1
# primitive scorer name: doseScorer
# iX, iY, iZ, total(value) [MeV], total(val^2), entry
0,0,0,76.84364599678409,10.36206403810959,650
0,1,0,107.4236356657358,15.3464192962675,885
0,2,0,112.5769832789375,14.91030110953879,962
0,3,0,131.4951590405629,17.76319108162442,1116
0,4,0,140.0720107232215,19.10159974660615,1191
0,5,0,145.9645240088701,19.7912316830416,1250
0,6,0,153.0119116015137,20.47601693602536,1316
0,7,0,158.1569854537283,26.32225851488796,1371
0,8,0,151.9793792768971,19.6677955697514,1341
0,9,0,160.5634285234306,59.05916596994906,1386
0,10,0,172.8762489517742,384.4053332878974,1388
0,11,0,155.6333245913806,19.9474747694487,1416
0,12,0,163.5509073539779,21.52357222423071,1465
0,13,0,163.8393860748529,48.99621842233297,1456
0,14,0,146.9301168331334,18.37317087776822,1358
0,15,0,150.8565221990027,27.04542385579778,1391
0,16,0,155.2624278562289,19.07109481928223,1468
0,17,0,171.7387307741496,84.11704226452518,1505
0,18,0,141.2960260929853,16.78421187912245,1355
0,19,0,119.9474103224372,14.28013250382878,1159
1,0,0,93.60788067473709,12.60282651878989,793
1,1,0,122.298994415665,16.72349164944495,1020
1,2,0,137.5333836050022,18.5682780217947,1164
1,3,0,154.3154626545854,20.55789118676267,1332
1,4,0,169.0494386958445,22.47152286867029,1453
1,5,0,181.4896465291135,24.61080682889234,1539
1,6,0,202.1436232873279,666.1318628869074,1540
1,7,0,176.9408014042865,23.42282725712994,1534
1,8,0,190.1900338148344,28.2385525927532,1650
1,9,0,187.4006032604957,23.67198465974166,1693
1,10,0,197.5094354234981,25.82720235104641,1762
1,11,0,197.3993295295625,43.89853666289201,1750
1,12,0,198.5519860061632,25.64385927172786,1791
1,13,0,225.3313214560333,225.0627281402904,1925
1,14,0,200.1602398810412,25.29119670544763,1843
1,15,0,209.8961101042958,93.25756752995214,1863
1,16,0,220.2725141225307,59.52674312524445,2004
1,17,0,205.8614504791468,25.37423642461822,1944
1,18,0,195.7744092117956,26.08256262260556,1835
1,19,0,148.2665750017622,18.01932913321019,1406
2,0,0,125.0307694180064,18.0451734171356,1021
2,1,0,146.253200242232,20.43497497180022,1215
2,2,0,154.89431256191,20.69569288263652,1313
2,3,0,180.5308814964544,23.95006199201125,1538
2,4,0,192.972290627558,26.32741207589413,1651
2,5,0,207.7915696255707,53.72680752125435,1757
2,6,0,214.9354580260274,31.2443806597679,1839
2,7,0,220.9535392133532,29.29243322751121,1908
2,8,0,229.2036580916985,172.4068921456379,1892
2,9,0,244.7488770867466,380.0941291569353,1946
2,10,0,233.8802904388901,41.60765548891514,2065
2,11,0,217.5879752964154,27.52472953634898,1976
2,12,0,232.0000836879008,29.90901523262593,2090
2,13,0,230.6386286892391,30.08877294293504,2069
2,14,0,252.2440581696434,262.9022986376111,2104
2,15,0,245.6663578104418,140.8820166372425,2197
2,16,0,247.4134138782615,121.3234363000915,2240
2,17,0,230.1907573563356,27.54121182322062,2196
2,18,0,220.7596024322283,26.84174252019552,2087
2,19,0,167.3143219832082,20.66250375914758,1577
3,0,0,123.5632702400015,16.93771847165315,1025
3,1,0,149.6187703812782,20.09050830720962,1255
3,2,0,180.5405966876498,26.00923449495839,1496
3,3,0,197.3860684397317,26.72539973443281,1671
3,4,0,234.336741021826,108.0643739358758,1906
3,5,0,225.5745996273162,48.3997641182594,1895
3,6,0,250.9381111622175,272.6697605410204,2020
3,7,0,248.4363931292544,34.7805041188125,2153
3,8,0,236.9153714205947,30.91526521343448,2088
3,9,0,243.6156079742262,67.30173793872191,2121
3,10,0,246.2489330175445,31.17717683793167,2222
3,11,0,251.3898534667881,32.61825912505062,2243
3,12,0,248.6503130906207,31.7634621107348,2246
3,13,0,248.0609437191891,52.08950662087031,2245
3,14,0,291.3242159884734,755.9883594823827,2373
3,15,0,244.3549826809431,37.97184420019492,2273
3,16,0,245.1647165154723,28.95244357150309,2337
3,17,0,250.5022684248093,32.59655816222945,2326
3,18,0,229.0876433827879,62.83360353137085,2144
3,19,0,210.9106205309125,877.1049579595501,1737
4,0,0,130.2811008161181,17.5197567963627,1100
4,1,0,164.0531342031877,23.3009399795944,1337
4,2,0,187.1266082252943,25.88893191133666,1559
4,3,0,211.631163484094,28.32401260939161,1800
4,4,0,224.738770034457,30.44393472162966,1899
4,5,0,273.665730257658,812.0106992695326,2028
4,6,0,247.1530621252479,32.73206213970136,2147
4,7,0,244.7758084318585,31.94186095091328,2145
4,8,0,258.629854683826,33.11419926418927,2299
4,9,0,252.9976617494204,47.62336875778878,2217
4,10,0,257.9560850662835,42.80240173929623,2258
4,11,0,260.6833833529429,33.8185911826434,2337
4,12,0,263.131817091499,37.95674979131386,2365
4,13,0,261.1199677077214,32.98494859099028,2373
4,14,0,275.9425725888713,270.3935228606851,2398
4,15,0,247.5480930839562,30.34398990971655,2327
4,16,0,260.043752660326,115.3757752199816,2366
4,17,0,250.4843993990513,30.72724820111543,2359
4,18,0,228.6034501951796,27.64111912799411,2186
4,19,0,179.7772643389741,22.05087984186903,1715
5,0,0,141.0978702178015,24.10769307550334,1163
5,1,0,162.6084819852434,22.65130904464667,1366
5,2,0,201.9523267954873,26.84792283611316,1719
5,3,0,217.7326046025223,29.09692817412395,1852
5,4,0,228.4541775305016,30.7533383674906,1952
5,5,0,252.2555733113622,71.55223136908148,2114
5,6,0,247.6630960706766,33.01437292955817,2173
5,7,0,255.2991039969588,32.72189364133558,2251
5,8,0,273.6722623630703,36.52713365199519,2404
5,9,0,284.2244384853119,508.8787826273588,2316
5,10,0,262.5894780995725,33.34095080991902,2358
5,11,0,266.2047255768072,33.7642973203155,2403
5,12,0,261.2864351096429,33.95859560061038,2369
5,13,0,263.5236102285483,32.65691026844916,2440
5,14,0,265.7927486425623,35.71040143660591,2439
5,15,0,308.5978353837831,1092.805023961987,2409
5,16,0,276.4013098592065,111.9776117702269,2458
5,17,0,256.6905323908642,31.67116080527063,2419
5,18,0,228.888310166327,28.1298610598788,2172
5,19,0,191.340454994018,34.63151044069749,1774
6,0,0,141.7121060874334,19.73944459162439,1176
6,1,0,169.5867108787033,24.05859131498186,1429
6,2,0,200.6798983425552,29.08143846800223,1647
6,3,0,234.4567768718905,140.921883656549,1915
6,4,0,234.0205161600264,30.90372903975312,2021
6,5,0,276.8416525006073,688.1174040167035,2180
6,6,0,259.1417404448226,34.19801282081571,2238
6,7,0,262.2918562104852,34.36790326476908,2300
6,8,0,279.2748275456803,43.9370726780618,2429
6,9,0,281.5455455215056,294.0647394273718,2341
6,10,0,261.2536665104271,32.75801216708946,2362
6,11,0,259.1138534134593,34.28179535300893,2322
6,12,0,272.4576127649021,251.8657904948059,2357
6,13,0,268.7224424470356,96.43918721830899,2359
6,14,0,254.3023950870319,30.61696694658063,2388
6,15,0,260.2344053239903,32.03575875357867,2440
6,16,0,286.383868275349,329.8802430469773,2456
6,17,0,256.7680252016569,31.74132647896254,2396
6,18,0,240.0984627893171,28.95648829534118,2287
6,19,0,184.2573257127252,22.17094373345983,1764
7,0,0,142.5206976928807,18.428270042825,1219
7,1,0,184.4238442538905,24.79166654606873,1552
7,2,0,208.016888596014,29.46753474532429,1718
7,3,0,223.1477648319395,32.1030931674397,1867
7,4,0,228.7064127305383,30.12224730890687,1972
7,5,0,261.0656159463733,35.23804434089975,2214
7,6,0,288.330183403066,379.6889578791222,2287
7,7,0,284.7531059390951,341.197265075299,2257
7,8,0,258.5790477939512,41.13484653713436,2227
7,9,0,259.4587357843472,32.81198859476432,2322
7,10,0,270.1731428648679,36.12256885034598,2420
7,11,0,292.1720556323977,723.3009396401092,2393
7,12,0,273.4970574836537,35.11524667952109,2471
7,13,0,260.1389521917599,32.44470129004512,2394
7,14,0,267.9613400711474,33.35328562524728,2480
7,15,0,283.7346053573711,174.6442041995642,2474
7,16,0,278.0705943935493,159.1495266331759,2474
7,17,0,257.1012608738378,31.85281487515117,2408
7,18,0,238.5413883894175,33.16042068530298,2220
7,19,0,236.6544845046085,984.9430583418535,1828
8,0,0,160.8199209419307,341.3518741212914,1189
8,1,0,175.1093260726635,24.19493338474351,1474
8,2,0,205.2760357765521,28.31391691685294,1739
8,3,0,241.0907071392579,60.15295270590065,1984
8,4,0,259.6844859381773,302.9830622370596,2067
8,5,0,237.3887077382753,32.39575052020191,2066
8,6,0,262.1285612258033,35.52727142013743,2287
8,7,0,272.1324401334922,36.26008613670015,2372
8,8,0,268.157360739796,37.36784941570107,2339
8,9,0,276.4609426803021,36.00695136443468,2448
8,10,0,266.1446954747981,34.377421706837,2379
8,11,0,285.0280613350876,698.8120766767962,2310
8,12,0,261.3881524054796,33.33207873336318,2382
8,13,0,259.749668774669,38.94709344137038,2357
8,14,0,259.0029586697873,32.05488902589652,2399
8,15,0,279.9057802748899,630.6847232305614,2401
8,16,0,251.2608819445275,31.01117880538009,2364
8,17,0,257.6029588370455,33.40418155719173,2409
8,18,0,265.8274856882552,550.5418704940256,2257
8,19,0,185.714109039477,22.5653447838591,1774
9,0,0,134.1575887019437,18.26233855337153,1125
9,1,0,172.8442451060605,23.50199339884091,1449
9,2,0,207.2143941845568,28.43108091128867,1732
9,3,0,229.9787959250375,31.9130102170694,1927
9,4,0,253.784251479021,34.0640501089037,2164
9,5,0,247.7231240825022,32.98795035573982,2145
9,6,0,255.0980069870409,34.86970355652436,2213
9,7,0,266.4313065128552,61.84032136241953,2252
9,8,0,258.3149619289514,34.95897322954244,2284
9,9,0,271.9091579997555,35.91048878001373,2391
9,10,0,275.6967457620186,119.2636919425106,2388
9,11,0,267.9928627240906,35.71264637595644,2405
9,12,0,287.1547564532469,218.8244698532559,2453
9,13,0,282.1041134384194,214.2613145048954,2463
9,14,0,267.6870526037384,39.27068675087214,2440
9,15,0,270.221465582131,250.0775147734737,2390
9,16,0,260.7109382146713,32.06433383250467,2456
9,17,0,258.270262472998,34.37019184745675,2430
9,18,0,231.8132231357022,27.87857865129807,2223
9,19,0,185.4967474201071,22.1695012576333,1782
10,0,0,140.6695941278398,19.74620359051423,1155
10,1,0,174.8870503682452,23.381737409759,1471
10,2,0,201.4863520764679,26.95034652657258,1708
10,3,0,226.1743266812939,30.625560554141,1911
10,4,0,244.1804276844784,32.38038250771594,2078
10,5,0,260.7871914355765,43.98826893149116,2207
10,6,0,271.0134401117287,268.9082866167075,2213
10,7,0,257.2710611849142,33.00092161092427,2277
10,8,0,265.4004485676562,34.25150918934332,2343
10,9,0,267.2273482062782,34.50610339658336,2367
10,10,0,272.6361693879155,35.08363054589908,2445
10,11,0,264.8722869882527,52.09267151134652,2390
10,12,0,274.8393926535643,38.24421982057002,2486
10,13,0,263.1435451583752,33.57561798220731,2408
10,14,0,261.831299940018,33.59891090137737,2424
10,15,0,261.2911256963055,31.45408128969735,2457
10,16,0,276.941318829964,81.34765808311825,2543
10,17,0,248.6332037753722,29.56813630436641,2375
10,18,0,237.3632786376128,52.03129936503413,2242
10,19,0,188.4949671875489,22.54241539800648,1817
11,0,0,145.1555009748661,19.8181933862333,1216
11,1,0,178.1349883272561,24.41910575568608,1486
11,2,0,197.2537300146646,26.00985488794481,1687
11,3,0,218.9732685630723,28.63574124587204,1891
11,4,0,243.4757490175418,58.61554433452363,2013
11,5,0,252.309098285883,34.11032856401985,2153
11,6,0,265.9633602531345,35.09227704130913,2293
11,7,0,261.4055353313543,41.53429737184352,2272
11,8,0,279.4512456542178,144.1241463337106,2375
11,9,0,266.781350738615,37.24250153745982,2356
11,10,0,273.9317229375075,34.99682964286912,2458
11,11,0,269.732500267793,86.13180181373211,2355
11,12,0,283.1601132201081,590.1026703931529,2350
11,13,0,250.4272864705563,30.77236831483309,2329
11,14,0,262.881476046879,32.67287358404754,2435
11,15,0,259.2466435821943,34.4624008100479,2383
11,16,0,253.0672946529137,31.32557320548022,2386
11,17,0,258.7074976510078,32.69008724851948,2411
11,18,0,244.3687794754152,29.84923986213078,2320
11,19,0,180.1103070666949,22.0498626926127,1729
12,0,0,144.4967518775235,33.02801563719537,1171
12,1,0,179.652562812699,48.10262669596515,1479
12,2,0,196.6905763735454,27.27006217981796,1649
12,3,0,227.397104791372,30.3238720343331,1931
12,4,0,238.7076787922674,31.36316211872779,2050
12,5,0,246.7075581018287,33.02157583970556,2117
12,6,0,251.0207993153726,32.19486662173809,2216
12,7,0,251.7582724500134,31.82243041046521,2236
12,8,0,262.7105597525567,32.77898421200553,2364
12,9,0,270.6721584225274,37.471232087221,2389
12,10,0,278.4776052267231,168.5914656501265,2355
12,11,0,262.5067237492319,33.84358732330773,2361
12,12,0,257.8761176773448,32.00631341769195,2367
12,13,0,259.6907319646975,32.54490326595644,2393
12,14,0,265.8576202782272,56.53610563966448,2410
12,15,0,268.7818471042772,92.03374524153637,2436
12,16,0,263.743091648785,32.07107796226259,2488
12,17,0,251.5817190390778,30.91496207133077,2388
12,18,0,229.8903411043669,27.48101819113984,2220
12,19,0,192.7188840005031,23.50377886574068,1838
13,0,0,136.1861885006273,18.02320892180162,1165
13,1,0,172.5001224442064,23.24128979770863,1456
13,2,0,195.4345239853827,25.7989585966572,1663
13,3,0,211.9796650424374,28.24547889517392,1801
13,4,0,237.7784729758945,31.43624569663156,2035
13,5,0,273.7059901946868,702.467439297915,2089
13,6,0,259.0127011970465,34.21705997022349,2247
13,7,0,262.4359178844205,52.94972058273365,2235
13,8,0,254.0858599341014,32.73913755948846,2258
13,9,0,260.5972020992218,34.74834895807035,2310
13,10,0,279.0274297884135,37.03165686300115,2444
13,11,0,285.0668070670945,338.195440813568,2415
13,12,0,271.6376760199022,77.04994725700637,2397
13,13,0,265.6766304909967,33.39949416277887,2429
13,14,0,250.7790466232937,30.71002986309783,2334
13,15,0,286.6343270596843,124.0500881398835,2519
13,16,0,250.3194153799255,30.64069557586297,2351
13,17,0,250.832806319445,30.82606864512316,2349
13,18,0,233.1822580672229,28.42255568345399,2214
13,19,0,192.3165780262543,32.12545993546235,1819
14,0,0,138.3001324087955,18.54399532502297,1169
14,1,0,171.7984439396192,26.46087243418609,1418
14,2,0,200.4001627052688,26.89038459165328,1686
14,3,0,214.8899950457389,29.67932208013536,1808
14,4,0,239.4204731625204,32.5189614850194,2031
14,5,0,242.8091061680572,31.47053194128309,2112
14,6,0,251.2899918159039,34.68593224920647,2143
14,7,0,245.0833819534847,31.29308192136409,2167
14,8,0,262.2745128229413,39.11061295091249,2275
14,9,0,255.6709093785063,43.06556824911503,2250
14,10,0,267.7800940308749,203.1975451332562,2294
14,11,0,266.0790182354759,34.66720799589675,2386
14,12,0,262.3037464163885,64.82640550725783,2329
14,13,0,263.4627710472083,33.6541595313067,2398
14,14,0,284.2909810022985,858.3364542346046,2348
14,15,0,261.9089803384205,34.29252531734354,2409
14,16,0,258.0110141726519,72.42404668914739,2354
14,17,0,249.9647405286154,30.85507265394726,2362
14,18,0,240.4036544264111,88.27079217632904,2221
14,19,0,192.527107056605,49.66133200610658,1806
15,0,0,134.0107424169887,18.37149409298319,1127
15,1,0,169.7741868221626,23.98887348167086,1407
15,2,0,187.8127737374469,62.91859474201686,1533
15,3,0,207.5621880107771,28.54297029369483,1756
15,4,0,225.8541004106606,31.83358965636279,1923
15,5,0,240.5143124167373,31.8750403773831,2080
15,6,0,237.2368796272977,31.80150147636853,2062
15,7,0,269.24308179493,35.95273764827875,2331
15,8,0,245.7166275460179,34.58461925976474,2157
15,9,0,250.898161983045,36.71120061600199,2219
15,10,0,256.9070590929635,33.01018557653089,2281
15,11,0,264.4683219497879,35.16177882864682,2372
15,12,0,251.9639890854812,31.83187575292541,2289
15,13,0,265.7870656629791,33.02606831086172,2444
15,14,0,257.5971102760337,32.74494152473717,2341
15,15,0,259.2015548810792,31.6550489753595,2435
15,16,0,259.1172803717262,32.03683465714173,2420
15,17,0,246.0786085559744,30.64602337029146,2309
15,18,0,242.0656348457966,47.61524969299278,2243
15,19,0,192.1031170753402,23.12387219999718,1831
16,0,0,133.1027013052696,32.78172147022541,1069
16,1,0,148.8033687402585,19.75996670212665,1268
16,2,0,181.7036316912168,25.5353086935454,1506
16,3,0,216.5774318288263,290.6393082868749,1711
16,4,0,217.3223424391736,28.43134868014645,1888
16,5,0,218.7823150325966,28.80932748601525,1897
16,6,0,245.7893144780899,267.2863139680283,1970
16,7,0,243.4541596452406,35.30165716192421,2080
16,8,0,240.6318196719368,89.59024719589966,2087
16,9,0,241.4182123858338,31.0874878245159,2155
16,10,0,243.7099948807457,31.16856081719332,2194
16,11,0,245.5442059915219,31.32203876992124,2215
16,12,0,243.0545664979901,30.61005150064696,2242
16,13,0,263.644318038804,69.26639307513776,2353
16,14,0,237.344087029785,28.46099670109383,2218
16,15,0,260.4767637319856,32.8344679738134,2437
16,16,0,241.1423630328631,29.64023941506633,2266
16,17,0,243.7485303548993,29.47922704703255,2320
16,18,0,230.9461225216884,28.07007587062031,2191
16,19,0,176.0926542394668,21.77041975196275,1664
17,0,0,115.0147537044397,16.01325370200095,962
17,1,0,137.6151307112191,19.09078171491567,1154
17,2,0,168.857858332876,22.56411608753298,1431
17,3,0,186.2146762043191,31.22035121494637,1558
17,4,0,200.0223147422421,26.40030389986041,1719
17,5,0,206.1425794244619,27.85360523543227,1749
17,6,0,215.3773569867222,30.62695341305371,1842
17,7,0,213.700143143639,27.88634530986482,1877
17,8,0,237.167794245039,280.7384501420065,1888
17,9,0,228.7993226159676,73.77833884686001,1996
17,10,0,219.5754692194909,27.71915292346428,1989
17,11,0,238.5084420878921,142.8756609572845,2043
17,12,0,223.3878711185805,49.14394103628359,1981
17,13,0,234.4711567700641,30.05840798715833,2112
17,14,0,238.177227782071,122.5141326022886,2094
17,15,0,229.6504413878458,28.51154157838152,2129
17,16,0,229.6331288649961,28.38104730614213,2136
17,17,0,231.0443894352395,28.26364105564528,2182
17,18,0,226.4237802473165,29.33452663929065,2086
17,19,0,181.6662374412231,58.51932902955468,1687
18,0,0,102.1032610271189,14.12994335231819,853
18,1,0,130.99230311278,58.76637659337707,1041
18,2,0,143.8200046192534,20.73494524890297,1183
18,3,0,162.0300595938562,21.31585050296275,1382
18,4,0,169.5083233430749,22.72412275421839,1456
18,5,0,181.70512052986,27.36199710280505,1542
18,6,0,193.5785415863223,137.2016553182565,1591
18,7,0,182.4809053236222,24.08767713602485,1591
18,8,0,189.1583575541143,25.6786731325227,1669
18,9,0,212.6359584559791,91.47976000763256,1773
18,10,0,198.8597150827626,25.63914718583397,1791
18,11,0,187.9492730366401,23.93048095188795,1691
18,12,0,197.0081700914676,24.55763643001061,1789
18,13,0,200.7405678658787,25.72285551840547,1829
18,14,0,200.443152471559,24.39958789398447,1860
18,15,0,201.5556156777763,30.03736796603062,1858
18,16,0,219.2907892646774,125.7405262691599,1923
18,17,0,204.7185202534162,25.46544272535169,1917
18,18,0,185.6538925630539,22.14076900062017,1780
18,19,0,154.2230757498524,19.06534500010232,1443
19,0,0,85.57165193277496,11.72880978065619,714
19,1,0,98.1105070697356,13.82129581333589,823
19,2,0,116.2728604800522,16.2607055001493,968
19,3,0,132.0396556103924,18.01490727832824,1109
19,4,0,133.5169657299083,17.47896772149101,1144
19,5,0,145.9690996507518,19.2698106225386,1269
19,6,0,155.1245171837966,36.13007392743031,1294
19,7,0,144.2025419174269,18.09263087523205,1304
19,8,0,153.382775872315,19.9613014076301,1350
19,9,0,149.340339533681,19.69601565214668,1324
19,10,0,153.9498503193464,19.99444124286448,1368
19,11,0,157.6223839568648,19.94030857471622,1433
19,12,0,161.3431352395128,21.25843742061101,1448
19,13,0,154.3894317311864,19.36670854247901,1415
19,14,0,158.2652789890986,21.69075431308207,1447
19,15,0,160.570605198435,22.91378699503543,1463
19,16,0,153.7838986729202,19.10344459725099,1451
19,17,0,157.8128944812921,19.54075355758217,1494
19,18,0,157.5008753546887,37.27658042939989,1456
19,19,0,118.8165951396354,14.25096494011742,1145
