# mesh name: boxMesh_1
# primitive scorer name: doseScorer
# iX, iY, iZ, total(value) [MeV], total(val^2), entry
0,0,0,88.01776696164423,11.0347435098174,799
0,1,0,113.1554315880519,14.07165736344945,1028
0,2,0,126.7225292959557,16.93100225510302,1152
0,3,0,146.4939682122653,37.9524972425886,1292
0,4,0,150.9310435001532,19.37250894097966,1349
0,5,0,148.1873311001385,18.68594567041302,1350
0,6,0,168.5080818739793,106.5620147661882,1447
0,7,0,156.3316481021049,20.07367401278931,1408
0,8,0,162.040545643449,40.47038714526843,1412
0,9,0,159.1422274072847,20.35950581915418,1454
0,10,0,149.4777583037463,20.59741853422712,1365
0,11,0,154.435489421536,19.37213776964125,1418
0,12,0,155.0074440243775,20.03968176169145,1393
0,13,0,157.9460529385007,20.18500331358615,1428
0,14,0,153.1277263872596,19.65084137455232,1384
0,15,0,148.0368136043818,18.41261582713974,1361
0,16,0,143.2098701977642,20.53258155058879,1299
0,17,0,134.9822141962872,17.12259052108354,1233
0,18,0,115.8109716927364,14.72828363723918,1054
0,19,0,95.66133806157127,11.80466280860021,885
1,0,0,113.2890766239832,14.63001508371656,1021
1,1,0,142.031696143874,18.79047034656724,1262
1,2,0,159.6405309831682,20.80477475711909,1427
1,3,0,198.2548857999559,376.4564480374087,1607
1,4,0,184.0509607745331,23.25868362840801,1663
1,5,0,193.3005899201739,24.76820105221674,1742
1,6,0,198.2219487022718,26.52449494357882,1765
1,7,0,193.3446665105956,33.91411709406772,1712
1,8,0,198.7774646903872,25.95615033735958,1769
1,9,0,188.9460300375922,23.9180989023282,1721
1,10,0,213.131661502297,446.5423883913031,1746
1,11,0,211.387077938764,146.3936900103359,1759
1,12,0,183.024231923894,22.63579761917888,1678
1,13,0,192.8551521984228,24.79430859141735,1739
1,14,0,195.5018146459667,24.58748516831436,1784
1,15,0,201.8178546282574,41.40076336712767,1805
1,16,0,208.513988840542,626.2118015994158,1694
1,17,0,171.3155498873549,21.08657865491962,1568
1,18,0,148.6973517632328,18.91747197018322,1352
1,19,0,116.0429801854849,15.08698504516003,1034
2,0,0,125.067373823147,15.61346138769805,1136
2,1,0,171.9211414705479,104.4925380413101,1475
2,2,0,192.5394715972081,26.63399565331555,1737
2,3,0,230.7373689104292,328.061090502413,1904
2,4,0,219.0506557824155,32.87561340543021,1966
2,5,0,264.3265239980162,1088.929937640457,2048
2,6,0,222.1947188115697,51.90726302974687,1955
2,7,0,239.2964861066056,234.1493105330942,2013
2,8,0,223.4955407879366,27.6378908808263,2045
2,9,0,232.0804239776802,196.0629295430741,1993
2,10,0,226.9634832197658,33.25424530638944,2062
2,11,0,244.348362746192,301.7536545618359,2041
2,12,0,231.0910470521338,29.79171590298515,2083
2,13,0,231.0520695301406,33.67597216375459,2061
2,14,0,243.1358308449734,363.6333417747287,2063
2,15,0,226.8188361197772,28.88810912254567,2053
2,16,0,217.7986751729344,27.4642373046644,1987
2,17,0,195.096683878,28.4558458255536,1756
2,18,0,172.2805638980553,21.28664641032177,1598
2,19,0,137.837469607382,17.58761704672984,1265
3,0,0,149.4799909264618,18.94243369625401,1343
3,1,0,177.7994395831161,22.91914485806501,1595
3,2,0,202.7317469493413,63.41200626378849,1757
3,3,0,229.8105647871685,35.18667638545412,2036
3,4,0,248.1173854474,32.30465170888344,2202
3,5,0,234.6192581117752,29.63789355912185,2112
3,6,0,235.6012332750965,31.52005415485226,2130
3,7,0,250.6113081525451,47.28631945208068,2246
3,8,0,242.3270914958147,31.36540893216216,2162
3,9,0,237.2346934727902,29.63906057251725,2167
3,10,0,242.8901034002143,30.94599911439281,2203
3,11,0,254.2796389367082,118.1477776670283,2230
3,12,0,250.2303957861726,31.54275172170232,2288
3,13,0,248.5142897073049,31.68900796556622,2262
3,14,0,248.2717277032893,31.63227022282083,2244
3,15,0,235.2959424674136,29.96469330883764,2124
3,16,0,235.265495900189,30.16438223277051,2142
3,17,0,217.777988051677,28.12782191726419,1975
3,18,0,201.1673174649249,208.4738653129617,1701
3,19,0,147.7996782853442,18.79102600033414,1351
4,0,0,148.3492592951468,18.83894131579897,1344
4,1,0,203.7364191534271,292.6816138610183,1686
4,2,0,229.1906153988262,33.17604795575396,2011
4,3,0,241.2389132301195,191.6307365166741,2057
4,4,0,251.1588778674072,171.4411216826787,2140
4,5,0,253.6506840293031,32.83734281518442,2273
4,6,0,257.1594736114929,32.73378884985975,2324
4,7,0,247.3068628972053,31.12640876443734,2236
4,8,0,255.0805749861661,32.20618344438775,2326
4,9,0,258.4827947016187,33.45274890416754,2318
4,10,0,245.6876320766278,31.46732306486881,2247
4,11,0,263.5244021554769,41.07537897277981,2357
4,12,0,257.1333005435824,31.93139926079638,2351
4,13,0,263.0116107683533,33.35470903261032,2381
4,14,0,255.8869345044011,31.95342799656248,2355
4,15,0,250.9857040622528,39.09833575893602,2230
4,16,0,244.4893610010353,50.90051085215139,2206
4,17,0,215.3807212255486,26.7242125876087,1975
4,18,0,218.1547258844299,331.4766705470986,1809
4,19,0,147.6828589732094,18.10891155977314,1374
5,0,0,158.6676527860057,21.85508668732018,1406
5,1,0,199.0433658187336,33.45282642448573,1746
5,2,0,224.3011697008068,28.79999778383967,2006
5,3,0,273.669603801257,574.5185007747558,2193
5,4,0,238.9935695794981,30.5204572493762,2141
5,5,0,250.9994583645284,38.38947047463633,2260
5,6,0,262.7703839805333,34.25802066543468,2354
5,7,0,266.2488943792613,34.24514736359028,2403
5,8,0,260.1202977054931,33.23729980923617,2348
5,9,0,260.8659754268368,33.41732220764921,2363
5,10,0,266.2840320215878,113.3881645269449,2346
5,11,0,261.2924039912003,32.77145152958884,2398
5,12,0,259.0258633201954,32.54921244165224,2359
5,13,0,266.5440382183075,33.79429975610071,2440
5,14,0,268.6025440737803,34.12787687552261,2435
5,15,0,259.5491337518229,37.91047989961444,2309
5,16,0,242.8275090857421,31.64574370640463,2219
5,17,0,230.7495354786266,76.25335704093135,2043
5,18,0,194.8499656878786,24.74049719986614,1770
5,19,0,153.8924407435084,19.39653843089402,1404
6,0,0,153.025353045961,19.64717177599481,1368
6,1,0,187.251796358693,23.35434437370716,1696
6,2,0,220.3530764592296,28.05414108553395,2000
6,3,0,249.1047118884657,107.6981868727508,2135
6,4,0,243.7143027099922,30.72539085144767,2211
6,5,0,281.4546612482742,188.9660783203306,2417
6,6,0,263.5287705472961,33.70218667935963,2376
6,7,0,264.1405073040234,33.61336749205097,2389
6,8,0,276.7121989996624,35.23869901824961,2492
6,9,0,265.70837993053,32.9219008832733,2412
6,10,0,268.0426171089171,34.66038265786126,2424
6,11,0,270.999408039064,34.76401178798387,2463
6,12,0,279.7390438496661,236.2305250215701,2364
6,13,0,273.4141382294645,93.62404338399594,2384
6,14,0,262.1219211473121,34.16378007280842,2373
6,15,0,250.4654925867229,32.3235244759969,2265
6,16,0,255.9014444722825,32.74854399669645,2323
6,17,0,235.8974941246142,29.98218496392936,2145
6,18,0,202.0415723490719,26.57923307577237,1844
6,19,0,160.3189020331797,20.51940978885004,1454
7,0,0,150.1866835075629,18.9493526648366,1372
7,1,0,186.9827172758682,24.1001425414578,1667
7,2,0,236.3087729208282,31.09936752299695,2098
7,3,0,232.1648670469083,30.09449232243703,2076
7,4,0,253.727939661451,32.5590734547591,2272
7,5,0,274.3905625587994,38.23350120367408,2467
7,6,0,280.7718374110045,78.73572343189841,2495
7,7,0,256.3997826386316,32.73160300308193,2347
7,8,0,257.3065817726646,32.43827339795126,2341
7,9,0,264.6583508109156,33.39844752492827,2413
7,10,0,262.948830056819,39.83645788165255,2323
7,11,0,268.2545559768407,34.65259999110653,2410
7,12,0,270.9699647444271,51.06437149775797,2407
7,13,0,258.8537123864651,33.06381577234129,2362
7,14,0,265.9002047721139,42.23305391740383,2386
7,15,0,269.2000977194379,34.28458721748167,2446
7,16,0,248.9388482163891,30.25801184497649,2304
7,17,0,246.0213110898357,157.4767767292778,2123
7,18,0,195.7949369600701,28.92885863967838,1773
7,19,0,149.1862771480321,19.53611168471309,1375
8,0,0,161.9815358112027,20.84691038246842,1455
8,1,0,208.2355651614521,85.48858478012657,1783
8,2,0,222.9381344222069,28.49147227814379,2002
8,3,0,248.110231945585,31.4500863158117,2245
8,4,0,248.9785788435767,31.97757125711552,2238
8,5,0,269.1959461409567,77.65353192206619,2371
8,6,0,250.3476278094085,31.35931868955785,2282
8,7,0,262.5932386939252,33.40378203862575,2375
8,8,0,264.0428145461662,44.02125377312247,2396
8,9,0,279.0852963079717,81.99960389455784,2426
8,10,0,265.0952327868216,98.45493275030304,2319
8,11,0,272.3776955417704,34.57563138808955,2470
8,12,0,265.4837717928505,33.38255561241277,2420
8,13,0,269.1047551478893,34.79197409209254,2458
8,14,0,249.8779878214438,38.17246073523736,2275
8,15,0,256.3829880692348,32.75116017061129,2326
8,16,0,239.3884228069706,29.37776536238393,2223
8,17,0,226.6079903394667,29.07528465431644,2055
8,18,0,197.3010509845041,24.02575341145033,1826
8,19,0,159.2637667600663,20.48358265554798,1447
9,0,0,166.1273603467767,77.34377332737863,1418
9,1,0,193.4808498700254,24.06833209122461,1767
9,2,0,230.4228669786943,31.67932745406459,2055
9,3,0,243.8991186188567,30.44629110342913,2220
9,4,0,262.0767162457872,32.89730705689529,2379
9,5,0,246.1789824220074,30.38987838231994,2259
9,6,0,263.9185148409923,34.385730488984,2356
9,7,0,272.0061443509479,34.98169337480839,2436
9,8,0,271.0709374712749,43.53725205441649,2418
9,9,0,266.76457931076,34.62433095855392,2389
9,10,0,261.4531063798158,33.12511462814633,2379
9,11,0,273.9567514845596,124.5819110692737,2396
9,12,0,263.2175537345028,33.29009133129767,2402
9,13,0,257.7541428695351,32.15348772288685,2362
9,14,0,278.6688484887583,116.9682876129981,2414
9,15,0,253.8739033583418,31.51955368435252,2324
9,16,0,253.1143701793989,46.9409606420183,2283
9,17,0,230.4150936678475,29.16321087127593,2087
9,18,0,201.3943932182875,25.42944722281766,1842
9,19,0,160.3355939779862,20.23500751523238,1469
10,0,0,151.751208679951,21.42093317693994,1350
10,1,0,194.6063333681917,31.76642596570533,1721
10,2,0,229.6172915417839,93.64322092336323,1996
10,3,0,246.5491179207509,33.79002841219609,2198
10,4,0,243.8260016352731,38.21845558013811,2160
10,5,0,259.7475063637648,33.27772052161988,2349
10,6,0,267.0167318914966,34.05783648528999,2394
10,7,0,253.1042935938209,31.56584473220185,2313
10,8,0,262.7196737094386,32.27008193064874,2422
10,9,0,268.3805706131192,34.04802302072503,2413
10,10,0,278.8010235527667,77.71766609142865,2468
10,11,0,253.009618960864,31.73135860193405,2330
10,12,0,271.2881064075041,36.26670451266279,2461
10,13,0,252.9193019869102,32.18222734500145,2298
10,14,0,275.3429488825213,35.15852549077459,2485
10,15,0,257.5628873043988,31.87523424326437,2378
10,16,0,258.4642045358464,32.93645189786489,2336
10,17,0,227.7300693012704,28.39578610487573,2086
10,18,0,197.8194599174321,54.59290750941157,1769
10,19,0,177.3412006410808,414.0258855057996,1445
11,0,0,153.0940126834267,19.71256903590301,1382
11,1,0,194.6145306786797,25.87768047497803,1722
11,2,0,226.0523129138127,39.01274779118776,1984
11,3,0,254.7111624813629,69.65675940514622,2188
11,4,0,269.7406647976553,103.345043253938,2340
11,5,0,268.0502859987753,309.8868269478829,2245
11,6,0,272.9934186311499,163.8958784988428,2300
11,7,0,258.0787303520858,32.97686821524941,2335
11,8,0,278.0275730449296,35.91191068624229,2501
11,9,0,271.4574566409372,49.01575319235533,2404
11,10,0,266.9429680185748,48.43024163473634,2392
11,11,0,264.6895616217174,33.2453396676455,2410
11,12,0,268.574708403542,52.63083626632837,2433
11,13,0,257.4830288689309,34.06406449472377,2343
11,14,0,271.3290132487255,38.47626844154277,2407
11,15,0,271.7100265191924,59.95152682848553,2407
11,16,0,257.4672335053552,54.11866938977279,2311
11,17,0,242.6773912483321,66.10209559066422,2179
11,18,0,208.4375699578751,175.8496409245746,1800
11,19,0,162.8164333138764,20.42939298150049,1488
12,0,0,147.0427767905577,18.30917194602171,1341
12,1,0,190.5629888369753,25.2231563029749,1687
12,2,0,225.0491444818237,28.45433653889057,2028
12,3,0,249.9288727695499,124.0207413374383,2172
12,4,0,243.4497556042726,31.33049939693099,2200
12,5,0,256.2700160068381,32.40315849597261,2330
12,6,0,269.1904382692064,34.2204082219945,2419
12,7,0,260.2612621161771,34.16475025964206,2320
12,8,0,263.2765573315398,34.08036240364962,2377
12,9,0,261.5608919587119,32.52553534424819,2396
12,10,0,267.0884969825452,33.61329888063411,2426
12,11,0,269.5814367053102,34.39444431799065,2454
12,12,0,279.7754291999658,157.5521823361229,2453
12,13,0,271.4231255175551,161.1550733975378,2350
12,14,0,272.2778429896201,63.79162036401728,2449
12,15,0,258.3290205148954,45.1250125031622,2354
12,16,0,251.3973672998637,32.73580681852158,2275
12,17,0,224.1181912381121,28.64675067858686,2054
12,18,0,201.1682900257261,25.86675911136328,1828
12,19,0,153.7783954174972,19.06350832954243,1424
13,0,0,156.1744875099062,19.68652203841761,1417
13,1,0,185.8403545069326,23.58522255978655,1671
13,2,0,224.8992867108092,28.81093328311616,2023
13,3,0,251.4705227336487,32.38204333713195,2246
13,4,0,257.1765806146167,44.84919186000114,2290
13,5,0,257.7296021766304,32.25095342504854,2344
13,6,0,280.8853354201798,48.58675643120209,2486
13,7,0,266.1020053680285,34.01534856422512,2409
13,8,0,265.29327445899,34.18222216581027,2389
13,9,0,287.7673374004295,309.7637094147224,2414
13,10,0,292.9959735519286,405.4707889387382,2345
13,11,0,267.3791988282064,33.30154854492859,2420
13,12,0,262.2334217397703,32.93171148059052,2397
13,13,0,260.5038068220908,32.89807608953566,2365
13,14,0,268.6596615729855,88.69112799386328,2380
13,15,0,259.5547845077983,33.39491276246032,2345
13,16,0,246.8462666688814,38.20387546650895,2192
13,17,0,225.3693238882579,28.34086556219844,2071
13,18,0,195.6469276771842,25.20737621809867,1760
13,19,0,158.0531619308587,20.13355684166309,1449
14,0,0,156.2738638790995,20.71817952574792,1394
14,1,0,193.0118290715413,33.38041383485146,1692
14,2,0,227.0788088255153,47.04921402763185,1993
14,3,0,244.4777462989996,31.21398486973324,2194
14,4,0,247.612406762921,31.11874894857993,2230
14,5,0,257.6737297007091,32.31424587371789,2344
14,6,0,261.030755630277,37.58931597585274,2342
14,7,0,270.944386552497,190.2517135043797,2331
14,8,0,256.1802544348384,32.89883526672094,2323
14,9,0,258.9873797763097,32.94684419131882,2342
14,10,0,268.6915819696932,60.98313612850591,2398
14,11,0,272.0448656816851,92.12465845003942,2371
14,12,0,267.8866606643057,34.38920771981136,2432
14,13,0,259.7922970786905,32.96496858680355,2364
14,14,0,260.0095381611582,32.53117025989944,2377
14,15,0,257.855536468365,73.41437761796361,2314
14,16,0,240.5017285085083,30.32910190137131,2209
14,17,0,216.7001858915193,27.03319446684802,1991
14,18,0,203.6208554222704,25.99211426599921,1852
14,19,0,156.1417780299921,19.2132029039245,1450
15,0,0,141.5063053335336,18.26996611976455,1277
15,1,0,187.5930721493498,25.16483552743482,1653
15,2,0,229.5127127871059,112.5656216645277,1946
15,3,0,244.3085806498953,117.3009510105832,2070
15,4,0,244.9100750790644,31.22404278124792,2217
15,5,0,248.555436136378,31.12882596954923,2265
15,6,0,293.0004870995338,868.7607753015302,2243
15,7,0,265.186179399056,46.22960913260897,2325
15,8,0,258.300246298707,34.06918837034707,2300
15,9,0,248.5789810030337,31.13827116639336,2271
15,10,0,252.9361773748402,31.73163155341829,2317
15,11,0,258.5009566487022,32.50267180741714,2360
15,12,0,253.2328554586322,31.94991619720858,2314
15,13,0,266.1793854197869,239.0265699347141,2322
15,14,0,250.3371496458511,30.98783328623542,2307
15,15,0,249.2409804754043,31.86860487104576,2263
15,16,0,253.6642973289983,56.49515384222033,2263
15,17,0,226.6032559533414,29.04273806463342,2034
15,18,0,186.7812197738408,23.77937321127664,1696
15,19,0,159.3868933696481,20.53640629619979,1443
16,0,0,135.7276865934525,27.38624364823975,1179
16,1,0,184.0851288782693,24.12358032636197,1634
16,2,0,212.5051090126341,88.60281044268064,1848
16,3,0,231.3057150155819,68.36542158402439,1990
16,4,0,233.8354521232577,29.72215545856461,2113
16,5,0,250.1089574641182,109.6102490112171,2162
16,6,0,252.7277751227072,87.2454470174787,2230
16,7,0,250.0911792594058,41.18917734069033,2216
16,8,0,241.8856058162249,30.35930865974904,2194
16,9,0,241.9715664494173,30.42822315570014,2211
16,10,0,245.8322431173939,30.71687460416381,2238
16,11,0,239.3453320019013,30.34656729488941,2170
16,12,0,240.9782787412112,32.46388754463121,2192
16,13,0,243.7418621858183,30.69865912621987,2230
16,14,0,247.394803922707,30.89699095476681,2278
16,15,0,231.593759062379,29.11867536524658,2120
16,16,0,239.3918704131451,81.14567075900324,2140
16,17,0,209.7319997813835,26.82925394398463,1910
16,18,0,178.3226625936579,21.79096980808042,1657
16,19,0,141.4359840333327,17.41568691010089,1326
17,0,0,138.5716358228935,18.26714038247365,1229
17,1,0,165.8303968332233,20.35361773650193,1514
17,2,0,192.773496988867,25.36277467019443,1712
17,3,0,209.1503466122125,27.22772703564505,1861
17,4,0,230.4876483838653,195.6524206288888,1933
17,5,0,225.8225434659026,28.93914516673408,2039
17,6,0,267.7305995093074,2087.979333123027,2031
17,7,0,228.8585438740874,29.46837458454402,2060
17,8,0,222.3090280433873,28.04858042850443,2018
17,9,0,254.8797015772024,221.953809956007,2133
17,10,0,222.9252754169194,28.83038184001737,2006
17,11,0,215.2238257046318,27.24623951841952,1978
17,12,0,220.2505270297265,28.50080463637372,1992
17,13,0,219.9467467031802,28.41082774451802,1996
17,14,0,222.9478311633723,28.65402043777099,2019
17,15,0,219.894588651216,27.72513722400157,2010
17,16,0,217.0667407855451,27.15528729565183,1991
17,17,0,211.4514274351434,205.0519866691647,1821
17,18,0,193.0663241032561,426.8620432222475,1567
17,19,0,136.5899946833925,17.5247114627964,1245
18,0,0,114.8776732233718,14.27055216719647,1040
18,1,0,137.790738984628,17.2797162218195,1248
18,2,0,164.4286350541862,21.61419881673442,1449
18,3,0,192.4796522820924,92.95694150433199,1653
18,4,0,185.7212899012493,29.13447037296007,1693
18,5,0,202.8355744710405,56.65589257930536,1783
18,6,0,192.8550601650957,24.37012608354052,1740
18,7,0,186.922138505805,23.07843804713352,1720
18,8,0,199.8981339337459,25.49285542211569,1795
18,9,0,192.6539026453711,24.72426003996557,1740
18,10,0,198.7344175716548,24.86695441713692,1807
18,11,0,193.8680668450983,28.85226108354079,1754
18,12,0,205.6555178171258,26.15925617245524,1865
18,13,0,195.0272774958928,24.80979833765845,1771
18,14,0,193.7711090067224,25.15403950499543,1735
18,15,0,189.8451161963917,24.37628852943168,1708
18,16,0,184.7468931473663,23.25911339228308,1688
18,17,0,176.8359052464039,24.07679294395609,1585
18,18,0,152.7427222418249,19.91741329867315,1386
18,19,0,117.3259235964429,14.99444319420749,1085
19,0,0,91.70987705197952,11.92387436101785,817
19,1,0,113.9074889595054,13.8841378251503,1047
19,2,0,133.6499056478455,17.66808265410802,1185
19,3,0,135.780420088618,17.35604946709599,1215
19,4,0,175.7611152028233,652.3058955193354,1353
19,5,0,145.0010729042966,17.43772437845021,1348
19,6,0,159.1991887006031,28.48288747464171,1409
19,7,0,151.4603899196647,19.65634894638699,1360
19,8,0,166.9549826056016,55.19342318072553,1437
19,9,0,154.2754304706327,19.37941859940388,1409
19,10,0,150.2352969186795,18.28181783857231,1399
19,11,0,156.8584628568321,20.72434612237035,1407
19,12,0,157.6940538593698,20.27193769773063,1426
19,13,0,157.1616579672568,20.41877301116078,1427
19,14,0,152.1605048848026,20.25003680505481,1364
19,15,0,147.6742802012586,18.86064328480538,1342
19,16,0,147.2084444369026,18.68234338301872,1348
19,17,0,141.0673046117137,25.61256634476475,1268
19,18,0,118.8864700840875,21.02521387222064,1059
19,19,0,92.75574496598011,11.40700462464183,863
