# mesh name: boxMesh_1
# primitive scorer name: doseScorer
# iX, iY, iZ, total(value) [MeV], total(val^2), entry
0,0,0,91.17843080639791,11.27813214236733,841
0,1,0,125.2388378761884,121.7060821897164,1041
0,2,0,136.5878858000231,17.18064895493068,1244
0,3,0,141.3552052816871,17.60490175276577,1304
0,4,0,147.8295327055651,18.72419913897033,1354
0,5,0,164.2236624270016,20.54334325399689,1517
0,6,0,163.6141851440591,21.96369952344343,1482
0,7,0,165.3584902720189,54.97720656738604,1475
0,8,0,165.1682381718058,20.30924036048289,1546
0,9,0,184.0843443169043,413.3060972123632,1534
0,10,0,164.5506933439758,42.21361239001128,1511
0,11,0,176.3367806887638,75.35911509497903,1553
0,12,0,158.0144855010708,33.46916207758006,1464
0,13,0,164.892421565893,21.14919431525454,1569
0,14,0,167.4466148267724,19.69698218680702,1612
0,15,0,155.4766346630285,18.34413526860158,1518
0,16,0,166.8498058743631,19.74592183239973,1632
0,17,0,168.5081061227682,19.8709741625799,1654
0,18,0,184.3932557782165,21.547848034457,1811
0,19,0,177.5951191167875,46.48720865193314,1694
1,0,0,107.6984483401383,13.46642191366306,987
1,1,0,134.0225907605503,16.90786456810148,1222
1,2,0,164.8849376044494,20.71793160043231,1506
1,3,0,183.5496162127608,23.15879594981787,1674
1,4,0,198.8215401106204,95.71022360214468,1763
1,5,0,202.6076527450045,26.31242045866809,1833
1,6,0,199.8599032716559,26.21716053252928,1792
1,7,0,209.5320219637445,59.86752110560784,1894
1,8,0,201.4156737036806,24.95166910798225,1876
1,9,0,220.4632879628268,146.6258225844747,1901
1,10,0,201.5203805980151,24.24576358538375,1924
1,11,0,202.2432736473241,25.16967101516581,1890
1,12,0,224.4292017717053,27.9834061732924,2093
1,13,0,215.8849283532367,26.06533141706034,2061
1,14,0,218.4731575159127,26.429052146684,2086
1,15,0,230.2001618629651,28.39506387406342,2173
1,16,0,233.8691338647432,28.47947890255984,2229
1,17,0,247.4644247852284,103.342952323196,2280
1,18,0,249.917265523818,46.7746906705094,2408
1,19,0,215.2828822760275,29.84673173791393,2099
2,0,0,125.0496839322557,16.3851301148417,1126
2,1,0,155.724884048499,20.77698902803521,1370
2,2,0,193.4474703701135,25.70984923480016,1760
2,3,0,227.8150081631346,197.090281082167,1947
2,4,0,222.5523290352016,52.38442226513842,2021
2,5,0,224.7715337441697,27.70452284914502,2074
2,6,0,230.2991908591978,28.13569692073217,2133
2,7,0,234.4874782227341,36.85264324547081,2155
2,8,0,233.0269194849266,28.31602626134348,2191
2,9,0,250.3646923173722,116.4739850207091,2231
2,10,0,255.7150379855766,265.556754793832,2248
2,11,0,235.0874301810701,28.75017274786866,2224
2,12,0,242.5170213278788,114.8351988916541,2221
2,13,0,255.627158691497,31.17314290791752,2425
2,14,0,270.2800947006316,192.9151092572375,2464
2,15,0,258.7569954021607,196.5146402170031,2341
2,16,0,249.4292175894461,29.16379201489326,2438
2,17,0,256.7286199520678,45.11255552948988,2446
2,18,0,254.1954320537193,30.78611777024211,2465
2,19,0,223.2227482474132,27.25608223984253,2163
3,0,0,141.640835803183,17.72043422200281,1294
3,1,0,176.0184782944043,22.46900622162881,1588
3,2,0,214.162398344891,27.56586434025598,1926
3,3,0,226.7476525808237,28.58971002001283,2068
3,4,0,257.2970579754143,728.1345210959742,2142
3,5,0,239.7153449509245,29.21044439193557,2224
3,6,0,251.7335389145802,53.93554641440988,2306
3,7,0,268.1910733204134,151.4673802000784,2349
3,8,0,256.4819595995027,32.07551105847755,2390
3,9,0,263.0427113462567,96.61959982064631,2376
3,10,0,257.9589054115224,57.91804176659907,2382
3,11,0,250.1397273853437,30.05329325838502,2396
3,12,0,260.2055500267867,71.28871235761704,2426
3,13,0,259.469539632365,31.64474951563386,2467
3,14,0,261.4531795844061,86.88366388961636,2427
3,15,0,258.6782236072052,30.52700858946824,2506
3,16,0,260.2018103308111,30.75868939385837,2525
3,17,0,257.4022261826366,34.60320298170051,2483
3,18,0,269.8833914973511,78.03110912359132,2505
3,19,0,226.2085161999781,27.62578276702407,2180
4,0,0,145.6105692237261,18.80780455737854,1319
4,1,0,188.9392434890261,23.95736832423013,1698
4,2,0,212.66631722864,27.89289949515196,1906
4,3,0,246.5016564899313,30.60129146263669,2262
4,4,0,241.6568963646028,30.78307931755678,2200
4,5,0,258.1972592714882,111.1715095594503,2308
4,6,0,268.9386553073601,48.20326195196164,2425
4,7,0,271.2374125889606,199.1134097278947,2380
4,8,0,257.6075464295174,210.2721773711947,2303
4,9,0,253.7428467910129,31.1485512980533,2378
4,10,0,261.360814413113,32.43238771761015,2434
4,11,0,242.4767804867231,30.2910494195097,2276
4,12,0,264.3406005745185,32.78085973916783,2479
4,13,0,256.5715451910363,74.90200957456575,2419
4,14,0,255.6603253372821,30.51570410728377,2454
4,15,0,272.0164699414526,210.198301885924,2387
4,16,0,264.9214982217068,31.5790965522035,2550
4,17,0,259.7286581820579,38.38996682573412,2458
4,18,0,259.2890377029498,155.1347674518512,2425
4,19,0,245.4271440505401,84.41884580795025,2282
5,0,0,146.1469136564053,18.83398974546109,1308
5,1,0,193.3635026316469,43.56175101166051,1716
5,2,0,219.4608064654771,27.78665510929171,1996
5,3,0,247.6112093621627,36.2616556967924,2194
5,4,0,247.2666415526825,30.70116660128933,2276
5,5,0,257.9591063030772,36.05291450021021,2349
5,6,0,258.6605112498556,31.64288126744757,2405
5,7,0,278.1320441179623,213.718465800081,2440
5,8,0,269.2604145848021,34.55359208745225,2486
5,9,0,253.2739003883376,30.08691190278092,2414
5,10,0,255.9663556691346,30.52375155358682,2459
5,11,0,270.7291220625066,290.3375237022055,2410
5,12,0,260.2289848686075,128.1406786755234,2406
5,13,0,271.3588300115073,253.0625197574906,2419
5,14,0,259.3018081756362,31.09137251720398,2487
5,15,0,268.4896845350821,33.35662834422735,2540
5,16,0,280.0868424623528,501.7783559533962,2507
5,17,0,255.669107550232,31.23895036171671,2485
5,18,0,255.7656591740929,30.17957184799308,2504
5,19,0,237.5374181707861,177.7365759502946,2174
6,0,0,142.029384881021,17.64528432362374,1304
6,1,0,182.0561919241778,23.39104833811799,1638
6,2,0,216.0916187905459,27.39388550889081,1945
6,3,0,257.2250003958661,212.0162240595644,2234
6,4,0,249.675487679905,34.89922868038355,2258
6,5,0,257.109301798388,48.4767202702472,2339
6,6,0,252.0834913048818,30.84565548631014,2349
6,7,0,267.6649576029592,43.76946148619113,2452
6,8,0,267.5255278547455,32.96840624243408,2503
6,9,0,263.9343958784031,32.0002703943826,2489
6,10,0,254.5960101517836,31.47710920982025,2391
6,11,0,262.0015801792234,32.0323055938838,2471
6,12,0,265.4491931122736,46.32136391145583,2483
6,13,0,291.7409805263979,322.1019421712443,2549
6,14,0,261.1766400863687,78.18594604743326,2444
6,15,0,267.2314530412004,68.04291066122538,2488
6,16,0,278.7902226525438,89.7100529910722,2584
6,17,0,262.0423199031346,47.68108492247305,2518
6,18,0,253.2407970259611,29.45370029378401,2488
6,19,0,228.7824370428777,49.94550717588364,2202
7,0,0,155.1456794939246,20.24324597167164,1379
7,1,0,194.2477281494723,24.31980520546476,1755
7,2,0,217.452609230985,27.84952260042735,1978
7,3,0,238.557496099596,30.24287807447318,2163
7,4,0,258.8678012608927,33.44710225697519,2343
7,5,0,270.5140696963289,197.5450379877126,2363
7,6,0,262.1868757887642,32.25104494834508,2443
7,7,0,263.8472885628879,33.69054856914483,2418
7,8,0,264.657167612341,33.05337950360741,2460
7,9,0,269.2459661129894,41.58075833634508,2493
7,10,0,270.3587873864529,89.07608646871968,2454
7,11,0,257.4792188816673,30.8534401521872,2460
7,12,0,275.983856895574,261.5562212465769,2476
7,13,0,274.1369088644281,242.6916984628263,2417
7,14,0,266.3591797562179,60.63744247276168,2472
7,15,0,278.3013599008876,319.4813726329594,2513
7,16,0,271.2247829963622,142.8472826036185,2514
7,17,0,265.6987422469863,32.30135939994404,2552
7,18,0,266.1780718281873,33.43004492529481,2578
7,19,0,227.5289318115434,26.58115104594011,2222
8,0,0,152.7860194352927,19.75090667020659,1384
8,1,0,195.6247539257813,25.24382420062597,1755
8,2,0,229.8811394445752,29.65685086498911,2084
8,3,0,253.316374134861,161.7297875621611,2207
8,4,0,245.1653485235993,31.34426951952472,2227
8,5,0,274.5637166766916,250.5880231311515,2393
8,6,0,274.0657773734524,53.31904917214612,2502
8,7,0,263.0638326276082,32.20169316719409,2445
8,8,0,252.9067135986373,30.84119828413768,2379
8,9,0,259.6991382074495,31.85110901491644,2433
8,10,0,256.2482268739876,31.17345458219252,2420
8,11,0,260.1085764418354,32.41833467522142,2452
8,12,0,258.4865564441616,31.41163386197243,2464
8,13,0,254.1985107077289,31.77797854996436,2399
8,14,0,286.0447067051415,677.9222444129631,2483
8,15,0,264.6830125768447,78.3654666933196,2430
8,16,0,265.1587886189159,50.99377366172186,2466
8,17,0,267.1387332372781,31.99417746239246,2581
8,18,0,258.1068560406715,31.15293103637746,2499
8,19,0,225.9615136421542,26.75611263159664,2222
9,0,0,151.0469173528311,19.06931105928335,1373
9,1,0,186.7675442570096,24.73766317541288,1692
9,2,0,217.878109829015,29.2893431225366,1993
9,3,0,242.455536661871,30.70804662415575,2220
9,4,0,256.4502972224654,34.71372214799269,2307
9,5,0,250.0820156328291,31.02468111512949,2304
9,6,0,256.9058404633143,32.5175617262632,2355
9,7,0,252.2805191194195,30.76386835626973,2372
9,8,0,284.1712230860557,485.7573064867518,2400
9,9,0,273.8077264247102,100.4973988567365,2482
9,10,0,290.5601495998628,1002.472412965555,2476
9,11,0,256.7964864264801,31.13727587804756,2439
9,12,0,264.3618504986974,32.5334145415003,2497
9,13,0,269.0700301838129,456.9846564473385,2369
9,14,0,269.1477534391601,56.16093723815083,2524
9,15,0,249.1640005315471,30.85314235620396,2378
9,16,0,264.5295178530509,35.31707677896137,2561
9,17,0,253.2054642900328,30.0882426341781,2458
9,18,0,256.9495126615678,30.37020729676166,2518
9,19,0,225.8441715237725,27.12242031911551,2188
10,0,0,143.2284803189463,18.373784206821,1296
10,1,0,185.5867106860801,23.97611917576945,1668
10,2,0,224.1326360941779,28.77896372842449,2032
10,3,0,269.5228601344853,365.3547349129072,2278
10,4,0,276.3887858207948,270.5623862257733,2421
10,5,0,253.5569623171858,32.66215699023716,2297
10,6,0,255.5774477621683,31.68626240283563,2374
10,7,0,265.0472618913545,32.76975606575846,2457
10,8,0,262.2515273631844,32.46693158671459,2468
10,9,0,272.6381213212972,63.86068709409171,2472
10,10,0,261.1311877011687,32.04804998858234,2447
10,11,0,259.3372719387496,31.70694031630748,2460
10,12,0,284.2621882255245,108.6532875225743,2541
10,13,0,260.9507769590439,104.0125139251068,2408
10,14,0,264.8596472429898,82.60098182353217,2483
10,15,0,263.7870519687668,46.67307046774647,2536
10,16,0,288.433033132672,486.5559734575671,2553
10,17,0,253.5064042004982,30.29705496030845,2453
10,18,0,268.7503280195264,80.058669155928,2525
10,19,0,225.6244296266384,26.77704401740685,2206
11,0,0,153.1437985458781,19.30809973288559,1396
11,1,0,185.5115302181333,23.31620153385412,1692
11,2,0,222.7514009006138,28.89643319424873,1997
11,3,0,244.0090589521625,31.73945065070508,2207
11,4,0,251.2777713000792,66.71728943208379,2240
11,5,0,263.9148265210245,35.08590134991484,2393
11,6,0,270.4358628382373,541.0163835951545,2319
11,7,0,260.2940538444718,32.50710240412013,2421
11,8,0,257.6309074092104,31.88590145685673,2426
11,9,0,267.0884142860135,59.93297848817127,2402
11,10,0,259.4696070073569,32.50206119476046,2428
11,11,0,264.5438293686936,32.53082835280308,2504
11,12,0,258.6073412420512,31.6605158794803,2462
11,13,0,262.9630908736154,31.95012956512543,2508
11,14,0,254.1200120521914,32.42988561876471,2410
11,15,0,253.4038339973871,30.57765225793089,2457
11,16,0,282.6216614187647,443.1187939500677,2537
11,17,0,255.8653248577791,29.59794252043255,2518
11,18,0,253.0685776403734,29.57814274345601,2495
11,19,0,227.8443413901175,27.79872099866389,2184
12,0,0,149.4823699686212,18.72977673761373,1363
12,1,0,195.540268247609,24.84514682454724,1764
12,2,0,222.2703658357018,29.13580898866591,2004
12,3,0,238.1026818993997,30.07511499941064,2171
12,4,0,272.9744073206018,209.9805648167814,2360
12,5,0,259.0430803085284,31.87874808326422,2397
12,6,0,271.9020736317884,58.80827798807151,2474
12,7,0,272.6506843763336,35.17696567473351,2475
12,8,0,253.0902413406046,31.46972372646836,2350
12,9,0,266.2643558553907,33.80672950539836,2476
12,10,0,259.3760732597718,31.40610712360337,2458
12,11,0,267.1572490592793,31.86656188159702,2555
12,12,0,267.8159415679856,54.56850398362953,2471
12,13,0,251.043618355075,30.12895478859776,2424
12,14,0,260.2508245925657,31.34641443080363,2489
12,15,0,272.3132431248122,36.57798817284525,2581
12,16,0,264.7439265877632,447.1839644577732,2365
12,17,0,262.1379463405241,31.13293806021034,2564
12,18,0,256.8915891589045,31.40603855921339,2496
12,19,0,230.6559904534551,27.54814866546528,2248
13,0,0,155.6328541165034,25.65092841956067,1372
13,1,0,179.0735067044112,22.79620681788727,1622
13,2,0,221.7855000238318,27.58831320985121,2024
13,3,0,237.0416198012017,29.51434806533715,2177
13,4,0,268.2644144741548,439.1448449300482,2266
13,5,0,260.3405221469664,41.28581159401222,2333
13,6,0,253.1123451658714,38.70797698393662,2320
13,7,0,257.5618711229081,31.94142973539617,2383
13,8,0,276.6781732966671,35.39463875845691,2530
13,9,0,272.2819827904412,107.6321176036195,2441
13,10,0,266.6321861778503,33.3286647280171,2478
13,11,0,257.2747884976915,31.14901928648331,2441
13,12,0,260.3238713667847,38.47343801649014,2459
13,13,0,258.2013599126352,31.28694664902525,2462
13,14,0,262.7061061937002,31.5367814930442,2525
13,15,0,260.4094864120061,86.17666353513022,2413
13,16,0,257.0462824855687,30.69667882262376,2504
13,17,0,254.9896200678639,43.95322820532613,2439
13,18,0,259.8286213178472,30.940558155589,2529
13,19,0,246.2575117207302,440.5508059713071,2237
14,0,0,145.8390760887891,28.80506245574106,1299
14,1,0,181.9467108222137,23.15793683043534,1645
14,2,0,218.1133389771475,27.38467707744583,1989
14,3,0,230.8846624354648,55.77741363559291,2106
14,4,0,242.9487915542919,31.52479867971061,2199
14,5,0,270.9222322078624,354.6182887811421,2283
14,6,0,264.7476491631792,74.56456673755677,2425
14,7,0,250.8142447519737,31.31501399789012,2326
14,8,0,252.6932788529734,31.66464940459728,2348
14,9,0,258.6048058035269,58.80095387148317,2377
14,10,0,254.48495914102,31.0223309060919,2399
14,11,0,262.6838468316082,33.56236900061893,2471
14,12,0,263.0668369804752,32.2755097633635,2489
14,13,0,260.277192958149,31.04756608264467,2499
14,14,0,261.1012891606185,32.67553071149494,2466
14,15,0,256.6822079406003,115.9366034740074,2355
14,16,0,250.1767083180563,38.56644712929105,2393
14,17,0,267.0414009166433,34.66888286482212,2556
14,18,0,258.7013536839417,31.51876043040162,2517
14,19,0,254.6654668939795,522.548623725191,2219
15,0,0,157.206536444723,32.45679453846478,1359
15,1,0,196.4640683890109,150.7418945298479,1641
15,2,0,212.62832047046,26.83640344377332,1951
15,3,0,243.6010948839213,80.38795843825969,2187
15,4,0,247.4846672025633,32.22480870038482,2237
15,5,0,250.3361084113347,32.19832995054529,2289
15,6,0,255.1209830592641,32.54823305018393,2353
15,7,0,248.4224867577382,30.98110166169945,2302
15,8,0,252.6467929371095,31.57583278081464,2347
15,9,0,248.8300939573755,30.352814312855,2345
15,10,0,268.6334812369441,161.7454077116782,2395
15,11,0,261.8601773157604,34.21109225103621,2451
15,12,0,267.0834677568807,82.11127555953813,2470
15,13,0,254.9685142757469,30.92327447305077,2420
15,14,0,258.7195560026584,31.0025174229945,2493
15,15,0,261.453542910323,33.82489948598167,2471
15,16,0,252.3424749761839,30.49848486306842,2443
15,17,0,248.3889752303498,29.80887484447208,2413
15,18,0,266.5231764841938,33.77538648807389,2589
15,19,0,231.8306449819628,42.67915822454871,2235
16,0,0,140.3160963950303,18.46698432173172,1258
16,1,0,205.4757361239957,791.888342919022,1596
16,2,0,209.5254305465519,27.41592611825448,1872
16,3,0,224.4892449151422,28.05406959444947,2052
16,4,0,234.9722860787229,30.00428646940806,2130
16,5,0,275.848724011907,822.5187996742022,2275
16,6,0,238.8483696098837,29.69851265514092,2206
16,7,0,248.8117150393343,30.70232609748199,2328
16,8,0,244.3133863627852,29.88282021990253,2295
16,9,0,246.6438511663717,32.49428382627183,2291
16,10,0,272.2415362442143,177.6294707305957,2423
16,11,0,254.7844759113736,89.02315393099457,2331
16,12,0,266.3133397320373,129.2321828917599,2426
16,13,0,253.6099139424864,30.7646957275273,2412
16,14,0,264.1192876377817,80.09681277901716,2447
16,15,0,256.6162670394459,31.39373079194979,2449
16,16,0,272.7718464371,202.7244218185756,2429
16,17,0,253.5485917130229,30.0895649535998,2473
16,18,0,254.2360501427875,29.89991830541234,2485
16,19,0,224.3814157959166,26.28022160565259,2194
17,0,0,128.4135511636414,16.22074593825477,1170
17,1,0,161.1005436312215,20.69003336913977,1454
17,2,0,194.9918272386135,31.25286994018643,1723
17,3,0,201.8696722762534,24.95810964027347,1865
17,4,0,216.2936059320896,26.98138984654914,1980
17,5,0,227.150342096753,28.08682927325343,2102
17,6,0,227.9909098511168,28.47473911732576,2104
17,7,0,234.6998953073618,29.03483125498242,2199
17,8,0,248.8164834225479,231.7459080802198,2132
17,9,0,233.4540957644881,29.58329394346138,2165
17,10,0,232.9671254111666,46.77223365794461,2148
17,11,0,233.5596144983125,28.16825120085875,2249
17,12,0,235.2889258957596,28.85861316885037,2267
17,13,0,253.3994670352627,65.45934550553976,2360
17,14,0,255.6674825667706,39.7927150177729,2402
17,15,0,247.9642206494005,30.19734891759938,2371
17,16,0,261.9822066580708,31.54007701084877,2519
17,17,0,261.0676788203031,31.06420683790215,2538
17,18,0,259.155896000131,35.82054423997183,2497
17,19,0,222.9017027830289,43.46890081468751,2149
18,0,0,109.6464065360621,14.72425046453665,979
18,1,0,144.8763847619709,46.82774442200166,1265
18,2,0,162.5388094270129,23.08417723229996,1469
18,3,0,183.5784552392906,23.94497744913884,1660
18,4,0,211.2797335874781,41.16088046870517,1865
18,5,0,202.694466528706,25.52261433736851,1858
18,6,0,199.388304144854,24.97426096181347,1834
18,7,0,205.7937775308438,25.50895936335786,1908
18,8,0,198.8303963402419,24.43585547490174,1862
18,9,0,206.3876156880164,25.14811197719145,1932
18,10,0,213.840073253446,26.79910248487626,2006
18,11,0,212.2729067467814,26.00420755756261,2013
18,12,0,210.920668681209,26.13662116000286,1993
18,13,0,220.6363493190927,26.8611008026683,2107
18,14,0,226.0602689851553,28.11255417480972,2159
18,15,0,223.7435860672149,27.41903490324751,2135
18,16,0,227.1250104491112,30.37366179095494,2168
18,17,0,236.670274561249,27.58303254191694,2311
18,18,0,246.2352285811247,46.7601044023769,2366
18,19,0,221.7252486195624,26.61248020322739,2149
19,0,0,93.26785084839906,30.60094201028951,797
19,1,0,122.4848456548343,186.8445935388956,996
19,2,0,130.0094107461798,16.41817334621152,1182
19,3,0,151.0593063508368,55.51452070146402,1322
19,4,0,149.8630851776497,19.61885514160262,1363
19,5,0,150.8497158627441,19.56740085683973,1376
19,6,0,155.5189894290613,19.80246706160589,1419
19,7,0,157.6373800973669,20.24916488585708,1448
19,8,0,184.3733474126123,261.8239996067063,1507
19,9,0,170.8040598570904,72.65949053287557,1488
19,10,0,155.0768242933668,18.58323372612509,1476
19,11,0,157.8060674433921,18.98684029998924,1508
19,12,0,164.3314746295723,20.06049404949725,1562
19,13,0,167.5471016829024,20.41618236009731,1598
19,14,0,178.4744288658005,50.40175645829395,1620
19,15,0,177.1189560073786,70.94666648354725,1611
19,16,0,172.1939830925492,21.47060091462611,1649
19,17,0,191.5993248765445,270.2548370272809,1732
19,18,0,190.7285708090985,23.61541249261671,1823
19,19,0,170.1845546222485,19.81444004645047,1675
