# mesh name: boxMesh_1
# primitive scorer name: doseScorer
# iX, iY, iZ, total(value) [MeV], total(val^2), entry
0,0,0,79.44442237903084,15.89843944780269,657
0,1,0,102.0823266322053,13.75067332024126,863
0,2,0,117.4797760587913,15.75870912544802,997
0,3,0,128.847451128523,17.39176716119702,1101
0,4,0,143.1823865210216,19.20374849447485,1229
0,5,0,148.5381572805928,19.447370695767,1295
0,6,0,157.1726080392168,20.6904109693195,1372
0,7,0,158.405455327839,20.73259161067559,1385
0,8,0,154.0283880987514,20.28888749913426,1364
0,9,0,157.7574460386438,48.9590356143112,1371
0,10,0,163.7651415384141,107.1235459627793,1382
0,11,0,154.4267817719324,19.63030949660957,1406
0,12,0,158.4671531200866,20.12368755960774,1444
0,13,0,158.4472720064769,21.06941025951329,1457
0,14,0,159.1189801183102,19.4224684849103,1482
0,15,0,154.3058780546151,18.7093848268707,1467
0,16,0,166.1652238672268,80.34924947623294,1510
0,17,0,162.0237384942333,20.0904960318966,1530
0,18,0,165.1481732327869,19.85418445811583,1584
0,19,0,134.0566931923257,15.81644443561341,1307
1,0,0,107.9966074490916,91.36807162652293,848
1,1,0,122.3978563347462,32.03051191428722,1011
1,2,0,148.5478062383533,20.4325826825796,1242
1,3,0,155.6207400877431,20.67604691357693,1335
1,4,0,160.8246984227488,21.24032992206217,1390
1,5,0,175.753630228638,23.49980907033459,1517
1,6,0,181.2501643124103,24.34139965815925,1567
1,7,0,189.7060965202158,25.26620674232571,1643
1,8,0,183.6246639488638,24.20091024720042,1624
1,9,0,194.4204695184945,24.29641274892725,1754
1,10,0,190.8376572027529,24.66786328231659,1720
1,11,0,200.1524895116969,26.06846026005317,1791
1,12,0,191.0757703866755,24.26581687713619,1738
1,13,0,203.1406636938254,24.71887377590463,1908
1,14,0,205.6538399619984,25.689732683587,1905
1,15,0,217.5757311068872,39.54133389143704,1994
1,16,0,208.3745573393938,25.66496096290676,1962
1,17,0,211.6450465140653,25.07897599507274,2027
1,18,0,214.9342505687512,25.39533892683732,2084
1,19,0,175.9287768747884,20.90169618120912,1713
2,0,0,120.7814444088539,23.43891813040875,986
2,1,0,143.8353387745629,19.33793013035535,1221
2,2,0,164.978848746861,21.7541614675861,1424
2,3,0,186.7160988432618,25.31745201969191,1584
2,4,0,198.3761699934591,25.59483561654409,1723
2,5,0,207.1547277733853,28.37943221588283,1798
2,6,0,229.9357362048048,144.8764316625404,1874
2,7,0,216.1676333826,33.94439984783551,1904
2,8,0,225.8976067027323,29.53532806131238,1982
2,9,0,220.796064927677,28.35094008465495,1975
2,10,0,226.1861727129786,28.19905403705349,2070
2,11,0,218.9137007162272,29.13562349430411,1943
2,12,0,224.4669615191343,30.82500185051801,2028
2,13,0,226.9355997546908,28.54600330199223,2098
2,14,0,228.7645651032188,27.62713852621279,2155
2,15,0,243.4098041057746,30.26398751066085,2277
2,16,0,236.9349673960573,28.86654110261747,2253
2,17,0,248.6405918923741,32.7859538850125,2359
2,18,0,231.9526587093148,28.24069249288698,2217
2,19,0,193.2499289738214,23.56339311662311,1837
3,0,0,127.2531627832222,16.85646680197517,1077
3,1,0,142.3707358766108,23.144462263739,1201
3,2,0,180.4791101363279,23.77218715964024,1540
3,3,0,200.3568443277922,27.0045445801319,1715
3,4,0,217.325306241221,29.10719830602595,1863
3,5,0,220.9942200616371,29.56247506488663,1899
3,6,0,231.2751148559499,31.3308110567474,2002
3,7,0,246.1015845604676,32.338538578708,2153
3,8,0,248.6358872455014,31.9118545366236,2207
3,9,0,239.5529037926153,30.3610097407721,2159
3,10,0,249.6048464362955,52.22818781770714,2219
3,11,0,247.7454427340021,31.25770740659075,2268
3,12,0,248.6354241675353,31.60124435422861,2273
3,13,0,249.6376985164594,30.4672573760333,2336
3,14,0,252.3364632497884,31.0142271033116,2358
3,15,0,271.8416918822375,89.15473249863909,2477
3,16,0,260.4904210223884,241.2218902517457,2361
3,17,0,250.7665737977558,31.03707264752654,2387
3,18,0,268.1120491157961,539.7927588065066,2367
3,19,0,205.515771751522,24.62303096139453,1977
4,0,0,140.272110843752,19.76765216141249,1169
4,1,0,159.5181620922059,21.52340514946304,1351
4,2,0,185.834065872542,26.27255628303341,1571
4,3,0,219.6299252535363,116.3427755514602,1796
4,4,0,229.0455821401351,36.55120295081038,1948
4,5,0,238.5022507051458,31.54104364727626,2074
4,6,0,241.3633819776112,31.28059092906737,2120
4,7,0,245.2927747985434,31.61836017450914,2176
4,8,0,257.2352791500992,92.05520494443066,2201
4,9,0,274.8990052015944,149.8515385415001,2369
4,10,0,252.3042469667589,31.50865558881468,2292
4,11,0,256.4470537093058,32.48078512590479,2340
4,12,0,272.472028538844,142.7558040055517,2410
4,13,0,286.7478486424761,325.152851618222,2413
4,14,0,248.9510199963077,31.12651682844211,2316
4,15,0,254.721732771697,32.08542934106601,2360
4,16,0,255.4716014230534,30.97416359923538,2431
4,17,0,255.7190783616186,53.11948780141545,2404
4,18,0,249.5804432191281,30.26454506103766,2375
4,19,0,202.181603212071,68.23670705246772,1879
5,0,0,144.2532360592366,20.75880580935352,1206
5,1,0,164.9461944896215,24.26637681154254,1379
5,2,0,203.9053494757351,27.05660403890615,1745
5,3,0,236.8231714863722,234.8133310534276,1911
5,4,0,239.7516732388756,92.35156456533645,1958
5,5,0,250.8032118449306,33.15834446603856,2172
5,6,0,283.9515369597798,345.2376538646103,2293
5,7,0,260.1511906617473,33.85507138865957,2317
5,8,0,269.0360746589304,35.29088219498809,2365
5,9,0,278.0601478020133,57.49663821766084,2407
5,10,0,258.7965617071268,32.82158766662067,2368
5,11,0,274.9610074703254,158.7646302048412,2393
5,12,0,269.8710173497693,34.59701524971821,2461
5,13,0,263.4386918899231,32.31023339490782,2459
5,14,0,269.9862037045351,108.3409773696448,2429
5,15,0,258.3576473141323,32.10643633320652,2410
5,16,0,272.508553740782,61.79363110959125,2486
5,17,0,259.328878796836,33.64231429804364,2462
5,18,0,250.6417678582536,63.66642532397918,2347
5,19,0,212.6261765717494,26.60231715045882,2017
6,0,0,137.443055013723,18.1316467045535,1181
6,1,0,176.1530469579115,24.18413225298241,1476
6,2,0,200.3428000360931,89.93410334459385,1630
6,3,0,224.3064023613973,29.79806716494802,1918
6,4,0,238.4217511382129,31.57955168214336,2064
6,5,0,263.4840635413916,34.67137040481432,2286
6,6,0,250.0591998743377,32.65596049307052,2191
6,7,0,264.1904917653083,34.26165222437383,2328
6,8,0,275.0795719717325,36.46081275993779,2417
6,9,0,266.2716616221598,33.59949966542986,2418
6,10,0,261.4945071970271,34.25157641378894,2341
6,11,0,267.0444732677759,57.33730444240198,2389
6,12,0,265.7261561964977,34.51825669469761,2400
6,13,0,261.1247830471514,33.37941739519274,2382
6,14,0,255.3592014926741,31.19144815464288,2393
6,15,0,252.4030752695056,30.93375808263839,2376
6,16,0,272.4432871944566,39.77772264678011,2553
6,17,0,271.089118197311,70.24960510124869,2505
6,18,0,251.4817936420912,31.41651294973,2402
6,19,0,197.059352821608,23.33746227753267,1918
7,0,0,141.0014801036588,19.07911531142512,1187
7,1,0,178.8438716047492,24.07462714964554,1517
7,2,0,208.9014893696845,37.38173615710848,1740
7,3,0,223.273495905572,30.30093752498375,1895
7,4,0,242.3608339431731,32.03355025398234,2088
7,5,0,258.2823709123649,34.37655829859993,2230
7,6,0,261.0883686448809,35.13990165377216,2242
7,7,0,262.5982270781512,33.85550718218696,2321
7,8,0,260.5344894264805,47.21217221163218,2280
7,9,0,272.0051333300584,35.66580095964684,2411
7,10,0,272.7511372883275,35.25026126894964,2447
7,11,0,256.9460360001826,32.22679470165718,2337
7,12,0,261.7583955736547,34.31757763540448,2359
7,13,0,277.8167858488465,250.5122414619479,2399
7,14,0,263.8128591335902,33.97418042361738,2411
7,15,0,253.3816197783698,32.42776330256815,2358
7,16,0,275.9802740992744,114.6603049068191,2483
7,17,0,252.0661678950058,35.2010690049807,2377
7,18,0,250.6102397838908,35.45006774035264,2371
7,19,0,202.3988086488316,23.72064225844996,1969
8,0,0,150.3966626254335,24.07267366541261,1232
8,1,0,175.6424706068895,24.02882719434113,1487
8,2,0,215.4469522878678,29.16760646357526,1811
8,3,0,228.1991676182844,30.6953265795065,1931
8,4,0,242.2373812280306,32.15992925237232,2082
8,5,0,248.7557799619203,32.57211579293998,2166
8,6,0,247.7161244699901,32.74687641481498,2150
8,7,0,300.7937743052881,399.1209471072267,2374
8,8,0,274.0145696549748,203.1932775788376,2347
8,9,0,296.8609943004338,438.0882997179761,2417
8,10,0,280.9530281683941,287.6881125955296,2350
8,11,0,282.4358949047659,124.4030950773129,2450
8,12,0,262.5088288524653,33.24418830070319,2420
8,13,0,272.2110037560492,117.8997676735147,2409
8,14,0,265.6461666898979,74.23897811592046,2394
8,15,0,264.2310316779216,191.7045728479806,2366
8,16,0,276.7887292837055,410.3512680599551,2412
8,17,0,258.1849113009555,31.87831174463015,2456
8,18,0,255.4335873712314,37.58104662929843,2410
8,19,0,207.8059573719566,25.94444620647871,2015
9,0,0,140.576285060707,19.30211998254502,1177
9,1,0,173.421693795932,23.18267910276787,1475
9,2,0,221.9943476214283,74.14906594241741,1793
9,3,0,233.7377323950165,32.10763072525998,1974
9,4,0,240.0741484434871,31.39459682248201,2092
9,5,0,240.9334176128689,31.41102620474333,2098
9,6,0,259.1336284407166,33.57907254246125,2284
9,7,0,262.5443214726234,37.77849523222312,2291
9,8,0,264.1998844886912,35.94012867403038,2315
9,9,0,277.5985516529717,36.20932295523629,2447
9,10,0,255.820468707916,32.05144435437892,2335
9,11,0,282.4817803992196,553.2796301853971,2358
9,12,0,269.1137987742824,50.13792790178054,2429
9,13,0,264.6624519754134,38.16059762426226,2407
9,14,0,263.0113993743353,31.808507593331,2478
9,15,0,266.7024892045642,33.10400765528249,2480
9,16,0,271.2897730990909,288.3625241527268,2429
9,17,0,251.0823333899855,29.24717535756877,2440
9,18,0,253.3705044602345,77.18860136648865,2334
9,19,0,196.8331862176937,23.85513965196869,1926
10,0,0,151.0021581544452,21.32800119788942,1247
10,1,0,186.0050233909646,24.98376328203122,1568
10,2,0,225.8276973198491,308.4424474473656,1780
10,3,0,236.2676424833248,47.65381000114355,1955
10,4,0,242.4871893214228,33.52117167230323,2059
10,5,0,255.0520893084433,33.17025031043048,2240
10,6,0,260.2247766533599,44.42322937555383,2246
10,7,0,274.2675491928306,147.9199145550574,2320
10,8,0,270.9065166006122,58.83267140932801,2351
10,9,0,269.734623580024,34.20082436838513,2435
10,10,0,266.2448963197937,34.91763718671834,2391
10,11,0,259.77876666354,32.83947073271818,2376
10,12,0,269.4205686728046,42.17587868078297,2442
10,13,0,259.8256208747991,32.24471907542011,2408
10,14,0,264.1653816433127,31.79172759441691,2493
10,15,0,258.0526273459942,31.1009117875468,2452
10,16,0,263.0675830857521,31.09141149513597,2532
10,17,0,260.149131494808,34.29065310276871,2462
10,18,0,244.0023707610566,29.38248605721444,2348
10,19,0,206.6136851425177,24.63842152421916,1999
11,0,0,141.9635111461603,18.99493716177997,1203
11,1,0,178.7511795936553,57.736927282267,1481
11,2,0,198.7276081213415,26.74530254084667,1687
11,3,0,227.9679766629524,30.53421287236917,1951
11,4,0,248.8650255129456,33.94445620861612,2128
11,5,0,251.6611701770057,33.18214446555334,2187
11,6,0,274.8337947627329,294.0047620206657,2280
11,7,0,261.1492362924373,34.51071525028436,2298
11,8,0,275.9642911200805,42.48179415789328,2427
11,9,0,265.5630121062247,34.31484669618747,2377
11,10,0,254.6444802476922,32.02252205267813,2324
11,11,0,266.3245566590302,33.96023807767617,2406
11,12,0,267.5302156049809,34.04027382461353,2451
11,13,0,258.7250794258553,41.38059132103216,2398
11,14,0,257.6267047916992,32.83653247741627,2390
11,15,0,262.0468128925843,31.5348318667377,2476
11,16,0,270.1553773962838,33.91765698945481,2526
11,17,0,256.2293029266638,31.36321734936658,2440
11,18,0,246.6669617115956,29.35423128780473,2383
11,19,0,206.0189529618596,24.80158728061648,1990
12,0,0,141.0234689943393,19.04791821765984,1196
12,1,0,208.2051646031932,634.5319379415474,1514
12,2,0,204.5013748560548,28.60987164859135,1698
12,3,0,219.1513986415183,28.44579281989184,1901
12,4,0,235.4068571395306,30.86401480834514,2037
12,5,0,262.3430011326426,156.3794872441601,2150
12,6,0,255.0912378126289,33.5786541050593,2242
12,7,0,255.3442006154391,32.310856231758,2284
12,8,0,255.1866951725728,38.40718334307733,2258
12,9,0,265.8565431585413,33.68566629180901,2399
12,10,0,276.1545174913714,36.15664579715056,2472
12,11,0,259.7907597081589,34.22919958131456,2351
12,12,0,277.6717808116389,176.5711818702273,2447
12,13,0,255.4709230051594,31.41292344549951,2383
12,14,0,257.2843485032154,31.86864772872016,2398
12,15,0,255.7016034738723,34.42221314201191,2354
12,16,0,261.5595426947705,31.34526739133911,2499
12,17,0,262.3226355272666,31.3676982047675,2508
12,18,0,246.1183784921941,29.41933373292021,2366
12,19,0,212.0000903193122,25.1679006531585,2066
13,0,0,136.9410678465692,18.60906258787159,1153
13,1,0,171.5484246701693,24.20137803148946,1433
13,2,0,201.273825077064,30.85866920370489,1673
13,3,0,235.0599081411956,61.70710322586353,1962
13,4,0,234.7959159858449,30.97914505014072,2016
13,5,0,252.9894340280546,80.15781892825697,2138
13,6,0,265.9201433506818,80.56318164271858,2252
13,7,0,257.589971960412,35.48766411311869,2260
13,8,0,264.0519356233776,34.44389783004748,2337
13,9,0,267.205450892977,44.1221057506724,2350
13,10,0,263.7126326871089,33.98704172643924,2357
13,11,0,265.6325268679284,33.74953629652932,2414
13,12,0,259.2970258136512,31.96775357967927,2403
13,13,0,273.5261006972431,34.95659774040247,2498
13,14,0,255.264033047868,31.54311830620989,2382
13,15,0,295.9696244186208,195.0335520694489,2527
13,16,0,251.3850017967455,31.20456513625264,2363
13,17,0,249.1524330684362,31.09888071963299,2384
13,18,0,257.8613324373692,88.01585464636588,2414
13,19,0,214.6052851475916,25.86180911754984,2067
14,0,0,135.1604325027702,17.64718641885307,1161
14,1,0,174.1524135485063,23.97284113715923,1453
14,2,0,210.9026981953147,233.9052018900153,1677
14,3,0,218.567209782437,29.5941286583408,1863
14,4,0,233.021654906814,30.47650984717928,2019
14,5,0,263.4689563646403,98.30719289485089,2207
14,6,0,262.1756511461119,72.75881813556194,2219
14,7,0,262.0865780328101,54.7238025339394,2278
14,8,0,260.3378240414818,33.95190676097487,2299
14,9,0,280.0421247389552,264.1901961106601,2367
14,10,0,260.3911924692781,42.94566150362842,2324
14,11,0,253.3436167340862,31.74760906364111,2328
14,12,0,261.722871239949,32.64683992640917,2416
14,13,0,258.5084460241829,33.01859616039673,2353
14,14,0,286.9933327623656,467.600293456182,2458
14,15,0,270.5642816977087,183.5047587837987,2389
14,16,0,245.942477693284,29.19672810106372,2342
14,17,0,247.8826319260866,30.59785344884913,2365
14,18,0,246.9093896336154,29.96479680530435,2361
14,19,0,206.9719869005983,25.21850102188158,1990
15,0,0,130.4736367544811,17.90426625940234,1086
15,1,0,172.4997131483744,23.97470497704072,1440
15,2,0,188.6657483418816,68.17443519799853,1541
15,3,0,203.212438760949,26.83839477737902,1749
15,4,0,232.2038159978578,31.53233014544602,1984
15,5,0,239.6545682323577,31.30748903384981,2089
15,6,0,243.4959995824887,32.83607636338663,2097
15,7,0,260.4342046694767,48.28282587892966,2251
15,8,0,255.0662375324637,32.86012035296869,2270
15,9,0,240.6789313622218,39.84687236921734,2143
15,10,0,259.9468695998952,38.03891769083538,2301
15,11,0,274.6027631306245,83.99949428269747,2437
15,12,0,256.265053820769,43.00625735168169,2322
15,13,0,258.2311578295333,33.02037460054562,2405
15,14,0,252.3660622202893,35.33986055177839,2326
15,15,0,268.8826776655975,66.88773205361937,2456
15,16,0,262.0043281841478,93.34463998627257,2402
15,17,0,255.7884181330179,36.86702969161552,2383
15,18,0,247.047619948418,29.45175400777694,2384
15,19,0,216.4533144770784,110.6280172394627,1966
16,0,0,127.0007348874327,16.89838899905707,1091
16,1,0,147.8313552558751,20.11316198991916,1244
16,2,0,186.2987517568653,25.5527453137476,1565
16,3,0,206.1588608478839,27.50855022938001,1777
16,4,0,217.9071043724671,29.33471235208811,1868
16,5,0,231.7367715213844,31.05978232862115,1988
16,6,0,231.2062773916019,29.80339279945294,2039
16,7,0,239.7595257551662,32.5410161033072,2070
16,8,0,245.2101211242337,62.14739858237763,2126
16,9,0,242.4115802924966,30.86801610571439,2174
16,10,0,261.6339013043169,332.7816457688571,2146
16,11,0,262.7627715261411,219.0651585694814,2289
16,12,0,247.255365765277,59.94158585175674,2216
16,13,0,255.2115929393586,39.77448781248187,2332
16,14,0,245.4973999919599,32.37393949284744,2269
16,15,0,253.1627591539923,33.72898186929744,2367
16,16,0,275.2544384656051,291.3568716016452,2431
16,17,0,250.9984066195875,30.47681053386937,2401
16,18,0,257.6229300079323,75.19777240356933,2400
16,19,0,207.1966972382826,102.9846718810111,1907
17,0,0,112.1598581642132,15.27544759181953,954
17,1,0,142.8603671105994,20.16668044059827,1185
17,2,0,165.2628588965949,28.03000026110709,1389
17,3,0,217.7692967631985,1068.625232230622,1563
17,4,0,189.6287090007177,23.75262220500347,1680
17,5,0,209.7130149239812,28.219646149863,1798
17,6,0,212.3839795586024,27.50769622356173,1867
17,7,0,213.4787815237847,27.63714189977873,1897
17,8,0,222.0326994937467,30.52320945475531,1965
17,9,0,236.4906295450862,62.65635995930394,2085
17,10,0,227.3633533218037,31.24302105124254,2028
17,11,0,218.975354847762,27.99078779634745,1978
17,12,0,255.8146676908012,755.3769775597126,2121
17,13,0,239.3753372600595,123.3315973735794,2124
17,14,0,235.4197734457026,29.37232785518908,2178
17,15,0,238.133462260085,29.25387615733967,2237
17,16,0,236.5489839994565,62.20860324919962,2181
17,17,0,260.7067477663786,267.8543397412642,2338
17,18,0,246.3248301191679,30.3656476680459,2337
17,19,0,191.0010350414171,22.61954654451007,1846
18,0,0,100.8412856043405,13.79085601614121,855
18,1,0,127.7166947796261,19.21762694262012,1053
18,2,0,142.1686782477925,19.50448390050416,1200
18,3,0,157.4771245286354,20.53060655091177,1355
18,4,0,177.4977196945925,46.75096838177599,1481
18,5,0,184.1635355859974,53.85984998179652,1550
18,6,0,186.970245146995,24.48188304191937,1631
18,7,0,189.0539067431986,24.81289221067204,1669
18,8,0,197.347523571812,45.14447497019897,1711
18,9,0,197.1536004141094,25.94446973009701,1744
18,10,0,187.6301579401743,25.13879243756105,1700
18,11,0,197.8661927604721,27.77041592563116,1796
18,12,0,203.8435597989635,27.12964907823391,1861
18,13,0,198.1950528132246,26.6750407567745,1820
18,14,0,194.8634039261383,22.94026441125143,1859
18,15,0,198.307586589877,24.10161938644077,1880
18,16,0,208.472901527063,25.79086434147463,1969
18,17,0,259.4452352233798,1623.200326879951,2072
18,18,0,209.1167874201214,25.12731944246945,2012
18,19,0,184.0326091348161,98.13965160156479,1715
19,0,0,80.45512188522541,11.06875751496727,676
19,1,0,100.6544689627822,14.27914109850413,849
19,2,0,115.8046755224741,15.4717290324062,992
19,3,0,130.1352939868608,17.60454337847445,1112
19,4,0,137.6442918565791,17.85696138731413,1196
19,5,0,142.85561832435,18.80881839582046,1244
19,6,0,151.8595530397878,19.88014338358991,1329
19,7,0,150.1364669873406,19.12960083342271,1342
19,8,0,157.9486418347127,20.86178558412768,1385
19,9,0,161.3116594023884,21.32132208659544,1423
19,10,0,150.8610153154199,20.43399081774589,1346
19,11,0,162.7617405758918,21.16064955899646,1473
19,12,0,161.7326371105833,29.20195838714918,1457
19,13,0,154.6401582996248,19.21274792352659,1435
19,14,0,155.2195728658708,19.34079406739776,1447
19,15,0,158.7243873794365,24.8416628253088,1462
19,16,0,160.9310069387252,19.85543503580903,1524
19,17,0,164.34451687213,20.24371306670982,1569
19,18,0,171.1415334247759,35.12023039969372,1599
19,19,0,138.5792619660116,16.79894142468971,1337
