# mesh name: boxMesh_1
# primitive scorer name: doseScorer
# iX, iY, iZ, total(value) [MeV], total(val^2), entry
0,0,0,79.69703965435049,11.36910847163439,637
0,1,0,96.04761867065592,13.67643284781938,771
0,2,0,129.8819310592469,254.3496918069929,922
0,3,0,126.1457408249505,17.69597616561182,1021
0,4,0,139.0672742235008,25.33720865284797,1104
0,5,0,147.1383353526801,21.03241136379498,1183
0,6,0,148.2568037396704,90.99187039725143,1154
0,7,0,152.5014497332582,21.61274323333205,1252
0,8,0,148.4551287748475,20.62164130751774,1233
0,9,0,156.6066637621605,21.29023627809278,1324
0,10,0,155.5249253607379,66.26077591329314,1258
0,11,0,141.3913415416479,18.57021456471979,1220
0,12,0,143.0334653333317,19.15673516939902,1220
0,13,0,153.930478896695,20.8537226732535,1320
0,14,0,153.7303918731533,20.46569804314053,1321
0,15,0,147.8627819930463,19.16259649214357,1299
0,16,0,146.5424708571617,19.84298362340216,1267
0,17,0,124.3115989566658,15.97755563277561,1101
0,18,0,117.6331272783525,15.73501582097906,1027
0,19,0,101.3209960409264,13.4232291166112,887
1,0,0,98.17875607765453,14.441604617061,771
1,1,0,113.3319029288353,15.81665312531966,913
1,2,0,131.7574168725066,19.2542750526977,1040
1,3,0,162.5022432328564,24.09918613522612,1278
1,4,0,174.6184569996137,255.8135334172325,1293
1,5,0,167.6939460665355,23.85246319704241,1362
1,6,0,176.5713758022783,44.81925946450085,1422
1,7,0,189.1365345645278,89.20699763244892,1469
1,8,0,186.5764550711897,26.20323849674552,1526
1,9,0,186.5229256040005,25.61929511098177,1562
1,10,0,180.1224015844122,23.95011035159219,1536
1,11,0,202.7282495481553,389.6615241394644,1567
1,12,0,181.4584765873888,24.24968142039729,1548
1,13,0,187.6542716101577,60.68581322952304,1557
1,14,0,183.080277808156,23.95805797179028,1594
1,15,0,181.8095239054218,23.23047515870285,1606
1,16,0,171.2864821357705,22.46179224915167,1492
1,17,0,158.8559398111825,20.18339858191121,1417
1,18,0,145.1584273226721,71.89623079588586,1195
1,19,0,116.8890891350756,15.60582645318492,1019
2,0,0,116.1226727488597,16.84841129395384,919
2,1,0,134.0350547569728,25.38918219490733,1078
2,2,0,167.2912422695863,366.8703808126626,1193
2,3,0,179.2323124230787,118.1269350852647,1343
2,4,0,191.8952640745291,27.92342590660861,1529
2,5,0,192.9965469029156,26.51989525664745,1590
2,6,0,196.9507505464784,26.15259442870609,1654
2,7,0,213.4669140724777,280.6103005328047,1657
2,8,0,209.1903447111743,27.99524010160884,1765
2,9,0,211.5540212304157,29.76394463800216,1755
2,10,0,220.1530267858517,29.68823178191546,1859
2,11,0,210.0962233539719,29.21618238777001,1752
2,12,0,219.240743325915,30.42154471748797,1853
2,13,0,222.4803772387727,76.52417777819862,1821
2,14,0,224.8758379898973,39.68432835857362,1908
2,15,0,210.8315692787912,27.73298072243465,1834
2,16,0,195.4175810573969,25.89556985894438,1704
2,17,0,192.0949286395523,25.64823435561448,1656
2,18,0,184.0337459225416,689.7201168217423,1398
2,19,0,132.9033320146347,17.09205341913011,1182
3,0,0,126.6111003491806,17.77353540845753,1012
3,1,0,140.7431695461331,19.67563686311802,1131
3,2,0,176.0050475290491,25.22945259844812,1407
3,3,0,192.0123411422396,26.17337552789203,1571
3,4,0,205.0131342239261,28.34088139800747,1682
3,5,0,214.2472251527429,30.89556728371464,1763
3,6,0,222.679206780749,31.05792824435962,1829
3,7,0,255.6255032891447,194.0247120857318,1920
3,8,0,229.5399763577443,31.76209159245337,1913
3,9,0,236.482982651528,33.06021212646473,1958
3,10,0,236.5783688156082,32.84923965019011,1977
3,11,0,232.7609979085774,30.80392563160688,1995
3,12,0,228.9852864117728,48.52044814887604,1948
3,13,0,247.3048528658612,125.3713037105694,2005
3,14,0,232.5886492301129,30.59251883822367,2023
3,15,0,234.0078579551165,70.02864478705686,1972
3,16,0,220.5179991980776,28.34628035411894,1941
3,17,0,212.7373913806051,35.72990573181162,1838
3,18,0,173.6363754291821,22.67441189583987,1539
3,19,0,140.4572234924829,17.89034615103049,1253
4,0,0,129.0256968266656,18.66203328206769,1028
4,1,0,160.6918761886338,22.70830157850933,1285
4,2,0,182.8741569643705,26.40933359902541,1450
4,3,0,207.9534744865332,29.33895560367686,1669
4,4,0,219.852703008374,31.24480703179018,1767
4,5,0,232.899963073807,62.03836013489343,1846
4,6,0,241.0890505170752,33.75087101915074,1976
4,7,0,242.9025892491453,34.78889462381044,1986
4,8,0,242.6196831352985,33.69169587044618,1998
4,9,0,271.9216635579157,416.917452515439,2135
4,10,0,238.2413816614086,32.11309196163942,2016
4,11,0,255.8316892566742,33.56066401730829,2202
4,12,0,256.6297982119615,77.77302435005677,2147
4,13,0,262.8125013012187,263.3992053774483,2132
4,14,0,244.8874126532117,31.87002719048754,2134
4,15,0,247.4014114219194,32.3727378649771,2145
4,16,0,232.039740545971,30.63797145766106,2006
4,17,0,215.8335330562709,31.17882829124348,1854
4,18,0,185.218040292871,23.43942916281512,1652
4,19,0,160.6231098023351,100.2138247000179,1365
5,0,0,131.5817982586997,18.44424083519561,1056
5,1,0,170.50670685568,70.61045406359891,1330
5,2,0,195.5328405139013,27.86992361781456,1554
5,3,0,204.0383080175327,28.36745752568431,1654
5,4,0,235.3912517312592,32.70628704460356,1908
5,5,0,241.0639668996559,32.93038223312748,1984
5,6,0,250.9991436813272,35.24605083653976,2045
5,7,0,266.8050650135459,37.11747363188912,2188
5,8,0,267.1625433600437,36.66315679365656,2214
5,9,0,254.3871385505896,34.34364004785011,2140
5,10,0,259.459409274775,34.78374088906158,2199
5,11,0,263.318151827683,38.87177614772818,2214
5,12,0,276.4496581344835,81.33877717625413,2278
5,13,0,245.6522461222845,32.21327581437497,2121
5,14,0,267.2343411700603,35.02859139962976,2312
5,15,0,256.1124404101431,34.34848958091779,2218
5,16,0,242.4719024707738,44.0352544143209,2050
5,17,0,219.5600296559464,29.15455114590817,1924
5,18,0,199.3484730564633,26.61363481649062,1735
5,19,0,154.6461613774448,20.36911780774147,1370
6,0,0,149.506170331685,21.28742405501893,1188
6,1,0,171.0257222733677,24.48609798487153,1358
6,2,0,191.9251570785642,26.78839639556072,1558
6,3,0,230.5945084814176,105.7976150843353,1762
6,4,0,239.8881276787415,32.91363514095177,1969
6,5,0,275.7008014209582,528.1862780391135,1998
6,6,0,260.8119238836003,96.67418485307901,2076
6,7,0,264.7503704557176,37.18142652149175,2176
6,8,0,292.2733689894735,363.0243245526849,2211
6,9,0,255.2252025834844,34.9233498533508,2130
6,10,0,265.9340077578671,74.48741097918203,2198
6,11,0,260.5076108117962,34.54980505803186,2225
6,12,0,264.8498756464022,35.88801467938701,2251
6,13,0,260.5160003768186,40.01406765022401,2203
6,14,0,254.1176984214263,33.00389115758457,2216
6,15,0,267.1068064041318,35.19760905553617,2314
6,16,0,249.7740118837622,33.92885041635218,2182
6,17,0,225.7540770517867,29.09151115485827,1991
6,18,0,190.3600764318923,24.49747073762686,1687
6,19,0,153.5218911702013,19.59342190330833,1358
7,0,0,147.8250545848894,20.71834967516676,1199
7,1,0,172.6398115358159,24.511026350291,1388
7,2,0,202.4930311924382,29.03252329589164,1635
7,3,0,226.6003273290159,31.79749881420835,1840
7,4,0,246.5631484878643,34.61872884381215,1984
7,5,0,251.9175223789375,78.23735007349936,2024
7,6,0,266.9564487081269,37.30890848966828,2187
7,7,0,269.4925693858513,37.5216790780248,2220
7,8,0,275.3195523459667,443.1963128675023,2111
7,9,0,272.4680015084014,36.91758932770802,2296
7,10,0,274.8463780918651,37.92890198055019,2299
7,11,0,270.8135457497074,36.28108573233945,2300
7,12,0,266.1625774744906,76.80672138588784,2230
7,13,0,268.7126379814306,54.98215609782854,2278
7,14,0,270.5575477914443,37.07716731893679,2306
7,15,0,249.8912309174754,39.25777210550923,2168
7,16,0,251.3540924190664,47.47246533538927,2177
7,17,0,237.2352925710621,30.76956833127328,2104
7,18,0,198.3703251782909,25.69500626601862,1759
7,19,0,183.2156087922226,342.8893485739139,1456
8,0,0,152.6817739226116,31.98191736361467,1188
8,1,0,172.3220506369395,24.29065021792726,1381
8,2,0,202.6223926291669,28.55403773530725,1619
8,3,0,218.6823834517234,29.81146735076465,1803
8,4,0,240.4288019661089,33.92460528615618,1950
8,5,0,247.8520591930912,36.38299488325158,2030
8,6,0,259.6012483277048,36.38069734324417,2114
8,7,0,270.929300536219,36.8782871445956,2245
8,8,0,265.7841916517557,61.39009371757526,2184
8,9,0,262.5202497565922,35.99151826994378,2187
8,10,0,299.2392742211917,273.1199364166932,2400
8,11,0,282.5299608977027,254.0879757847886,2273
8,12,0,267.7252233264763,35.47635351411141,2310
8,13,0,268.2314848103423,64.13993643650392,2236
8,14,0,261.1329639972684,34.2532753894823,2268
8,15,0,251.3394108595518,32.61235526640466,2198
8,16,0,238.9320976394074,32.07405183074644,2088
8,17,0,231.7063965178411,64.3179521562076,2000
8,18,0,194.2991337206574,24.90577001657701,1724
8,19,0,167.4769904290537,23.12127518440603,1470
9,0,0,141.4188646256295,19.61829894385355,1147
9,1,0,187.7586470337609,41.51004427846969,1453
9,2,0,207.7700272357791,28.92482171262529,1679
9,3,0,207.431306164475,30.13730968411598,1690
9,4,0,255.0878244453529,79.94431859419527,2004
9,5,0,257.120047221714,127.1568578025872,2010
9,6,0,260.25244044691,36.05825493765737,2133
9,7,0,265.2003626454421,38.04282929474284,2191
9,8,0,278.3873840577397,139.0306614422339,2214
9,9,0,267.0471921643988,35.85789166755146,2247
9,10,0,281.5776358573975,137.9577622538179,2309
9,11,0,272.4561561124453,38.16390472684527,2296
9,12,0,268.801330658864,133.2667215021822,2217
9,13,0,270.8678902281162,70.45907078854036,2287
9,14,0,279.8992287175103,179.6475409509666,2326
9,15,0,263.273248754078,89.94801778714638,2253
9,16,0,249.4273181513535,33.09818412115552,2162
9,17,0,233.2169285881442,103.1257771666773,1993
9,18,0,201.7151791847385,93.27963078933773,1717
9,19,0,174.446395305381,23.7375245737888,1504
10,0,0,144.3373861005151,21.62802697498881,1135
10,1,0,190.5350469072181,124.6740964002128,1399
10,2,0,217.9198504345797,201.4849247482266,1660
10,3,0,227.2194170985956,31.85079488369335,1837
10,4,0,246.014282362027,71.34241120986017,1946
10,5,0,249.4710214769462,47.67813541005052,2000
10,6,0,264.3197934576585,43.89366606519157,2128
10,7,0,260.4894749006251,58.93252290200417,2124
10,8,0,290.5160926551156,273.3119427746875,2297
10,9,0,278.0637292616965,186.1561903387726,2206
10,10,0,264.9122969657597,35.46373966390484,2242
10,11,0,268.8382864449607,36.20820532019003,2291
10,12,0,274.9966099605215,40.8966909909967,2317
10,13,0,270.3471623352268,35.17595604561214,2350
10,14,0,260.1464820866682,33.83601493159116,2277
10,15,0,263.8098264600197,108.3676489702675,2225
10,16,0,249.3454715405214,32.58763850959854,2176
10,17,0,228.7939825388526,29.5003506748825,2029
10,18,0,215.1229666119144,151.7127674937976,1778
10,19,0,158.2318109580391,21.62382043452271,1402
11,0,0,146.7213215614615,21.423683615805,1169
11,1,0,182.3195641731611,26.43126935283072,1448
11,2,0,235.8025129628243,578.1105749965704,1676
11,3,0,225.0540866214278,32.20980447800947,1788
11,4,0,237.1531871349388,33.49105152500867,1946
11,5,0,264.621076730378,51.64008301906239,2102
11,6,0,252.2873673777455,35.70172955909126,2046
11,7,0,274.4381245799129,59.00808109436119,2205
11,8,0,262.3242377829674,40.53627708230626,2153
11,9,0,276.4988958690313,57.58992062208009,2287
11,10,0,277.7539799822528,38.80105553749106,2350
11,11,0,269.7359668529094,36.67554183696165,2281
11,12,0,272.5071550022486,37.04525672796549,2309
11,13,0,272.9240809355022,36.85236270974593,2332
11,14,0,276.1234824527685,81.78122545128403,2349
11,15,0,263.6032571783109,34.23076536219841,2312
11,16,0,243.8829221496343,31.42114016570726,2151
11,17,0,231.1959565781878,29.94765833950785,2025
11,18,0,206.6903720211551,33.19179494564712,1790
11,19,0,185.3088159493003,194.3152142251304,1456
12,0,0,142.5270198995504,21.03165551238241,1126
12,1,0,178.758694015805,25.37498500602994,1423
12,2,0,200.7228539141025,33.53089734702508,1589
12,3,0,220.3532549795983,31.10184015270529,1778
12,4,0,240.8476508591684,34.61222226626529,1930
12,5,0,257.5645239508728,52.29865659054408,2038
12,6,0,254.4778202392969,34.84006368124502,2115
12,7,0,255.2109042039882,35.90509708949128,2100
12,8,0,294.4818435373759,679.0731276281903,2254
12,9,0,262.5651598241138,38.26824017323641,2168
12,10,0,271.4854448502415,36.57355226678415,2296
12,11,0,273.8865352013755,48.67725103088557,2277
12,12,0,249.9606419690068,33.09362815936975,2161
12,13,0,266.3564501821288,35.99699481314893,2280
12,14,0,275.6283396868789,36.65326979361325,2375
12,15,0,252.3314827897802,37.93370133911489,2175
12,16,0,239.5413119771616,31.30695748076847,2097
12,17,0,215.2232822987676,27.66832655657038,1908
12,18,0,195.7585484784857,43.41947687783677,1700
12,19,0,153.7916138751561,19.86998153086839,1377
13,0,0,138.7226291644553,19.76783856285108,1101
13,1,0,167.1699159416056,26.91631934867779,1317
13,2,0,191.7723320746173,27.04858881020242,1537
13,3,0,249.3569920005325,356.7652069587306,1829
13,4,0,240.1703021195384,34.29538579396784,1951
13,5,0,251.7905560995859,35.09959216087362,2056
13,6,0,255.7006313036695,35.51840399139452,2101
13,7,0,242.6191861222544,33.35779688973665,2024
13,8,0,268.7185098159984,36.95941214274121,2240
13,9,0,268.389189895951,36.20926026205133,2266
13,10,0,267.1784564405747,35.83076173902607,2268
13,11,0,266.6216857994688,35.70763853459116,2267
13,12,0,274.3969425163087,38.29836342991702,2291
13,13,0,269.6282139869483,183.140574703543,2230
13,14,0,256.6578065318035,34.42334790509067,2208
13,15,0,269.7424510191614,339.743137956432,2201
13,16,0,247.9026984843354,130.1059304586333,2085
13,17,0,217.2637706221884,28.82242907402139,1901
13,18,0,196.4398932977359,28.88959004880511,1702
13,19,0,165.9060037855333,36.70081404897962,1441
14,0,0,148.948557056902,26.92137482316162,1168
14,1,0,160.9631933118853,22.99303374623184,1292
14,2,0,194.9087898645845,27.56072245898634,1573
14,3,0,206.1979327506203,30.14868111577053,1654
14,4,0,225.9558408780782,31.70311799690856,1839
14,5,0,236.2024472991909,33.31316726481051,1916
14,6,0,265.4372403743373,135.270996784002,2027
14,7,0,262.3702339092827,36.64641129383949,2146
14,8,0,256.3165219221,35.16351321588298,2130
14,9,0,249.7066677169587,33.57017860630003,2112
14,10,0,276.8282106722158,439.1930405816764,2184
14,11,0,268.7715746395347,135.4948424015973,2187
14,12,0,257.0462450711964,34.64743614238877,2186
14,13,0,264.8379542614825,43.18206021584366,2247
14,14,0,251.2633444062114,93.38212946041747,2108
14,15,0,249.3228083875759,32.7501867474672,2158
14,16,0,240.9160442283006,31.24988485585192,2123
14,17,0,230.3254342605063,35.60936888810154,1990
14,18,0,194.6286071561022,38.48752891069913,1700
14,19,0,159.9165906467624,20.5249728486678,1430
15,0,0,124.145407183788,17.51695207438754,1009
15,1,0,155.5156117992643,24.61584338198341,1223
15,2,0,182.789220866914,24.98766510428854,1501
15,3,0,193.1529055690882,29.32362991909523,1558
15,4,0,219.1196356806506,31.10207835001792,1774
15,5,0,236.1356202985781,32.44431770422727,1939
15,6,0,235.5158831621245,32.12946878138175,1945
15,7,0,247.11000002105,55.75666372489763,2030
15,8,0,246.0888459973118,33.1388864873818,2051
15,9,0,246.8518147845315,42.15681255703197,2064
15,10,0,257.6101954270413,35.05074592576702,2157
15,11,0,252.365589687555,34.05279185297806,2152
15,12,0,255.3107732665975,46.25265674892982,2142
15,13,0,243.5773242419558,32.93417410248342,2099
15,14,0,250.6187423818867,32.10372547857336,2211
15,15,0,241.3715349614064,38.25344230786246,2101
15,16,0,237.4281665885397,32.29237534270987,2023
15,17,0,213.9381142099715,32.769107971248,1847
15,18,0,182.9683340387045,54.22599793770239,1557
15,19,0,168.8333075534196,192.500126395629,1395
16,0,0,123.3965095358633,17.94460361304874,981
16,1,0,141.8206623611909,21.78923909469937,1148
16,2,0,172.3461023389969,24.57380024945716,1383
16,3,0,196.1090364650101,27.62180550091851,1584
16,4,0,219.2264384681974,108.4346170846897,1698
16,5,0,218.0917129790299,32.40636656197196,1761
16,6,0,227.6269012021444,32.57756048591462,1870
16,7,0,232.9870511260721,32.33589870546594,1921
16,8,0,248.8817680113988,202.1847355455193,1925
16,9,0,231.79589881322,37.71168378050944,1939
16,10,0,262.4081056595966,742.4262064378685,1975
16,11,0,250.6291543961019,67.0867233692978,2041
16,12,0,232.7826440041938,31.14858822996683,1998
16,13,0,236.7811652666844,31.82858999432063,2026
16,14,0,263.5225613946643,544.7186976655968,2060
16,15,0,238.6256242748232,64.30414995233531,1997
16,16,0,220.7156831087319,33.86590818081317,1906
16,17,0,208.4953208217873,28.03818651461152,1799
16,18,0,177.6442487697771,23.8580701749368,1560
16,19,0,141.9784046822527,18.46411081081738,1256
17,0,0,117.1073944028002,72.55806349882958,861
17,1,0,139.8993449899652,20.30354703313771,1111
17,2,0,152.0486079923932,20.92621242054551,1244
17,3,0,170.0261352265174,24.16822745183636,1368
17,4,0,190.302465929738,26.26849072733977,1550
17,5,0,199.1783927099393,27.54849457922888,1639
17,6,0,216.8082851901365,30.28567385276186,1781
17,7,0,215.9963764504814,71.96418494398876,1728
17,8,0,209.898922952309,28.6337409679489,1756
17,9,0,215.6387634958437,32.28524475015762,1784
17,10,0,217.3493024546252,71.81101908690442,1789
17,11,0,210.4313154411589,28.67179244190682,1784
17,12,0,203.0272466495521,27.38127376731282,1736
17,13,0,210.228362004127,27.67302291095416,1818
17,14,0,223.4722810101402,423.8533628394244,1766
17,15,0,211.6477862305887,28.04730060883426,1829
17,16,0,205.0082256659444,26.2144811672664,1821
17,17,0,184.037410862866,22.94723585713659,1651
17,18,0,160.4951405725515,20.72901094205117,1417
17,19,0,138.524748150353,18.16640409515068,1222
18,0,0,127.1183363040308,793.4058399025976,799
18,1,0,118.0635090141884,19.50593309210092,958
18,2,0,134.5125800308845,18.82987465979593,1087
18,3,0,152.075075055425,22.17282098184307,1211
18,4,0,154.2569319317305,20.67420233286989,1284
18,5,0,160.6207971607372,22.4027159891019,1314
18,6,0,185.6440578307605,36.76263720330926,1488
18,7,0,212.9283603886552,794.7413863367117,1481
18,8,0,188.2849727036802,27.7584671584385,1565
18,9,0,181.3484013068988,24.811088349664,1521
18,10,0,178.0571804906935,24.1507553841338,1498
18,11,0,201.7814316357288,436.4713549641198,1558
18,12,0,183.14597741891,24.82831251956534,1565
18,13,0,178.8873872697147,23.6354583832143,1540
18,14,0,181.2122805652712,24.65968280615223,1548
18,15,0,186.6727226817548,24.29572836704551,1630
18,16,0,182.2313811801094,43.07966811380091,1530
18,17,0,168.7113277920161,35.77013817163724,1447
18,18,0,143.1406886365438,18.96295042681783,1245
18,19,0,130.6126766414473,198.3840354348623,1037
19,0,0,83.33885024265001,11.85810178547369,665
19,1,0,100.3061407181585,14.06014372647743,821
19,2,0,117.06922630859,17.58415429534272,931
19,3,0,122.3040144271362,16.69545864860112,1005
19,4,0,139.2824371597433,20.23431180295676,1124
19,5,0,142.166426333469,19.09112688531591,1185
19,6,0,149.1031672527668,21.19445826793179,1206
19,7,0,146.0479911855293,19.9740823090363,1214
19,8,0,157.1748916017064,48.94817741758782,1256
19,9,0,180.7398073125174,613.4080037133776,1303
19,10,0,150.6318204539409,20.71105240532959,1264
19,11,0,155.7393241122518,20.33117905494649,1342
19,12,0,150.6269625968146,20.10682735785687,1296
19,13,0,155.0536188617536,21.34491947988387,1326
19,14,0,151.8399103450335,20.10844037786641,1309
19,15,0,147.5878572182426,31.7152062537104,1211
19,16,0,132.2697618904411,17.09344812685118,1168
19,17,0,137.6824781796216,17.47966731602785,1222
19,18,0,108.4699527571635,13.85105807213324,969
19,19,0,97.09294672957168,15.04830682190552,844
