# mesh name: boxMesh_1
# primitive scorer name: doseScorer
# iX, iY, iZ, total(value) [MeV], total(val^2), entry
0,0,0,81.83380050692598,10.90292914849172,694
0,1,0,103.2422836228551,14.24049768858021,862
0,2,0,121.4774619832855,43.87806617494081,978
0,3,0,136.0158063110562,18.85142611826353,1145
0,4,0,142.1435281391804,19.61673485970747,1192
0,5,0,152.695471604992,21.11596222466032,1284
0,6,0,145.6863505548194,19.77678406513468,1234
0,7,0,160.2337268929716,80.72127813558167,1307
0,8,0,157.8103654584179,151.2454775190778,1238
0,9,0,158.1091370578011,25.46471497239686,1347
0,10,0,162.8769613796863,249.9645465157544,1266
0,11,0,147.0126602140864,19.56029275142907,1285
0,12,0,153.7614507387623,20.24181934426759,1339
0,13,0,153.6948217126945,21.13491145100762,1305
0,14,0,152.9408690430613,19.77562325974481,1338
0,15,0,168.6203921184376,463.2132529068779,1293
0,16,0,138.5522351169396,18.73436692968089,1194
0,17,0,127.897802698836,130.5289220905211,1024
0,18,0,114.4529555379408,14.5975563183738,1015
0,19,0,96.97686930758144,12.81112954870573,857
1,0,0,99.10131219337006,13.18359845298161,840
1,1,0,121.9380716372241,16.61584170978888,1020
1,2,0,139.845131889091,19.39773403652175,1160
1,3,0,168.5073451615789,99.59611529582332,1353
1,4,0,166.8478925964373,23.50696161281423,1383
1,5,0,192.6652426828128,174.0220196223707,1519
1,6,0,179.8730848611347,26.85607779996801,1526
1,7,0,203.4158855188841,380.2383805709209,1542
1,8,0,194.7468470448989,26.39755257747225,1646
1,9,0,185.452505191716,25.02099763686272,1574
1,10,0,195.2320650134669,31.05638602968318,1658
1,11,0,180.0311645004179,24.19073252317616,1548
1,12,0,190.2241674545432,25.50946593064647,1642
1,13,0,187.697070849134,24.49836398646902,1633
1,14,0,189.639992368822,29.60199445743858,1638
1,15,0,175.5934285252382,23.22707803814296,1520
1,16,0,179.323989223633,35.31416680540561,1546
1,17,0,152.5930166457499,19.88105947057695,1359
1,18,0,139.8259822691261,18.20900349170945,1237
1,19,0,109.8031383610987,14.32507477772169,980
2,0,0,114.2548356833177,15.39737900134071,971
2,1,0,148.7127523897167,19.94087864577387,1248
2,2,0,168.9699958858708,23.80633404213633,1390
2,3,0,183.9416268867012,36.0272989243047,1511
2,4,0,192.979175466398,26.04879425328657,1624
2,5,0,202.0488999150864,27.8314755992485,1690
2,6,0,199.517939428015,42.72487950526732,1647
2,7,0,224.0853744508676,116.6115249154429,1805
2,8,0,212.7265549969935,28.02491530888226,1840
2,9,0,206.9436585662625,29.04127711026729,1789
2,10,0,221.9889253702714,66.37500406503537,1844
2,11,0,211.908343051136,27.95171950142933,1825
2,12,0,230.4380800229061,94.25405332479879,1902
2,13,0,210.9518337965309,28.90046247219519,1808
2,14,0,221.4480975070738,162.8435507211388,1840
2,15,0,203.6766644321299,27.07795805036195,1761
2,16,0,207.5727425292069,62.8951889948192,1763
2,17,0,176.484852012206,22.73724885632269,1551
2,18,0,170.3050808109406,123.4922699335429,1387
2,19,0,128.6220881782912,29.19074559972398,1089
3,0,0,126.58198652186,16.71906877663574,1074
3,1,0,158.2816311792561,22.00451277709016,1317
3,2,0,184.7606521135535,50.20031963011799,1504
3,3,0,203.5336732630061,27.05573150435398,1708
3,4,0,220.6519889613513,30.84242683535963,1831
3,5,0,230.8947810342128,94.21290343316328,1891
3,6,0,227.2704032316341,30.30173538742476,1933
3,7,0,227.0921549486127,30.74669371812287,1928
3,8,0,250.8180983327763,216.3507840490701,2004
3,9,0,249.1855745690821,165.464527286129,2059
3,10,0,227.1237094576067,29.89806465029185,1959
3,11,0,254.1014565542994,136.1034412281684,2061
3,12,0,232.0194177537714,39.13783566388089,2001
3,13,0,224.9786662186004,30.62129025088969,1955
3,14,0,225.8267632240235,28.95363205423784,1984
3,15,0,223.252580064652,51.39934629121788,1913
3,16,0,225.9273272317465,50.67069598882658,1922
3,17,0,209.6915096199938,30.84761238393398,1797
3,18,0,190.2494426466032,370.4891962119595,1505
3,19,0,140.2685994604689,18.19763541125662,1234
4,0,0,135.9819751564651,19.25809708886053,1123
4,1,0,167.5984263865534,22.92238977940769,1414
4,2,0,192.4203482333604,26.18136676547899,1619
4,3,0,224.1099601198681,147.4075586348837,1795
4,4,0,222.5283692838762,30.1586292055545,1890
4,5,0,239.6245186820386,33.40611562357362,1998
4,6,0,246.6281120744345,33.41341119632257,2068
4,7,0,242.6631062580719,32.69292863580011,2065
4,8,0,251.6379184767078,46.85318076560939,2116
4,9,0,255.4413747266047,35.5214612624104,2155
4,10,0,249.2996739089181,37.85472258067093,2140
4,11,0,259.6709354969639,59.28169493145101,2145
4,12,0,259.7278512633873,47.9356834825597,2196
4,13,0,273.7703312180315,986.6621721422292,2137
4,14,0,252.5865554734619,33.35794708815628,2186
4,15,0,237.3826165203342,31.87230898842256,2051
4,16,0,249.6500795874677,161.020661519935,2068
4,17,0,221.9151576329102,99.95890989281952,1825
4,18,0,175.8107360123965,22.531731559678,1559
4,19,0,152.1910033398697,20.67620846823967,1317
5,0,0,164.2766561631513,99.30245218145645,1286
5,1,0,166.8925116041176,22.23143859828921,1406
5,2,0,200.3357925699085,27.75318333892747,1660
5,3,0,223.5222040899415,58.33839968307288,1829
5,4,0,233.3019302539099,31.49846200555572,1970
5,5,0,242.7713920714343,33.04054994050615,2047
5,6,0,248.8162615150163,34.06362566938127,2118
5,7,0,281.0723021995684,87.28737146142753,2284
5,8,0,263.5422653170837,35.65241708170283,2240
5,9,0,266.6097269739456,40.53931439433757,2258
5,10,0,267.5502949298904,35.81593310332306,2294
5,11,0,262.6934324191844,34.90288126724533,2267
5,12,0,259.9689976659186,40.88100541543258,2206
5,13,0,260.1370250109218,37.86323058984305,2237
5,14,0,266.643077192653,66.07203222570924,2304
5,15,0,253.9870481507977,33.90599120229183,2211
5,16,0,245.2161795948118,33.34730200806342,2124
5,17,0,213.8222153685345,28.06665750615833,1871
5,18,0,185.42102335615,23.79252482996565,1643
5,19,0,151.4904072657557,19.45682765890178,1356
6,0,0,145.2384817862505,26.54646314617998,1227
6,1,0,175.2551948029685,23.15388432850403,1500
6,2,0,199.3944673527813,27.96068812317837,1657
6,3,0,223.4105475890791,30.48419058740941,1858
6,4,0,247.5550262704775,33.4732697529596,2085
6,5,0,256.4147477855786,54.38108063315222,2125
6,6,0,265.4386703592076,36.18658721452503,2235
6,7,0,261.436262279215,34.59225337157157,2249
6,8,0,261.1457381008991,35.16605896414062,2223
6,9,0,267.424747126614,36.29202613665059,2271
6,10,0,281.6328250553128,179.5506105064847,2312
6,11,0,264.0054898043016,34.51777181201312,2300
6,12,0,276.0049800123414,51.64481112115033,2334
6,13,0,257.1574818285764,34.74517894093245,2221
6,14,0,263.2223971951074,34.14043581906208,2306
6,15,0,256.0556298857121,33.84461709710739,2218
6,16,0,248.3064435247331,38.44805632077176,2124
6,17,0,226.7331208431183,29.54732773395813,1980
6,18,0,192.464308284835,25.10732908124386,1703
6,19,0,169.8024053675049,143.3264241769279,1396
7,0,0,145.5538070270929,19.36088599569069,1234
7,1,0,183.7581205761049,25.49707432847965,1520
7,2,0,209.3387895647934,28.75819231322433,1756
7,3,0,238.6000241528332,32.89770410727475,1989
7,4,0,242.940731198686,33.2617783204594,2030
7,5,0,252.8299849141377,34.7423896550721,2140
7,6,0,283.8807577359016,95.43966458479186,2308
7,7,0,278.0639687541701,38.22559961677707,2328
7,8,0,255.3697507482953,34.23280447648573,2197
7,9,0,266.1594128801725,36.90328847414585,2259
7,10,0,284.3628277154202,294.5446702852487,2303
7,11,0,279.6038238821891,104.6834705862417,2312
7,12,0,295.6882279365805,675.0986201883036,2339
7,13,0,263.9635988261582,35.69212741472879,2261
7,14,0,278.4320015925463,38.4995844471517,2404
7,15,0,248.6740047422527,32.8459469374144,2162
7,16,0,244.2210150950465,31.61188024689752,2150
7,17,0,227.2936545968826,29.92370345662569,1974
7,18,0,193.3312315742605,25.04439797652538,1696
7,19,0,176.1498053328322,350.0779245362293,1393
8,0,0,143.6981043239687,20.32054159091729,1185
8,1,0,188.6906532702923,25.59870769687766,1588
8,2,0,207.4981581807659,28.21118099574241,1745
8,3,0,238.7641057992837,69.22655134643283,1961
8,4,0,246.2415409219234,33.77653738922761,2040
8,5,0,252.4602346916898,34.26999574847361,2137
8,6,0,268.4558910529,37.53006317101831,2242
8,7,0,265.5817379960454,57.12901542486331,2237
8,8,0,269.756312911386,36.99738353132059,2273
8,9,0,274.2105160729676,36.14096204837325,2358
8,10,0,275.8282464577467,56.1087186764727,2352
8,11,0,266.2753752357809,35.57234185703792,2298
8,12,0,262.7380034629674,34.50603772449611,2278
8,13,0,295.8495502972828,466.3784480970993,2309
8,14,0,269.3186481303693,45.59232841551272,2313
8,15,0,251.8391848690095,33.2278126298814,2194
8,16,0,246.0862003177716,31.82271308636308,2169
8,17,0,220.7482853702494,27.98387338471249,1969
8,18,0,198.2974926931184,34.35570053494725,1724
8,19,0,160.1986533453319,21.36687829376069,1384
9,0,0,156.070744783115,21.75770991016694,1294
9,1,0,182.4835012277687,24.55431881157511,1541
9,2,0,211.3389008166233,33.61272847982284,1758
9,3,0,222.8538029985085,29.91768024025765,1897
9,4,0,256.4487967896734,35.91863707343796,2114
9,5,0,245.052012501188,32.64575316907457,2088
9,6,0,268.7735568899024,69.29937552315413,2236
9,7,0,265.4095058181583,34.30444370803842,2290
9,8,0,270.2434572591912,39.32217885286929,2289
9,9,0,272.6075124326962,37.16605718183055,2330
9,10,0,258.4397032551845,34.79553803155463,2238
9,11,0,262.2912951245484,34.866761281599,2252
9,12,0,254.114178495361,33.6222386518271,2213
9,13,0,270.4916960185026,35.81325672087208,2339
9,14,0,264.820455147454,44.2662439469536,2284
9,15,0,238.422046829627,32.02152138231629,2071
9,16,0,242.8705660092893,31.04295743193336,2148
9,17,0,230.7479878051445,29.78062991493551,2040
9,18,0,191.9665576257535,27.71069244056758,1666
9,19,0,184.7247766279272,494.9507229854726,1399
10,0,0,157.2703605243843,155.7927504984639,1197
10,1,0,179.5518595210099,24.41463899746979,1504
10,2,0,205.5797728625258,27.99324555414886,1726
10,3,0,243.4456515316137,35.45849530774824,2014
10,4,0,248.0970241767572,32.73600104897326,2108
10,5,0,259.7266538626382,37.43154412040851,2167
10,6,0,265.549035316441,36.24626883789895,2242
10,7,0,273.2161408944795,173.1752523954952,2231
10,8,0,270.3323630773259,36.81189054492165,2287
10,9,0,267.4053924959983,36.03142657783523,2277
10,10,0,268.7233760327383,34.97152566025547,2330
10,11,0,266.2699818302443,35.21578037675177,2300
10,12,0,270.5820009978877,35.61266544717463,2351
10,13,0,261.4882468103982,33.7352404258812,2283
10,14,0,260.8130812265197,33.77613959782042,2308
10,15,0,269.2757867944235,191.9557510787857,2236
10,16,0,246.2378415436214,32.75529701183351,2154
10,17,0,222.5330485271469,28.81418157229096,1974
10,18,0,193.1520807847929,24.74771695042322,1713
10,19,0,151.5002639731333,19.6986683190925,1344
11,0,0,164.5917613159269,147.6117266078869,1282
11,1,0,178.0745949159839,24.46163300057772,1476
11,2,0,209.6675779213447,110.8701449569259,1685
11,3,0,227.5284166732868,31.25821620810638,1906
11,4,0,240.6637490742501,32.69792507986956,2029
11,5,0,262.8909012066759,82.9815633075433,2130
11,6,0,260.2604194968371,35.79492531195235,2160
11,7,0,252.9582840828388,51.38018551571222,2111
11,8,0,262.0602960854712,35.5608959996686,2223
11,9,0,273.3637293012353,37.01558909294391,2339
11,10,0,272.4381987838904,35.97517649811067,2355
11,11,0,280.6850258391152,57.04410035534966,2378
11,12,0,274.2842128182997,36.98683587729496,2346
11,13,0,275.2110027995321,261.0865742517118,2262
11,14,0,270.9633991103337,35.5825312792314,2365
11,15,0,265.1391783337331,54.72578047782644,2267
11,16,0,249.1310981908301,32.99794360504299,2168
11,17,0,222.7936044948964,29.34424905787079,1951
11,18,0,200.0820342262872,37.3005517023377,1732
11,19,0,155.5693728266551,20.29130125763037,1380
12,0,0,152.2563672406303,20.14625238787839,1295
12,1,0,181.5787378701259,24.0802872995138,1533
12,2,0,207.7864093336809,29.25385956295307,1718
12,3,0,232.5626289638949,32.59247765813752,1940
12,4,0,235.6552805279081,32.73499479240049,1971
12,5,0,261.8378388528726,35.61471575354759,2204
12,6,0,265.6167641281348,36.893148220094,2212
12,7,0,266.0819950392768,41.77940264979014,2217
12,8,0,268.7066968544056,35.36562198654753,2301
12,9,0,289.6211591934806,330.7543176292669,2310
12,10,0,268.2165811855835,36.74136372235785,2285
12,11,0,263.7791809499957,34.39333451766353,2306
12,12,0,258.8045650772924,34.60041662622201,2242
12,13,0,270.5152898390222,35.30016493714162,2347
12,14,0,258.7557068830036,35.76009261429371,2262
12,15,0,259.6924419081392,135.198154975847,2207
12,16,0,237.9622857618444,30.64797297747497,2120
12,17,0,222.9857937215028,52.57467747292811,1956
12,18,0,200.7217765212383,27.14649440779979,1751
12,19,0,159.7754089877441,21.17440300585051,1391
13,0,0,145.0894399656643,19.85224412363651,1222
13,1,0,170.2526519868116,22.51202427944037,1448
13,2,0,206.4104083741875,27.92890344793148,1730
13,3,0,221.831585792571,30.29768325354965,1844
13,4,0,250.2239672999423,34.95850823877522,2069
13,5,0,259.8681733194322,313.9030780729553,2058
13,6,0,277.3537143444841,198.2874209210448,2166
13,7,0,256.8701216508938,34.77251591350543,2178
13,8,0,267.6401282061709,36.14760708381362,2275
13,9,0,274.95945421382,36.55348594029609,2357
13,10,0,266.6092273095597,35.83061848522647,2278
13,11,0,268.6116852966596,57.31101539413071,2259
13,12,0,266.2466496182367,49.50745439024616,2268
13,13,0,271.586925018718,35.92278559552246,2359
13,14,0,252.9228545018016,33.92747710816724,2200
13,15,0,248.034748557026,33.1273582626518,2153
13,16,0,242.8701292804011,69.56950467221907,2052
13,17,0,233.7826272626779,105.8211115332152,1962
13,18,0,195.0253417975235,26.34265329661813,1690
13,19,0,155.668057655114,20.9073660364929,1365
14,0,0,151.1200960030702,100.6983301201297,1177
14,1,0,177.1584260309108,29.40803407740086,1467
14,2,0,205.6886724192678,28.54915470819312,1698
14,3,0,231.1070344120166,31.80223121811516,1933
14,4,0,238.605950437061,31.91501609622578,2013
14,5,0,242.9883168793565,33.01578397808666,2058
14,6,0,259.7502178620044,81.0122870095696,2161
14,7,0,261.7318887800357,36.95001896326978,2200
14,8,0,266.7855193525577,56.38464774361943,2257
14,9,0,261.6080643540552,48.82898363883336,2199
14,10,0,266.4119812220021,48.96297337109423,2251
14,11,0,254.1790753690101,34.07801829215823,2183
14,12,0,267.5512306419578,36.20809760694603,2297
14,13,0,253.0664633772752,34.55630098368798,2177
14,14,0,268.0939477874279,88.48064082061384,2257
14,15,0,237.8890781654491,31.06239884376257,2067
14,16,0,237.8582364507448,58.16134421223256,2042
14,17,0,213.8311743013797,27.84544135593262,1889
14,18,0,179.0135183352492,23.09094428655886,1579
14,19,0,160.3542342672978,20.35698154823517,1430
15,0,0,137.8273606186507,19.37581550424083,1135
15,1,0,166.337510802413,23.16303954106546,1361
15,2,0,192.2135260536665,26.95351492743104,1593
15,3,0,220.3338327018387,29.6744390460127,1858
15,4,0,223.9634857321021,30.40547400236169,1880
15,5,0,237.0559693326326,32.01450258164617,1998
15,6,0,242.1213713215732,32.98868152917175,2039
15,7,0,240.5930168331876,32.31745509914896,2046
15,8,0,244.3928056536481,32.71913150671097,2091
15,9,0,252.4951473129679,40.51606256653392,2134
15,10,0,249.5171933882522,34.09821187400938,2151
15,11,0,248.140044292723,34.15216875422623,2126
15,12,0,255.7083904123045,33.9875723147988,2200
15,13,0,252.0468406861751,34.37346940814896,2176
15,14,0,244.8896590389837,46.76572713316962,2106
15,15,0,237.9772125583087,31.1980997503931,2091
15,16,0,229.3501131095635,58.20930766071162,1954
15,17,0,209.2775023477536,28.73484696215209,1819
15,18,0,174.7307877542404,22.36199472411374,1557
15,19,0,147.6471762634368,19.00777339938655,1315
16,0,0,127.7987741516066,17.46247561794882,1073
16,1,0,151.01397444943,20.18219598241676,1280
16,2,0,190.2425767493422,196.2867114716753,1441
16,3,0,197.5764862168894,26.20993562408573,1673
16,4,0,216.566649781016,28.99989289584913,1834
16,5,0,225.2057094310467,30.65520093205079,1891
16,6,0,245.8923971690414,400.5331641671664,1932
16,7,0,227.1723949051346,32.30674490570192,1908
16,8,0,238.7394023111427,31.45223671524299,2052
16,9,0,247.0329264262627,33.06148514653871,2099
16,10,0,225.0345397544332,29.86650177128823,1950
16,11,0,241.0050259791758,31.28723155608469,2092
16,12,0,238.6950912961541,47.60406694257532,2013
16,13,0,244.968232121794,63.64962396505069,2060
16,14,0,230.6735783007334,42.42872860413334,1971
16,15,0,230.1039475578159,33.50609385023982,1987
16,16,0,213.4474859511195,95.09985686324215,1818
16,17,0,196.4252240345247,40.90470108537349,1693
16,18,0,176.4384005964711,44.27764462288886,1496
16,19,0,146.4881326398801,24.73522819493509,1258
17,0,0,118.680202977655,15.96610771413531,999
17,1,0,150.2343899651874,20.8527111107541,1236
17,2,0,158.2242568327904,21.65761781427733,1328
17,3,0,175.3228159061936,50.41821664959786,1464
17,4,0,197.716707833018,26.85747170904975,1663
17,5,0,203.1004198277331,72.9197959859881,1675
17,6,0,202.5340705511443,47.21574574195743,1684
17,7,0,202.4382125675831,27.14336926964563,1720
17,8,0,209.7644064814794,27.63019332969087,1801
17,9,0,203.7403154549164,26.67261719050587,1758
17,10,0,216.4205476480981,34.72447698344725,1832
17,11,0,206.6711605036976,26.91567130923531,1795
17,12,0,220.4789715315934,31.41168130534109,1897
17,13,0,226.9522836116917,293.1084547077378,1836
17,14,0,220.4001090453042,28.45870830180564,1943
17,15,0,209.5143993877616,30.04380490701418,1811
17,16,0,201.5620752421557,45.50710099142186,1739
17,17,0,212.4821613328484,638.9855566252428,1649
17,18,0,167.6118020144538,61.05527367920382,1428
17,19,0,125.7747512001337,15.99993375341575,1129
18,0,0,97.40729000115262,13.41346055688629,820
18,1,0,125.3912098480231,16.98746566570122,1055
18,2,0,138.7885613632999,18.94346946262349,1176
18,3,0,154.2933208044526,20.78889851570768,1301
18,4,0,174.5796389178122,24.3638609095403,1451
18,5,0,175.1162189789756,23.5518871296239,1490
18,6,0,177.5773752055009,24.29667771538401,1499
18,7,0,177.7147727427916,23.81817965726769,1513
18,8,0,186.1373015578464,71.8062200706167,1530
18,9,0,178.1800368097007,23.76120542638771,1531
18,10,0,189.9002790776361,25.19923804674766,1626
18,11,0,180.7397243792804,25.79635351746485,1569
18,12,0,186.6684220981869,25.48892945260666,1586
18,13,0,184.4762108667879,39.09660088821114,1599
18,14,0,181.3155705188293,24.69642838535994,1549
18,15,0,183.4749699084045,25.02935707372966,1573
18,16,0,173.4439605267393,22.38069346286846,1534
18,17,0,159.7227822043329,21.47928941331998,1376
18,18,0,139.067916055142,20.81204541722559,1211
18,19,0,115.5484051598792,17.42031896430801,1016
19,0,0,79.91240050505391,10.6399321386553,684
19,1,0,114.5667814518447,36.0912323113369,902
19,2,0,118.0583121843847,15.43726424028668,1009
19,3,0,129.6396219188767,18.74546741074881,1077
19,4,0,141.9933348777686,19.16914206125411,1205
19,5,0,144.2596866271925,18.79943585495844,1247
19,6,0,144.2819734612443,18.56896174908307,1253
19,7,0,151.8416250852745,20.4364349746288,1292
19,8,0,159.9607739614997,39.99026939785075,1294
19,9,0,160.340775650268,93.35633481806045,1315
19,10,0,142.2293795788726,18.96395814122823,1228
19,11,0,153.2447339635112,20.43127578699867,1327
19,12,0,150.4253429703384,20.09646304936953,1304
19,13,0,166.3713335136765,25.44850451788487,1408
19,14,0,147.9582741141414,19.18806923983652,1309
19,15,0,148.4190970816467,27.58923598775904,1286
19,16,0,132.0409753112417,19.0327617091417,1168
19,17,0,146.7375739493477,209.090402714213,1170
19,18,0,123.6704559865196,100.5760234983118,1006
19,19,0,91.02535509513969,11.70938135227718,810
