# mesh name: boxMesh_1
# primitive scorer name: doseScorer
# iX, iY, iZ, total(value) [MeV], total(val^2), entry
0,0,0,84.36893119068569,14.15578963932883,633
0,1,0,93.11719355503698,13.31596612547489,721
0,2,0,114.4261689129357,64.15342714740274,834
0,3,0,120.5046891080076,17.59415858912934,938
0,4,0,134.711247911457,21.47133585667604,1023
0,5,0,150.6023242540615,373.3492127782221,1039
0,6,0,143.4730022322424,20.23219273797039,1151
0,7,0,148.0957100519572,21.07226029136432,1197
0,8,0,149.9510195680837,20.64830793575684,1213
0,9,0,153.3284936466805,47.22737739506189,1194
0,10,0,153.6797116232708,21.37069020839468,1256
0,11,0,154.7757303169488,20.71780348197095,1292
0,12,0,147.1503224466432,20.13323391932189,1240
0,13,0,152.1528819148157,20.83303367394278,1288
0,14,0,150.8545809047546,20.68464720379264,1278
0,15,0,143.8694750105244,19.43436548229716,1240
0,16,0,140.5574292173603,18.79911230745186,1203
0,17,0,130.7999243641857,17.32944703845558,1133
0,18,0,115.2273649346698,15.40182112245533,992
0,19,0,96.71330130930598,12.60824335040797,852
1,0,0,101.7867311920371,15.06009990481261,774
1,1,0,111.0588476857747,16.73214376503781,834
1,2,0,132.8486455378148,19.89877132609939,1010
1,3,0,137.350977531012,20.42548665948782,1060
1,4,0,166.2272623161649,24.24962201342788,1287
1,5,0,184.4348197792379,236.6845659344542,1273
1,6,0,173.492177119861,24.96137114711496,1374
1,7,0,182.760799073271,24.99708482662787,1487
1,8,0,185.5682396099211,26.02902986096339,1499
1,9,0,185.7150478253276,26.0190564355415,1498
1,10,0,230.1528103187393,1053.114775548885,1531
1,11,0,182.7717206258501,64.26591395303521,1459
1,12,0,185.4664062568054,25.09678616419732,1553
1,13,0,190.9087684063035,25.9978016512392,1580
1,14,0,177.944887177409,24.66109389827317,1483
1,15,0,175.1648211521984,23.61117141211889,1493
1,16,0,183.6717407844927,59.94746774535614,1493
1,17,0,158.1770150911157,25.16823375247529,1335
1,18,0,143.9743817406479,27.23022576197328,1218
1,19,0,108.9459024835131,14.38076000578197,953
2,0,0,111.1571988599936,17.13368995298064,828
2,1,0,139.0655283105537,21.27483829733526,1029
2,2,0,140.7595687855961,20.31492144391365,1091
2,3,0,165.3680738263272,24.40684924480228,1260
2,4,0,181.4899524327729,26.30107818639558,1410
2,5,0,190.5529995250887,99.10464122170575,1396
2,6,0,196.3831403670571,27.80740968451204,1558
2,7,0,202.1574983738065,29.16156343014909,1586
2,8,0,201.0892644129306,28.25409458697444,1631
2,9,0,206.0950907351032,28.23492198472235,1695
2,10,0,222.1835642265506,36.5693377610378,1763
2,11,0,204.1174475566202,27.65231208883609,1697
2,12,0,203.2355765541493,27.11966920584596,1712
2,13,0,210.3630446324059,33.6739229339835,1747
2,14,0,203.7537421841146,42.42504039974232,1699
2,15,0,225.5626953457723,400.1233941198489,1699
2,16,0,193.8167565677131,25.41801157900979,1677
2,17,0,180.7106115413114,23.59895037898944,1560
2,18,0,160.5306761085087,50.42633632503328,1363
2,19,0,126.979137625365,16.6157487272807,1116
3,0,0,117.6680160022788,28.03573554383542,884
3,1,0,139.0779618148105,20.71973638951608,1045
3,2,0,160.4635551507008,23.85358537886034,1225
3,3,0,179.0652211146632,26.50337867297888,1377
3,4,0,202.0637867123642,30.15715496809402,1550
3,5,0,204.9969248956426,37.51162493189679,1576
3,6,0,223.0648482332525,33.75822076048394,1741
3,7,0,220.2615673717349,31.38598534734323,1747
3,8,0,226.9840429668537,32.25593961707968,1823
3,9,0,233.4911305485601,32.06753729989247,1919
3,10,0,233.928663496725,32.94397274721855,1897
3,11,0,226.1781582581496,31.55135579861338,1855
3,12,0,228.5104501898878,31.23356072632351,1902
3,13,0,235.5260700356895,31.46333396149733,2001
3,14,0,234.5633549344349,31.88144773273809,1967
3,15,0,215.957362717443,28.73378057420019,1856
3,16,0,218.5645131699122,29.36019316228658,1874
3,17,0,200.5221792610849,50.31362916867312,1702
3,18,0,173.6212006649033,23.24541118289092,1489
3,19,0,141.8417310543867,19.1693693944735,1227
4,0,0,136.2329444814665,20.3791224701892,1021
4,1,0,156.7457226168328,22.67249466027278,1220
4,2,0,180.7798857905581,26.47918483884705,1387
4,3,0,198.1064950641976,28.87545633275876,1534
4,4,0,208.1735424487498,34.72972370358239,1592
4,5,0,231.3462004107289,33.7897084561014,1801
4,6,0,234.6696792678605,41.47671019865624,1839
4,7,0,235.3519735887267,33.95657656503361,1855
4,8,0,247.8049208513249,35.45620914270362,1977
4,9,0,262.8615240159214,335.5403837927947,1984
4,10,0,269.3528987077091,139.6674979616971,2101
4,11,0,271.8659033531965,174.026502711732,2136
4,12,0,273.7057240950384,496.7992867204522,2095
4,13,0,238.9612610419508,31.96325393688631,2027
4,14,0,246.7335398503875,33.17033249538589,2080
4,15,0,252.3029071155859,235.3230156749998,2031
4,16,0,230.029685714282,30.93046445973738,1962
4,17,0,207.0152215772711,28.24373239927037,1755
4,18,0,199.3152036370749,132.4642701736295,1647
4,19,0,148.4138284828909,19.7379343282369,1280
5,0,0,135.5260193159217,19.83307699109939,1035
5,1,0,159.7817780877638,24.1928973836913,1215
5,2,0,185.2920827585966,27.11405260267727,1414
5,3,0,202.7007206042958,30.09309966226506,1550
5,4,0,228.5875993232314,39.59583506108209,1748
5,5,0,231.4045685919966,33.63505577510545,1813
5,6,0,255.6417128760968,74.70868052704773,1944
5,7,0,253.1671781431773,73.63473195530383,1969
5,8,0,267.7278550919547,60.03207169950112,2091
5,9,0,276.1831152631271,56.46539520445164,2169
5,10,0,250.2863228373248,34.7339792267907,2072
5,11,0,258.0399447997219,35.43428603546651,2141
5,12,0,244.9244114023924,32.68147531361589,2081
5,13,0,256.8104979221458,46.12023848791801,2156
5,14,0,248.3910058887545,33.95006591288055,2087
5,15,0,245.570660447549,33.94724840390098,2077
5,16,0,232.7259053507208,31.45046719240086,2004
5,17,0,211.3978509767395,28.05704865163284,1819
5,18,0,185.5844202797846,24.15150553588957,1618
5,19,0,167.4536652906476,71.37827626972316,1366
6,0,0,141.8258081130112,21.56990579692178,1059
6,1,0,167.1375906239215,24.3131857201388,1271
6,2,0,190.1682935212938,28.44124766562289,1441
6,3,0,218.3650257028052,32.5578182626133,1667
6,4,0,234.6048235057449,34.43953488917489,1807
6,5,0,257.5460243634089,81.37039440664653,1924
6,6,0,255.7027026033171,39.61567165372232,2018
6,7,0,293.4644524924723,256.3057290766438,2134
6,8,0,264.1499762933565,38.38914895611909,2127
6,9,0,268.1316677881128,41.43433910192698,2161
6,10,0,268.5256339706339,37.07118182231597,2199
6,11,0,272.9603571492952,105.3523238007025,2179
6,12,0,262.1094824969772,36.00349349482911,2182
6,13,0,275.5371304400932,67.1774995558733,2284
6,14,0,277.7352743363932,378.4496407521692,2205
6,15,0,258.8024196837549,35.69871304764347,2172
6,16,0,239.763710743033,31.10756292728432,2081
6,17,0,219.431643011877,28.45995408188952,1915
6,18,0,187.0973595450139,24.35514917319095,1640
6,19,0,156.1936225773415,20.08786296466288,1381
7,0,0,143.488040107225,21.55639252061673,1093
7,1,0,173.3569462213077,26.31433144675748,1294
7,2,0,204.2538229062843,30.5756589175954,1541
7,3,0,207.2867594571662,30.30866870411515,1589
7,4,0,237.533683447842,52.41434767820287,1822
7,5,0,262.7715234922516,329.8296259226026,1920
7,6,0,261.3684629412754,37.4936221301038,2063
7,7,0,278.3190807771059,67.84848099341322,2150
7,8,0,256.6379319219395,36.90723311375844,2094
7,9,0,273.3106808576401,62.18888801095191,2191
7,10,0,267.7222135234027,40.75230889604054,2182
7,11,0,276.4166520571762,38.8777911233005,2255
7,12,0,267.5228174212754,36.24490449410488,2228
7,13,0,260.7591820968366,35.14457060590124,2202
7,14,0,261.5747127475089,38.07430983137245,2181
7,15,0,255.1915054001357,60.48898735633616,2120
7,16,0,240.1759634777348,33.35867236235813,2069
7,17,0,218.424674446927,28.65067171458165,1888
7,18,0,214.3875552245711,260.9757939586784,1737
7,19,0,174.6859379721444,33.81565254443902,1474
8,0,0,142.4631712368654,20.84456422030276,1082
8,1,0,168.0699474998399,25.04739791717657,1282
8,2,0,190.6054863599005,27.65614671666007,1481
8,3,0,220.1442316254852,32.52569165385652,1682
8,4,0,237.00734384384,33.9527276207398,1852
8,5,0,242.3224270892273,35.50996670988818,1884
8,6,0,260.7703576603139,38.06963591820904,2050
8,7,0,269.5107243406176,39.17523536787088,2124
8,8,0,278.6136331993833,40.82022155533072,2210
8,9,0,260.9774553583221,36.00863503515108,2127
8,10,0,277.6106928070219,41.71066811915162,2260
8,11,0,261.1051146311787,36.62265608475947,2144
8,12,0,258.6203864841182,35.75748757151099,2168
8,13,0,262.9529081975908,35.66664745573728,2211
8,14,0,264.3635124679769,68.84569672435637,2212
8,15,0,255.0539539650192,34.1550632381971,2189
8,16,0,251.8881363042722,172.7774055050884,2085
8,17,0,227.9468962173408,30.8503943732362,1937
8,18,0,200.4883587161742,26.23165193335398,1744
8,19,0,167.9957370732014,27.9902186973623,1419
9,0,0,152.8032763395463,22.86888071236731,1150
9,1,0,190.0178405986374,368.4303728577239,1256
9,2,0,202.4579506961178,29.87604251958573,1552
9,3,0,223.5820746837049,33.06836060777675,1695
9,4,0,232.2388189355138,33.54363126408031,1813
9,5,0,252.6037938573988,38.03873623641822,1959
9,6,0,263.0509952349099,37.63761310984167,2069
9,7,0,266.9696441133937,177.3771799442406,2010
9,8,0,273.2842821058321,38.87654672417847,2194
9,9,0,265.2878373891505,36.79355624245801,2169
9,10,0,278.18430924158,39.58062763810879,2273
9,11,0,270.4211915716718,37.10458176419785,2245
9,12,0,272.8037773255354,37.73411331074277,2260
9,13,0,271.599794311848,37.21140965809624,2262
9,14,0,270.7180515432984,57.45608695237216,2283
9,15,0,254.4433263918665,34.37672753734164,2151
9,16,0,248.5002255903258,93.74726403058818,2071
9,17,0,237.8581479945791,138.6382793394425,1942
9,18,0,203.4068481041171,128.2143174231078,1672
9,19,0,173.343192063499,32.34288437820468,1465
10,0,0,160.8051426329759,160.7214404629271,1117
10,1,0,181.5084277922032,44.23958473362746,1335
10,2,0,206.1792586207592,36.32492727893353,1570
10,3,0,231.8821766344391,71.84704760900894,1738
10,4,0,228.5387084564424,46.08083752164359,1758
10,5,0,254.6123785180248,62.86419178650688,1954
10,6,0,266.7092939877589,36.95824423319974,2129
10,7,0,283.3226438172229,653.7650401647505,2068
10,8,0,274.1139093106727,106.4898507972635,2147
10,9,0,267.5249852561004,37.74504272527683,2154
10,10,0,291.876025669827,126.4330516574755,2275
10,11,0,281.7450267208162,38.83898828678433,2337
10,12,0,270.1483217892559,37.67081011477917,2231
10,13,0,269.8089528492577,37.595678479673,2245
10,14,0,260.992809621722,35.31237398073574,2197
10,15,0,257.4426201771229,33.78760552117717,2216
10,16,0,242.1569577524512,32.96203457663452,2049
10,17,0,226.8441586966579,157.579081263029,1854
10,18,0,198.3138527218772,47.23125457331317,1670
10,19,0,168.6104645547352,23.74555456879488,1447
11,0,0,154.4315042330977,60.21373819973557,1138
11,1,0,188.836009272065,54.52969370158632,1370
11,2,0,214.3035309842169,255.5574853405863,1504
11,3,0,221.2280419952777,32.42380294822438,1702
11,4,0,239.5701253038319,35.24413083739406,1857
11,5,0,251.6332391663183,37.96929673639083,1965
11,6,0,254.379307585444,60.72264383309929,1953
11,7,0,273.4080448662487,167.3217053211277,2080
11,8,0,274.3065223211157,38.95466495968971,2218
11,9,0,278.3859187190748,40.20527350141658,2224
11,10,0,280.0023589057684,38.79636613617039,2290
11,11,0,276.7855715110555,37.60307935781404,2296
11,12,0,278.956126683056,62.80884823263937,2255
11,13,0,284.4881583110834,90.16192114694981,2322
11,14,0,269.3068886733227,52.11672909669038,2252
11,15,0,257.2126822188418,33.34953838918603,2235
11,16,0,249.6098905801438,33.34470618306008,2137
11,17,0,230.5606294430322,30.54567799767886,1991
11,18,0,208.9092717273008,28.36466907275003,1795
11,19,0,159.0142330964646,20.09690512484922,1423
12,0,0,143.4540304378954,20.9836318939135,1100
12,1,0,176.5773285052537,65.66405062837671,1289
12,2,0,205.7239696887503,58.26388114617897,1532
12,3,0,209.556830714379,30.4303137077096,1625
12,4,0,235.1587341846894,34.78160092960321,1804
12,5,0,241.7085084952072,36.19419590810349,1864
12,6,0,257.3766376741768,37.4993231559022,2014
12,7,0,267.3175583699415,38.25317973849164,2131
12,8,0,268.6916581481952,38.56162163293117,2135
12,9,0,276.2771942699332,38.67210968912322,2243
12,10,0,274.7331939536387,39.11019955270768,2220
12,11,0,291.6648272637855,243.5601897498092,2252
12,12,0,268.3821202771443,37.36683918649913,2211
12,13,0,269.1428184430603,51.16689250794037,2255
12,14,0,261.4612896120408,35.523739352496,2223
12,15,0,259.5046680885004,123.3572904354782,2163
12,16,0,239.43416349664,31.80497381440768,2056
12,17,0,226.5498741755351,30.14534589615428,1960
12,18,0,203.9466321913517,27.8933287806492,1740
12,19,0,165.0147743730823,21.42537882560311,1451
13,0,0,140.3699215235709,23.35808840158821,1054
13,1,0,163.5498411920971,46.29068054585289,1203
13,2,0,211.2371043163304,360.8948470834814,1479
13,3,0,212.110443300193,32.09871587852851,1605
13,4,0,229.5833058609422,37.5560051478759,1737
13,5,0,251.0983396773058,238.4653041465783,1850
13,6,0,242.0977954443082,34.5368231353879,1913
13,7,0,270.5254414673614,274.1248747271485,1995
13,8,0,251.4487878158484,61.60172397448997,2003
13,9,0,283.7013399308007,226.6819805362839,2180
13,10,0,265.2142557195378,36.70201222360314,2179
13,11,0,279.5881958949117,126.1386293934279,2229
13,12,0,274.2732248695256,86.41756310111261,2187
13,13,0,265.4832694054452,35.41448171744882,2246
13,14,0,259.961368840178,35.36630455454033,2211
13,15,0,256.873106803446,35.06029446372911,2165
13,16,0,242.8339350123121,31.7355505430815,2096
13,17,0,223.0255572530198,29.89264703370221,1908
13,18,0,195.0243258589425,26.99417680787314,1671
13,19,0,159.7751936564125,21.04067429817088,1378
14,0,0,136.8864208225912,44.57462876315736,988
14,1,0,157.3954191367986,23.55859326197618,1181
14,2,0,187.1355095919068,28.30796269972501,1419
14,3,0,203.4617518999213,29.61426602970412,1570
14,4,0,234.8964975062615,38.42514409631502,1810
14,5,0,234.778066877043,34.09778622510695,1833
14,6,0,251.658281840465,36.51868421368195,1969
14,7,0,249.4177532575308,36.23588304694238,1970
14,8,0,263.7835728951814,51.06852426117534,2066
14,9,0,255.3243889363825,37.99942205725229,2048
14,10,0,261.9054279036651,36.43541053631427,2146
14,11,0,262.6063715649796,36.78996792397095,2167
14,12,0,251.5032784331608,33.6757533321036,2121
14,13,0,258.2238732370444,39.21621217339479,2131
14,14,0,252.8398275945128,33.86075752551021,2142
14,15,0,243.4896168779836,31.60466864745382,2113
14,16,0,254.6190071378878,219.1817059128343,2056
14,17,0,222.3787906275987,63.54572660867194,1881
14,18,0,204.6302438743689,85.05043479801073,1690
14,19,0,164.6066887884856,40.79486286213283,1396
15,0,0,129.8795910604144,19.66747129039188,973
15,1,0,156.3009503642972,37.07582664530921,1172
15,2,0,198.6014739221979,595.7462752694922,1325
15,3,0,189.4987695641616,27.05225830194209,1485
15,4,0,218.5739576355712,31.63927639616462,1702
15,5,0,214.8066081892636,31.15025752348898,1669
15,6,0,230.5283031108769,32.98863830911004,1831
15,7,0,233.6307004493682,33.72000756995772,1846
15,8,0,244.3019511939356,65.46201037971443,1922
15,9,0,245.7297262571376,34.23625098283169,1998
15,10,0,251.8404893385451,35.67763278713874,2047
15,11,0,245.1327262238905,38.29087878271623,2013
15,12,0,244.6362325801807,33.76482484200997,2037
15,13,0,240.0001659714739,33.09580470467174,2014
15,14,0,256.9222457218447,34.47391940313783,2184
15,15,0,267.548608263842,494.3844536199879,2043
15,16,0,221.4669689175388,29.11840288024603,1910
15,17,0,206.7986008541604,27.24419900274346,1785
15,18,0,178.00970737345,23.77909894542565,1539
15,19,0,160.819766318308,23.01833415731739,1412
16,0,0,118.1909592354345,17.56402586523278,902
16,1,0,138.4082639591583,20.56881057449361,1042
16,2,0,172.6065082655111,25.65116267955006,1307
16,3,0,175.8882399688983,25.7892967135869,1356
16,4,0,197.3930938246347,30.19842264849091,1516
16,5,0,208.984629787234,30.49510148119484,1631
16,6,0,230.3897291102443,74.37196270702216,1772
16,7,0,249.710693169877,794.7805675415054,1765
16,8,0,226.2510530131714,37.00178317147498,1821
16,9,0,240.7052635190903,149.7922304265734,1844
16,10,0,232.1824330845052,33.90529454889626,1919
16,11,0,225.9236856251661,30.45028227917144,1881
16,12,0,231.761974202951,31.68752556504818,1931
16,13,0,237.5219316259798,31.66323493711244,2018
16,14,0,228.4503243087694,30.91057632185353,1930
16,15,0,221.94154766257,29.55870037322576,1903
16,16,0,210.275556011593,27.66105082381804,1812
16,17,0,197.9370106502996,30.88304649434096,1712
16,18,0,170.0247275624856,21.59263207323216,1497
16,19,0,154.918530635815,157.781388175768,1248
17,0,0,110.401344413595,16.87271586343293,822
17,1,0,123.1187417397883,37.99619517284106,912
17,2,0,145.707289086681,21.48320580397074,1120
17,3,0,177.3763729019193,139.8459947575684,1297
17,4,0,180.8964841605289,29.12034765727113,1385
17,5,0,191.6649127753789,28.11546421600816,1488
17,6,0,201.5061557827213,29.704548813934,1573
17,7,0,209.3323714429411,213.6448365057608,1567
17,8,0,215.041570604289,45.62406052410983,1724
17,9,0,200.7796819630409,28.09000148868704,1633
17,10,0,219.6495520133765,30.72620296301761,1808
17,11,0,218.305455827591,30.28559644958111,1808
17,12,0,202.4989824807798,27.61066935485622,1688
17,13,0,211.1078523824898,28.70784605312345,1768
17,14,0,209.1411997428872,29.10926842057239,1748
17,15,0,212.8145250357214,28.62812078541728,1802
17,16,0,191.1077140422107,24.79806319664025,1663
17,17,0,173.262544625453,23.07203967166285,1503
17,18,0,162.8076088511781,21.73044072304581,1409
17,19,0,131.0240791057188,17.18460731453293,1139
18,0,0,102.7073711788058,79.94991306338419,725
18,1,0,114.3072965270436,17.13031401192975,863
18,2,0,125.5270567702689,18.46405707856547,961
18,3,0,146.1418810832421,22.05578690893412,1121
18,4,0,168.7906441333603,58.24804576245435,1259
18,5,0,162.8753580687578,23.88418479434931,1279
18,6,0,176.1695084367387,25.68777014843878,1380
18,7,0,182.0129773710517,81.289876465916,1390
18,8,0,189.8396403975978,97.72914193989622,1468
18,9,0,182.2407595949731,25.03011592246119,1501
18,10,0,169.7397784681432,23.91343505977455,1378
18,11,0,183.8832982015143,26.34450247474301,1487
18,12,0,181.8271402159843,29.87660759163829,1482
18,13,0,186.6969470129941,31.30066513496659,1554
18,14,0,183.6157505904006,24.73375934424954,1557
18,15,0,177.6204055310097,23.78530820354155,1509
18,16,0,177.5094210172169,23.35245607348016,1525
18,17,0,151.0187253185829,20.71750687113652,1313
18,18,0,133.5408607681775,25.3660317942255,1125
18,19,0,116.0766828578687,15.16132546760324,1021
19,0,0,80.19108498896955,12.26952300154508,606
19,1,0,99.26596943918339,14.56726102777765,763
19,2,0,110.6698800571068,15.88485702168775,860
19,3,0,124.7485077879358,17.87999474998688,973
19,4,0,131.9338550946381,19.24300564316557,1016
19,5,0,138.6707694359625,21.08397367932133,1083
19,6,0,141.5805714273496,21.18485614537489,1116
19,7,0,147.2125452329274,20.98078892581196,1179
19,8,0,144.3554219988992,20.40741217366674,1166
19,9,0,143.0048268196975,20.48933166974528,1153
19,10,0,149.6425809432824,20.83704473503881,1227
19,11,0,152.3486409522846,20.84330623811723,1260
19,12,0,151.9395538897759,20.14641144184804,1302
19,13,0,148.5674769830175,19.94884240035489,1257
19,14,0,169.2593965879217,401.7139177658147,1268
19,15,0,137.9235394175477,18.11043985152143,1188
19,16,0,137.265128662285,18.12116192657565,1186
19,17,0,131.8505823798856,17.7030195120001,1132
19,18,0,111.7536548415409,14.47825208720691,983
19,19,0,103.5616518702292,71.78214936453034,813
