# mesh name: boxMesh_1
# primitive scorer name: doseScorer
# iX, iY, iZ, total(value) [MeV], total(val^2), entry
0,0,0,79.3952396706474,10.57000371937307,679
0,1,0,107.1741094245222,15.60814240694013,908
0,2,0,115.7740567666709,15.83561964312968,974
0,3,0,137.8699137247403,19.4012298442116,1137
0,4,0,152.7795534905748,205.9998664259532,1157
0,5,0,147.5648363637826,20.4936857996022,1231
0,6,0,154.3785800058898,141.9805465392901,1226
0,7,0,168.2605054574337,185.7139083503219,1313
0,8,0,148.2678896117704,19.52169425748436,1284
0,9,0,190.3529918451057,742.8051104641348,1346
0,10,0,151.1721620876405,20.73277824096259,1278
0,11,0,152.653837830576,36.43301850640828,1278
0,12,0,156.7912781703119,48.75382532322355,1319
0,13,0,154.5306950198641,21.28928688530111,1310
0,14,0,149.4332103998536,19.93792982422012,1288
0,15,0,147.230901931831,19.86750184348239,1279
0,16,0,160.3496744658698,229.1387115686223,1261
0,17,0,124.6408102767111,25.21689179184821,1089
0,18,0,114.845571412366,14.86380366613782,1005
0,19,0,99.95030913763473,13.83092191017606,864
1,0,0,99.77999209272541,13.68182498514288,851
1,1,0,123.620693404292,17.01750952335453,1035
1,2,0,134.6148632383186,18.03253004778998,1136
1,3,0,156.233007709967,21.09771465505271,1328
1,4,0,164.196432250851,22.72067773806232,1368
1,5,0,195.4456632425113,302.2788394956257,1449
1,6,0,179.9243997799815,24.95600060418882,1516
1,7,0,178.9128180077128,28.13926757557325,1501
1,8,0,182.3237256420064,25.32590210335889,1555
1,9,0,189.4527226468311,25.43047839871043,1613
1,10,0,195.2606107624711,40.29758250138573,1646
1,11,0,185.7863716876034,24.83428692231494,1592
1,12,0,195.3819183612835,33.65456116388547,1681
1,13,0,199.4894594403004,56.98646969825289,1670
1,14,0,179.9637439281461,24.02319815286381,1564
1,15,0,180.5716950426084,31.65552084839628,1532
1,16,0,172.3874211372224,22.55127602091257,1512
1,17,0,151.7693253935434,44.56891630424195,1281
1,18,0,136.967419817456,17.41258567513414,1214
1,19,0,106.0555675000795,15.69677735043004,916
2,0,0,112.6618707808782,15.33300991485878,937
2,1,0,149.0908800250502,19.92661556745961,1253
2,2,0,166.0825045153354,63.953481879696,1341
2,3,0,194.4355289974857,182.8900720269189,1514
2,4,0,200.4664862691539,44.82189983577824,1629
2,5,0,198.941031785359,26.76780699276397,1681
2,6,0,197.0550075987777,26.31397558346358,1672
2,7,0,220.9824969868164,32.74954173513039,1847
2,8,0,212.6859969238489,27.78485479737367,1827
2,9,0,206.7139802850806,26.63407294732687,1804
2,10,0,229.3318971982573,387.3888148053146,1799
2,11,0,205.1527201345429,27.03915352330727,1763
2,12,0,211.6823650039579,28.82265947961377,1814
2,13,0,215.6555418348787,52.31173017339856,1811
2,14,0,221.3665879724932,45.48348893217803,1877
2,15,0,211.1397979428253,79.50263755068521,1756
2,16,0,197.0469235666081,25.84343695305827,1708
2,17,0,175.4385902948598,22.84752964095589,1542
2,18,0,157.8876116651297,20.76199914398413,1378
2,19,0,122.3703154192088,16.25634760627364,1065
3,0,0,124.092292303006,16.9283766131471,1039
3,1,0,161.4005121429298,41.51437900816427,1313
3,2,0,176.6672000624179,23.5906507874737,1489
3,3,0,200.3045130939501,26.21582906273956,1703
3,4,0,212.7468153157348,29.2788856197421,1771
3,5,0,230.0375564633271,104.0671793720417,1874
3,6,0,225.889419342363,30.69706117604382,1894
3,7,0,228.7028695159445,30.92260328884483,1952
3,8,0,236.9928474762376,31.99263097893687,2002
3,9,0,239.638632971566,31.45179698316247,2060
3,10,0,241.4191308693834,87.8467508670854,1994
3,11,0,258.8894288719234,237.685257282293,2055
3,12,0,247.5110228370131,356.9743303737842,2006
3,13,0,241.0056634727069,281.8027466009563,1964
3,14,0,224.2870934668259,29.82017563701897,1935
3,15,0,225.0383090572202,93.22431452787227,1884
3,16,0,225.0392052478891,29.47009545328094,1950
3,17,0,206.6267652243257,31.57720769462321,1760
3,18,0,165.8547451274461,20.96410502949354,1479
3,19,0,146.7864603520766,75.29675525953407,1220
4,0,0,136.4014161527621,18.55373030315355,1144
4,1,0,164.1431585406679,22.73348730041365,1364
4,2,0,192.723887033497,25.94521803679568,1614
4,3,0,207.7382416254751,28.29287159632047,1744
4,4,0,229.7057298318018,30.84274209437229,1951
4,5,0,232.401801409521,32.51752326835015,1928
4,6,0,246.7943040372928,59.9367143150861,2033
4,7,0,242.2610892986912,33.05649127083016,2047
4,8,0,256.2324421384308,38.26563642861095,2137
4,9,0,251.1453255293921,34.15805548123001,2124
4,10,0,250.6656901348572,33.50543953311473,2138
4,11,0,253.0602669921681,33.60841599521337,2178
4,12,0,259.6904052610183,60.44899657166501,2207
4,13,0,248.7675279892484,32.54040905294654,2165
4,14,0,249.2452322390494,33.16487606976786,2147
4,15,0,239.4429970909462,31.61262354568621,2074
4,16,0,227.2714992064055,28.60822655173916,2023
4,17,0,208.2982100556832,27.25895780639776,1816
4,18,0,178.7876674032743,23.98242637790098,1548
4,19,0,152.3726282981382,20.10240113013925,1339
5,0,0,148.0715318265525,20.7083848708182,1220
5,1,0,176.0919673777524,25.01802429925865,1464
5,2,0,202.0052650654543,46.11603830019413,1663
5,3,0,230.8217441985252,112.5893712607705,1791
5,4,0,250.3906704583462,120.4751040469808,1972
5,5,0,255.1789862973484,35.13024800850906,2131
5,6,0,249.7946982669695,34.01721471189083,2141
5,7,0,267.318306689931,37.65887917665443,2210
5,8,0,263.4390970866997,38.6257000389232,2206
5,9,0,257.6577124287401,34.41927657693588,2207
5,10,0,270.7085847982341,36.6125181920564,2305
5,11,0,262.5754737273572,34.646876988167,2262
5,12,0,263.3776039556003,36.07412491006654,2226
5,13,0,268.0582579817697,92.38517137148182,2232
5,14,0,270.1228693740113,61.93654481862406,2272
5,15,0,269.5387261412454,255.4130443577023,2197
5,16,0,247.4910816110116,223.6264285760748,2030
5,17,0,213.5368113457025,29.3598138748802,1840
5,18,0,191.2519447309038,37.99245590072503,1659
5,19,0,152.8786043264502,19.67239841360162,1349
6,0,0,166.7641292860511,408.1595167785451,1229
6,1,0,179.159485462555,24.36725215371951,1500
6,2,0,192.825729442513,26.44681884251923,1607
6,3,0,225.9610401433328,30.48811697358687,1892
6,4,0,249.3645191603287,45.22129538590212,2074
6,5,0,263.6563940724452,130.019010802288,2106
6,6,0,262.5514915080464,54.28089229013958,2178
6,7,0,263.9298965011147,34.92094926226555,2258
6,8,0,268.5929626625355,36.98349617752804,2252
6,9,0,271.9833672752377,126.9944364065302,2212
6,10,0,272.8964992806575,36.82635296043279,2331
6,11,0,264.4577759716786,48.04425305035018,2252
6,12,0,279.9979654111397,64.78082766205945,2351
6,13,0,274.0635804246563,256.026253712866,2223
6,14,0,275.8793059000874,234.5928500176238,2260
6,15,0,267.6380634596733,99.72094320726389,2230
6,16,0,249.8513867469258,70.75115824462902,2112
6,17,0,223.7850698754444,28.73607552499578,1973
6,18,0,188.568765617951,24.32800454989708,1670
6,19,0,152.2459143275625,22.40959214906051,1339
7,0,0,153.1336724438759,43.75702123591449,1239
7,1,0,195.661525185204,116.6337506339163,1514
7,2,0,207.775430064966,29.15122128538388,1719
7,3,0,231.749010575537,31.51487584015419,1951
7,4,0,243.3209960880725,33.91093376701269,2037
7,5,0,261.7889411845979,46.71400265240161,2164
7,6,0,267.9623007346349,75.06411008109468,2204
7,7,0,268.6246932899379,36.14635247089527,2274
7,8,0,273.0288983669805,132.3499361187973,2253
7,9,0,263.8885994350387,35.18291273673539,2260
7,10,0,286.3279648976025,213.6883974740992,2325
7,11,0,269.2567417377302,35.84186833078097,2307
7,12,0,271.3113650171645,35.67869918314209,2350
7,13,0,276.6815145008003,351.6830623838748,2182
7,14,0,267.8564391622061,54.36486011705067,2291
7,15,0,249.835182159431,39.65030911734492,2158
7,16,0,253.8822346597831,350.5788651011115,2088
7,17,0,230.5211130644871,31.17652890611395,1989
7,18,0,190.8532885153672,25.49246226827965,1645
7,19,0,154.1691757764497,19.60579900759221,1378
8,0,0,155.1208326864387,21.85010116828198,1271
8,1,0,181.3105366136681,29.45682528461532,1505
8,2,0,213.332996456683,39.64776928218453,1744
8,3,0,227.171034698864,31.24144292060064,1904
8,4,0,256.9905560427512,366.2533529174493,2015
8,5,0,258.3242830517228,35.23100324710234,2158
8,6,0,256.8734136974394,35.11807921747737,2154
8,7,0,256.7414672020311,33.92020999714877,2199
8,8,0,261.3176138089623,35.07159286097606,2209
8,9,0,269.1772568958805,35.82029169263637,2302
8,10,0,287.2790399944238,259.3960448421844,2334
8,11,0,268.8553270089258,35.83478483162805,2322
8,12,0,285.5510866284989,260.3170453730121,2309
8,13,0,271.124232698786,36.91272872350299,2322
8,14,0,263.9153700061829,37.19867926922511,2312
8,15,0,251.0726810835621,33.2723571334398,2178
8,16,0,256.3898188230629,69.0852546668394,2198
8,17,0,233.5684527771403,133.7802703381767,1951
8,18,0,194.5574260789037,25.36207045200529,1702
8,19,0,157.3457799351775,21.36894166698742,1361
9,0,0,162.7329822757631,30.74408943559722,1322
9,1,0,178.8172434241469,25.26052439241306,1497
9,2,0,205.5808460580645,28.17159167304247,1720
9,3,0,222.8118925350682,30.03638834244022,1885
9,4,0,257.1127915590669,35.21785346250105,2142
9,5,0,250.4083090825785,34.34569636791169,2106
9,6,0,262.0088600331289,35.11182184654211,2229
9,7,0,268.7560565047492,36.47960637569624,2252
9,8,0,273.7471487658302,41.89609235222061,2324
9,9,0,277.7551669669991,63.16949100984682,2325
9,10,0,267.251127756013,35.77218054760384,2299
9,11,0,270.3370311367785,110.7452267087558,2216
9,12,0,265.2432240553064,35.5390786602789,2270
9,13,0,273.6342853139461,36.02334027963265,2387
9,14,0,282.8486454510538,126.6894390731217,2337
9,15,0,251.8640186114931,76.74881737391527,2149
9,16,0,257.0493373967677,118.7549406877219,2132
9,17,0,232.5619954424295,54.08635059648408,1993
9,18,0,202.6996319516352,169.6076294768751,1648
9,19,0,154.9242607415859,19.56762932459812,1387
10,0,0,150.941071197992,20.94472862529364,1247
10,1,0,172.7458067200589,23.860748421367,1427
10,2,0,206.3017215629057,28.20477585462495,1734
10,3,0,230.9877728393518,31.06967629506319,1957
10,4,0,249.3675675010024,33.19152389773903,2115
10,5,0,262.7138800319128,94.02300231590667,2157
10,6,0,263.3264665962772,35.92036781251412,2221
10,7,0,279.0462798338704,139.6989619926304,2282
10,8,0,273.7099384018077,37.40702239606032,2309
10,9,0,261.7115486481676,34.59234703838903,2245
10,10,0,275.2095242939972,136.7519048017722,2303
10,11,0,267.5666591654129,34.81441561713412,2317
10,12,0,271.6227018534659,77.64104938423738,2287
10,13,0,258.6781075170365,34.0474042536939,2252
10,14,0,272.2301447372572,44.73258956426894,2368
10,15,0,268.7725820892118,74.27814064031816,2250
10,16,0,254.1527197598671,84.8425126591178,2130
10,17,0,226.3297135430423,82.84549479392054,1940
10,18,0,195.042039986701,24.92278687958543,1724
10,19,0,148.2632610240864,19.51265932870321,1311
11,0,0,151.8332270168853,21.64671281972035,1236
11,1,0,167.9166014283039,22.5910319420141,1413
11,2,0,211.8306483348062,48.64161370789285,1697
11,3,0,230.1065874872474,31.09726020874226,1929
11,4,0,241.6923610337572,53.72302760033925,1987
11,5,0,255.0398715435176,34.66266744934961,2131
11,6,0,252.8616399693495,75.47836242350827,2103
11,7,0,259.9331316307602,50.26350899799646,2173
11,8,0,270.2233142177629,36.19953509750486,2307
11,9,0,278.332755045636,36.90913502286766,2390
11,10,0,281.264416319782,101.7135350536096,2344
11,11,0,299.3868040604733,704.8256418015354,2335
11,12,0,282.1305038930645,68.14922111810573,2378
11,13,0,266.9592693255083,65.18114219507788,2261
11,14,0,262.7611173462362,34.99994390726796,2272
11,15,0,261.002269307419,35.16043150429199,2243
11,16,0,239.8978047861749,31.83330334924033,2079
11,17,0,213.9342852655435,28.01827652744318,1876
11,18,0,196.7660481349389,25.4602211011558,1723
11,19,0,157.3322987273251,20.69971807424383,1382
12,0,0,146.4740962299359,19.67963608407081,1234
12,1,0,183.4583443844935,41.66884902334478,1482
12,2,0,205.9798330878593,27.84308336388634,1735
12,3,0,225.6370950768876,30.36169858562618,1903
12,4,0,245.0008728912156,34.24806793030924,2025
12,5,0,256.750271050208,58.23169878410888,2140
12,6,0,264.6941716690606,36.83032508731529,2210
12,7,0,265.5608073602143,36.48836715938036,2226
12,8,0,275.4317934556921,36.32901036391659,2367
12,9,0,286.0079127112925,80.06844965292234,2338
12,10,0,287.0904689421711,233.5729851346791,2293
12,11,0,266.4972637598481,46.13947930892027,2261
12,12,0,255.0872566784475,34.02055783673321,2208
12,13,0,267.6700179814878,34.67425457893391,2331
12,14,0,301.8699497710476,561.7316301172895,2409
12,15,0,243.2590017070969,30.74085674472356,2152
12,16,0,238.6745059715768,30.52403910421813,2123
12,17,0,219.6407551245134,28.19192933527913,1942
12,18,0,191.5455255635319,24.8568875922239,1687
12,19,0,158.9263866369692,21.48821870565054,1376
13,0,0,136.0265096606468,18.51994908056711,1144
13,1,0,170.1421037556961,23.07729363114236,1434
13,2,0,205.4056563068495,27.97451948724488,1719
13,3,0,268.6799554276433,1274.791226399352,1913
13,4,0,245.5916826971438,34.0665061480851,2040
13,5,0,254.1107227169548,35.60533726103866,2105
13,6,0,259.2125930166298,37.00513707012114,2195
13,7,0,261.7631099008231,64.69479503064696,2171
13,8,0,277.5359839837756,162.0430541395698,2284
13,9,0,269.4566329067621,35.84891066379301,2307
13,10,0,275.4337630890641,36.93261756669521,2364
13,11,0,261.6361201804307,35.58051813273413,2236
13,12,0,262.1158081198543,36.06384858260563,2225
13,13,0,270.7945781821222,35.49791184047944,2356
13,14,0,250.9133777255169,32.57262747621861,2197
13,15,0,246.7555998843992,32.41159871843936,2154
13,16,0,233.5903430236349,30.68368307764891,2031
13,17,0,222.0224656205396,29.49748291353628,1927
13,18,0,194.1824567989775,42.00929982712994,1665
13,19,0,155.6186237257163,19.79622554920082,1385
14,0,0,151.7808479656602,203.491155506083,1145
14,1,0,174.3901430221659,23.96451598573879,1461
14,2,0,206.8710568108409,28.15178002613242,1723
14,3,0,223.7978170941209,31.14457252139003,1852
14,4,0,244.3651132742095,32.88178752209167,2055
14,5,0,249.0878749798176,50.74504721161401,2089
14,6,0,248.0949960940821,33.54122377520407,2101
14,7,0,274.171462899129,138.3654588744205,2199
14,8,0,244.4853274621976,31.87918633908837,2115
14,9,0,250.0792319526866,32.96226427415778,2157
14,10,0,261.3968093729728,34.93824379493171,2233
14,11,0,259.783190645179,59.82312376836797,2199
14,12,0,269.082301842372,36.0075330520651,2314
14,13,0,269.2661266692776,37.38479082417239,2295
14,14,0,256.0486542620048,72.19811671996696,2141
14,15,0,250.1615377236644,159.6078561922473,2054
14,16,0,228.9455004261111,29.7969071821093,1993
14,17,0,210.4241625802092,27.10807768299005,1856
14,18,0,178.639587777449,23.99769460693364,1557
14,19,0,156.9751383678067,20.72366757789703,1388
15,0,0,134.3415544641952,18.36686414571394,1127
15,1,0,160.2024203735615,21.99930828682444,1327
15,2,0,189.169303409518,27.03734032804035,1566
15,3,0,209.6100500681357,30.203183403747,1744
15,4,0,221.0438028225322,29.75996145306994,1854
15,5,0,239.7007512837222,35.86967429008262,1990
15,6,0,236.045004540381,31.89583838984518,1995
15,7,0,244.8282903887464,52.17009263050683,2052
15,8,0,252.0971432275736,34.60765728412882,2125
15,9,0,241.3796026617157,31.98313695291978,2080
15,10,0,244.8149020558716,33.0167500653821,2102
15,11,0,252.248258513091,33.57461603871462,2171
15,12,0,252.1644510051186,32.27820455557934,2219
15,13,0,256.0485409261763,140.7839652769627,2117
15,14,0,263.6388144426821,491.992482264564,2066
15,15,0,242.412337523623,43.8456049845522,2078
15,16,0,231.7794466991761,43.1481333138025,1987
15,17,0,218.814419530979,149.7184852623683,1828
15,18,0,171.5192939312956,22.35624486242807,1517
15,19,0,150.3434498837692,18.99970522571911,1340
16,0,0,135.3906576634794,18.74398469104246,1133
16,1,0,152.7130466849281,21.09774903789158,1281
16,2,0,187.0888439192393,103.1789309784234,1486
16,3,0,201.466906826192,27.41926518908562,1688
16,4,0,211.8426469830286,29.00287581625316,1783
16,5,0,234.0047002322094,32.27075833398388,1952
16,6,0,231.4675836987043,31.18767613056033,1957
16,7,0,229.6774487107105,31.54870442174792,1918
16,8,0,235.0630389414765,31.31784333748123,2009
16,9,0,248.0955675062282,43.56551211151054,2071
16,10,0,233.2897426940744,31.36692068845222,1989
16,11,0,253.4996462183734,147.614613017575,2075
16,12,0,247.7954203891805,100.4666293407895,2045
16,13,0,237.1055593910736,31.74351330749193,2046
16,14,0,245.9665176659622,289.8035812487865,2020
16,15,0,229.2800804198594,30.25827189314549,1996
16,16,0,239.7915633530698,956.3736335749276,1828
16,17,0,189.4144700240291,23.73507753425292,1688
16,18,0,169.4235193772425,28.21264564907008,1465
16,19,0,134.3295191464115,17.8954973017428,1173
17,0,0,115.0253063888645,15.5403120401801,968
17,1,0,146.2152944868818,19.93245761344784,1220
17,2,0,161.3874104159031,21.896299873725,1350
17,3,0,178.8395508520296,34.52817798702203,1484
17,4,0,189.2232292263714,25.50461240020796,1591
17,5,0,200.1013999735767,26.85218921630368,1691
17,6,0,206.0228208651549,27.28590022237433,1758
17,7,0,209.1351073660827,129.4353214540703,1690
17,8,0,204.9924941112352,26.85890860725548,1757
17,9,0,205.6611900650684,26.30729454396492,1799
17,10,0,213.1905924321585,42.41499149547062,1789
17,11,0,214.6397851324812,28.52564217114453,1840
17,12,0,227.4856020389704,107.3829076999827,1872
17,13,0,224.5601078120424,91.73058206398504,1869
17,14,0,222.4417951153394,29.09773809239659,1943
17,15,0,213.9207492772463,37.90494706855204,1838
17,16,0,196.216968810187,25.23561795262912,1736
17,17,0,183.8316754821799,23.77982441018461,1614
17,18,0,160.5952107478402,20.65694641694706,1406
17,19,0,126.8172146699363,16.38314288049353,1136
18,0,0,100.5798069832758,13.6580595318693,849
18,1,0,119.9593471311385,16.24947956631977,1001
18,2,0,140.7644721720908,19.1891410491353,1186
18,3,0,153.5924586833665,20.33613021893754,1291
18,4,0,173.7217916408595,23.65459506567339,1456
18,5,0,178.090881863091,24.01208129814407,1509
18,6,0,172.7781884061797,22.98712568658549,1467
18,7,0,175.1154307784397,23.5572118510586,1485
18,8,0,182.7785732261246,30.41792185113309,1547
18,9,0,171.523233909478,23.20120053272,1465
18,10,0,185.450209634673,24.9165206896144,1589
18,11,0,211.2689504119912,665.7524891187799,1623
18,12,0,178.5963986769048,23.90127393419842,1542
18,13,0,179.4414076329919,23.16648039465245,1574
18,14,0,188.7792012497449,70.81423353879751,1557
18,15,0,186.1407414825901,25.19701245953077,1609
18,16,0,172.0583461411009,22.11791097216704,1513
18,17,0,153.4720557339602,19.86467521329849,1333
18,18,0,135.4434715593831,18.26682105816675,1169
18,19,0,111.5475275104883,14.91080919981858,993
19,0,0,77.18052525751192,10.41068723669714,659
19,1,0,105.9409276110016,14.68930982138823,882
19,2,0,115.7756837645092,15.83449620767115,963
19,3,0,120.6743016232594,16.65357630617828,1002
19,4,0,149.7430868733391,51.94001992167512,1246
19,5,0,144.9278987179348,19.66247678828496,1217
19,6,0,144.3419531557324,36.83123713261596,1187
19,7,0,147.709117778095,19.89240551789045,1256
19,8,0,152.3583042261928,25.14051557456737,1281
19,9,0,151.440910035996,20.51388534867369,1301
19,10,0,142.7780206505731,18.4861471930536,1251
19,11,0,155.1006622425245,20.65267719330015,1340
19,12,0,150.068946594004,19.78611382531657,1320
19,13,0,160.4144919652033,21.58884372633373,1379
19,14,0,149.5068182899024,19.59863840709606,1315
19,15,0,149.2811829832754,32.57161462702464,1266
19,16,0,129.7548889445563,16.1428118868342,1165
19,17,0,134.7109208135714,24.03231985054218,1156
19,18,0,111.4603417137241,14.87446703597583,978
19,19,0,89.00468186706829,11.3146023861514,793
