# mesh name: boxMesh_1
# primitive scorer name: doseScorer
# iX, iY, iZ, total(value) [MeV], total(val^2), entry
0,0,0,83.3761417360805,21.86750896528134,690
0,1,0,110.1102160863899,15.76234248328217,907
0,2,0,117.8735926275863,30.82518826577543,964
0,3,0,135.6605269616201,18.81332243610109,1138
0,4,0,144.7412269550805,18.81253277383225,1263
0,5,0,140.4933230499282,18.63565959596729,1217
0,6,0,154.7834369281647,20.31432701193018,1334
0,7,0,150.7302373934744,19.36722578673513,1334
0,8,0,155.952405134535,20.30934695277861,1370
0,9,0,160.6904592217255,46.74688159462961,1370
0,10,0,157.3554185515309,19.78587618539365,1421
0,11,0,154.6193841368194,20.413427484176,1380
0,12,0,162.6974192734101,21.03696420962524,1466
0,13,0,159.7038833655745,19.95445674553416,1470
0,14,0,146.7669169647706,17.78810553562853,1376
0,15,0,149.8377148632335,18.45316748071873,1399
0,16,0,153.3148770297356,18.85059356662831,1435
0,17,0,169.7373959921026,281.5768964080114,1437
0,18,0,143.1572764605674,17.58623980839386,1348
0,19,0,109.8683449165825,13.11290416580812,1058
1,0,0,93.83381107497762,12.59666493254757,791
1,1,0,121.8009122806172,15.90276318161493,1036
1,2,0,139.2801737893311,22.2761149549097,1169
1,3,0,156.6462895230538,21.91865441972848,1308
1,4,0,169.6357969480403,24.86979318364843,1449
1,5,0,178.8836869530687,24.13415953705355,1527
1,6,0,176.0057088220418,23.48273456565959,1516
1,7,0,185.1016297569846,24.6855657531876,1606
1,8,0,188.7329508549188,25.63682280097612,1631
1,9,0,188.7128199995357,24.06773608075147,1701
1,10,0,198.2428563544477,52.5082688983135,1719
1,11,0,189.5140206578854,23.45302541475567,1738
1,12,0,210.2634932929867,196.3472460045666,1797
1,13,0,202.8015314156094,24.93904189491278,1887
1,14,0,197.5106062812005,25.19612750176,1808
1,15,0,224.2215987208954,443.0621214225509,1879
1,16,0,209.2027193561066,25.7522388128079,1963
1,17,0,200.9092640093454,24.06085848568098,1919
1,18,0,189.3649173370751,37.49357970444269,1749
1,19,0,150.2830185651866,34.48622391197874,1376
2,0,0,111.5478115108858,14.87063781964838,948
2,1,0,147.7940496249581,20.52185167401897,1230
2,2,0,155.0966320085971,20.7315103941271,1311
2,3,0,189.3916423246329,26.25219486262475,1589
2,4,0,198.8249621656665,35.32956015421485,1691
2,5,0,216.0205318400102,323.9628433210228,1735
2,6,0,215.3227484917696,28.6298364047337,1851
2,7,0,213.9219804984583,76.06201814878693,1808
2,8,0,225.3181506780833,124.8530033282108,1876
2,9,0,217.9585770485685,35.61197339725162,1928
2,10,0,229.9374544592173,41.11612354889112,2044
2,11,0,225.3145283071288,37.02648054145916,2006
2,12,0,229.8367168103425,46.77766085563375,2042
2,13,0,234.5724013340825,30.44050462820742,2111
2,14,0,230.8660029902182,29.49131713122208,2103
2,15,0,231.4362363995751,46.03704279306423,2123
2,16,0,239.5914426856085,34.9682823363535,2206
2,17,0,220.7412213947453,26.22654436562776,2105
2,18,0,209.1909447474894,25.5842720587124,1978
2,19,0,162.2622709594072,20.26023520852131,1527
3,0,0,127.628412706712,17.26137714019213,1072
3,1,0,148.1571601955816,20.20196854012041,1240
3,2,0,182.5557504124251,24.47317275288402,1537
3,3,0,207.1885927601147,28.26718938367592,1742
3,4,0,225.4987647864056,76.94127040226715,1863
3,5,0,221.1785175129428,28.64579614137293,1928
3,6,0,230.5284317135455,34.97231215860662,1953
3,7,0,239.9497716193581,31.06634826856886,2096
3,8,0,263.3373076155402,514.4243345967993,2119
3,9,0,233.2085554343981,29.83014616533373,2081
3,10,0,252.8496739421798,32.7096801534998,2251
3,11,0,242.3145509456041,30.48800850620393,2191
3,12,0,248.4011757085358,31.42920520508158,2254
3,13,0,245.2411245841629,30.51863344184132,2258
3,14,0,260.9414072277955,33.72837791507929,2373
3,15,0,249.7380700399883,168.9401918233948,2209
3,16,0,249.6466844843918,105.1835707612782,2270
3,17,0,240.9034803786034,30.081160378475,2252
3,18,0,221.5042095208533,28.25110696733751,2088
3,19,0,173.936058652228,22.72925417924422,1633
4,0,0,132.428883237871,17.38764582658839,1132
4,1,0,165.6620860123468,24.39021265391453,1355
4,2,0,185.617950418174,25.46948532068785,1558
4,3,0,211.1337039408774,31.3816881595387,1777
4,4,0,252.5363477899617,350.2111092561894,1917
4,5,0,235.7310075720049,31.44924646035821,2019
4,6,0,252.7133468767026,33.167490690299,2185
4,7,0,265.4748677226987,169.5073706314144,2217
4,8,0,285.2843355434135,605.4862730668398,2343
4,9,0,252.4353085287604,32.72036127407749,2236
4,10,0,253.9556064419331,36.44216622438561,2243
4,11,0,258.6408855817288,32.53797361774144,2359
4,12,0,275.1582442522227,113.2080438156398,2400
4,13,0,251.1410812041673,32.18184290061127,2292
4,14,0,270.9381018538959,51.86304429947529,2459
4,15,0,255.428286063497,31.67177732231687,2374
4,16,0,252.496606798368,30.9807440070148,2368
4,17,0,249.4339573927471,30.62312880457335,2342
4,18,0,228.547630181795,28.105999231908,2162
4,19,0,191.3201561101857,121.0962521690396,1679
5,0,0,144.0664790317797,24.12746947558696,1196
5,1,0,157.2107920993667,20.64401563190979,1339
5,2,0,201.3762060449432,26.74940601440925,1717
5,3,0,222.7019783190196,29.34714680685086,1912
5,4,0,229.0289062630239,30.58925142959927,1972
5,5,0,244.8003210361356,31.9767657490048,2119
5,6,0,256.9525485749429,33.57047482626535,2264
5,7,0,254.5194588222005,33.63077576616869,2233
5,8,0,274.459605651444,36.33531089387305,2384
5,9,0,265.5814607870095,34.40943787843765,2347
5,10,0,258.3598744970494,32.62968391307269,2328
5,11,0,267.8652489183843,33.8290853727263,2434
5,12,0,258.0683348946494,33.38147655347109,2347
5,13,0,260.7061837838436,32.25334634290206,2409
5,14,0,283.3193270248557,348.245212348898,2455
5,15,0,255.9429687754265,32.02560890626675,2377
5,16,0,271.7809851211579,115.6067732568783,2441
5,17,0,252.6463353540531,39.48712578996169,2321
5,18,0,223.9246601433091,27.40602982534488,2136
5,19,0,184.700896450812,30.39580556059406,1712
6,0,0,135.0548672474687,17.84052261622062,1150
6,1,0,168.7466894974512,22.88047379646895,1439
6,2,0,198.4471048682202,26.92867845244152,1662
6,3,0,225.4346838760761,30.87734799536963,1901
6,4,0,233.2914562749319,32.63282113720112,2003
6,5,0,247.1617248381111,32.4971547695082,2143
6,6,0,256.686965754954,34.2302910431946,2209
6,7,0,269.7312638505413,77.65045240869327,2300
6,8,0,280.2208163074102,37.08170037602399,2466
6,9,0,267.9814106981923,101.4352554175968,2321
6,10,0,255.4455452646455,32.15481311664115,2310
6,11,0,265.0141719624591,34.00601872952465,2383
6,12,0,257.2567944448342,47.68323005443405,2317
6,13,0,271.5720490844755,71.10201030368262,2406
6,14,0,256.2050716675481,31.96197729271602,2398
6,15,0,274.404004882091,51.68467834895361,2499
6,16,0,259.1689484212029,32.89745442022954,2415
6,17,0,258.1119724416548,47.77412453836287,2393
6,18,0,232.786097572217,40.34822415519242,2162
6,19,0,177.8501687488092,21.47664252741719,1688
7,0,0,160.0968927028194,107.6234665545639,1275
7,1,0,198.945232102278,267.6062476655146,1540
7,2,0,204.7349251476547,28.15216795973844,1719
7,3,0,224.1202902616136,30.44893399728215,1892
7,4,0,234.3840241943506,31.01592737680124,2026
7,5,0,262.8046405344056,35.08186511284926,2232
7,6,0,260.1991575526474,35.60632578954969,2227
7,7,0,276.9738431151403,147.809810700035,2309
7,8,0,271.3444882161091,115.0368139613183,2292
7,9,0,267.805333841853,120.6420125341648,2317
7,10,0,280.3907550175828,81.69393424301001,2442
7,11,0,261.8677791743287,32.8655210744279,2374
7,12,0,276.9000509014678,167.6406040228367,2404
7,13,0,259.9170150927185,36.02287708539599,2335
7,14,0,270.513943707763,37.0546701436899,2459
7,15,0,262.7009433774836,33.32252544041108,2421
7,16,0,293.7498596306207,475.005613312877,2440
7,17,0,251.732788141044,31.9973894501313,2349
7,18,0,245.1254768059688,181.1607951676729,2181
7,19,0,182.3020315758221,22.39489516238398,1741
8,0,0,152.2878077723269,91.58773396248262,1207
8,1,0,180.6796367775897,33.74244611347052,1488
8,2,0,210.7239354028474,34.67190956176647,1754
8,3,0,234.3769997521861,32.41747208197287,1952
8,4,0,236.8778190227385,31.77868256948876,2018
8,5,0,238.9153601302349,30.78136795991024,2079
8,6,0,267.1651838415034,143.4546749713352,2208
8,7,0,288.9358825787128,319.6435766377225,2304
8,8,0,277.284592563098,155.1501449816278,2285
8,9,0,288.3390369331487,111.0375133518712,2436
8,10,0,265.9811422523609,45.61717491908983,2339
8,11,0,261.2088549049475,33.45538069216853,2348
8,12,0,266.8278116473195,33.94119953762617,2419
8,13,0,265.9910384087349,47.82630083440278,2382
8,14,0,268.4456176910011,52.36658555470409,2438
8,15,0,255.1295408413079,33.16456324490184,2363
8,16,0,264.8438738454863,141.4935904779017,2378
8,17,0,249.5905241129957,29.6825740118897,2382
8,18,0,229.8855264921355,30.37102714150084,2133
8,19,0,185.7774641931009,33.56449769203694,1721
9,0,0,136.0594776636722,19.95614443955403,1124
9,1,0,177.6548406743488,24.38573883044151,1491
9,2,0,210.2912862595286,110.5394216555239,1711
9,3,0,231.7850060728351,32.01470076696092,1940
9,4,0,253.7747425631287,34.17227200270779,2168
9,5,0,244.0752299073766,31.9248578274687,2131
9,6,0,265.2175672277345,36.2866640821211,2305
9,7,0,263.1034750494948,34.97571326935331,2277
9,8,0,284.3202602913292,272.6417761986251,2348
9,9,0,279.0948958747002,53.03359966554707,2427
9,10,0,303.8958257853909,1014.749434813582,2444
9,11,0,268.1347088300039,34.37947478120193,2412
9,12,0,272.0694556403142,39.75083251879279,2433
9,13,0,267.0359015109329,42.8331423471782,2402
9,14,0,276.4421733580501,187.7620125434537,2421
9,15,0,258.0359515217388,46.65372439263911,2361
9,16,0,268.9863637156497,34.68976630267471,2503
9,17,0,259.8838948549562,32.38630200994689,2428
9,18,0,225.9619613319002,27.60149281017738,2147
9,19,0,186.5052738035493,50.92567806590566,1722
10,0,0,142.7947458114692,19.28630575488213,1202
10,1,0,177.1689442620606,24.37661321899277,1469
10,2,0,203.1564629207117,27.18607778297516,1728
10,3,0,223.4427312975043,29.59257177440977,1907
10,4,0,240.8439740554239,31.45318304051604,2068
10,5,0,260.3918633376248,34.79340623607789,2251
10,6,0,249.2074309253006,32.39670886837989,2187
10,7,0,280.3698098060385,219.3998177309285,2361
10,8,0,263.3051191709931,34.2611254277583,2316
10,9,0,257.8801437207044,32.98534329893982,2310
10,10,0,281.6007611993299,83.33192941722164,2446
10,11,0,264.4276468220651,52.35366082227368,2355
10,12,0,269.920981770354,34.14476180283395,2469
10,13,0,268.0914570863717,114.4168188305884,2381
10,14,0,261.6931439395842,31.97270278096848,2437
10,15,0,269.4090241194504,74.14309132963884,2440
10,16,0,272.8447405180387,37.77580358649594,2523
10,17,0,258.6101818901311,40.14816108565492,2429
10,18,0,226.4643927236025,27.07913648296172,2170
10,19,0,181.5661818890046,22.03276838761417,1725
11,0,0,143.2626462151352,19.01404638469772,1222
11,1,0,173.9626387738571,27.76264430364825,1435
11,2,0,194.8936905734376,25.72892381781208,1660
11,3,0,221.7286884532182,30.49885704803655,1883
11,4,0,241.838225160587,52.5933445113301,2026
11,5,0,267.272679347571,80.12703071328976,2210
11,6,0,258.258401327295,33.60482932416754,2260
11,7,0,259.5462412156725,33.96007964579426,2274
11,8,0,279.6389926649349,58.10874676193374,2409
11,9,0,265.1431241132861,34.96402800592769,2335
11,10,0,297.8359155852469,440.60466425679,2466
11,11,0,269.3204367135215,34.39006881093969,2410
11,12,0,286.4126768404473,317.6364163353697,2362
11,13,0,252.4537816066092,32.53198899421758,2336
11,14,0,268.3006733637726,40.07442775573386,2425
11,15,0,258.9623323784987,32.81078945698886,2383
11,16,0,270.6793094804399,294.1491679826218,2406
11,17,0,260.506897810079,33.60357924626237,2413
11,18,0,234.9104901525842,42.54692855953511,2184
11,19,0,187.7073943668461,64.05196203080692,1734
12,0,0,143.2952189419806,19.70094095292256,1197
12,1,0,176.7221247557825,24.11092967207004,1480
12,2,0,204.5452791085911,28.07936567893509,1712
12,3,0,228.3267390299443,30.53116934846572,1946
12,4,0,245.9380988458378,48.85190342290721,2055
12,5,0,253.9620104980206,33.94776891993364,2179
12,6,0,259.027291432946,68.59907809831985,2224
12,7,0,261.6400344582295,33.7940452789476,2321
12,8,0,266.6282967428472,34.33463609660792,2379
12,9,0,278.1832553658498,59.04435818395746,2425
12,10,0,264.7833173971853,34.05484689283806,2376
12,11,0,264.5674213013919,33.66432815296005,2394
12,12,0,291.7014857379485,364.3903710754042,2430
12,13,0,262.077789212478,32.61731583804768,2406
12,14,0,258.9028594271005,31.91541234268447,2406
12,15,0,261.6155176563586,32.62364255271528,2416
12,16,0,275.7150892587708,250.8440442242083,2443
12,17,0,270.2837762202005,201.3898746323478,2410
12,18,0,231.1201035360475,27.99281973026637,2216
12,19,0,187.4172279994832,23.76786340517918,1757
13,0,0,143.1909560733612,69.10547805863234,1159
13,1,0,175.8566464498977,24.25845875011688,1472
13,2,0,202.9912512566754,26.96653504689374,1735
13,3,0,217.7107523680214,29.36156975834452,1841
13,4,0,237.3648370087062,31.50685440931528,2049
13,5,0,239.1332583772605,31.17919528759264,2081
13,6,0,250.63697555965,33.56975710112093,2173
13,7,0,255.0164446942184,42.28456999557276,2203
13,8,0,251.5872243953595,34.4393910953669,2210
13,9,0,266.8270796634225,35.04812146024396,2354
13,10,0,273.3683710434697,50.24271660625249,2398
13,11,0,269.0369333867063,34.64722955359245,2401
13,12,0,270.1750260240808,47.73855603416457,2416
13,13,0,262.0404696727032,33.4612270418664,2373
13,14,0,256.1957519712865,31.75545083487505,2364
13,15,0,262.9830306030157,34.56753828830683,2439
13,16,0,265.9751152382911,88.45562911470415,2396
13,17,0,249.8616016385184,30.9830924356341,2347
13,18,0,219.757563059919,26.58834028926035,2090
13,19,0,185.9255273819828,23.27562066723138,1762
14,0,0,141.2682114233129,73.89151686650695,1148
14,1,0,182.5066954931917,46.10088948895724,1461
14,2,0,197.7895553172698,26.97302554982719,1658
14,3,0,216.2909126983366,29.74694430078845,1815
14,4,0,251.2747161407805,210.794016965117,2044
14,5,0,249.7600132092329,33.16313237811111,2143
14,6,0,245.892787069528,32.87566996392125,2122
14,7,0,264.4823401567251,64.99627909433056,2240
14,8,0,268.2041776984076,42.80737350085124,2319
14,9,0,260.3465070737364,35.59195264508426,2279
14,10,0,258.2450890164935,35.81269385258752,2301
14,11,0,267.7367304851942,35.00826155116396,2382
14,12,0,264.9784649947083,67.26080376948163,2355
14,13,0,257.3621424016063,32.86585615689897,2343
14,14,0,259.972304386897,32.75153106707731,2372
14,15,0,251.3074744496453,30.84423660811855,2339
14,16,0,246.8913862556266,30.5859084411362,2306
14,17,0,254.2175634159364,31.30594016930567,2379
14,18,0,227.6065971795088,27.13125701290369,2186
14,19,0,178.7834739777344,21.68213606413365,1712
15,0,0,130.2909961835738,18.14379515678829,1078
15,1,0,169.7588210849199,23.77397385888104,1402
15,2,0,178.6722443204898,23.78101184577331,1526
15,3,0,212.0289614386154,29.41671565283167,1778
15,4,0,224.0860836494221,30.59510697148583,1911
15,5,0,237.9330517659115,32.32064280831885,2031
15,6,0,240.4450418661328,31.28671283048003,2089
15,7,0,270.5173513475736,38.84285807504213,2359
15,8,0,251.4743765544525,32.58985767137175,2214
15,9,0,252.3348964352085,32.44042528873302,2239
15,10,0,263.1771794907576,73.58447401640642,2298
15,11,0,258.5966904731007,33.38941572709091,2311
15,12,0,253.430019871739,32.36371888238237,2303
15,13,0,262.9730825572423,32.48402677447299,2415
15,14,0,252.5478276475028,31.78746037114728,2309
15,15,0,254.9792971396323,31.80705650685636,2364
15,16,0,257.0102962857442,42.71992068630336,2394
15,17,0,239.5704609015842,29.27921688952548,2262
15,18,0,241.95753192788,95.28354100754632,2195
15,19,0,191.2634348777563,69.32067387789942,1739
16,0,0,129.203917539188,18.7597780001817,1071
16,1,0,150.9368434594388,20.05116114476586,1283
16,2,0,187.5898224196411,31.66231945883955,1568
16,3,0,197.0664089856355,26.68316442185845,1665
16,4,0,247.5743409435332,742.5857563889148,1868
16,5,0,220.1275912584128,28.52648722505111,1910
16,6,0,228.7889395953836,29.9262465582128,1995
16,7,0,231.9944679301345,30.91977236058834,2003
16,8,0,232.4132194769003,39.11229017178875,2044
16,9,0,241.8973480707545,31.81667832328473,2128
16,10,0,245.3914562521727,31.4040011696922,2206
16,11,0,255.9196066645854,101.0412257512466,2233
16,12,0,244.7639305292933,33.1535154395312,2227
16,13,0,249.1100177897291,31.59753909094197,2269
16,14,0,268.3162270294639,355.0884570961401,2266
16,15,0,303.0328678110955,1122.83240697169,2383
16,16,0,244.1795093176453,75.57661145457728,2209
16,17,0,244.8008343368877,29.62387270392974,2318
16,18,0,222.5505929692314,29.69305050763747,2099
16,19,0,177.2160352026977,21.94346649539176,1674
17,0,0,113.3635420866329,15.33403333510543,957
17,1,0,142.4261834487716,38.16722049195877,1151
17,2,0,179.5601655075789,104.6261064797399,1429
17,3,0,188.2464026403957,38.95067257083085,1552
17,4,0,205.3118660033962,83.16914012784173,1713
17,5,0,205.6327707890939,42.77491268709513,1740
17,6,0,213.5278413042008,42.56829004876093,1785
17,7,0,212.3431474073062,27.53092715377313,1879
17,8,0,226.6949836481875,49.31125896396832,1950
17,9,0,223.5899920258365,41.59397599027784,1968
17,10,0,224.7268681314854,28.92081093411817,2012
17,11,0,224.9319893611382,29.3780838601321,2004
17,12,0,224.991585249764,29.27512148288914,2027
17,13,0,246.0155770019485,274.3201129987851,2067
17,14,0,233.3736849596517,30.28225932100724,2109
17,15,0,266.694844498722,776.8936568285187,2155
17,16,0,248.3660062040131,258.4210762974531,2129
17,17,0,223.8472286026726,26.72195687258048,2124
17,18,0,216.0986009760295,26.69282939225862,2019
17,19,0,162.9073737102665,19.8842744418457,1543
18,0,0,104.0594449236532,21.64556658532898,859
18,1,0,121.428748869382,16.9249641740258,1021
18,2,0,144.3338443585897,50.98569379385735,1152
18,3,0,148.4631141410322,18.97975691243058,1296
18,4,0,192.953993624667,377.8772757040371,1503
18,5,0,179.800508144848,24.27074364252259,1526
18,6,0,200.596500913425,366.40747330755,1571
18,7,0,186.5262389248697,53.77890173376213,1591
18,8,0,188.5572219072295,24.30858463514148,1669
18,9,0,217.6955285253132,224.3552715361649,1777
18,10,0,203.7586717744113,150.6705241153311,1765
18,11,0,192.1872984409594,26.100177588452,1705
18,12,0,200.0688117859382,51.99629099847807,1792
18,13,0,208.8968418798988,97.18611743647973,1814
18,14,0,208.9342648906197,107.0330507569184,1835
18,15,0,202.0601248152647,25.24033192851485,1872
18,16,0,199.2212771400373,24.59752763550229,1850
18,17,0,203.7335786015034,25.3839772941444,1909
18,18,0,176.3553586431693,21.12116654379716,1681
18,19,0,150.0455468536773,19.05508368820258,1406
19,0,0,86.17695296791874,11.82717082653079,719
19,1,0,103.8728294797702,19.16618820394684,854
19,2,0,114.7514869626719,16.53865098027634,962
19,3,0,129.0581800225166,17.62468177353697,1091
19,4,0,133.5012224832982,17.59887580342599,1145
19,5,0,140.9573634801362,18.0036038223387,1235
19,6,0,145.9332285790312,19.35939263159561,1266
19,7,0,148.7195416892309,18.98761220640156,1334
19,8,0,155.0730966447306,25.89742192183728,1333
19,9,0,149.1576067603395,19.44033241366875,1320
19,10,0,154.5947510340636,19.20187601292207,1406
19,11,0,161.9310033726033,28.59652233509548,1432
19,12,0,155.2636614853155,23.35898750112519,1391
19,13,0,179.4292796984507,246.0200801227446,1463
19,14,0,166.1530228707005,25.02136282870417,1492
19,15,0,161.1500034945767,19.89942405399608,1491
19,16,0,147.3474209275913,18.04840661807736,1384
19,17,0,154.5852830974292,19.48810995876403,1451
19,18,0,148.2774970602526,18.40239669627551,1401
19,19,0,118.6947435225011,25.31883207901917,1097
