# mesh name: boxMesh_1
# primitive scorer name: doseScorer
# iX, iY, iZ, total(value) [MeV], total(val^2), entry
0,0,0,88.4041468112496,40.44113387938803,760
0,1,0,101.4055750761094,12.74794902637711,924
0,2,0,118.7358614351404,15.18357558934853,1087
0,3,0,130.8012559400967,16.60109076377352,1204
0,4,0,132.8048942684244,17.32817497234168,1206
0,5,0,139.5003351080388,17.82413969164602,1273
0,6,0,144.3671046779595,40.41833504247567,1310
0,7,0,150.9351694322257,18.70814589026829,1404
0,8,0,152.4949474601593,59.20262222077499,1372
0,9,0,151.4194544020287,18.74737719407781,1412
0,10,0,144.8947723247178,45.52534307400841,1299
0,11,0,152.4623027061106,25.4632278244127,1402
0,12,0,166.789373287807,228.336992998464,1411
0,13,0,159.0629823514266,28.88750521623052,1471
0,14,0,144.8211965071391,17.74289639847911,1364
0,15,0,143.558019382239,17.75302217090203,1363
0,16,0,141.6980852601917,23.59434023437448,1298
0,17,0,126.6253064384544,15.40640649517287,1203
0,18,0,112.324383257942,14.08094911370092,1056
0,19,0,91.08829814618731,11.30741150825287,861
1,0,0,99.63017840960987,13.22733455404654,893
1,1,0,131.1069344323457,40.27976791011405,1158
1,2,0,140.4845501405052,17.60887983858798,1290
1,3,0,161.1727998218894,20.83587510530503,1455
1,4,0,170.2836248697602,21.36879796458092,1574
1,5,0,176.3106039040732,21.98593916047876,1623
1,6,0,178.7715807103564,22.91235466731102,1641
1,7,0,176.9589298944132,30.94306110849346,1634
1,8,0,186.9789951724817,24.13306414668731,1699
1,9,0,192.4681961830291,24.49776650463437,1775
1,10,0,177.1525094777707,22.71544619923394,1632
1,11,0,181.049749049336,43.27809659205299,1673
1,12,0,184.0341521407305,22.88188715518902,1749
1,13,0,183.3827310349505,26.74794715386406,1694
1,14,0,224.0753772073767,774.0618659806328,1728
1,15,0,171.2910692487726,20.94255272336745,1626
1,16,0,177.0825825382774,22.27337491731857,1651
1,17,0,164.0792531883655,21.0896534103727,1540
1,18,0,143.9138974801646,50.44359956914339,1300
1,19,0,108.6929545443422,13.14612130333519,1035
2,0,0,115.7875085672847,14.81937860989015,1046
2,1,0,155.4544970510587,142.8474890991614,1338
2,2,0,180.2307213060988,84.39478354041374,1585
2,3,0,193.5738333471135,57.84472927604558,1736
2,4,0,186.5468513546089,22.25749433179007,1744
2,5,0,198.1354120892824,24.68697572017265,1826
2,6,0,202.5254031864529,30.82267522920719,1865
2,7,0,214.9830906082021,26.33771429060226,2009
2,8,0,209.8126102262471,33.03726834798799,1940
2,9,0,215.4386150131681,26.60933404171043,2016
2,10,0,209.8612382327365,34.66745143752277,1941
2,11,0,228.4578609537796,65.67070649295819,2003
2,12,0,205.6050595966295,25.2191900979194,1936
2,13,0,216.1785025230929,27.53251946879488,1985
2,14,0,207.8791734173545,24.97196203576482,1986
2,15,0,207.9990442035362,24.97003462086423,1971
2,16,0,225.9034934968668,461.329434756311,1918
2,17,0,183.2834126833763,21.84703368637276,1755
2,18,0,158.2229735432655,26.87974408273986,1464
2,19,0,130.5384922630651,16.07264046328912,1228
3,0,0,122.5701749829841,15.59393279856256,1115
3,1,0,155.9798656080401,34.51505686719052,1411
3,2,0,198.6260490622313,31.31752206402519,1759
3,3,0,214.7192847292018,33.97353282202747,1936
3,4,0,218.3704809225202,27.53746951071158,2006
3,5,0,228.7459678697845,30.6640025728722,2079
3,6,0,236.0985157934612,78.7514648777575,2148
3,7,0,234.5596384391532,48.35145098122332,2110
3,8,0,229.2658050539211,28.01941807476545,2165
3,9,0,242.9339692987585,72.88009923137851,2179
3,10,0,230.1138357471417,28.86292372369515,2134
3,11,0,235.2035716927568,29.76712925491421,2166
3,12,0,223.3462836263684,27.75786499813566,2080
3,13,0,246.7109287423626,84.98561315520485,2238
3,14,0,233.2975193678985,28.55011777699751,2201
3,15,0,223.4738922656562,26.81689276352105,2119
3,16,0,215.1995500347711,25.66684605525115,2063
3,17,0,207.224167106362,25.74836380457715,1941
3,18,0,174.2661247326327,21.12015240068848,1650
3,19,0,138.6424083359262,17.28491399380413,1302
4,0,0,157.4339282487437,369.3021732039231,1268
4,1,0,179.1827402447514,86.52559428038504,1546
4,2,0,209.2457818972592,198.3953507523894,1813
4,3,0,251.078940183707,571.6912903249403,2015
4,4,0,225.5553390078737,29.42350457310532,2049
4,5,0,235.5533591325625,29.90021723121821,2156
4,6,0,236.7443681493017,29.89187751250948,2178
4,7,0,243.6430800930457,30.85809260635903,2233
4,8,0,240.1286700937927,29.86510445126493,2229
4,9,0,240.5438347859839,29.56173052845691,2240
4,10,0,239.1330817794796,29.95872511399622,2239
4,11,0,260.9268318619932,212.2800733557728,2300
4,12,0,251.3670356288281,169.1776331473486,2231
4,13,0,237.4688617871813,29.67287782273439,2219
4,14,0,247.1921681261298,41.36607000826172,2273
4,15,0,246.046635515078,58.60171068552161,2230
4,16,0,241.5865798180678,35.05122874476966,2245
4,17,0,207.7121999532186,26.67175405093955,1930
4,18,0,191.4597598003728,56.00565024702246,1757
4,19,0,147.5645626813002,17.48149293658151,1411
5,0,0,126.8719612958007,15.24023579271893,1188
5,1,0,171.0567081046986,21.57077069911643,1571
5,2,0,199.6792639235734,25.51816903357722,1805
5,3,0,245.9533909262624,328.354806907176,2032
5,4,0,235.617476012763,29.99288254558506,2150
5,5,0,241.5336641496334,30.54666418470373,2217
5,6,0,238.7089537450937,30.23000458154746,2193
5,7,0,264.2583860360398,106.3610671798778,2367
5,8,0,245.7524575001701,29.68516294005819,2315
5,9,0,251.4359136247209,169.7099005814449,2258
5,10,0,245.9707240605809,30.28574868404343,2301
5,11,0,256.0820169699334,40.69643775104917,2384
5,12,0,247.1313261245922,30.18614486368988,2333
5,13,0,258.4484026765917,92.16270448052057,2375
5,14,0,253.7423636904894,31.52071244843104,2365
5,15,0,251.1394958717911,50.32962450513468,2333
5,16,0,244.8038789706751,78.23514329119779,2256
5,17,0,211.234505482749,26.67633436285904,1977
5,18,0,186.9655864272955,27.80045005260597,1758
5,19,0,141.0559006691023,17.83904189451498,1318
6,0,0,144.2392985963061,17.90372922084126,1326
6,1,0,188.8464601374519,154.2554457652323,1611
6,2,0,208.313406335923,26.52139888622034,1893
6,3,0,239.4019691264182,64.6986741105063,2117
6,4,0,252.4179528719387,59.89962565873424,2249
6,5,0,263.6195912736791,215.7013725210792,2272
6,6,0,248.5242616680068,40.91951435734124,2273
6,7,0,254.7483919075561,31.94205788181307,2339
6,8,0,262.3074876239448,70.30162950431493,2372
6,9,0,247.5884501192943,30.00583250412638,2318
6,10,0,258.2016117217306,55.34263479656418,2360
6,11,0,260.3870887989686,80.33098238139851,2321
6,12,0,239.5326967508245,29.7287600097281,2248
6,13,0,272.9191162089972,357.2813039648295,2318
6,14,0,245.5828915134112,30.36083771577996,2284
6,15,0,271.8564526551602,285.8279290788015,2327
6,16,0,237.3668599888569,28.74286627550989,2254
6,17,0,217.2139291091193,27.66037966414024,2021
6,18,0,191.1388057827388,29.17924127691404,1804
6,19,0,154.0407567340613,64.61170483648976,1395
7,0,0,138.4482865189514,18.41716289052363,1245
7,1,0,174.7232591241774,22.02633640911809,1604
7,2,0,217.4909420541552,72.65109503038579,1899
7,3,0,227.9736653046442,28.94912343110879,2084
7,4,0,251.0798983086056,31.89949174582932,2302
7,5,0,272.7695147450945,84.18035539078106,2406
7,6,0,278.2591605874841,420.8629127632502,2356
7,7,0,265.4165991142503,120.5019470132775,2349
7,8,0,253.5794555483696,30.95651877789193,2360
7,9,0,268.9672160101774,85.02311803977209,2412
7,10,0,250.2945612498607,32.0005143712425,2334
7,11,0,259.7638815617712,47.39917035710332,2416
7,12,0,251.9772105738354,30.68041582010997,2377
7,13,0,247.3747099628088,30.70848345196229,2305
7,14,0,260.9100432530265,32.68914067256911,2427
7,15,0,241.2023121333231,29.78330464133037,2246
7,16,0,236.1667132287714,33.30499313216833,2201
7,17,0,224.6085020032769,52.33873727489374,2051
7,18,0,214.1328567947778,583.8892972721238,1792
7,19,0,153.7691340801144,18.95768635268654,1451
8,0,0,148.4436181069693,18.75309570007473,1353
8,1,0,176.0845568016956,22.55916418190276,1600
8,2,0,211.0714266587835,26.48802871367053,1939
8,3,0,233.769037324905,29.55921100192769,2129
8,4,0,241.0279197172451,39.29190993843972,2190
8,5,0,243.820438225967,31.44661712173018,2244
8,6,0,259.39415022669,36.53010309937617,2373
8,7,0,250.8020081309999,32.27207466228713,2304
8,8,0,264.5793301331128,33.2135366664675,2438
8,9,0,250.9027749468777,31.63263725835876,2311
8,10,0,254.7556373165322,32.32236617737966,2341
8,11,0,240.5792004643344,30.94738675927429,2255
8,12,0,252.0900712099844,31.27476255670581,2369
8,13,0,251.3449710204046,30.82941777956125,2360
8,14,0,250.6138792525834,60.19184500596269,2324
8,15,0,248.6893892952261,51.37818320325619,2286
8,16,0,247.1852639700217,31.68905928372142,2305
8,17,0,226.2389823795434,41.19222166448409,2129
8,18,0,182.3461881280367,22.52025233055063,1716
8,19,0,157.078073703203,39.22630483909845,1438
9,0,0,144.7928192285092,21.65029447168684,1323
9,1,0,174.1170941289078,21.89858051963886,1602
9,2,0,202.9297811035721,25.28997338617905,1861
9,3,0,224.6644866972994,28.75523308085141,2037
9,4,0,260.2248973202456,247.67643582518,2257
9,5,0,255.8454768084645,32.12373166493415,2361
9,6,0,244.9172241814553,30.81345011716386,2257
9,7,0,266.4948044824204,33.5367494986072,2456
9,8,0,249.6640815239371,30.48341991885815,2343
9,9,0,253.3114870297505,32.05038697883787,2329
9,10,0,259.6598557694862,66.75092341560961,2351
9,11,0,248.2085015468404,30.21999747851065,2327
9,12,0,252.8283332273492,30.89128161609792,2378
9,13,0,264.2248513138838,32.4268370909889,2472
9,14,0,248.4886016202866,61.49067207229456,2243
9,15,0,245.3170261630725,30.04574687179763,2311
9,16,0,247.0569841451942,31.11033878677713,2286
9,17,0,217.0938093845949,25.67969522039485,2076
9,18,0,184.8598136577176,22.32409194073891,1757
9,19,0,152.1532287204815,18.24013209339384,1461
10,0,0,156.6492368708688,70.86943114527369,1359
10,1,0,175.7151191503872,22.53018828889952,1603
10,2,0,208.4213913409324,26.3750957473731,1902
10,3,0,227.6726417885869,28.72960297640931,2082
10,4,0,237.9906183138127,48.86440401956325,2154
10,5,0,246.3020498414065,31.23917329651396,2251
10,6,0,242.9994415139741,39.86381431554383,2182
10,7,0,267.6532414685986,322.8225848159527,2288
10,8,0,250.561166665046,31.18417256433246,2320
10,9,0,254.1360513483455,32.59561534560023,2335
10,10,0,248.2653725687925,30.68507288426524,2318
10,11,0,261.513298317896,157.4179854159111,2311
10,12,0,249.080022810132,31.44467329209241,2336
10,13,0,251.8206094650905,30.78108650181184,2360
10,14,0,253.0527129840576,33.24710172467191,2362
10,15,0,246.3416954665623,30.93686631218556,2295
10,16,0,251.7884168459042,43.98027710803095,2339
10,17,0,226.0029511315823,233.9051905894101,1995
10,18,0,188.4001015547719,22.80009195849037,1802
10,19,0,151.9776686518265,18.56810560729254,1439
11,0,0,142.0153862381905,26.75540315942063,1279
11,1,0,169.5272941914803,21.38649056704018,1544
11,2,0,208.8434836479742,25.90034365843135,1909
11,3,0,224.8611682751626,29.67536073656697,2041
11,4,0,240.1697281402099,30.6040556455322,2182
11,5,0,259.0822535807918,161.0827349142131,2268
11,6,0,248.746186280282,31.36947633062,2288
11,7,0,258.8425744233415,80.4245648764153,2295
11,8,0,252.7284388177941,32.35298092062056,2324
11,9,0,257.2249391448725,31.65596414435253,2389
11,10,0,259.6885976707426,32.14994086654087,2407
11,11,0,245.3121699531954,29.75329397644001,2312
11,12,0,258.5037624682748,53.52019907120039,2367
11,13,0,251.363101393587,31.02049582793696,2344
11,14,0,265.8950862617372,32.15375923309291,2523
11,15,0,240.0296728736552,28.80727204068735,2289
11,16,0,245.4167673747525,227.4777391442874,2160
11,17,0,209.7482933477297,24.72791929438745,2005
11,18,0,192.8964880460718,51.70181738611591,1779
11,19,0,154.62537744915,18.87256718831451,1459
12,0,0,143.7329937739408,24.34321647394707,1288
12,1,0,182.5485543075781,29.96293288804851,1648
12,2,0,205.3524643485596,25.93852862773378,1877
12,3,0,220.6550522564364,27.25828999635122,2039
12,4,0,249.9592257610314,183.0700164011033,2151
12,5,0,253.9263316542925,56.24676206846612,2272
12,6,0,251.9214812477287,75.5941666103072,2288
12,7,0,271.5137103027014,289.6810216499488,2355
12,8,0,259.7523381912418,138.5775682103179,2290
12,9,0,256.1981476396697,31.50956905047056,2393
12,10,0,248.6805401005978,31.23109621336766,2294
12,11,0,250.3163727985472,30.63248907373267,2340
12,12,0,258.3651766169573,37.59322449135068,2408
12,13,0,254.2064831426489,42.51487888202668,2349
12,14,0,243.4186482882127,44.18371475514643,2282
12,15,0,271.4694419724863,235.5289254783448,2335
12,16,0,230.6802139948532,27.86021905752137,2176
12,17,0,214.9187227821866,28.58317803475673,2006
12,18,0,190.5123935802735,29.24659780951982,1750
12,19,0,153.9218585556762,76.4422384829687,1385
13,0,0,142.2398623522648,17.79601084534813,1308
13,1,0,180.6648457285525,30.63351143270143,1625
13,2,0,209.8472695305825,26.91135939908952,1914
13,3,0,220.0253705161658,27.44198755307053,2026
13,4,0,267.0476451501266,544.6600736570058,2195
13,5,0,251.8325386869747,174.3767995663376,2229
13,6,0,242.896677895788,30.65425089030907,2234
13,7,0,256.9129189493903,32.64163386053671,2349
13,8,0,239.1565171508004,29.10652235570367,2246
13,9,0,265.955376842994,181.8121793274297,2340
13,10,0,258.023101518007,116.6835176868561,2298
13,11,0,255.7957412986695,32.45727992523548,2360
13,12,0,248.5036225674649,30.26056413184498,2330
13,13,0,257.4833699843508,31.11493366671039,2434
13,14,0,249.767181285788,145.9826019853049,2259
13,15,0,245.4239637654092,29.60159767684208,2319
13,16,0,259.6005536360536,286.5997382193952,2273
13,17,0,213.6828181976823,26.47788655934045,2012
13,18,0,188.3689286710109,23.87529241854011,1756
13,19,0,136.6466837268852,16.41653491724911,1310
14,0,0,142.2483728625877,18.26677674809472,1276
14,1,0,170.7084609416229,21.56859231205144,1568
14,2,0,204.0853889778591,27.09739899022723,1854
14,3,0,251.3442107040877,323.6618495905803,2112
14,4,0,249.4834622631775,38.84896871977386,2250
14,5,0,248.3801145917601,60.56707371738487,2231
14,6,0,249.8818746373966,32.0121934201354,2266
14,7,0,241.2972623856098,69.88797581954641,2229
14,8,0,259.139474445658,32.91309601538043,2381
14,9,0,244.4929187560998,30.25182621854246,2282
14,10,0,255.1164447854861,32.70182865517209,2347
14,11,0,251.0178398725929,30.64503978737965,2364
14,12,0,270.2122693129348,358.3565115566246,2392
14,13,0,243.7599629238641,29.62483439307007,2313
14,14,0,245.7450062448312,30.94559509527765,2279
14,15,0,237.919342393491,29.55644993772382,2225
14,16,0,230.8616710976352,28.94626184863708,2155
14,17,0,228.5536925643577,225.8627700570646,2034
14,18,0,192.6853205032308,61.40562633895769,1756
14,19,0,148.8271647929074,17.7966177709011,1417
15,0,0,136.0890578455925,48.54308374748807,1213
15,1,0,165.069942942601,20.19040190399493,1543
15,2,0,215.0458304049419,253.9993250648968,1809
15,3,0,217.1103986502873,36.53408333692546,1933
15,4,0,234.2030689940514,29.86765705801793,2119
15,5,0,220.9628228496796,29.10723977618541,2017
15,6,0,237.3841523686812,29.84237761340404,2178
15,7,0,234.5715031224208,28.67136666551807,2185
15,8,0,236.145313656299,29.16188195092428,2178
15,9,0,241.7605485116761,30.65946737633989,2226
15,10,0,252.2625151783162,57.77420196693924,2302
15,11,0,244.3420479361445,31.51351155397815,2270
15,12,0,247.1736802566704,31.71935462549205,2285
15,13,0,250.6258189590255,70.84691979863865,2290
15,14,0,242.7519966267883,29.1277465348658,2302
15,15,0,231.3447059329421,28.19961004374944,2195
15,16,0,232.359200425412,28.89693213014889,2178
15,17,0,211.7088307148562,51.4294979762026,1952
15,18,0,182.1712016948904,93.25215797617815,1653
15,19,0,152.7745199954857,20.66898254400218,1439
16,0,0,122.7011394031602,15.29095611484083,1118
16,1,0,154.4892678126863,18.97232563683503,1428
16,2,0,176.4926819268423,21.69029481521659,1636
16,3,0,206.8322929794348,25.7205135593097,1906
16,4,0,228.734406903128,45.38511552525465,2073
16,5,0,239.4850223027348,247.7904794063808,2043
16,6,0,219.2472014932181,27.30078165799694,2031
16,7,0,235.2586097595347,30.01341116751364,2150
16,8,0,235.5520556842909,31.38519092931289,2152
16,9,0,229.5454050986764,32.60441413175292,2103
16,10,0,230.8866567510699,29.2222801235722,2140
16,11,0,239.5493232172504,29.75342058360897,2224
16,12,0,228.2552110756016,34.39746998026863,2128
16,13,0,228.7022068270862,28.29597361508629,2138
16,14,0,228.0655492753112,50.10443394884216,2085
16,15,0,231.0920188229049,27.8723694653363,2189
16,16,0,225.3639601833465,32.92968180264223,2121
16,17,0,208.1193680662585,30.68716893901487,1914
16,18,0,168.0820159809473,24.13821267593735,1574
16,19,0,139.2927668761659,16.89819111043451,1325
17,0,0,131.2451827894403,70.94529505975883,1132
17,1,0,154.9288988587759,29.78489137935678,1364
17,2,0,160.9872573621832,20.00347603333412,1474
17,3,0,196.6894716483083,24.81313416225067,1799
17,4,0,214.0556039214812,75.97394966941836,1894
17,5,0,188.3907082973573,22.79412488703437,1761
17,6,0,208.1805951068773,25.98561830144663,1921
17,7,0,218.6630056994028,103.6109036078083,1952
17,8,0,205.9215016437957,25.90619363694548,1889
17,9,0,214.4847068915241,32.73764914936278,1992
17,10,0,204.3292233375887,24.64022670570715,1926
17,11,0,214.0926705287108,27.17679437056098,1986
17,12,0,207.4768987450854,25.2513686045761,1962
17,13,0,207.7842110214566,26.33764343776118,1923
17,14,0,215.5375862265115,25.7682843126664,2040
17,15,0,212.8838731036247,26.75347910334609,1980
17,16,0,194.291728838532,24.01628615183969,1839
17,17,0,185.4166346984806,22.6734921800015,1752
17,18,0,177.1823939151916,196.0031984903291,1541
17,19,0,119.4955261012117,14.39719304757808,1149
18,0,0,91.65216973256015,11.18409350756005,856
18,1,0,122.2025657045398,15.17259439555314,1128
18,2,0,140.0263517415377,17.40661991124523,1289
18,3,0,165.1278692897482,44.57869236538749,1450
18,4,0,165.7916406734586,20.25839435610031,1544
18,5,0,171.2189230781711,21.25850265629235,1601
18,6,0,177.3072481816702,22.50571638933773,1620
18,7,0,207.6916980786675,555.6026097635614,1715
18,8,0,190.3450960539912,178.8453867354847,1671
18,9,0,214.1308539496074,497.5434395128133,1736
18,10,0,197.1832595781982,118.8555834231808,1742
18,11,0,187.8826937619531,23.60914575432784,1752
18,12,0,179.5042911481366,22.27036304790768,1691
18,13,0,177.1103225715789,22.32104420693327,1658
18,14,0,184.292341506922,22.39604975469396,1732
18,15,0,175.3713449066886,22.10456060358529,1626
18,16,0,182.4427758221681,22.7965998317398,1690
18,17,0,158.7135699875345,19.17546651976471,1520
18,18,0,137.335877974915,17.01706861118591,1302
18,19,0,109.9796395741195,13.62661733374838,1038
19,0,0,80.66038642780705,10.12189362868984,749
19,1,0,100.4910282650937,12.57636221257184,918
19,2,0,118.6898409693591,84.3597594075907,1013
19,3,0,132.3260702855553,16.31614241144235,1227
19,4,0,132.1233028366752,16.03302549507174,1236
19,5,0,146.4361118478335,17.87975537361195,1385
19,6,0,149.116982182014,18.70714153453588,1370
19,7,0,145.5351535353807,18.63438594850392,1328
19,8,0,148.3489413706859,18.49900573316739,1378
19,9,0,144.078033900476,21.33600414977125,1318
19,10,0,148.7524112175947,18.54759386840074,1391
19,11,0,137.9201511649014,17.06320719558484,1287
19,12,0,155.9852433691107,19.08176228794467,1467
19,13,0,152.7467856471918,35.90348721426948,1368
19,14,0,151.0166859255679,18.79791652995919,1409
19,15,0,142.5417223203839,17.61890449043784,1350
19,16,0,137.8976578405197,16.50770192411206,1312
19,17,0,125.5937760161811,15.1186743392045,1190
19,18,0,111.6564144769478,13.6710668611264,1046
19,19,0,84.83842480922125,10.09590433605651,815
