# mesh name: boxMesh_1
# primitive scorer name: doseScorer
# iX, iY, iZ, total(value) [MeV], total(val^2), entry
0,0,0,90.59689013497091,93.05620851040314,711
0,1,0,96.87343345332155,13.09157896956921,834
0,2,0,109.7550986857068,14.55701883196121,950
0,3,0,120.5321544367981,16.00261374912875,1045
0,4,0,134.2366523314326,36.75969644572947,1148
0,5,0,137.4362104862093,18.19942300175255,1189
0,6,0,132.7278817350639,16.67381099054366,1192
0,7,0,134.0870092298093,17.10817902937843,1190
0,8,0,145.5404807474306,22.42545266808153,1273
0,9,0,146.0859458988602,17.93259005545834,1344
0,10,0,154.0606849660543,87.02920931839677,1317
0,11,0,143.977408888628,18.94106444803072,1271
0,12,0,141.6813732371023,18.3091281118933,1277
0,13,0,150.5551653400409,20.423010238988,1324
0,14,0,144.6672661542028,19.40265760163327,1308
0,15,0,143.2950660315334,19.83831594569313,1305
0,16,0,153.6458917366107,561.8390305231623,1208
0,17,0,128.7024744669327,25.54893327807574,1164
0,18,0,105.5920536902596,12.97506743919566,979
0,19,0,89.85516870746734,10.82026399376659,853
1,0,0,95.37150308381537,12.36116492511458,839
1,1,0,115.5250697467255,15.02487441661493,1009
1,2,0,136.5797935886672,17.83291608043304,1192
1,3,0,144.6566159231658,19.72748866586884,1238
1,4,0,155.5648443246496,19.89099262432503,1375
1,5,0,161.0354368595699,21.18249217576562,1406
1,6,0,167.9346869116568,22.06360256288707,1473
1,7,0,169.2987465670101,22.44959529380702,1478
1,8,0,174.9393171220783,24.61461283632844,1535
1,9,0,179.3740999220126,25.91532433600892,1598
1,10,0,203.4815504500121,488.2242658007533,1573
1,11,0,168.38405909358,20.98426062422278,1525
1,12,0,184.5635968872148,28.66067709214394,1659
1,13,0,178.3071170627996,23.50249658519047,1613
1,14,0,198.7400223389646,248.1506868786615,1696
1,15,0,204.1050091741797,683.9286935348861,1530
1,16,0,166.5223517757872,21.11872218902286,1514
1,17,0,151.0262121533302,18.81094553846544,1398
1,18,0,155.1984646513764,285.9730012067987,1233
1,19,0,106.4025032901587,17.14652425057507,961
2,0,0,115.3315865941004,38.87364333826589,959
2,1,0,130.5310271640946,17.49130530242127,1119
2,2,0,150.5990971568717,20.25862866147071,1293
2,3,0,173.4423164274107,23.43584972331955,1493
2,4,0,186.2656477653096,25.07554782758563,1597
2,5,0,189.3109647847607,24.15683996362443,1675
2,6,0,198.7094824507161,25.82080027987711,1750
2,7,0,207.6687810445336,60.09222255499058,1765
2,8,0,204.3707893704157,26.22235711369525,1806
2,9,0,205.1447426559927,26.20577024588919,1841
2,10,0,198.414595304424,25.51195603053459,1774
2,11,0,210.33744939863,32.4258341939702,1896
2,12,0,196.7146822868618,23.5690389342208,1824
2,13,0,209.3192503407101,28.23303424104153,1877
2,14,0,208.3252467592604,58.76371384894605,1820
2,15,0,198.7682293360795,27.30722209351062,1780
2,16,0,186.3517782377852,22.43358926705307,1744
2,17,0,178.5228383003188,23.23068901379589,1619
2,18,0,166.483090001067,73.04674431640764,1435
2,19,0,135.107747412554,127.9697120921933,1114
3,0,0,128.014259634331,24.44679725779599,1097
3,1,0,143.5021219960477,19.46585330566214,1234
3,2,0,171.9857729634016,24.24914311363141,1459
3,3,0,186.2332346984062,34.72455830925191,1561
3,4,0,194.7822936660367,24.81390680774165,1723
3,5,0,201.5389261926636,26.0063459208309,1772
3,6,0,227.3477810553591,30.172799428314,1977
3,7,0,217.9133635988094,32.00697895212591,1886
3,8,0,216.1428127706439,30.96925335316169,1907
3,9,0,229.481094337399,65.49851552109135,2002
3,10,0,228.1458820546516,29.96679399330279,2028
3,11,0,220.8175594860516,28.60481577345692,1965
3,12,0,224.4337571905133,28.81326362910706,2021
3,13,0,236.596425358704,104.4889577579089,2041
3,14,0,216.6566039362062,27.11673328675334,1958
3,15,0,220.8337286780242,28.49428321643755,1997
3,16,0,196.2852465613215,23.7933405562161,1824
3,17,0,194.5705085692431,25.08448330125513,1770
3,18,0,166.242269076024,20.81827737024963,1532
3,19,0,137.3643853981489,16.77744912748909,1290
4,0,0,119.0541974461795,15.6463438228464,1039
4,1,0,156.9069790923735,20.77014171884699,1345
4,2,0,188.0836274680066,25.61218967921645,1622
4,3,0,198.7897146361424,26.51613320401139,1715
4,4,0,221.2324402595373,29.3943323779126,1912
4,5,0,236.9850170308796,32.35846825489791,2066
4,6,0,233.9101639683557,30.94982241814954,2050
4,7,0,239.6339262892815,43.85047620332231,2044
4,8,0,236.6098527566535,44.39459240538223,2088
4,9,0,247.5190181030717,31.7966828411232,2200
4,10,0,234.2085402217524,29.82880022785915,2103
4,11,0,243.1689322955468,31.88103251628479,2158
4,12,0,233.4743848063986,29.68070391832445,2123
4,13,0,231.1717716950343,29.28086073008694,2108
4,14,0,240.0494178164489,36.9625729527119,2149
4,15,0,224.8144634421143,28.5835186717078,2039
4,16,0,211.5387328669391,26.59275264633021,1927
4,17,0,205.8760558236766,26.82425290588272,1884
4,18,0,174.994966970321,21.99253980246,1613
4,19,0,143.1307345057432,21.05623663427215,1287
5,0,0,130.4218534192444,17.74563931340985,1114
5,1,0,162.0530575617435,21.06583487318317,1399
5,2,0,187.8205974920936,25.77069209398201,1583
5,3,0,209.9960648679462,27.4702109817066,1835
5,4,0,231.5615402247776,31.26104561224447,1992
5,5,0,241.9541514354135,50.99483678124434,2051
5,6,0,242.777314579149,31.77720020828148,2122
5,7,0,243.5326147704403,36.58919719640612,2147
5,8,0,257.0772535457115,131.5481990339269,2186
5,9,0,252.6153466996156,33.0368664756391,2230
5,10,0,246.379145598276,32.71822456123736,2203
5,11,0,268.3435989085935,184.9862986213225,2318
5,12,0,253.7479580541985,33.71353985310295,2251
5,13,0,238.6249827758968,30.99939520708715,2142
5,14,0,245.1423073745619,31.35207944255231,2218
5,15,0,237.5309778529708,29.99193740191622,2176
5,16,0,235.1670937632897,30.57875151401842,2106
5,17,0,201.0973229645299,25.04308116273137,1877
5,18,0,179.2228753962208,31.39413062099588,1630
5,19,0,146.6198854236506,18.1768908502698,1363
6,0,0,140.8170460870636,18.52639285160504,1214
6,1,0,162.4118694292072,21.15752273059262,1407
6,2,0,195.7180985022673,28.69432714525272,1665
6,3,0,210.1429385764689,116.1637260695853,1773
6,4,0,234.9537102515455,34.95413728532004,2027
6,5,0,243.9964952691254,31.96408645936134,2124
6,6,0,257.7113160305058,33.70060175294249,2258
6,7,0,256.8745986083664,33.83508127074244,2253
6,8,0,258.799085499705,44.65588499712256,2279
6,9,0,258.6332432861793,56.70479255341096,2245
6,10,0,244.3820500027311,30.79214876572633,2210
6,11,0,250.552198268723,32.63636542748257,2251
6,12,0,258.5196453355268,33.46358156013877,2327
6,13,0,265.9863959288995,98.46705554857743,2317
6,14,0,247.4398138591669,32.04653350283724,2229
6,15,0,239.2539761313679,36.43713935498364,2164
6,16,0,230.3495537697362,29.05286540531506,2110
6,17,0,214.1734819551312,27.75935120378118,1950
6,18,0,188.5596005672712,29.90412509438981,1693
6,19,0,141.6351769377547,17.57363456024058,1321
7,0,0,137.4305185635794,17.41980675222523,1211
7,1,0,169.3803681486182,24.34957184143081,1442
7,2,0,207.7688459520859,199.2704980865317,1705
7,3,0,241.6884131599141,437.6206637502119,1932
7,4,0,239.6316887089338,31.54420667700167,2088
7,5,0,243.2834798756339,31.51550920854734,2148
7,6,0,249.3473192667645,32.77451720073146,2193
7,7,0,243.0128466038706,31.72263393966892,2170
7,8,0,259.428612885985,62.18050692770661,2268
7,9,0,251.7567633653103,32.46330917357471,2242
7,10,0,260.8386466568463,51.61936212853488,2303
7,11,0,259.1980430382355,33.57505749714532,2333
7,12,0,247.7934772806816,31.67324960317963,2217
7,13,0,237.5560193243975,29.50853224371689,2177
7,14,0,251.9832939929737,43.04711596437056,2254
7,15,0,241.5365817047583,30.1464358914271,2215
7,16,0,225.1259701753579,27.94924449954533,2087
7,17,0,211.4450944286537,25.84111827846096,1971
7,18,0,192.0907234006588,23.76711765859147,1770
7,19,0,153.8881290652997,19.31736444525393,1405
8,0,0,146.7728733014732,20.06784916279912,1260
8,1,0,176.7758614683904,24.99082464228711,1469
8,2,0,192.5576968068284,25.52099214725484,1670
8,3,0,226.6101617511241,68.64233203058514,1897
8,4,0,266.818366861175,811.5377605836612,2069
8,5,0,234.6830094521631,31.15526317291441,2043
8,6,0,249.0467662544997,35.75370447895073,2193
8,7,0,250.3748310314482,40.08912034250889,2182
8,8,0,254.8262048524424,63.01390535261007,2199
8,9,0,259.3084350383007,32.9278467387312,2328
8,10,0,260.930654145979,81.99282620531454,2265
8,11,0,256.2502683048666,32.08438059787692,2332
8,12,0,258.2888436430746,60.08608621692139,2273
8,13,0,253.6686431587664,31.99034593024338,2317
8,14,0,251.9272471277681,51.92797067861264,2224
8,15,0,239.6301937777508,33.38608428646783,2197
8,16,0,226.2350432288612,27.80211823173471,2092
8,17,0,224.9988119158786,63.94040573055344,2024
8,18,0,188.9456157621243,23.7468964885349,1738
8,19,0,148.0786297276227,18.47165701983598,1379
9,0,0,142.8142749511005,24.84398689428178,1198
9,1,0,182.341959756595,37.29012752359617,1544
9,2,0,201.5033761455785,31.59790458173667,1701
9,3,0,215.4050153360355,29.06224972470976,1847
9,4,0,236.0377384108992,32.19225655548165,2005
9,5,0,240.9386044743694,30.89429372089618,2132
9,6,0,248.0579392548245,42.29099458972112,2160
9,7,0,254.6483263730717,35.34102698532,2254
9,8,0,244.9770073936353,31.21669609743349,2186
9,9,0,249.9376598006663,31.19295348421339,2258
9,10,0,264.2696717401747,35.26154851203043,2337
9,11,0,263.6448806987519,36.36304527711862,2335
9,12,0,258.0970921387246,119.026409762266,2259
9,13,0,258.0072614664112,62.83096468651657,2296
9,14,0,257.5774661396513,37.72206751824557,2294
9,15,0,240.0787792369356,34.71854028608789,2173
9,16,0,237.4361278916161,30.21291806785453,2172
9,17,0,215.5706485797073,94.89119048746062,1946
9,18,0,175.6561788864128,21.88478167271251,1615
9,19,0,154.3573914483714,19.33890295026756,1435
10,0,0,133.0903262984634,18.23494325418982,1129
10,1,0,165.5996020583461,21.64883391265679,1443
10,2,0,207.6101265548783,101.1960049141821,1706
10,3,0,238.3844670386185,455.6505939419759,1881
10,4,0,238.3271491944746,31.76741130658728,2074
10,5,0,250.3042545824005,62.70713974582875,2160
10,6,0,255.0828865180279,33.46847049683397,2223
10,7,0,261.4792943056053,34.40812613664016,2279
10,8,0,259.0847386847307,33.87193877900216,2277
10,9,0,265.55619191709,35.07385241654659,2341
10,10,0,252.1389161699178,32.66489077549323,2245
10,11,0,260.2187971999313,33.57479450416242,2329
10,12,0,252.2604561633409,31.95121565667926,2280
10,13,0,258.3356114639117,62.17168016364878,2286
10,14,0,253.5340198558898,31.83613795803261,2328
10,15,0,245.8469342727944,30.63034135791925,2256
10,16,0,227.0544917370463,28.90669575197837,2076
10,17,0,223.0048279720715,34.47230427382461,2027
10,18,0,187.8288407047162,48.42647896735836,1728
10,19,0,155.20213230163,51.00977482070468,1357
11,0,0,143.706052626512,19.15830390946266,1235
11,1,0,180.953307195345,127.5346747515394,1478
11,2,0,195.212809911391,49.73842934324442,1620
11,3,0,208.612362563172,27.8128476753475,1794
11,4,0,243.4351138955508,212.2521465917201,2017
11,5,0,246.671149683469,41.77168104286864,2121
11,6,0,253.2254233366405,32.86268650484068,2239
11,7,0,246.07326394991,32.43840490555851,2178
11,8,0,253.4622553505374,32.62950028927335,2256
11,9,0,254.6831356388999,32.12135580452251,2297
11,10,0,267.5523191027358,35.26162809825622,2360
11,11,0,258.832146170833,33.45149644472434,2319
11,12,0,251.1805030608263,33.13993263430779,2264
11,13,0,263.360156673261,33.60861907871353,2387
11,14,0,253.9789559456278,32.73944423454203,2300
11,15,0,247.4190229987477,31.727523379685,2261
11,16,0,235.8038723329918,34.41022425319927,2160
11,17,0,222.3499121419724,76.49811955942681,1971
11,18,0,186.3465768868282,24.63296773167787,1694
11,19,0,186.7604014520016,1138.408843963738,1433
12,0,0,140.844313405917,18.79862602625833,1202
12,1,0,169.7100452897168,41.62635827436348,1436
12,2,0,213.6971879529875,608.461480243958,1662
12,3,0,228.5169421482906,204.1916996266121,1859
12,4,0,233.5862354301691,34.7167316017855,1999
12,5,0,235.7826226197476,30.21058170913405,2069
12,6,0,247.4044392932357,89.82113874214366,2069
12,7,0,252.5256218366316,44.17978276044511,2205
12,8,0,261.405622729497,94.71008995861696,2263
12,9,0,258.6237148260491,33.6636984564859,2264
12,10,0,250.5749442988189,31.61828301418243,2268
12,11,0,262.8978326872582,33.68629570225358,2361
12,12,0,253.0138810005488,32.44269196255577,2270
12,13,0,248.8361943014243,43.01840701227746,2214
12,14,0,275.4616033899071,273.3345350712025,2287
12,15,0,238.4268534611794,30.54721990118925,2153
12,16,0,264.6801352316364,429.9671044296512,2111
12,17,0,210.0958866633071,25.6683127323102,1976
12,18,0,183.7833571410718,22.92906918467754,1688
12,19,0,151.0683829451775,22.08502172486063,1389
13,0,0,145.9223570102704,24.33618965401392,1210
13,1,0,170.8639288441078,22.44068083272974,1476
13,2,0,188.4755701996752,25.02115909901089,1637
13,3,0,214.3877001574748,28.45493775166949,1867
13,4,0,220.2300740732838,28.5766230744554,1942
13,5,0,231.1081501348687,29.90906828640674,2034
13,6,0,246.1452840799711,32.08952735052828,2152
13,7,0,275.8227510093902,526.2353643026445,2212
13,8,0,256.8520957162741,33.58573859284873,2267
13,9,0,267.2116606225275,35.71656070075966,2341
13,10,0,259.4528265063416,38.79909612060528,2255
13,11,0,255.239445893664,34.03999469258063,2276
13,12,0,251.0846906639116,44.22969479918898,2229
13,13,0,252.1472570221205,32.84663292856181,2262
13,14,0,247.0648770501707,58.22268433707193,2190
13,15,0,239.2020152160488,31.05493152944709,2161
13,16,0,237.7114289889465,30.5491965930371,2163
13,17,0,211.4519533926854,26.63769071562028,1932
13,18,0,182.037623323277,22.94860018498134,1683
13,19,0,150.2305417967982,19.4919697590325,1393
14,0,0,124.6492180521017,17.51866105828427,1081
14,1,0,163.7994938394769,21.47019666016578,1424
14,2,0,184.2832991188823,24.17333670150878,1600
14,3,0,223.0035669691532,442.9796364331607,1755
14,4,0,217.0989310426577,28.45750230686946,1893
14,5,0,227.8894997136209,30.31219270455146,1979
14,6,0,238.8361369586059,30.98785369674844,2104
14,7,0,269.3553506017521,636.0664045016886,2135
14,8,0,252.1919254501879,33.54899215025365,2205
14,9,0,265.9344157598716,156.4101158833693,2239
14,10,0,246.3304032503467,31.61900594520247,2211
14,11,0,245.0608041065827,35.73783232932325,2171
14,12,0,252.093565958899,122.2859285204037,2186
14,13,0,243.1892462453197,31.59753366735116,2176
14,14,0,246.451981585054,30.59789071412422,2262
14,15,0,241.1709539500369,31.3934716805228,2181
14,16,0,229.8873873047021,28.97214616446924,2101
14,17,0,209.0462672123315,38.28119922096878,1890
14,18,0,200.3211639260378,202.7493190405044,1717
14,19,0,146.2250239337761,41.67488932126701,1321
15,0,0,129.2461724542751,16.36544087823301,1138
15,1,0,147.0618788154752,18.75789271530321,1314
15,2,0,179.9820999726176,24.55214053380551,1544
15,3,0,211.8116873433354,29.0216013700792,1814
15,4,0,214.5430290203482,28.33741507954949,1847
15,5,0,213.4052283313262,27.98263111736903,1870
15,6,0,232.7458176919136,30.61686867443572,2036
15,7,0,237.030127198613,31.03220888519038,2085
15,8,0,246.8214803023956,180.1543961107677,2076
15,9,0,237.0215947976507,31.51679417443698,2096
15,10,0,241.1029001704396,30.5278022707378,2160
15,11,0,245.7428196963881,41.43916362204705,2187
15,12,0,240.7962651420387,35.1166415258721,2139
15,13,0,236.9793492555039,29.72661579484878,2157
15,14,0,235.3804501731459,29.95724091834567,2150
15,15,0,232.6536534262617,28.92552253274643,2141
15,16,0,217.4465574802129,27.51272300703357,1984
15,17,0,187.5568426737315,23.38889829326964,1719
15,18,0,183.9926401543442,23.73484289258042,1672
15,19,0,159.8803100411706,334.5428736291555,1339
16,0,0,125.2140805295709,29.96336874974335,1058
16,1,0,153.3963568048979,20.17401514212503,1338
16,2,0,168.6586577122959,22.76954069825277,1445
16,3,0,196.3201075210516,50.02779231442277,1649
16,4,0,207.5757853928837,44.90483297858956,1750
16,5,0,204.7533438730947,27.07214337281737,1774
16,6,0,221.9640605249111,81.14455551023219,1863
16,7,0,218.8401617981367,56.1297820127218,1854
16,8,0,231.2017157940066,30.14606121876618,2045
16,9,0,223.5332016643081,28.59514270903802,1987
16,10,0,228.2573561569575,29.19435338447345,2046
16,11,0,237.6590055254373,35.64074281319905,2135
16,12,0,230.2215892723535,29.09232897501294,2076
16,13,0,229.6918245011856,29.95447896430497,2045
16,14,0,231.8032482720639,31.83053496641931,2086
16,15,0,209.296735443637,25.64365005895561,1929
16,16,0,204.3240025271849,37.38243114600006,1849
16,17,0,191.214265977197,44.90154303975345,1712
16,18,0,166.3439833528105,20.615347994051,1545
16,19,0,139.4997608842661,17.31754841131776,1293
17,0,0,105.2150435631516,13.86221936057789,919
17,1,0,128.6470486168687,17.37275469466705,1111
17,2,0,159.0060930918424,21.0249116656929,1367
17,3,0,175.0834439430045,22.8532399843748,1519
17,4,0,179.6480312521638,23.08425004838729,1579
17,5,0,183.0074983988337,23.9606349474766,1594
17,6,0,184.9817929312719,23.88138298418901,1650
17,7,0,199.5162619116441,27.76729139102952,1743
17,8,0,192.1082930875445,25.54191920292017,1706
17,9,0,208.3755989888954,84.92202776874488,1765
17,10,0,224.3921234448673,451.2581276949857,1788
17,11,0,202.8175858492685,25.96596767827986,1823
17,12,0,199.2863293718689,24.93502513783245,1815
17,13,0,239.2510084162206,1002.540355015111,1887
17,14,0,222.8111754241697,135.479803753498,1926
17,15,0,209.0274809924497,92.69758191577654,1827
17,16,0,182.7369643842528,22.95777058635052,1688
17,17,0,173.7506344248867,26.37204151519046,1594
17,18,0,155.5091841748761,19.99750811828731,1401
17,19,0,127.8471895599827,50.02892956493451,1107
18,0,0,96.92773645653672,13.63567816401551,822
18,1,0,128.5377311979329,170.1965898337045,976
18,2,0,133.5173885427813,19.52425727242604,1136
18,3,0,145.8527161826105,18.86783441721511,1272
18,4,0,153.2992226352578,24.15248510325938,1335
18,5,0,173.2334222985968,22.55421452780476,1522
18,6,0,171.5591099037475,82.60655849129152,1438
18,7,0,179.6427624653364,132.6940157526107,1513
18,8,0,185.0573568284379,24.30241305904413,1633
18,9,0,177.2909432908141,22.59153771919656,1586
18,10,0,175.9631775917081,23.02767688100872,1553
18,11,0,174.7440435254666,23.00347984819989,1560
18,12,0,175.8864719775903,22.39495039418882,1581
18,13,0,177.1276709679597,78.79289151988293,1575
18,14,0,178.044238032083,22.22105258800199,1634
18,15,0,179.9293477202563,23.3490101306422,1639
18,16,0,169.7137778976193,69.51477971159755,1514
18,17,0,145.1421654366205,17.92226874334723,1341
18,18,0,128.0046917456544,15.95970577365862,1193
18,19,0,107.7038304255394,13.47411745335825,988
19,0,0,72.07935051036171,9.107298609419036,648
19,1,0,103.5763397428598,69.3062745257557,819
19,2,0,112.7214757527823,26.16333925627178,938
19,3,0,124.1765798691053,16.58772603203564,1078
19,4,0,132.3939959022502,17.59586034580355,1149
19,5,0,144.4518417783781,18.86504086561359,1265
19,6,0,140.6677059294528,19.38274838998032,1230
19,7,0,150.3101586336646,20.0156684981045,1314
19,8,0,144.9816495961248,18.6802507682509,1289
19,9,0,148.8731469167466,19.54105862213994,1328
19,10,0,137.0799658477079,17.60067766169817,1238
19,11,0,143.9762010298746,27.23831108296888,1265
19,12,0,146.4857489768721,21.73688490852941,1297
19,13,0,146.7877397270249,29.08313553222787,1291
19,14,0,146.8770343716447,22.79331082361952,1335
19,15,0,140.3980581246735,17.3099223553898,1297
19,16,0,129.1322736944289,15.72630291029688,1203
19,17,0,125.8714402666772,15.64970851615271,1170
19,18,0,110.8214611291457,13.94668634732896,1016
19,19,0,86.66312547335731,11.24050262375093,786
