# mesh name: boxMesh_1
# primitive scorer name: doseScorer
# iX, iY, iZ, total(value) [MeV], total(val^2), entry
0,0,0,85.52548891290314,10.10967123095908,838
0,1,0,111.8654512836469,23.12403585586535,1059
0,2,0,129.2286627995658,15.22082476854442,1268
0,3,0,139.537261043854,16.2260084238275,1361
0,4,0,148.2276812721736,28.25058955390746,1423
0,5,0,153.6121849413959,17.8191990039926,1518
0,6,0,157.682608360089,19.33592181405551,1525
0,7,0,155.964923788019,18.70587348799205,1523
0,8,0,156.1343798370054,19.47852890307846,1493
0,9,0,152.3029235006515,18.16791858428192,1487
0,10,0,154.5530773458697,23.89196379810055,1479
0,11,0,158.0454391306619,36.21002014048893,1496
0,12,0,152.5329959857911,18.10119607340963,1490
0,13,0,152.2216359174835,18.36920402518264,1479
0,14,0,149.1017162177351,17.58763063477078,1448
0,15,0,153.8507237140289,29.21078391020115,1454
0,16,0,142.6749887646144,16.84458507084068,1396
0,17,0,133.1127090807494,15.76276843600753,1304
0,18,0,118.777313108966,41.39634333145609,1104
0,19,0,91.23818735856307,12.33828515136259,879
1,0,0,118.754449543415,14.54618405133832,1137
1,1,0,145.2013704762849,17.84233365827219,1397
1,2,0,186.5157036110451,263.9362246957562,1627
1,3,0,176.8017169119493,21.60835094322914,1698
1,4,0,189.6282741769237,25.93858664920084,1839
1,5,0,178.1757751903097,20.95874515280898,1735
1,6,0,201.2164359200077,37.18457875605824,1904
1,7,0,205.5084284313482,24.82391101029067,1983
1,8,0,189.1587199744434,21.71275912218766,1872
1,9,0,187.7844379059455,22.24477032201414,1835
1,10,0,195.7836644691673,32.58403338066923,1868
1,11,0,189.2844915489247,30.51253939374344,1813
1,12,0,187.9873246874399,21.93453394630541,1855
1,13,0,194.8442889299621,22.92104814662015,1910
1,14,0,183.8785407896686,22.42234077415682,1773
1,15,0,202.7549125015671,24.42173967220811,1968
1,16,0,190.5079328287699,23.12337984443315,1836
1,17,0,170.4300300392856,19.62352924417661,1678
1,18,0,154.3066619602054,18.01927549636545,1521
1,19,0,110.2779414914955,13.09405203519843,1079
2,0,0,136.7222741566678,16.31425546606752,1322
2,1,0,170.0070325036203,83.49017974196664,1602
2,2,0,195.2425032638755,23.50675792375188,1885
2,3,0,225.3669837186304,68.22954132373255,2094
2,4,0,214.4838254563377,25.94838591993248,2067
2,5,0,216.115353890814,31.9237179349393,2096
2,6,0,247.6342222733974,390.3107965187182,2220
2,7,0,219.0458322006857,25.41142926315328,2152
2,8,0,219.8062842410595,26.29269861201838,2132
2,9,0,210.7642578143698,24.73839377715323,2058
2,10,0,219.6117849594109,25.6721149417016,2140
2,11,0,217.9901681314563,26.09180363583241,2114
2,12,0,236.3922035250923,121.3754525586108,2178
2,13,0,227.3670625465698,69.42405054693977,2162
2,14,0,217.0645272893924,25.63898054336555,2106
2,15,0,227.3115536827745,27.85218444497158,2186
2,16,0,213.3203480323775,25.27738321670224,2084
2,17,0,201.1654818214352,24.22746924062914,1942
2,18,0,175.3089179280014,20.53278107557236,1713
2,19,0,136.2694313318488,16.36278819164303,1321
3,0,0,141.7872722579912,16.21683336053792,1395
3,1,0,182.2120363330132,21.78583373779389,1775
3,2,0,212.9953859717724,26.47395344902828,2046
3,3,0,229.1390556946535,28.04924291096348,2191
3,4,0,246.0392755154616,51.9588724215937,2326
3,5,0,237.1276294074557,28.13959795944454,2276
3,6,0,236.1166161943894,29.38592834401102,2250
3,7,0,238.7847030774158,28.90603957325471,2305
3,8,0,257.2851121658813,211.6879237099601,2341
3,9,0,248.9970003505382,79.44256510068365,2348
3,10,0,234.9933403072191,27.57282189257193,2307
3,11,0,268.9043700984258,914.5606467048273,2333
3,12,0,232.9382366071002,26.86740087777087,2293
3,13,0,253.6445370580327,187.7874019100573,2316
3,14,0,241.2343970018871,28.98136393636096,2327
3,15,0,233.2715880660622,27.29700570530213,2269
3,16,0,225.5080771244885,26.82697390088981,2202
3,17,0,215.4784211627477,26.0201830875222,2101
3,18,0,186.8076210640926,45.65328183076195,1790
3,19,0,143.3247309972062,18.08584303918949,1359
4,0,0,141.1463482850876,17.04807262350171,1371
4,1,0,186.6376477891754,24.60449210127404,1826
4,2,0,250.5316001096269,694.0795324743975,2145
4,3,0,234.9557559269841,27.38121717802292,2301
4,4,0,244.1341139200266,29.03307614006071,2353
4,5,0,247.7357489308279,30.21072444764838,2385
4,6,0,268.3654343359308,345.7244710719825,2424
4,7,0,249.6189207810641,30.63740504253827,2395
4,8,0,255.4531073368623,358.1936543992311,2323
4,9,0,245.2066305706352,29.39929504839928,2363
4,10,0,237.5712415518807,30.58294918109609,2274
4,11,0,257.575878850816,85.44229093272611,2446
4,12,0,250.2934871033181,29.8121013164895,2442
4,13,0,267.1111090145053,181.3329786805917,2470
4,14,0,263.9100673746532,259.431880555479,2349
4,15,0,237.1985083842694,28.66839247825573,2300
4,16,0,234.5690670418665,27.45513153984405,2294
4,17,0,215.4039877096322,25.45822875084162,2106
4,18,0,187.5453598756693,22.24706201893208,1821
4,19,0,142.5096424267506,17.18694776970846,1379
5,0,0,161.2003949110586,67.65157893239029,1499
5,1,0,202.1236400415157,77.32924074103047,1890
5,2,0,230.4018354635785,27.98750993842004,2201
5,3,0,232.9977273514559,27.12127710665499,2278
5,4,0,246.4714126822835,29.47083889242038,2376
5,5,0,244.2824517604138,29.23258276151995,2361
5,6,0,254.94484827602,78.80497897889114,2439
5,7,0,248.7186093522449,28.61869735727278,2460
5,8,0,255.899770090952,30.15191166581985,2491
5,9,0,262.1539503685435,217.0221109427407,2439
5,10,0,249.8771191252106,42.54212671275224,2415
5,11,0,255.1891273719971,30.87599283725194,2466
5,12,0,246.0194118570818,29.32904409280537,2399
5,13,0,256.0481471641366,47.30714589198137,2443
5,14,0,248.9248061607394,30.59097182460474,2428
5,15,0,261.0097696071273,352.1024536766405,2353
5,16,0,243.0730848351812,28.82724655986588,2357
5,17,0,225.2443148586356,27.12550061572396,2182
5,18,0,189.6595103466576,22.67863967723096,1839
5,19,0,146.6217347306636,17.31364645665045,1438
6,0,0,145.0616469379987,17.12922898486263,1411
6,1,0,189.0333294193771,22.5030977929692,1842
6,2,0,211.7367012091768,24.91264094503295,2058
6,3,0,231.9803372891429,27.71255383284627,2241
6,4,0,237.095748544667,29.52033866917538,2296
6,5,0,248.9139315562579,64.44422385001978,2340
6,6,0,259.0541726007369,30.70673286144472,2520
6,7,0,255.4416102962492,31.18477380397203,2467
6,8,0,248.2457814454137,28.66601421646026,2439
6,9,0,258.6352680453443,48.01212456935401,2481
6,10,0,250.6959431551163,29.51081036288678,2441
6,11,0,245.2100219988719,29.33296342812931,2393
6,12,0,252.9879757779779,33.77438944524215,2427
6,13,0,253.5282982102272,31.5711392350078,2466
6,14,0,239.5009173896757,28.25056078672803,2338
6,15,0,253.9401088729793,30.45733708977714,2459
6,16,0,234.2039008792702,40.04246955608143,2272
6,17,0,227.8916412441605,26.8062678742151,2229
6,18,0,199.8189497510126,24.29576087317662,1922
6,19,0,150.1983340419535,17.76612207353945,1475
7,0,0,148.40461991275,17.24695239958722,1469
7,1,0,199.8880940560236,185.6943532553257,1825
7,2,0,221.3132642318724,27.50073051032101,2132
7,3,0,236.8007559406874,28.10720247991929,2294
7,4,0,251.2584162591097,31.23604826647703,2421
7,5,0,248.0526791346724,32.97563291193082,2403
7,6,0,259.4318669455984,43.70763495952691,2455
7,7,0,251.6205214463815,45.09227300622725,2399
7,8,0,242.2960374437116,28.482840199265,2380
7,9,0,255.6524583521606,30.67507354559435,2473
7,10,0,253.612530560173,31.02792628805368,2432
7,11,0,256.6685959142427,151.3510407363921,2399
7,12,0,259.3779032074445,150.8010736335969,2412
7,13,0,236.8512922091611,28.33529401509412,2297
7,14,0,243.2532077126205,28.10606669243869,2396
7,15,0,248.8191399064728,35.17915469913326,2376
7,16,0,240.5315764074145,29.82504449423305,2308
7,17,0,232.6070376951278,27.32244705932581,2261
7,18,0,187.7333533535377,22.68419558265736,1809
7,19,0,149.5753116132406,50.06749377753333,1403
8,0,0,151.554079241715,18.26979911854188,1479
8,1,0,197.8511257235112,23.2112837650028,1929
8,2,0,220.7213790811553,27.65597198535577,2113
8,3,0,244.2546279032858,66.71968264054838,2284
8,4,0,249.7956022653557,67.83023850007147,2363
8,5,0,250.3173941365542,45.98299558409719,2405
8,6,0,250.9494611763087,29.92435461094736,2445
8,7,0,253.4755016790668,30.90071646710199,2439
8,8,0,251.6649863953097,30.71811374001694,2414
8,9,0,250.5946129353652,29.75188752511873,2434
8,10,0,253.0989565720549,29.72472134429487,2475
8,11,0,249.3257483194496,30.22122470599067,2408
8,12,0,248.9287387817481,33.33996742066948,2423
8,13,0,248.166768031552,31.07196336912356,2375
8,14,0,251.0405252569393,29.74684544777182,2442
8,15,0,237.482031956839,28.63040354003892,2297
8,16,0,262.128314047776,468.9434273528984,2323
8,17,0,237.6277577664191,254.4925092957852,2137
8,18,0,188.5317695501669,21.68153445418348,1858
8,19,0,161.4961582167903,19.2169457062583,1581
9,0,0,151.4856288570039,17.50762710069796,1484
9,1,0,199.574373334166,24.04850814907136,1932
9,2,0,219.2977652977096,27.34550951990095,2115
9,3,0,260.2740835946225,233.8308613135484,2305
9,4,0,249.0669048831765,29.05696496470565,2439
9,5,0,247.8705576893735,30.98343540340874,2384
9,6,0,238.9276240976992,28.59546186641103,2327
9,7,0,240.452527784939,28.05768533790904,2359
9,8,0,246.1654084045234,29.34213298869514,2389
9,9,0,247.9261565465918,71.14004448635504,2366
9,10,0,246.7450145295337,28.79159310270073,2422
9,11,0,247.1442989465311,29.66362063304319,2391
9,12,0,258.3169548402453,31.07020340581906,2500
9,13,0,252.3750483030088,30.3186021157467,2442
9,14,0,252.9053244760912,31.88576388085388,2453
9,15,0,259.2378791745496,30.60629647032794,2528
9,16,0,247.2951679734111,29.0715865610489,2421
9,17,0,246.0268360881652,246.614036251889,2197
9,18,0,191.2174770551155,23.1736349633693,1835
9,19,0,150.7354585170447,18.44415318151232,1459
10,0,0,148.8611421145768,17.19461143687294,1460
10,1,0,197.0625004069756,23.78680543647076,1900
10,2,0,226.0515141851139,27.40645332519876,2180
10,3,0,250.2536150673189,444.9797261886174,2232
10,4,0,246.0909707744979,30.05144082624681,2357
10,5,0,272.3858710798813,321.6348456958713,2420
10,6,0,246.4463509406696,35.59856635562615,2386
10,7,0,261.8027235281434,71.5570094100234,2452
10,8,0,266.9061921989532,86.80524574464128,2499
10,9,0,271.7805791299474,202.1016486371277,2514
10,10,0,257.4605526282042,51.605417635772,2470
10,11,0,246.4748817029896,35.54411661382102,2381
10,12,0,246.3896049054605,29.42958571939385,2397
10,13,0,248.9329854717929,29.06363755584551,2435
10,14,0,259.3954600747768,32.0556961853181,2517
10,15,0,239.8008084415414,33.30405025093581,2330
10,16,0,273.3426498006721,585.9132640184221,2402
10,17,0,229.3217218996555,28.25788741565282,2191
10,18,0,190.5170792909502,34.4765760680758,1821
10,19,0,153.1650738210523,20.62088340355522,1478
11,0,0,145.0340181889433,17.84930390157337,1400
11,1,0,219.2476458162383,693.5277543494358,1843
11,2,0,220.9342620195917,28.92876388110216,2139
11,3,0,237.3152237868957,28.61597982107529,2280
11,4,0,244.0734534341998,29.84489479775434,2346
11,5,0,253.344365198448,186.8600730254223,2360
11,6,0,248.1637993590607,30.04132471773811,2398
11,7,0,256.9819868523113,30.12379932532835,2511
11,8,0,255.5692898959398,34.60752664023745,2461
11,9,0,248.032462666133,29.43427828094148,2404
11,10,0,261.6430605490413,66.86808102362428,2473
11,11,0,237.5921305284734,27.72249631011508,2344
11,12,0,250.0393876155246,29.60893366788497,2419
11,13,0,236.9399968366462,28.06216477332326,2313
11,14,0,245.9814682571424,38.95968656524533,2375
11,15,0,248.549839674615,30.04762341584407,2394
11,16,0,248.0498855671359,34.13127920160514,2394
11,17,0,234.2961079938399,28.29960330305352,2259
11,18,0,210.9098527823699,277.9036788930525,1882
11,19,0,162.6134153812439,45.67963253849609,1523
12,0,0,146.6549761280663,17.3624374092499,1430
12,1,0,195.2296164163958,39.15423821931206,1852
12,2,0,229.6245982091481,27.76130570374679,2205
12,3,0,239.8442181895496,29.00630597196603,2304
12,4,0,245.6563612074802,52.07062877867214,2325
12,5,0,270.2648441546974,394.3453586432825,2382
12,6,0,242.9021148683268,29.71781369403946,2335
12,7,0,255.6106722008233,31.0049419887586,2462
12,8,0,250.2459646262743,66.02847690021912,2347
12,9,0,258.0545448579774,58.43259594328441,2450
12,10,0,283.1564360338093,1018.878891850338,2407
12,11,0,261.9017334042122,190.4415112846285,2429
12,12,0,258.2499803768291,108.3560291371614,2429
12,13,0,249.8288613714847,30.0224406949814,2423
12,14,0,247.3663568818257,29.44919834074857,2400
12,15,0,246.8255324791941,31.35781813783538,2377
12,16,0,245.8224501540173,88.14583298729796,2315
12,17,0,226.9209206782186,27.57218124428441,2182
12,18,0,224.7116664243546,630.5646225483573,1896
12,19,0,147.6138169705315,17.94100886979714,1441
13,0,0,161.093807917909,320.7235152089988,1386
13,1,0,183.9491196740272,45.39128554072856,1752
13,2,0,226.5904969698507,47.06014574802992,2136
13,3,0,237.0412947729471,28.10156151635574,2311
13,4,0,248.0264793293933,30.08142284715769,2397
13,5,0,278.8277083906655,837.2346576402787,2434
13,6,0,252.6163363259024,29.94179248938028,2468
13,7,0,245.9263055879869,28.60842215399159,2420
13,8,0,248.3578172957635,35.04843845821486,2393
13,9,0,239.2956423757901,28.34893896823221,2342
13,10,0,246.6241532376612,33.15746979268287,2370
13,11,0,258.2843032224441,39.9958229383279,2483
13,12,0,256.0518234795417,115.553438225191,2385
13,13,0,264.9460923089037,196.4865592699046,2456
13,14,0,254.8267349439612,31.09004529956806,2462
13,15,0,259.4854329461594,196.25322799736,2373
13,16,0,240.0963211255793,29.01309116285166,2346
13,17,0,220.0198207503595,27.31296305797834,2144
13,18,0,189.3652707671225,28.00191050878571,1820
13,19,0,150.728612511614,17.40819822663822,1497
14,0,0,144.5938672374093,17.2174651106086,1413
14,1,0,181.8227296311841,21.52380862730363,1781
14,2,0,227.1097396608845,27.98760386820041,2163
14,3,0,238.9943068484815,28.45396636337187,2322
14,4,0,240.8209001732274,29.0593426284941,2321
14,5,0,253.5337866946863,67.22209002668586,2394
14,6,0,246.2811651066076,28.96371233264516,2414
14,7,0,246.9164528804396,29.52498894168991,2385
14,8,0,251.6027511342286,29.98883263720014,2444
14,9,0,244.9009078751944,28.62240348705244,2415
14,10,0,249.4760099266028,30.2005554029141,2406
14,11,0,261.3886043736678,141.0467119857499,2465
14,12,0,254.5789873448748,31.85457615755528,2470
14,13,0,238.8662733818414,28.30704799322175,2327
14,14,0,272.3278927451003,605.4474206528313,2421
14,15,0,249.2874066682331,73.05332102874732,2382
14,16,0,237.7996785759598,157.0167578410143,2229
14,17,0,221.8224042121129,33.47421927755436,2134
14,18,0,197.0481045065522,24.91421325624454,1859
14,19,0,162.3538892978383,171.0712228137971,1481
15,0,0,166.439661768803,482.7730772297444,1409
15,1,0,198.5698216249398,26.94077243284082,1907
15,2,0,228.7015635699092,52.24932816757042,2144
15,3,0,232.3708305352641,27.53322738997145,2254
15,4,0,243.781353769697,29.70329328676825,2331
15,5,0,246.2711677537023,33.12932927972853,2385
15,6,0,249.2031952822328,56.59654057356278,2344
15,7,0,240.996929271544,70.81101304553613,2292
15,8,0,260.8093821511384,269.7076698380247,2381
15,9,0,244.5232934043382,30.18506717613936,2330
15,10,0,246.1749564630201,29.85361043364313,2372
15,11,0,245.8862355148372,38.1716329707308,2364
15,12,0,255.1354465940908,103.7520416567372,2384
15,13,0,247.5128533136488,30.15543148651544,2402
15,14,0,245.5026909532361,29.88665777073989,2361
15,15,0,245.5136058521019,50.59316638603373,2354
15,16,0,240.0912276547515,31.22562279030952,2302
15,17,0,218.7862503435306,26.09557145081466,2121
15,18,0,182.4525339748878,21.65266889536927,1784
15,19,0,148.1176449150256,17.48637015917864,1442
16,0,0,138.9627156190212,16.98171183166597,1337
16,1,0,178.5608977639937,22.11210535579093,1712
16,2,0,210.9274695064693,25.19563539496454,2031
16,3,0,224.1646078414276,35.08830467622381,2178
16,4,0,233.8060126399117,27.75163410759079,2267
16,5,0,294.8419130905957,1469.031248969483,2244
16,6,0,245.660072678579,86.95786053244395,2303
16,7,0,247.2485802748371,30.55850172708818,2354
16,8,0,238.5128896615944,29.05558434982751,2288
16,9,0,241.1932210507602,28.72007375440561,2350
16,10,0,233.3611536135041,27.88202460364605,2281
16,11,0,247.8927403858427,29.84276151127909,2389
16,12,0,237.0820963494712,28.87941300471407,2287
16,13,0,244.0550125985176,81.08732917006574,2274
16,14,0,241.2842858129818,30.0832798880312,2309
16,15,0,240.9578290434067,166.7819576262069,2254
16,16,0,240.510671265883,51.79493900902271,2296
16,17,0,217.1638997963176,118.3563875711499,2041
16,18,0,177.6615877585836,21.29537686291999,1728
16,19,0,156.912244535797,50.56135831494987,1438
17,0,0,134.8319992275364,15.74747888697567,1328
17,1,0,168.1827024210326,20.6106727060032,1609
17,2,0,203.00285009681,25.00492407961929,1929
17,3,0,209.5912723251451,24.77614578954613,2034
17,4,0,224.2831172720199,26.62403619141558,2172
17,5,0,235.0986419525176,476.9366935941181,2097
17,6,0,222.1858741645583,26.19638754193701,2165
17,7,0,225.8134582195544,27.55201878215468,2173
17,8,0,217.2972760280701,26.59203105938938,2088
17,9,0,231.8654013254653,64.97493534837717,2166
17,10,0,211.9735709102721,24.51051585101205,2085
17,11,0,227.7126075503127,57.14664921615818,2144
17,12,0,229.6838262931346,60.77842095208416,2181
17,13,0,266.8238104393444,1665.655261257411,2095
17,14,0,228.4551037507778,32.16247749845819,2197
17,15,0,222.5554237116552,27.19962865021359,2143
17,16,0,213.3111931257492,61.48383228128061,2028
17,17,0,198.1639028596927,23.96871670007167,1917
17,18,0,178.1128719974956,21.26992338967398,1718
17,19,0,130.8096306609796,15.3901523035594,1290
18,0,0,110.8746017978923,13.06638771618911,1091
18,1,0,180.925184891873,927.3061288272905,1489
18,2,0,167.2882369540919,22.33274434520963,1604
18,3,0,184.0778553737923,21.9114746045356,1782
18,4,0,188.4187933413674,22.34466206751277,1839
18,5,0,190.6594027819916,24.77777231255162,1857
18,6,0,197.5963563996324,23.453492534764,1920
18,7,0,200.8190725012394,23.97787163618213,1938
18,8,0,192.3676148345831,22.86139898862335,1876
18,9,0,196.7084026816819,24.27601640819861,1878
18,10,0,187.2471984839798,22.07976945567749,1821
18,11,0,188.136285802519,23.057189246003,1817
18,12,0,196.425588367441,22.86239757054713,1935
18,13,0,188.3376804220271,23.33265758602595,1802
18,14,0,186.9802532001783,26.1887552970544,1802
18,15,0,181.9030242753323,21.03287962015053,1792
18,16,0,194.2279920341313,47.13851657349239,1847
18,17,0,183.4926659598466,22.50844908031702,1763
18,18,0,151.6261474432544,18.13329298057464,1474
18,19,0,116.5188227157489,13.93455417817676,1142
19,0,0,89.54315884816819,10.44070141470271,881
19,1,0,112.4014364845846,12.8421641342763,1111
19,2,0,129.2832254501151,14.97481785747696,1279
19,3,0,137.3329864333444,16.18671578607665,1334
19,4,0,147.3449922512764,53.60582928121563,1350
19,5,0,148.769375752654,19.04539692323381,1435
19,6,0,151.2218834192516,17.802319980915,1479
19,7,0,150.7917197266614,17.42914188009899,1481
19,8,0,150.4715073890059,38.26542125758152,1435
19,9,0,176.1030842367381,420.0920351350917,1471
19,10,0,143.4718768986045,17.00474947169092,1397
19,11,0,154.4353583853585,18.39680128289726,1508
19,12,0,150.6826965630405,17.75537064671627,1484
19,13,0,146.0518577986415,17.73237587238293,1412
19,14,0,154.4950252444273,19.02840295226174,1472
19,15,0,144.605250153539,17.22787251964482,1409
19,16,0,138.7200692990065,16.52985239069368,1345
19,17,0,133.3086109979732,16.30961074745691,1278
19,18,0,114.7257193953784,13.77800478340967,1108
19,19,0,97.10368452015975,11.91920571982036,945
