# mesh name: boxMesh_1
# primitive scorer name: doseScorer
# iX, iY, iZ, total(value) [MeV], total(val^2), entry
0,0,0,73.43121985131437,9.732118117935192,646
0,1,0,95.02687303687888,12.90298942938745,836
0,2,0,112.8238926295679,14.75593796030142,986
0,3,0,121.7098493677839,15.93899203474164,1083
0,4,0,149.9534774699412,226.9477462724767,1229
0,5,0,141.6049188095612,17.63109264953927,1291
0,6,0,157.3761368104618,309.7226072947095,1296
0,7,0,151.2520253516729,30.47541626552971,1347
0,8,0,147.0484938175723,18.47334218548758,1366
0,9,0,149.585613904707,18.38368625368621,1404
0,10,0,149.7681869743754,18.75784336547746,1413
0,11,0,152.8531884538592,19.40982116162876,1431
0,12,0,153.5084532456426,19.29097056257095,1448
0,13,0,154.8103541412601,97.58730854160866,1410
0,14,0,146.0707755898698,17.29385691637912,1429
0,15,0,158.4870290706638,19.24829109917519,1535
0,16,0,147.2412674339943,17.64797237340073,1444
0,17,0,150.5232979314984,17.7094488398758,1500
0,18,0,157.6863569924198,31.64944393832722,1539
0,19,0,117.6588168609405,13.54124098423571,1187
1,0,0,96.35898308656051,12.58735277720276,847
1,1,0,118.9834197849815,15.6382113106597,1045
1,2,0,132.8090178515665,16.74223960208142,1186
1,3,0,149.6713733864023,19.55702139708408,1327
1,4,0,163.3587277438066,20.87921884679241,1461
1,5,0,158.6633609019057,20.09386759768309,1436
1,6,0,175.1901886330334,22.74519836464828,1591
1,7,0,181.67410969279,22.0098929482945,1693
1,8,0,183.7661180387238,23.17131650262745,1694
1,9,0,198.9640891756251,71.85085341826149,1781
1,10,0,182.4200911457614,22.51434409555202,1713
1,11,0,175.8876432721657,21.1317752663315,1687
1,12,0,188.3572648270936,22.87824330785765,1802
1,13,0,190.2511609268838,23.71245261388831,1832
1,14,0,205.2515688419899,416.6077027152351,1843
1,15,0,195.5456435470217,23.52666914153113,1903
1,16,0,224.9985393544187,643.8220756070785,1953
1,17,0,204.063842677082,66.79371611506849,1952
1,18,0,196.326717111479,23.40570228459471,1961
1,19,0,163.1425979655554,19.01491498226587,1629
2,0,0,114.7422065246384,15.6662777483169,985
2,1,0,137.5454368988178,18.45096856962359,1199
2,2,0,154.8150943237079,20.68776523276569,1352
2,3,0,177.2419493007637,23.171577023325,1571
2,4,0,182.8942524352111,22.85878470051229,1655
2,5,0,189.4406903291729,24.01669041158531,1711
2,6,0,204.1338142673411,125.3970422845797,1795
2,7,0,204.0851938195836,25.90053271587693,1880
2,8,0,207.7443245123524,26.22190400703991,1919
2,9,0,232.570842344849,564.6318681057056,1932
2,10,0,217.0007114762783,26.49715296302244,2043
2,11,0,218.524414481495,26.55861577376388,2095
2,12,0,219.5210414295321,26.83543836708881,2102
2,13,0,227.4971374702422,87.4163014787304,2113
2,14,0,224.1303878367699,26.58606113191412,2184
2,15,0,221.3973791730062,25.85982020064188,2178
2,16,0,240.4431134273163,97.30027186500315,2304
2,17,0,230.8388821426474,27.07456224946944,2282
2,18,0,215.2499209116894,24.44241373540471,2167
2,19,0,181.6006129233649,74.54876439950226,1760
3,0,0,121.8077008021957,16.61227970557379,1058
3,1,0,154.5029932628833,53.50226562038994,1319
3,2,0,170.9047581295357,21.69814944075946,1531
3,3,0,194.9101752298339,25.08190314105363,1736
3,4,0,215.1600022880066,27.80655426041848,1918
3,5,0,211.9093724771622,26.55588022826667,1933
3,6,0,215.9323015863661,28.5266123795077,1971
3,7,0,243.1921744358376,31.07021465603745,2229
3,8,0,229.1460927659656,28.54626220861895,2117
3,9,0,239.561873811201,39.46036498169497,2162
3,10,0,225.9914131232727,27.6385064673641,2123
3,11,0,234.3681512237682,28.24660724333661,2238
3,12,0,235.3811004439271,28.8656984045555,2232
3,13,0,247.5773043375119,73.18007636231809,2303
3,14,0,256.9958481928298,246.8606984225628,2358
3,15,0,241.4325769024755,59.8791228919651,2335
3,16,0,245.7983004055672,28.74360877453394,2423
3,17,0,242.7904102251996,29.23016539279027,2376
3,18,0,256.1036842840821,428.3163440688548,2310
3,19,0,187.1793399961543,24.05235036301883,1844
4,0,0,120.2167855440361,15.03871986849352,1074
4,1,0,149.3428436794892,19.21551876126627,1327
4,2,0,183.5428040628202,25.40073098850205,1607
4,3,0,212.8023786689262,27.67730206368573,1873
4,4,0,213.3165541830411,27.62721891772834,1903
4,5,0,221.4796768445037,27.5511425235066,2019
4,6,0,238.6037504479667,30.76046622243669,2150
4,7,0,235.4481200618737,29.27776029515817,2171
4,8,0,262.932498300159,238.2184174873996,2243
4,9,0,240.3646505670798,31.98209983215961,2239
4,10,0,238.8299878314839,29.77786666072637,2238
4,11,0,254.3114575184181,99.90449801111812,2332
4,12,0,242.7794829839601,29.2023234157218,2304
4,13,0,245.668265372531,29.93398613036857,2340
4,14,0,237.6008314913538,27.87469704846495,2330
4,15,0,253.0141017906585,42.90383340069237,2445
4,16,0,254.1723370074381,71.10387779583962,2433
4,17,0,271.5598243888309,186.3403268023689,2467
4,18,0,239.3688210603316,69.71916222923097,2306
4,19,0,177.8849018372771,20.07942312061241,1811
5,0,0,133.6399686804403,17.73944355176038,1157
5,1,0,173.8033889677608,138.5522945818003,1419
5,2,0,191.9943980199986,25.12895564638063,1692
5,3,0,209.8254308056751,34.66797360445993,1846
5,4,0,232.9799511860439,60.07389044391076,2018
5,5,0,223.3790990757449,27.88455283956811,2012
5,6,0,241.9237528066905,96.9755791212793,2133
5,7,0,240.4620974942502,30.76409233813022,2173
5,8,0,259.9118506997534,95.71781144126233,2355
5,9,0,258.2165257737545,31.6869661242268,2403
5,10,0,256.2644472163025,85.29244368531883,2329
5,11,0,253.3335570668924,107.3749716088936,2313
5,12,0,257.827039482795,140.2446569925604,2332
5,13,0,251.5332200087391,30.77726991901119,2402
5,14,0,248.9699456036536,34.2146819733365,2389
5,15,0,260.0307282954336,86.79259045657255,2440
5,16,0,274.0061660247098,664.9479506142304,2451
5,17,0,247.2920084775257,27.88316265340851,2492
5,18,0,237.5896717440097,47.46432147307185,2330
5,19,0,182.3435773310357,21.44709981065201,1824
6,0,0,139.5619486583268,25.97712822993961,1189
6,1,0,172.586010095465,45.39784137204471,1482
6,2,0,200.2769956374547,33.40098342068719,1736
6,3,0,217.7852688596192,27.98187520817472,1940
6,4,0,281.3986515043235,1646.069172093408,2070
6,5,0,247.8195813040186,31.76991741741362,2223
6,6,0,251.1189913833509,32.00464778913966,2280
6,7,0,254.0404451179355,32.27064305837368,2308
6,8,0,257.2207655619113,88.0252773266358,2318
6,9,0,255.1104851017569,43.43153577013417,2341
6,10,0,251.5971025144675,36.33053857886647,2387
6,11,0,256.1175782696815,35.23518154901185,2398
6,12,0,264.7822188526947,220.1896304702903,2341
6,13,0,255.3044076221039,96.24907317351162,2394
6,14,0,244.0465371618616,28.23320676950538,2397
6,15,0,249.3230595363529,29.43276327806202,2460
6,16,0,250.8576049528381,29.49929351220979,2461
6,17,0,277.1877189535497,395.0250380456276,2445
6,18,0,240.363721894283,28.603084977854,2379
6,19,0,199.9680692598684,230.4178017724579,1860
7,0,0,140.1172642742482,32.71409755676415,1209
7,1,0,166.5355030425447,22.05171432251604,1457
7,2,0,196.1455693694936,25.87767457351028,1718
7,3,0,214.2960991247196,27.82991343185291,1905
7,4,0,230.1254303524625,30.03729920851981,2055
7,5,0,246.4882890152905,34.3462223158804,2210
7,6,0,255.8277138817534,73.47351069988211,2224
7,7,0,271.4957638373656,310.8894071303779,2326
7,8,0,247.7876102804922,30.94700717466607,2282
7,9,0,257.346794152605,65.84125129317856,2352
7,10,0,253.5317191747628,30.93383536981487,2382
7,11,0,249.4514187971301,29.20412025862587,2408
7,12,0,250.26740343686,34.73365520063886,2396
7,13,0,257.821425745037,32.54900901730553,2432
7,14,0,253.9678481950347,53.1788781738164,2413
7,15,0,245.1783808788047,29.07507132399578,2381
7,16,0,242.4993409983771,41.49748595854552,2384
7,17,0,246.8706333260636,33.65827438032013,2429
7,18,0,227.9666934286538,26.81878048981781,2267
7,19,0,193.3559324162217,67.96144247799144,1878
8,0,0,144.5439110001254,24.6542835233711,1232
8,1,0,170.8986274418635,29.71630790018861,1469
8,2,0,197.7429896093951,26.16752958892129,1724
8,3,0,231.4416832607509,76.62124435398094,1978
8,4,0,238.118778542147,78.99988747186765,2041
8,5,0,236.628417739485,41.00069395817548,2125
8,6,0,255.3541061321845,126.3459953012144,2209
8,7,0,242.8588965675285,31.06278425289775,2194
8,8,0,247.7686075497483,31.32969553479666,2277
8,9,0,257.7138271491274,75.66487917269137,2330
8,10,0,258.1942124267206,37.72398868410473,2379
8,11,0,251.4835780995219,31.22764110607767,2370
8,12,0,260.4140435072132,176.7951739624631,2366
8,13,0,253.7963385710438,50.65575732065204,2382
8,14,0,236.334856156814,28.25575391062312,2307
8,15,0,247.5830946674319,28.8626701216556,2443
8,16,0,248.927006491879,29.36594634747426,2449
8,17,0,243.5458113164822,29.30512014253488,2392
8,18,0,229.4119381984751,26.53237827603786,2310
8,19,0,187.3861045979706,26.28863124692565,1888
9,0,0,168.9432865129957,235.2251882460424,1248
9,1,0,165.8615410062711,24.78378569544104,1459
9,2,0,192.1740469085917,25.33017738529597,1699
9,3,0,226.2119246873126,42.26266655519166,1997
9,4,0,235.9661376561473,31.52757700582434,2076
9,5,0,251.1889957137955,31.64564814401166,2266
9,6,0,242.8235800511738,35.16293659377266,2222
9,7,0,268.117768484447,76.61082740033342,2347
9,8,0,248.6625257093803,31.03995317595176,2296
9,9,0,257.3563738347231,31.93988096408659,2393
9,10,0,249.4891892837132,30.39614694337144,2368
9,11,0,248.9145089521759,29.97815187349478,2369
9,12,0,255.9059626189591,43.7807423630826,2398
9,13,0,280.5320369902088,324.3293924837362,2458
9,14,0,263.0154551896812,91.1735370558184,2461
9,15,0,249.9523436415526,44.05699628597691,2422
9,16,0,257.7385101944014,60.60502208656992,2442
9,17,0,245.9735244376274,31.13108173466472,2432
9,18,0,238.8445864161363,45.17377438940595,2323
9,19,0,199.1884559531405,108.4379842901178,1902
10,0,0,136.5956164699124,18.34293898774363,1191
10,1,0,175.5804332464311,24.82470379380745,1520
10,2,0,189.9398912986473,30.35018120137831,1651
10,3,0,222.3373881690908,28.42265185688397,1974
10,4,0,230.8914415622957,29.10236095029914,2071
10,5,0,249.2227958823499,85.01046540402295,2188
10,6,0,254.5274458639738,32.31305817538005,2308
10,7,0,243.4934449635487,30.98826304501782,2209
10,8,0,247.3296565583015,34.41647186958357,2300
10,9,0,263.7352743347116,105.2340396183224,2319
10,10,0,257.4278446196554,31.59893022174327,2418
10,11,0,246.8606675183636,30.24310090333984,2339
10,12,0,246.1366991306072,29.42247019239108,2371
10,13,0,244.231787676845,30.36441666342623,2325
10,14,0,258.7936979949821,32.37782986857977,2496
10,15,0,247.4554793769294,29.92041340977693,2401
10,16,0,263.442688799787,117.3983718977503,2517
10,17,0,251.4094890297357,134.2359092241676,2353
10,18,0,241.0346534487354,36.87865736595898,2328
10,19,0,196.8944550258024,64.9153090210971,1890
11,0,0,140.3898693721712,18.36169039264851,1233
11,1,0,166.1534263492542,22.5812630752127,1460
11,2,0,190.9650621238225,28.0686046118374,1631
11,3,0,239.2273446520996,341.3565397929423,1943
11,4,0,227.2691158118515,30.70644397458336,2015
11,5,0,234.7077805466542,30.42101382090625,2119
11,6,0,246.8117073412901,32.11250594244959,2208
11,7,0,252.7557660222095,32.06631855831886,2308
11,8,0,260.2179666877359,42.43587677095559,2350
11,9,0,261.0165583158245,41.65454622754247,2379
11,10,0,247.698980023937,30.21183181356522,2339
11,11,0,235.4722755177661,28.11082963124847,2278
11,12,0,255.363984179719,31.40835080038196,2404
11,13,0,249.1021614135414,29.4363506350588,2434
11,14,0,247.3710224137226,30.63596869548858,2389
11,15,0,261.6238346343009,116.343597718705,2448
11,16,0,247.8512032507698,28.75121234040298,2462
11,17,0,253.2668541926266,38.38144319971502,2466
11,18,0,240.9844858546141,28.28151015083749,2393
11,19,0,184.495433484045,26.16080946315368,1814
12,0,0,133.2252572703146,17.62271051196644,1159
12,1,0,172.4337019190771,45.95938094012825,1461
12,2,0,191.6846560713365,78.60753128740502,1632
12,3,0,215.2730615778507,29.55269782806539,1879
12,4,0,235.1963555126606,31.04564181787853,2094
12,5,0,250.7691995833974,32.76432226490611,2222
12,6,0,241.0071518063183,30.14173722577858,2213
12,7,0,253.951415474192,33.11745275859104,2288
12,8,0,249.5839562810001,31.67525814767895,2294
12,9,0,256.0045637489527,31.7084989340533,2405
12,10,0,251.8597123533025,31.43936330144033,2342
12,11,0,249.2904444640919,30.51760170239126,2368
12,12,0,253.7725480197718,34.77040114898687,2403
12,13,0,253.5509925674667,30.25609748983018,2438
12,14,0,253.2625692651745,30.37766231448747,2448
12,15,0,258.0218274321407,30.75374663153572,2519
12,16,0,265.3941345293972,515.8365203850526,2453
12,17,0,254.5476773204853,324.7706389030442,2323
12,18,0,247.5930481687024,101.8679299099168,2367
12,19,0,196.1756210238849,26.03606545569364,1948
13,0,0,140.5107316212974,104.2596918665318,1131
13,1,0,166.058278922831,28.75527555998083,1436
13,2,0,205.2629862985813,28.4276111672179,1776
13,3,0,215.5202582644099,27.95346044069667,1894
13,4,0,233.6532557421202,33.15358198684144,2085
13,5,0,233.3204890280594,29.38211836353678,2113
13,6,0,256.6976176771209,427.7429162805105,2152
13,7,0,241.8438181951707,30.51797043918188,2217
13,8,0,257.9903495840041,52.78987918885889,2303
13,9,0,250.1718441247887,31.1019637703038,2326
13,10,0,252.4109813291189,43.37254544215763,2328
13,11,0,245.1285618083374,29.99995963074285,2331
13,12,0,263.9567732877578,376.6212723730058,2319
13,13,0,249.4656288468685,30.06242149491567,2401
13,14,0,259.3433233024941,154.0672001084583,2413
13,15,0,263.8449396276369,372.1866050370806,2417
13,16,0,256.5970255450331,162.8726313747478,2389
13,17,0,244.0619803867196,31.55424942833559,2424
13,18,0,234.2060075410761,65.15104512648665,2287
13,19,0,187.5376575402205,21.4155457757603,1908
14,0,0,143.9724890618679,66.75637094584245,1186
14,1,0,162.753119661086,21.20956678296239,1432
14,2,0,195.5160741446278,80.41578396599239,1649
14,3,0,211.4450067253044,28.97570079173758,1847
14,4,0,226.1035421836218,29.37841529200509,2015
14,5,0,240.7970258036476,34.90283687699608,2134
14,6,0,242.2477064261898,30.51654470882823,2207
14,7,0,242.2742937491356,30.51359547856275,2214
14,8,0,283.1954922195631,462.116616973757,2377
14,9,0,246.4520643122756,30.73385981871125,2274
14,10,0,256.4693682685293,31.38836811565107,2400
14,11,0,250.5681601025957,31.29309243311745,2378
14,12,0,255.3841571378802,115.2250788856138,2348
14,13,0,234.1918138941519,27.5926111525738,2279
14,14,0,258.8768496245768,346.4408534169515,2316
14,15,0,239.8250507700911,28.14214626531047,2372
14,16,0,245.8911699180004,92.58966724222189,2362
14,17,0,238.1504689395776,28.11653349371469,2396
14,18,0,231.8080793659454,27.26099072119202,2303
14,19,0,188.6341336285825,22.79417311083475,1860
15,0,0,123.347576940092,16.29788657800474,1072
15,1,0,151.5745798017852,20.01871460110826,1321
15,2,0,187.1258639321745,25.37901569408757,1632
15,3,0,219.269534622347,30.0830744132741,1941
15,4,0,228.320393735916,29.34036105136145,2032
15,5,0,225.8151511889978,29.95945800657039,1992
15,6,0,232.2550761576455,30.49551254241258,2099
15,7,0,259.2191223647653,81.29894176788791,2321
15,8,0,239.1751098968205,30.2678467485698,2197
15,9,0,233.5197045131914,79.76334118249591,2112
15,10,0,253.4141517274823,31.41486129520041,2379
15,11,0,245.4057583345243,28.85420326893074,2358
15,12,0,243.0530695185623,29.47515952106932,2330
15,13,0,252.9271179433727,30.91543720770775,2429
15,14,0,240.404773353812,29.02370600977806,2303
15,15,0,247.1413177546459,60.73629148880877,2358
15,16,0,245.327943343192,29.38089857228236,2410
15,17,0,243.1920461090841,28.9138315653729,2387
15,18,0,232.1563852714096,26.76910585942056,2331
15,19,0,183.7786767569627,20.99635905770881,1861
16,0,0,112.3111223629352,14.59432141514491,992
16,1,0,148.7124682054111,20.20315473601623,1281
16,2,0,162.4432730362728,20.68436353762916,1463
16,3,0,193.8424987004813,24.71392362854284,1738
16,4,0,208.219211773541,27.14453268629961,1851
16,5,0,242.04583764097,519.2891471192173,1899
16,6,0,217.4393906588441,29.18028446840355,1970
16,7,0,230.3989623550382,28.91580734732881,2111
16,8,0,227.8277654490391,28.3394686704321,2098
16,9,0,225.344727499296,27.6331457034654,2110
16,10,0,233.8913054727371,29.34147557391095,2180
16,11,0,237.5525210987027,55.47013932413331,2214
16,12,0,247.5955887392914,81.63313427845534,2292
16,13,0,238.6700102974403,28.83582995813684,2300
16,14,0,237.2750054294144,29.69330494925411,2275
16,15,0,242.3244403159377,31.71938793715237,2359
16,16,0,251.2470737219476,98.40317051223875,2370
16,17,0,240.2541614022048,28.22116609834003,2397
16,18,0,225.2810175412914,26.22067352368164,2251
16,19,0,184.4934367473711,80.19632087006431,1783
17,0,0,112.6203390845047,14.47605885330895,1006
17,1,0,137.2146565985773,19.17586330209867,1147
17,2,0,153.2950466108388,19.89970920554729,1369
17,3,0,167.9104144700879,21.48886933880941,1501
17,4,0,189.6707963345157,26.26119613396416,1683
17,5,0,198.2667887550322,35.33727014883677,1748
17,6,0,207.8388112688798,46.7454702606626,1849
17,7,0,228.6884325917488,557.0949802225518,1895
17,8,0,231.1817714210188,602.2596502224394,1926
17,9,0,220.007359731606,27.58216500151539,2029
17,10,0,215.9718906287918,58.07838995237385,1982
17,11,0,227.2737775249317,41.64903789103511,2116
17,12,0,220.1137377093182,48.35769982223686,2046
17,13,0,221.8302168470658,47.69589580268852,2064
17,14,0,230.2245244498799,129.0706940815878,2115
17,15,0,224.4760134870261,27.62156743686079,2147
17,16,0,218.6988751025677,25.8001445479826,2150
17,17,0,234.9924469778378,28.59071900391582,2285
17,18,0,221.3583878488314,25.20589326718632,2230
17,19,0,175.4679504188415,20.23243182265692,1767
18,0,0,98.97505070797591,26.74751576680703,838
18,1,0,120.9708711988516,16.89570069740624,1045
18,2,0,132.5886416032289,17.03262417213885,1182
18,3,0,144.7666944976397,18.40145748561476,1294
18,4,0,160.6770874100496,21.18585910125035,1442
18,5,0,159.5939300121713,19.7005553957506,1457
18,6,0,171.6309772308039,25.92141934190866,1559
18,7,0,180.9163263397735,30.13993371127932,1633
18,8,0,182.6075031610933,23.51841469206615,1679
18,9,0,179.7175805986751,21.98773237245015,1692
18,10,0,182.3514198321883,22.57172515358441,1706
18,11,0,186.3052907773844,22.89524732289836,1759
18,12,0,189.2643719968452,23.14292216194675,1794
18,13,0,186.8505151463015,131.2481230862646,1703
18,14,0,208.3273675269567,24.84184528019378,2025
18,15,0,191.6807145248462,22.49667289460028,1884
18,16,0,193.4583755962148,22.64020175546942,1926
18,17,0,204.6645854255033,23.6935460754173,2034
18,18,0,196.2288937350077,22.22884642446965,1974
18,19,0,164.6359721052389,19.41147315861748,1634
19,0,0,73.0750920530042,9.419588335343024,644
19,1,0,95.28629993082176,12.16932219414862,849
19,2,0,111.4194816177174,14.767575996499,982
19,3,0,122.0668214841826,15.50469367107151,1093
19,4,0,127.1188796309377,15.74099731270735,1156
19,5,0,140.6130823968225,28.99529987636711,1250
19,6,0,144.0113252116873,18.81565928479377,1296
19,7,0,146.3506821005366,18.33255142763194,1336
19,8,0,144.0268136193573,18.56295389975515,1317
19,9,0,142.7698529596233,16.71812483177351,1366
19,10,0,154.1250007650801,30.69643448188881,1426
19,11,0,155.1290302730411,55.47077736716044,1406
19,12,0,176.3985755469984,766.8918707153915,1425
19,13,0,145.1358457536579,17.35908046130157,1413
19,14,0,151.1708152519156,17.56677470530482,1484
19,15,0,155.7978592673922,26.57108194918568,1499
19,16,0,145.8120244424824,16.6367718900395,1452
19,17,0,154.67678054537,17.86061666219939,1543
19,18,0,146.9572827046012,17.09949102552273,1471
19,19,0,118.7397635976075,14.08053467325615,1186
