# mesh name: boxMesh_1
# primitive scorer name: doseScorer
# iX, iY, iZ, total(value) [MeV], total(val^2), entry
0,0,0,91.03738307376574,10.13868560216284,931
0,1,0,126.7228311152862,15.11948435657031,1255
0,2,0,148.8156315488267,17.77024682660531,1477
0,3,0,147.9668789014283,16.90801240803042,1490
0,4,0,156.7910697801625,21.58262947849526,1573
0,5,0,166.354134945877,19.74334086028334,1644
0,6,0,159.1870696503344,18.35467574676465,1599
0,7,0,162.4360643602111,18.55143679359812,1648
0,8,0,179.474608972227,297.1308634884236,1653
0,9,0,178.9556988089247,102.6267828870573,1717
0,10,0,163.0254499973725,35.74364766072304,1612
0,11,0,160.3097672547481,18.70446857253662,1607
0,12,0,176.1691904147648,191.7595794209516,1631
0,13,0,166.5619123706392,19.40166453962645,1666
0,14,0,173.0938594252072,19.4209064367056,1759
0,15,0,161.890505975257,18.9593975651565,1623
0,16,0,165.5381468616924,18.54042947891413,1701
0,17,0,162.9173767698069,18.53429937766333,1661
0,18,0,169.1856884224109,25.6271933942875,1694
0,19,0,128.9011738623902,14.41513097355604,1314
1,0,0,136.7107452381546,62.97899153906266,1287
1,1,0,165.9310588147005,19.54951513530818,1646
1,2,0,189.2944763849002,22.16995226327473,1892
1,3,0,209.5613986191711,24.12556027297961,2115
1,4,0,211.645798054207,24.43247610183103,2135
1,5,0,204.7727117392864,23.36670378038377,2069
1,6,0,211.2188551954389,24.88211254362654,2120
1,7,0,213.0563316508939,24.21055821342499,2140
1,8,0,212.0685608998284,24.45961303588181,2120
1,9,0,246.2885944059569,355.9971820723597,2267
1,10,0,219.2228657987415,24.77329762300809,2223
1,11,0,207.9291881877073,28.37151015337771,2089
1,12,0,224.7151613947164,25.93830837425169,2270
1,13,0,225.3305891800233,29.53138699217581,2286
1,14,0,229.1359821077799,27.02354956425277,2297
1,15,0,229.6733937907171,26.29564719301654,2322
1,16,0,245.6344844489527,229.7130329643354,2310
1,17,0,227.249543959625,27.00558275962343,2297
1,18,0,229.4711825780524,27.54758396198082,2341
1,19,0,170.1193426711199,19.48187423899398,1727
2,0,0,139.3549316907454,16.44125709249071,1387
2,1,0,188.6023775038925,21.28875726105054,1896
2,2,0,214.2821977003712,24.80942316283472,2148
2,3,0,238.2129060147534,29.59936800531336,2357
2,4,0,236.8590019060988,28.07115983396815,2350
2,5,0,242.6861758317236,30.70562347615684,2391
2,6,0,236.9121934955915,28.98013860883173,2353
2,7,0,242.0829346525918,27.59041124993276,2441
2,8,0,235.5622447420826,27.16093713584455,2361
2,9,0,237.4788753599452,27.24518937227489,2391
2,10,0,275.2908826145219,882.4691342046673,2472
2,11,0,241.151459951379,29.72856195079692,2401
2,12,0,248.2311535501732,140.7361457814048,2421
2,13,0,234.867904531666,26.53502834903589,2397
2,14,0,248.6127010831284,27.80329349766886,2560
2,15,0,245.6434488714687,76.87945535883497,2415
2,16,0,238.0973243158446,29.78554503553843,2406
2,17,0,255.9458788198974,60.27471263141891,2537
2,18,0,238.0386431478253,47.38695534201623,2376
2,19,0,179.6929420080732,23.83894026642109,1815
3,0,0,153.6447426240998,17.98509082162112,1524
3,1,0,200.0843240057607,23.17369513972597,1996
3,2,0,232.3962485977573,82.28360586572416,2175
3,3,0,241.9999308673922,28.64476936798832,2385
3,4,0,253.5848463232672,527.8673331580904,2343
3,5,0,250.5052036499346,29.53597933413433,2497
3,6,0,240.767121887677,28.19138837736882,2413
3,7,0,246.6998689388356,28.3799592571532,2478
3,8,0,250.6732732943553,126.6024461403523,2444
3,9,0,247.7866478041321,28.74869530150079,2489
3,10,0,252.3952454156832,29.24211708503828,2548
3,11,0,239.4414258579312,27.22232387308373,2430
3,12,0,239.7900099333307,27.34752947291395,2432
3,13,0,246.6152132679357,35.81249116621416,2467
3,14,0,254.850538478424,74.56190965551599,2520
3,15,0,251.413951376831,28.51068730043412,2555
3,16,0,257.9482031968737,31.41165890065907,2614
3,17,0,277.7895900278382,518.8166916672604,2499
3,18,0,237.2516817595973,27.41980992848238,2413
3,19,0,179.4462840328037,19.97327841818215,1845
4,0,0,156.9399252412283,18.73678012930771,1541
4,1,0,193.3113980871296,22.82922140634979,1914
4,2,0,235.8924277631685,27.59732052589209,2349
4,3,0,285.5361496451476,1193.957862874867,2425
4,4,0,253.7609316293246,29.2235820912977,2541
4,5,0,254.3343897612974,39.88517615799021,2516
4,6,0,264.081718547332,414.7507304219952,2420
4,7,0,245.2036267637277,28.63158352714915,2447
4,8,0,250.2139699838754,28.1373596324893,2544
4,9,0,254.4043385948505,89.98551113329513,2426
4,10,0,240.6821423041662,27.31269442098132,2446
4,11,0,254.8012366123191,90.18874735687616,2522
4,12,0,239.6786787717333,27.32927546221994,2429
4,13,0,249.6453050678421,28.25284201820126,2554
4,14,0,250.509493053647,47.44267165617505,2473
4,15,0,243.439422333927,27.36250298344761,2493
4,16,0,248.2429321969408,31.91506688597465,2500
4,17,0,246.6133223132812,28.07346276191668,2505
4,18,0,237.9979950627298,30.8137192943264,2401
4,19,0,186.4240295771877,48.96564701136322,1810
5,0,0,155.064635629271,18.00782479867664,1547
5,1,0,199.5928347098803,23.35454788409876,1967
5,2,0,248.7166164619618,283.5881646053998,2311
5,3,0,253.4872520750315,93.6693868158096,2426
5,4,0,237.4802910605925,27.6614137834181,2378
5,5,0,243.9469647707775,32.76356601302861,2419
5,6,0,252.9408624184086,29.05501424230813,2531
5,7,0,243.6547682720597,28.29960382846085,2444
5,8,0,250.9928827672129,28.94806432345138,2529
5,9,0,243.0287327962775,27.60632210692195,2444
5,10,0,253.536921432483,176.1860226817164,2425
5,11,0,252.8521664945008,57.73990765804148,2484
5,12,0,252.263091700006,29.98661956845137,2511
5,13,0,249.6823864421142,28.50064303084268,2543
5,14,0,240.2482264992963,29.61357169159431,2415
5,15,0,239.9859337973431,28.80813917861905,2446
5,16,0,247.8974569680806,29.27295409194633,2485
5,17,0,248.6393797654823,28.20331395039344,2534
5,18,0,239.0397464147525,27.82208397844628,2409
5,19,0,181.5854797119571,31.7515333463783,1825
6,0,0,153.935916568729,17.99226719277954,1535
6,1,0,218.8468442584729,244.4858168320584,2037
6,2,0,239.4339629017018,73.54594716093622,2262
6,3,0,247.6926324833823,31.68547972838239,2444
6,4,0,262.3444150383874,120.943681492651,2507
6,5,0,238.1240735155456,31.29152144841422,2386
6,6,0,244.5123168463914,66.10348299212622,2425
6,7,0,248.9069605110953,28.79992095780379,2499
6,8,0,273.6016544221881,442.1275340917122,2541
6,9,0,251.733003526677,29.84313366591854,2516
6,10,0,252.6405135424804,82.0210360767925,2492
6,11,0,259.2169952824989,120.9470674342143,2535
6,12,0,248.3850585668435,28.851007079066,2492
6,13,0,245.2519361249869,28.28880503877787,2484
6,14,0,256.1758728183163,30.10486588431867,2580
6,15,0,265.2611767416377,150.4992980207402,2516
6,16,0,252.5878230908259,28.84661935279963,2576
6,17,0,257.9135420167668,65.09847856853713,2572
6,18,0,236.0065959023967,26.73471061451251,2426
6,19,0,185.5719456659667,21.50734324916941,1883
7,0,0,150.2856228533078,23.90533686936639,1488
7,1,0,208.7194891501411,43.27148180903684,2009
7,2,0,238.0159352011169,44.29419760702945,2364
7,3,0,251.2456704304973,56.27728522268169,2444
7,4,0,246.5545762704917,32.04490883925595,2435
7,5,0,250.702086820881,35.47167519995273,2440
7,6,0,269.011982637197,448.4513674542854,2413
7,7,0,257.6168530763414,54.49994968515635,2482
7,8,0,254.3669960761191,43.89277847588075,2555
7,9,0,241.2929301844264,40.62029147638266,2459
7,10,0,252.1496247607648,57.97196415795811,2463
7,11,0,238.101874436544,27.88039078220157,2393
7,12,0,246.2819850716071,27.81740027663666,2507
7,13,0,243.2731087383466,28.39455861426052,2442
7,14,0,249.9971395043465,48.29621197248929,2472
7,15,0,248.2937103479771,35.48526990851591,2497
7,16,0,259.2470741664077,169.5764382567458,2515
7,17,0,243.0232322586839,27.47452522652239,2492
7,18,0,258.8476499729655,338.6018991441617,2416
7,19,0,184.9303985428584,21.19162626314316,1889
8,0,0,155.5741429136275,18.26153055851265,1531
8,1,0,203.5431127602658,23.81310127856775,2017
8,2,0,234.7183188951654,27.43719888109775,2350
8,3,0,246.9706908338929,28.75693991008417,2448
8,4,0,256.2770564518772,82.03931462827961,2483
8,5,0,241.3206612563186,29.6362214745038,2394
8,6,0,260.8743014351051,91.81975005272858,2489
8,7,0,251.8722078705738,28.98643071147063,2535
8,8,0,259.6368624228372,30.78598090360265,2574
8,9,0,249.798939801244,28.78493287998092,2528
8,10,0,257.4628649350849,82.03125352299287,2555
8,11,0,253.0413834895436,39.13796087918332,2516
8,12,0,271.5212092134835,370.0925227003306,2538
8,13,0,250.7669202450878,32.61077937641696,2484
8,14,0,272.6987728605684,349.2837758813494,2449
8,15,0,248.4485995967631,28.82867243753691,2501
8,16,0,250.3237868888041,28.7778875478846,2534
8,17,0,251.4525578941104,31.32793943598971,2563
8,18,0,246.5495544657254,33.63530061339232,2458
8,19,0,193.8430923459153,235.1335894179775,1832
9,0,0,151.3111795005251,17.65181223971898,1504
9,1,0,211.0913808949503,51.27305609746796,2059
9,2,0,229.9229384318434,27.09617213486726,2284
9,3,0,237.1706472106339,27.1974133721433,2387
9,4,0,255.0966074014046,29.67567783336679,2543
9,5,0,253.0167331695889,48.18918569704,2496
9,6,0,247.0014497371335,29.5133317683908,2440
9,7,0,243.9379557404278,28.06269864905299,2449
9,8,0,249.6607078235376,29.09129295305238,2506
9,9,0,255.9956137375757,58.98399255452134,2526
9,10,0,259.2610916576039,84.49414278081829,2509
9,11,0,242.0882248047184,33.88913592025904,2447
9,12,0,247.4341194836107,44.90309661443051,2480
9,13,0,252.0593476358389,64.28206693225498,2494
9,14,0,249.8954806889554,45.51279364524646,2466
9,15,0,236.022470061046,27.36204115344192,2377
9,16,0,257.4479337313235,29.81629556124566,2588
9,17,0,245.0435739936929,28.07970674259251,2488
9,18,0,234.3688782764769,27.18781951340778,2384
9,19,0,185.0605544305248,21.41126324576855,1885
10,0,0,148.2496319003585,17.48271707753402,1468
10,1,0,193.6316675525396,23.08347207472458,1912
10,2,0,235.2849865460066,27.31160862339912,2358
10,3,0,239.9764743212889,27.1188790747653,2430
10,4,0,261.0204740959003,42.25800722476735,2539
10,5,0,241.0533769635664,28.49532906163716,2431
10,6,0,237.1758810924857,26.92983596506659,2406
10,7,0,262.4144870156409,34.98168056538207,2575
10,8,0,244.0450984278935,28.20116345931911,2445
10,9,0,250.4727878372789,29.22470954700152,2512
10,10,0,266.3581800712367,67.73610881191946,2619
10,11,0,255.8924167546323,29.74838098677327,2558
10,12,0,239.6769138194145,26.89879234207688,2461
10,13,0,262.2298484538348,345.1123246060996,2423
10,14,0,251.6605578897865,59.48117386104891,2477
10,15,0,253.9102594172197,28.72904665046819,2587
10,16,0,255.9621024238127,49.42465360529835,2573
10,17,0,238.9333040774839,27.30041692904593,2425
10,18,0,244.7533928543809,28.43372080539737,2479
10,19,0,180.2017687630747,69.07440081806367,1749
11,0,0,152.9081930050112,18.40122080228924,1506
11,1,0,199.4745207165373,23.00001322491127,1992
11,2,0,220.6319779822651,25.44779231887384,2200
11,3,0,248.829516357299,29.17114313508176,2476
11,4,0,247.8008736649784,28.90502184660086,2478
11,5,0,250.0136062044876,29.73709418322519,2469
11,6,0,245.4212922821879,27.8695613338033,2479
11,7,0,244.7322428140183,28.16620466354047,2461
11,8,0,242.7559237219566,28.8962434898657,2438
11,9,0,244.3728563285716,28.28260355860563,2461
11,10,0,241.8222673754728,28.49589452572198,2433
11,11,0,250.8442047691892,36.0004647742081,2493
11,12,0,261.3648409031315,161.2932220246941,2510
11,13,0,245.7339086217961,27.85295734197615,2521
11,14,0,245.4905861388852,28.15982309657979,2486
11,15,0,248.1704194577427,28.68313957207216,2498
11,16,0,244.9602719673749,27.94412473629741,2490
11,17,0,248.8223998877152,28.50556296287838,2527
11,18,0,257.8893105768252,566.9686820853461,2396
11,19,0,185.0614203220717,25.01320058583454,1898
12,0,0,155.4164730156248,18.39707353259475,1530
12,1,0,197.6890185553706,22.55699581423975,1991
12,2,0,251.4414574184763,83.49897585179242,2387
12,3,0,248.6968821269448,29.19593079216908,2468
12,4,0,249.172943882219,34.28079988071129,2449
12,5,0,248.8197984041165,28.84342170129585,2506
12,6,0,263.6870717619142,298.5709713749959,2421
12,7,0,246.4456367177223,28.67745873578059,2457
12,8,0,238.1010974344015,27.20782737667838,2400
12,9,0,309.2132468223607,919.5513311702558,2569
12,10,0,274.6039870605742,433.4473992864828,2490
12,11,0,268.1261954316483,460.990555290092,2497
12,12,0,254.5012412184842,38.04566532654501,2513
12,13,0,247.9244323067043,46.73982623003843,2481
12,14,0,253.1219796099788,28.95709787375247,2565
12,15,0,245.3143346358194,27.96146872151886,2505
12,16,0,264.6985318336599,566.958367447052,2477
12,17,0,245.5911995023138,31.54507211607575,2496
12,18,0,238.9559306847367,27.04192090870808,2438
12,19,0,184.2260535609159,21.4893404369133,1877
13,0,0,153.6246943546506,18.21447987969936,1523
13,1,0,208.0009847374118,51.81236682698832,2023
13,2,0,231.924111352874,32.31165663161377,2267
13,3,0,246.8752757846912,80.38455216752872,2365
13,4,0,248.4914441342974,132.1459097290436,2365
13,5,0,246.9990445530216,47.66409523221797,2431
13,6,0,248.9886992425962,28.13119067437497,2523
13,7,0,247.3317355855348,27.89887225492007,2510
13,8,0,245.6915295501439,28.21923018204063,2490
13,9,0,243.6762571227015,28.42507846472302,2440
13,10,0,264.3994709400574,56.88164634027528,2573
13,11,0,256.4969213297724,31.19464610343523,2579
13,12,0,241.8217960870597,26.81419531777134,2481
13,13,0,253.8470965441213,185.6491034965784,2435
13,14,0,270.0238369356142,758.9919110274457,2497
13,15,0,255.6230132346664,115.5490185614893,2483
13,16,0,242.5581099944001,27.7773394182734,2466
13,17,0,247.284526925469,31.69248482085175,2479
13,18,0,247.2676240903994,52.17077105186336,2450
13,19,0,189.2571402895416,21.75231242399953,1926
14,0,0,141.33941075964,15.80011388743188,1447
14,1,0,208.4134847162279,149.9273888762188,1967
14,2,0,225.1366697686039,26.14885290857913,2244
14,3,0,254.7438461291783,35.87951479975764,2500
14,4,0,247.6263332376878,53.8218605816536,2418
14,5,0,254.104445296784,147.7820255208192,2419
14,6,0,240.215283688741,38.34428657034559,2388
14,7,0,258.0953057138151,175.6494425912808,2463
14,8,0,263.2204423617405,369.3751874841891,2457
14,9,0,248.0083597744094,27.54358660451884,2540
14,10,0,249.0838688369333,136.7201024088763,2436
14,11,0,245.8528075782879,28.68412251233331,2491
14,12,0,246.1178169070859,28.51335193268882,2483
14,13,0,252.3810152186433,28.33959599085241,2575
14,14,0,254.6266308600805,30.14710721414982,2538
14,15,0,240.1136330531143,34.64498398690139,2429
14,16,0,243.6150366207535,66.0587718100434,2432
14,17,0,253.2728723336261,33.56920407266158,2536
14,18,0,229.9777522962471,25.2246933426259,2380
14,19,0,184.312584816018,21.46338825927059,1872
15,0,0,155.4010947153876,18.39476147473206,1537
15,1,0,211.1873403965604,122.6445638513887,1940
15,2,0,242.2531706140877,164.2732752577301,2285
15,3,0,237.5218915243,31.24510649358132,2359
15,4,0,269.0071440613895,611.0205650833753,2416
15,5,0,257.3591487884569,145.2758439289871,2427
15,6,0,262.8091232983925,416.9445172650173,2453
15,7,0,242.8674186716831,28.20258759004727,2441
15,8,0,254.6441154615473,29.60986775903379,2541
15,9,0,236.2801711620896,26.58806534179519,2410
15,10,0,251.4846018375406,37.32905027800795,2510
15,11,0,267.7756619778187,361.8912664521634,2499
15,12,0,241.8163929227334,27.43013327541394,2464
15,13,0,241.2575687226941,27.84531835834502,2437
15,14,0,246.5237897944933,58.10348177826116,2457
15,15,0,240.5696670574368,27.95895568602547,2462
15,16,0,250.3549791864514,28.72812783683746,2536
15,17,0,239.9973113933316,27.4721249873837,2450
15,18,0,240.1865770288434,28.06271926608825,2423
15,19,0,190.2794802178164,78.92258624773474,1871
16,0,0,146.5532664774844,16.67267358072496,1478
16,1,0,201.2757865553595,23.67831954084778,1995
16,2,0,231.95533563987,28.02041222247435,2278
16,3,0,235.2160026230127,26.96509008322573,2357
16,4,0,238.2567945445414,32.243783288162,2344
16,5,0,232.3133877897945,27.12067238222881,2318
16,6,0,250.3175419944614,72.81964323326689,2464
16,7,0,235.3509663135526,27.61313384652584,2342
16,8,0,238.8590411599526,28.12754187318648,2392
16,9,0,246.1931317873148,59.22637394991747,2427
16,10,0,241.0038828160661,27.50491036375702,2436
16,11,0,251.5976845648975,42.00959230838615,2508
16,12,0,251.948892187384,29.26727416999849,2531
16,13,0,249.0486265752406,34.40952477085089,2514
16,14,0,290.1122233151108,1283.836629314519,2491
16,15,0,254.8973667475727,135.9669620369591,2434
16,16,0,248.5627638007966,29.1082305626532,2514
16,17,0,241.7271847789737,27.49570020428215,2472
16,18,0,235.0123690730816,27.77967084169222,2366
16,19,0,188.1866601145655,102.0782088864128,1814
17,0,0,146.3539767250476,17.52808286236186,1427
17,1,0,193.9518959147738,22.66380193471511,1934
17,2,0,228.0175357808405,27.16291875470285,2257
17,3,0,244.4649510575725,245.3500941271422,2286
17,4,0,257.8153524775366,420.444395477322,2326
17,5,0,242.0960234211157,28.81641637839893,2402
17,6,0,236.9649322301458,26.6045849563306,2418
17,7,0,235.8923414773416,26.69823152500823,2392
17,8,0,249.0015363763347,28.67838402930307,2506
17,9,0,243.6782187707901,339.728609642155,2281
17,10,0,240.7541428311922,29.17142335566976,2385
17,11,0,239.9923729444776,27.24110628929065,2440
17,12,0,244.1373451461777,27.89190676516696,2467
17,13,0,238.3331361114516,27.31903363371647,2411
17,14,0,251.6458888316749,29.73131035984417,2514
17,15,0,246.0374015303535,28.71594358275142,2473
17,16,0,251.1065836267393,31.88090040037748,2506
17,17,0,248.829737926277,32.19413391832446,2502
17,18,0,241.9885961491143,28.29880302692322,2471
17,19,0,182.650596093478,20.46524783282659,1872
18,0,0,158.6719910111085,1108.418691962046,1243
18,1,0,173.1606812581058,20.58399717970303,1730
18,2,0,225.8058757618321,1442.49308319949,1864
18,3,0,211.6546460321337,44.02423966241245,2062
18,4,0,220.7419888882991,90.31210013410826,2123
18,5,0,208.4861827078101,26.34785791970533,2079
18,6,0,213.0246967720799,24.65284140243537,2139
18,7,0,207.4720490770482,24.2004143854906,2076
18,8,0,213.2281819797864,26.58562790625469,2143
18,9,0,219.5162443966291,71.53367568406405,2136
18,10,0,226.0432093783169,26.1406059121148,2286
18,11,0,219.649297138739,26.26229307647236,2204
18,12,0,232.5948897760731,106.8963143779447,2225
18,13,0,230.4957140873097,43.91770907363664,2269
18,14,0,230.3809347790809,26.7494637097979,2339
18,15,0,219.3200777030974,25.4591871000448,2218
18,16,0,222.0931128993764,25.77158183753456,2245
18,17,0,238.8513887413173,61.17559777867075,2370
18,18,0,217.5237710986821,24.32708908476759,2243
18,19,0,171.9372918496252,21.53486656575728,1734
19,0,0,95.85499257217805,10.73575584796114,957
19,1,0,121.5562661215321,13.73256493879085,1233
19,2,0,184.9321206090077,1194.282489160965,1501
19,3,0,165.6759130536617,208.8419846620068,1538
19,4,0,160.1554060968217,18.71061629080734,1598
19,5,0,153.1011984961054,17.57499484309474,1545
19,6,0,163.7832041705799,35.31497617700549,1624
19,7,0,161.1819950520088,18.94226358380941,1610
19,8,0,156.9274083557482,18.55805593241206,1550
19,9,0,181.5089850733555,583.3722001725694,1586
19,10,0,169.7160047415236,37.69513269720288,1668
19,11,0,159.7578712519388,18.83329197891278,1600
19,12,0,157.3549590818921,18.22970561774488,1595
19,13,0,180.9676984409194,170.3682162985222,1695
19,14,0,168.3664364854954,19.94524964401803,1684
19,15,0,173.5249612977645,20.48886952442088,1726
19,16,0,172.2742201645153,21.14185122488065,1738
19,17,0,173.296688038355,19.50832067142179,1783
19,18,0,171.062998438134,20.33625045329241,1728
19,19,0,128.1798297140494,14.83338474382409,1298
