# mesh name: boxMesh_1
# primitive scorer name: doseScorer
# iX, iY, iZ, total(value) [MeV], total(val^2), entry
0,0,0,76.68278488710328,9.724532425003851,689
0,1,0,94.94453049813698,12.65185530895812,825
0,2,0,117.2515251095197,67.92886798340115,974
0,3,0,132.5612416668056,41.34932955274056,1119
0,4,0,136.9186667894694,53.24528490843031,1165
0,5,0,142.1300326783707,18.48505772011414,1262
0,6,0,147.5379961841594,62.36931047295132,1271
0,7,0,159.1081132953086,64.59739043491905,1341
0,8,0,141.7699488290472,18.31936485326506,1304
0,9,0,147.0482831657185,18.86710338786782,1342
0,10,0,147.4534892466313,18.80577455072456,1338
0,11,0,148.070990566565,22.85137774034126,1359
0,12,0,147.8923671551339,18.82880441753998,1363
0,13,0,161.4531568690902,215.8850626279559,1367
0,14,0,154.3771765165193,18.73215780014948,1452
0,15,0,147.2639897701089,18.37637323448696,1381
0,16,0,142.5455951536255,17.68810311121007,1335
0,17,0,130.0186668601091,15.89220672691397,1227
0,18,0,115.6039773217264,14.03675911312405,1109
0,19,0,88.25992654678979,10.78497084877903,840
1,0,0,95.61212298434367,12.4045695303245,857
1,1,0,123.0434585232997,15.52114829981748,1108
1,2,0,133.1860513553868,22.98256314446964,1163
1,3,0,146.9031689718418,19.20246346285984,1300
1,4,0,159.7610071268287,20.93278473405707,1420
1,5,0,171.3408379826249,20.85816499961367,1574
1,6,0,169.5004824728444,28.25707306448672,1487
1,7,0,181.3294334925831,23.89559990960512,1616
1,8,0,181.9701378765532,22.77038906575484,1669
1,9,0,183.1929696080415,22.45913991168723,1698
1,10,0,177.2838616420614,22.29689776764962,1633
1,11,0,185.8767628474206,27.53664275813184,1681
1,12,0,184.9239115075016,23.32884827381713,1703
1,13,0,179.8703978651528,21.33422421063138,1704
1,14,0,181.00570916912,22.16724763258267,1703
1,15,0,183.3309493421835,22.06610834549284,1730
1,16,0,171.5899027811678,21.51507805371192,1602
1,17,0,163.7142126244143,20.1126039686821,1549
1,18,0,154.2906297777991,18.9674575853151,1458
1,19,0,110.6743379190212,13.01828894403716,1079
2,0,0,114.4275102349774,15.29341866282802,1000
2,1,0,140.8980393236971,18.34030544564463,1253
2,2,0,155.0216247471514,20.12910229632487,1379
2,3,0,173.3091879751577,21.81577175783779,1559
2,4,0,202.7551697044541,74.2381348879381,1744
2,5,0,195.6501503165573,25.22519325364849,1760
2,6,0,206.4231143010199,82.58423872487103,1766
2,7,0,201.3114760158673,30.29456607129859,1812
2,8,0,214.7048795391645,27.08965301833967,1965
2,9,0,212.4531886568035,27.60929763211325,1930
2,10,0,204.7185480933271,25.10081102407358,1894
2,11,0,224.3748079632735,78.93806136823039,1962
2,12,0,199.0301377549254,25.05755993548281,1864
2,13,0,221.6466691922838,95.49989475297018,1957
2,14,0,212.4865230704816,27.23469924165552,1971
2,15,0,213.5057241806851,76.94706283072645,1924
2,16,0,208.3719919797655,25.53245960924938,1954
2,17,0,192.2698316612403,23.05777799724338,1861
2,18,0,163.3317976570768,20.60342486080219,1517
2,19,0,141.6385508154753,175.3216967244852,1232
3,0,0,125.0756403954785,16.15167647832536,1101
3,1,0,152.2392511622098,19.45443034829508,1364
3,2,0,174.9144340673537,22.79236803524226,1532
3,3,0,215.1184278698786,241.5101242208613,1744
3,4,0,200.8459425081088,24.98451211699744,1832
3,5,0,211.5354490426949,26.17201915452557,1919
3,6,0,248.6720677508156,767.852874815115,2008
3,7,0,223.8737445641567,28.59654951292924,2026
3,8,0,235.6114353022995,41.23594781271694,2100
3,9,0,226.1030695882702,28.23705168103491,2081
3,10,0,226.7852108189232,28.72177009556624,2077
3,11,0,216.1475298531958,27.05115834600847,2001
3,12,0,234.2610026653669,32.3856650069028,2138
3,13,0,228.5429632786151,28.22938774052486,2137
3,14,0,228.9820907562311,27.93330507908952,2157
3,15,0,222.1302609396057,28.97840266305328,2095
3,16,0,214.9341698766687,28.31128972435625,2045
3,17,0,207.7857170007038,25.67365122120657,1955
3,18,0,174.3696507671604,20.87802453798869,1667
3,19,0,134.9701080922428,15.95933250897711,1315
4,0,0,128.2895970743473,17.46041106221931,1115
4,1,0,164.8533158969788,21.87275843330481,1443
4,2,0,185.6982969797883,24.44695690141642,1632
4,3,0,209.9521602550626,26.6898070249724,1881
4,4,0,223.8909061846628,28.00649290692341,2036
4,5,0,227.7715733902589,29.00957634355098,2049
4,6,0,225.6606360590062,32.56058770391313,2013
4,7,0,239.4786275857738,34.41537046214745,2138
4,8,0,261.813971274924,541.6487186215381,2191
4,9,0,245.6833484120203,31.35938348154501,2245
4,10,0,250.5392886668297,67.13481498367699,2249
4,11,0,244.4858376861363,30.46863431528169,2257
4,12,0,259.9886538954032,185.0368781260706,2261
4,13,0,247.8037685521338,30.7701643697387,2305
4,14,0,247.6443062215371,265.9715151772837,2201
4,15,0,248.5534005548042,31.17229470195381,2316
4,16,0,234.2998286462641,28.72807788060448,2222
4,17,0,215.1578857957762,26.22700391887716,2039
4,18,0,190.5963315432435,49.86696531649075,1760
4,19,0,145.3940534784124,17.09878970703085,1415
5,0,0,131.0352627699846,17.23649466156883,1159
5,1,0,165.6382403481316,22.3156112967366,1442
5,2,0,194.4615335250325,45.21861444846326,1654
5,3,0,215.5171369004858,27.58802518905271,1923
5,4,0,233.6062737301219,30.2373418304433,2089
5,5,0,238.069824624117,30.89380856297188,2132
5,6,0,236.2812625452094,30.2771403685363,2127
5,7,0,260.0111708705962,114.3757222391799,2260
5,8,0,249.0531447332432,52.38927499822894,2198
5,9,0,260.2935244376972,121.8287022650847,2317
5,10,0,245.2382982242532,30.54909062902219,2279
5,11,0,262.2903823707838,64.38820991593595,2391
5,12,0,253.5391426614137,115.8289265608193,2269
5,13,0,244.0378333287894,29.92205221180614,2298
5,14,0,254.3107702775532,31.90122048251866,2359
5,15,0,257.9891258555335,32.31329395893912,2407
5,16,0,257.3704684200687,656.8690988453716,2198
5,17,0,222.2175097293863,83.35386917865867,2034
5,18,0,195.7983912745687,23.99746562401226,1855
5,19,0,147.2510420759957,18.05154023950401,1400
6,0,0,146.359963286812,19.32491686201461,1287
6,1,0,163.2564082828557,20.92620363267798,1440
6,2,0,199.7176962919431,25.84916789214276,1773
6,3,0,223.8236426241514,45.08212583982718,1939
6,4,0,233.5775557690311,35.4339612258261,2063
6,5,0,240.7889243455445,34.05210172800214,2154
6,6,0,272.1965297279502,415.0300476945741,2256
6,7,0,255.9657617826767,40.46718467778269,2277
6,8,0,251.3476133125274,30.9854326836445,2329
6,9,0,257.1092518796784,35.31022930681673,2332
6,10,0,267.8572671331818,92.1011683066304,2400
6,11,0,259.5143505018435,32.52552001464505,2408
6,12,0,248.2047041254656,31.17096570775215,2323
6,13,0,296.4803046473276,685.212840945582,2421
6,14,0,242.5396303689679,30.16405986726193,2276
6,15,0,247.5647950593942,30.97251117524227,2314
6,16,0,236.9160176398607,31.87418063611219,2223
6,17,0,220.8009136735746,27.76741018688389,2078
6,18,0,194.9034696753764,25.04507872759614,1832
6,19,0,151.0881379481828,17.7580529994396,1457
7,0,0,151.8415502443399,42.72776477917177,1286
7,1,0,176.781512222577,23.14371967575315,1556
7,2,0,191.0085739790953,29.04335834347228,1700
7,3,0,224.511279015067,28.23725481242341,2014
7,4,0,246.7772484634836,74.11839522615195,2123
7,5,0,247.8526882567352,42.16022631306652,2198
7,6,0,245.8246043591764,30.72815943003088,2243
7,7,0,249.1163768651674,35.32874210179529,2216
7,8,0,257.5754426891343,36.69199173643772,2306
7,9,0,244.7039686522775,43.79737670343859,2206
7,10,0,248.370186949643,32.09091107717193,2284
7,11,0,273.6332838286239,106.1089721921944,2397
7,12,0,257.658199711037,32.15411188120274,2388
7,13,0,259.2212371634229,32.30392312322207,2399
7,14,0,249.4707513275795,30.37624269364592,2348
7,15,0,251.2401221052422,31.33608264563348,2338
7,16,0,239.0200603932351,29.84907103360117,2233
7,17,0,224.5879064221827,27.44037480826513,2121
7,18,0,194.4303049400365,23.67305906805793,1850
7,19,0,153.7841937087547,18.8412344913139,1459
8,0,0,147.57958616262,19.94944665529751,1287
8,1,0,165.5537460631355,21.66428346287575,1455
8,2,0,202.6796745191783,26.43324721753621,1783
8,3,0,228.9956703354793,73.35653477598041,1972
8,4,0,238.4523291192143,32.13869409747373,2115
8,5,0,246.3597534476961,31.20533684554816,2202
8,6,0,271.6680862583624,364.7868796254845,2244
8,7,0,251.9921906612218,41.49006110289478,2227
8,8,0,259.0805049865136,42.76556145296006,2317
8,9,0,261.6135728431163,59.14188865211145,2352
8,10,0,255.6853718359466,33.11841812645103,2318
8,11,0,245.2633039360738,30.49825662399687,2264
8,12,0,257.104467927963,31.39794527300342,2405
8,13,0,255.1838210147882,33.40499360840829,2363
8,14,0,241.3252729708529,30.55306552186013,2245
8,15,0,250.7230654704696,30.93354892989911,2352
8,16,0,240.7347741739354,30.0677239462062,2257
8,17,0,228.4842149846963,27.91900823010016,2163
8,18,0,187.3519914194343,22.50373727979088,1779
8,19,0,153.4546720340163,18.18863403511302,1471
9,0,0,135.0050897503215,17.63806319419009,1196
9,1,0,171.4609500858486,22.43719021129005,1515
9,2,0,228.7107027052506,721.0260729804801,1744
9,3,0,218.1903214410044,27.97805880912811,1956
9,4,0,233.6429737099593,29.95294114397099,2093
9,5,0,244.7653853261355,44.36341482655712,2176
9,6,0,242.2120344853608,31.51798683798405,2164
9,7,0,255.2880353922895,32.71627125625707,2296
9,8,0,262.8843375064016,54.91007001832175,2368
9,9,0,253.1683252342781,32.68225145073551,2284
9,10,0,262.6514327079871,190.6984386314265,2247
9,11,0,250.1288868128252,30.23472240859953,2355
9,12,0,271.298506822326,34.56953586321958,2482
9,13,0,259.1222537851422,32.04548644651361,2404
9,14,0,254.0406635518146,32.09310090528709,2351
9,15,0,265.7101375408963,265.3812437904919,2347
9,16,0,244.8951262951369,29.6585083026853,2323
9,17,0,214.2841385241465,25.8244755412351,2062
9,18,0,209.7353133072889,99.07288070825395,1900
9,19,0,152.435283066002,18.62912365151006,1437
10,0,0,140.5151440624095,17.69278402690059,1260
10,1,0,172.3388786398758,23.25088664820118,1505
10,2,0,207.5533216145746,26.24080243146748,1854
10,3,0,209.2674702417544,26.63416225978671,1870
10,4,0,241.7094248436711,31.4486198307584,2146
10,5,0,259.4942276572439,430.0999856950383,2166
10,6,0,245.3808782146052,31.07078983615873,2214
10,7,0,260.2923483028238,34.11294219009082,2333
10,8,0,255.1974643371139,32.0038521790941,2349
10,9,0,256.8925469914822,34.90595965710681,2303
10,10,0,258.5108700907699,33.11227032778814,2356
10,11,0,252.3095703093229,31.76425540681974,2330
10,12,0,253.8323424398358,33.0847018534721,2311
10,13,0,258.0662895498694,40.146990784025,2385
10,14,0,248.9415647429867,29.88081538064294,2352
10,15,0,245.0084751814714,30.72645762764483,2277
10,16,0,238.3483686389634,28.68809081549609,2261
10,17,0,222.4221674009692,26.7555254962639,2131
10,18,0,183.1222593411655,21.57339847755303,1772
10,19,0,154.6077926330969,18.25879209375372,1504
11,0,0,141.1979585614725,18.96879148461423,1247
11,1,0,172.0984541178991,22.87444315586083,1511
11,2,0,200.9928986445939,25.71883937173081,1785
11,3,0,228.4170515056414,32.85984569903801,1988
11,4,0,280.1046069172459,1151.102438404273,2028
11,5,0,249.9640971170307,136.4588777836098,2150
11,6,0,250.013429994634,69.59229680375489,2184
11,7,0,255.5134037307253,32.96600875926487,2308
11,8,0,254.8539350818879,59.77263629268656,2269
11,9,0,244.7625553408395,30.53894842235966,2264
11,10,0,272.1071723951746,76.13164030844284,2414
11,11,0,257.5477873506869,95.08466462207083,2317
11,12,0,271.9441381561874,630.9567034374362,2235
11,13,0,274.0505641992375,173.3543656606519,2417
11,14,0,275.1421731023748,460.9312782292885,2366
11,15,0,236.269762777514,28.75027093211184,2230
11,16,0,235.6030149616543,28.42186981374719,2244
11,17,0,237.5779872413729,169.7092835910742,2125
11,18,0,197.7108860185033,37.78160706085733,1844
11,19,0,167.1077540240835,29.15382753332367,1545
12,0,0,148.3038020325306,20.11331482049032,1286
12,1,0,178.310605616999,94.45082680936126,1497
12,2,0,198.2500734935175,26.44209465391428,1751
12,3,0,218.3323379442213,39.21328678314348,1909
12,4,0,240.5007253773318,32.83312388371451,2123
12,5,0,241.2735098989553,37.12736775935397,2128
12,6,0,245.0777760653103,38.18912616149906,2186
12,7,0,248.2703770008567,31.5509208744127,2247
12,8,0,242.034327883324,30.75974070773127,2196
12,9,0,264.5579036112688,33.46335918836387,2402
12,10,0,290.5293429124548,328.8798105303413,2451
12,11,0,269.9146149325694,148.8716076148579,2355
12,12,0,265.4951012652857,36.01778066321142,2414
12,13,0,245.221305539166,30.61446729681715,2282
12,14,0,261.7481460102458,49.31548156256669,2384
12,15,0,251.8122291769004,84.2095893544069,2283
12,16,0,235.4830780908839,28.56789545219637,2226
12,17,0,222.6589194862094,59.45046181430636,2046
12,18,0,184.3571574251145,21.97824831960742,1763
12,19,0,154.611955336923,18.57224893302231,1484
13,0,0,132.5849253004301,17.00083020807464,1190
13,1,0,180.6144540671557,196.857770897335,1471
13,2,0,203.8565391506774,26.73468593956068,1797
13,3,0,217.8232084559191,45.35463913913602,1847
13,4,0,229.0685111221418,29.38463972394333,2045
13,5,0,239.924334863506,30.79291784147756,2165
13,6,0,256.9804991109285,33.39452634449282,2299
13,7,0,267.6901978441795,345.2626694869578,2296
13,8,0,250.7649641330996,31.87346243336775,2283
13,9,0,255.6491710311191,32.76010715366384,2338
13,10,0,262.3392630305961,117.8747661467151,2306
13,11,0,264.3894974721422,364.84538157019,2288
13,12,0,255.4237205772084,31.71368414231281,2379
13,13,0,246.0103218158131,30.97538239015896,2283
13,14,0,243.4821115978084,29.94777351425051,2283
13,15,0,260.2756569547567,112.0551875748472,2336
13,16,0,230.6363983613511,27.20845705573075,2214
13,17,0,226.663915679356,103.0471784920876,2088
13,18,0,187.7735178328103,22.6788680902117,1778
13,19,0,155.5856468072034,18.7726142196542,1499
14,0,0,135.2492094869447,17.7740861331333,1183
14,1,0,162.8660034441734,22.13329848971567,1432
14,2,0,190.2180003845783,24.21555298037569,1688
14,3,0,213.9871924298988,27.86688768781929,1898
14,4,0,229.1120991113753,29.56268457749267,2043
14,5,0,241.7354147425677,31.22588651506007,2150
14,6,0,247.6556178352231,41.1829388553301,2200
14,7,0,268.9693048894931,361.9832618209444,2258
14,8,0,257.931778077786,40.75638139031093,2313
14,9,0,242.3676965177191,30.838485072747,2209
14,10,0,263.6400029138336,66.7756200320147,2341
14,11,0,256.7473701208792,54.79948765297909,2312
14,12,0,252.0452813403864,31.26738574905638,2338
14,13,0,237.1585574072773,29.19449256369418,2222
14,14,0,248.6336709543393,107.739985446831,2252
14,15,0,271.9034453023184,346.1587730499381,2320
14,16,0,240.2409874158983,29.34346184583221,2270
14,17,0,206.5753382767803,25.79061271963881,1948
14,18,0,194.2174173406165,24.49254914020779,1832
14,19,0,159.4776920030889,87.53893505220674,1443
15,0,0,128.3010001471374,16.08364776920188,1150
15,1,0,161.1297686029779,22.05059935805297,1390
15,2,0,187.8574485790004,23.59586194312327,1697
15,3,0,202.6084044806569,26.33077802417293,1806
15,4,0,210.1836721574624,26.18231394187891,1906
15,5,0,228.7314976336136,29.51044840306246,2038
15,6,0,232.059958988053,31.46240625103779,2102
15,7,0,240.4667823543597,33.11546173970507,2172
15,8,0,237.2904649320169,33.21364469578973,2117
15,9,0,234.9606684318716,31.82169447613477,2146
15,10,0,270.9647802764896,547.9572281920488,2265
15,11,0,241.8817119632307,30.70499494856904,2234
15,12,0,260.8323420130567,185.2687543279828,2322
15,13,0,248.3663471189856,31.07345792089825,2321
15,14,0,244.8514963577831,29.85680712832834,2310
15,15,0,236.4793512129937,29.97531755234249,2209
15,16,0,235.2827809757285,28.5032530500444,2223
15,17,0,213.9015137174565,26.50632952947216,2018
15,18,0,186.9930785200538,22.58040351919411,1785
15,19,0,149.6889887566197,18.41635900193794,1428
16,0,0,119.5537652940285,16.15734801596807,1049
16,1,0,148.6167969153728,19.09789436317577,1322
16,2,0,174.5421054223422,22.92206785312497,1533
16,3,0,183.3281502170286,24.25998292987021,1612
16,4,0,207.4416638322836,26.91211354800139,1850
16,5,0,212.2986235380578,26.28821469923981,1946
16,6,0,223.4944163977982,28.73803658045803,2003
16,7,0,214.4728019326265,27.36617944918614,1953
16,8,0,221.6464583269599,27.66127113617472,2032
16,9,0,229.6120531820664,28.91281007579255,2105
16,10,0,224.0377591273878,27.4910697079538,2075
16,11,0,221.9232635379027,28.39011333921803,2023
16,12,0,227.5266422339993,28.29871958158389,2105
16,13,0,254.5971241244059,412.1783280708694,2201
16,14,0,244.879170997375,56.79435935352661,2215
16,15,0,228.3165666256136,27.46809159332345,2173
16,16,0,221.5080939666525,37.21968416099275,2071
16,17,0,204.1142504385333,24.79022488037883,1936
16,18,0,182.0709599907023,22.33988923643671,1723
16,19,0,145.430998283654,18.01488344954661,1371
17,0,0,115.5209074835934,15.53913050166829,997
17,1,0,136.167980426822,18.61370733481846,1196
17,2,0,158.1155412183733,20.18555602346609,1420
17,3,0,181.1748351530232,27.60065643309212,1590
17,4,0,192.6646125463355,25.36172400646982,1699
17,5,0,192.2106301657343,24.5760855764958,1731
17,6,0,207.7791704739905,26.77545712142253,1864
17,7,0,209.9496284762221,26.907986540433,1885
17,8,0,201.2627872481365,24.7616598504055,1864
17,9,0,207.4644900283202,25.83218687751728,1899
17,10,0,204.8246368644422,26.34902781039397,1872
17,11,0,214.3649969189255,36.53689084195122,1965
17,12,0,208.8708484063479,25.32249595675546,1952
17,13,0,209.2299178888848,25.95497987932391,1940
17,14,0,214.993760854221,26.34300738262979,2017
17,15,0,212.8467449449802,30.13825510285278,1967
17,16,0,209.3405491541858,32.01059899965673,1930
17,17,0,187.4352805273866,22.92933664242172,1773
17,18,0,162.3838421652296,19.29413793153718,1567
17,19,0,131.1929873412281,16.20913620403314,1257
18,0,0,94.5055762731652,15.68338681375651,824
18,1,0,119.5163625701103,15.61190088025497,1057
18,2,0,135.9863346274162,17.9616784828041,1192
18,3,0,160.767532663454,176.8017074471314,1313
18,4,0,159.0899393152039,21.62328451751253,1425
18,5,0,173.6270000753134,22.32876584119453,1552
18,6,0,167.0199206038396,20.80963008663259,1518
18,7,0,190.9981289760049,197.3732819684563,1617
18,8,0,176.2969163240501,22.60327127440575,1587
18,9,0,178.7677496867245,22.57086618882891,1634
18,10,0,176.5960653285602,21.45557031825395,1653
18,11,0,182.6897974693948,22.57849489549841,1701
18,12,0,176.6945560649925,21.2992802133008,1664
18,13,0,203.0155691853724,56.86327946700288,1825
18,14,0,192.6125221696244,23.68176615343585,1796
18,15,0,182.0956706789003,22.07770980992216,1716
18,16,0,179.2446591171942,21.8451419383737,1694
18,17,0,162.1756535839386,19.7945065224554,1534
18,18,0,143.6257184485858,17.26629917019538,1374
18,19,0,119.6596514299322,41.48313694721466,1107
19,0,0,83.4527739950144,14.07549796268847,731
19,1,0,103.8659010315011,68.64535756819149,855
19,2,0,114.0415120209168,14.59896679508594,1013
19,3,0,123.9044670218723,15.72967015760289,1110
19,4,0,137.1810262790871,22.79144128140681,1214
19,5,0,140.3156771936612,17.86363196467657,1272
19,6,0,148.1713844375622,19.14431362428787,1333
19,7,0,141.361716051766,18.23530426981812,1269
19,8,0,147.7979085532201,19.46664167475186,1318
19,9,0,140.6623766858798,17.7047729873078,1289
19,10,0,147.7899206880261,18.18514107496784,1367
19,11,0,151.7026532476415,22.80926912850675,1399
19,12,0,162.409260743321,170.8644292362391,1396
19,13,0,153.8783796126056,22.70935381295776,1406
19,14,0,152.9663115748577,28.5244161677855,1401
19,15,0,139.539514521854,17.77612239716197,1323
19,16,0,131.6013694574893,15.95975182080664,1246
19,17,0,138.8251702521173,74.75448991573415,1257
19,18,0,108.425964506769,13.08485351182391,1040
19,19,0,87.90095401345503,10.63507434808052,852
