# mesh name: boxMesh_1
# primitive scorer name: doseScorer
# iX, iY, iZ, total(value) [MeV], total(val^2), entry
0,0,0,87.74903383802892,10.33482361661068,839
0,1,0,114.7170260343507,14.07379455028252,1083
0,2,0,118.6437537758548,14.00749885561887,1156
0,3,0,135.9172652935448,16.97864866714354,1278
0,4,0,134.6050903094306,16.07329795241279,1303
0,5,0,150.7402902243703,19.013017656485,1420
0,6,0,153.6835104352104,105.0733217516856,1392
0,7,0,163.4890065265209,92.42315832216801,1433
0,8,0,150.952680169477,17.85123931114169,1464
0,9,0,185.8353947680953,814.4173070155265,1504
0,10,0,156.0422772663435,18.88299253857675,1495
0,11,0,152.7210529818238,49.28761392869015,1416
0,12,0,167.9312093626289,190.2807318810778,1430
0,13,0,148.4324734982349,17.81664273455896,1428
0,14,0,146.7164186898585,17.43905002585235,1422
0,15,0,148.1668337670604,17.91572473553806,1428
0,16,0,144.20139255065,17.37387006794512,1393
0,17,0,130.3795961140374,15.54475248772597,1262
0,18,0,116.5274369684748,14.08417058452692,1123
0,19,0,87.10378459581035,10.47872728357391,845
1,0,0,105.4087282029899,12.62693386995482,1012
1,1,0,136.3565921685635,17.02414295361595,1282
1,2,0,164.4472711585424,20.39496906846674,1546
1,3,0,175.9285002824654,21.48848491599734,1692
1,4,0,175.5436135998873,21.19878795970132,1673
1,5,0,191.9671047681691,28.33720948369925,1819
1,6,0,189.3557163183621,23.34294097357734,1806
1,7,0,189.2047980511707,22.65131519228995,1822
1,8,0,184.9512128291185,22.41045570326471,1774
1,9,0,180.263570760969,21.48674908047094,1726
1,10,0,193.2835197515858,22.87403854595822,1877
1,11,0,185.0022391749304,22.3887106888229,1775
1,12,0,189.6303039296018,22.67691809527124,1820
1,13,0,189.871041874535,23.2547686173706,1814
1,14,0,194.5282859794112,23.88535496428725,1866
1,15,0,191.1611869687528,24.54309817197147,1847
1,16,0,197.5728242985782,51.76719078715338,1837
1,17,0,173.9156551221971,105.0033654006915,1601
1,18,0,151.339243396474,24.35207794299072,1425
1,19,0,111.6504711654958,13.23495658848703,1098
2,0,0,123.7754856276119,14.93335196193268,1175
2,1,0,157.7095613634471,18.87660439431746,1506
2,2,0,185.1169246742331,23.20174939405529,1730
2,3,0,208.0622331665597,34.4276527562089,1934
2,4,0,239.8889936189969,291.178108779582,2037
2,5,0,208.4378435940615,24.683516909453,2009
2,6,0,210.4891318518522,25.09232430156645,2043
2,7,0,221.3001803536758,27.36434590506798,2095
2,8,0,225.164236334678,27.57302362417006,2144
2,9,0,213.3590302339092,26.10075809444039,2033
2,10,0,238.1724360129939,368.475130568461,2124
2,11,0,222.7501486245096,27.12903692752732,2132
2,12,0,225.9050096595645,43.1684030697761,2130
2,13,0,221.4797417871711,26.88005953353181,2145
2,14,0,223.981290910732,105.2553638177213,2094
2,15,0,217.0073300850789,25.88297066400248,2099
2,16,0,222.7360011346547,322.7525056842168,1963
2,17,0,193.2162616055031,23.07278512266825,1866
2,18,0,168.5305482009994,32.4873961154609,1593
2,19,0,134.1467069695444,16.04990885067878,1309
3,0,0,146.0678543363096,45.37838874681798,1309
3,1,0,173.1266789921969,21.34360734495284,1641
3,2,0,196.6082412798636,24.40365105042747,1870
3,3,0,218.7720513488133,26.00895022759251,2105
3,4,0,236.8105349659849,28.85567156466241,2254
3,5,0,229.7302931029672,27.6243925043873,2204
3,6,0,232.545790505886,28.81018002454204,2197
3,7,0,235.8743083041714,28.33913725624077,2249
3,8,0,242.2799039209729,30.69090770177019,2280
3,9,0,239.484304800623,28.91899920732818,2296
3,10,0,258.9184331671028,361.3409899974295,2272
3,11,0,240.393733006049,29.2074679461005,2289
3,12,0,238.1972675908576,28.19660574127414,2292
3,13,0,239.470138808039,29.19890298208249,2283
3,14,0,235.7529982127721,27.74459035095688,2286
3,15,0,230.9773704983229,28.15720038390458,2223
3,16,0,220.4386762155698,26.30162886554864,2129
3,17,0,240.2970841616568,126.906275101057,2127
3,18,0,183.6125893849428,23.48253617717885,1778
3,19,0,140.4127670000099,17.40680964666157,1346
4,0,0,139.802739672426,17.43187896130269,1323
4,1,0,182.5166901324523,22.88620229599897,1708
4,2,0,210.0588822314064,25.4320752146702,1994
4,3,0,221.1784094306483,26.43131197136201,2129
4,4,0,272.1572401159872,1352.909139822744,2247
4,5,0,228.8669994201535,27.82977382463229,2177
4,6,0,249.0573303459917,30.71038609985527,2355
4,7,0,247.514042516738,39.68027283338388,2353
4,8,0,249.1365896713439,32.52596768423138,2351
4,9,0,262.2972783313625,515.0438549852795,2287
4,10,0,248.3599112058854,66.32979036121212,2335
4,11,0,262.672076997205,75.54384930980969,2423
4,12,0,240.7572445657806,37.18848216428605,2317
4,13,0,247.9289495093473,29.96333322092852,2387
4,14,0,241.4644012357017,28.20114034681091,2353
4,15,0,243.5264118689104,28.89592021607647,2356
4,16,0,229.8368012943538,27.72746233552565,2215
4,17,0,211.1484679415224,25.39357001611854,2043
4,18,0,189.3701464210346,23.1527871247852,1838
4,19,0,148.7561648701251,17.58267842924737,1444
5,0,0,155.3466888545193,19.24213778617376,1463
5,1,0,185.8071351565243,22.78307329989405,1754
5,2,0,210.8008716544769,25.60574741029593,1991
5,3,0,229.6003117008643,29.72513292069825,2189
5,4,0,250.7607547340723,150.8198628550127,2247
5,5,0,261.0301009705267,68.53801686388273,2462
5,6,0,239.2641177557611,29.1648124773704,2285
5,7,0,253.4239426430347,31.0440169315853,2397
5,8,0,249.9299607431712,29.56250956922206,2411
5,9,0,260.710423484264,224.0895858879387,2412
5,10,0,251.8867468606645,29.64586168835117,2449
5,11,0,256.0819319851378,98.76989709452371,2366
5,12,0,243.1437231249238,41.58675134943635,2327
5,13,0,251.7068751273461,31.16988981849733,2389
5,14,0,277.0438485174012,686.4867090755039,2422
5,15,0,249.033861414115,30.69973306326879,2383
5,16,0,246.312750843503,29.85115959810174,2351
5,17,0,220.4735341885449,26.52872562906561,2113
5,18,0,195.8993115345814,29.86872427511812,1875
5,19,0,163.7513284049499,221.5092136798041,1456
6,0,0,142.3048173509064,16.97360986629035,1372
6,1,0,188.7070994900185,58.09091694729245,1749
6,2,0,207.1249043475536,25.01314228451577,1987
6,3,0,221.3275460944358,26.86267503209916,2109
6,4,0,241.88414880077,29.52443438260178,2305
6,5,0,250.1551202595704,30.77688314568129,2380
6,6,0,257.016124739897,31.18030539539233,2438
6,7,0,245.7491913971325,31.26178273167769,2304
6,8,0,258.935118624982,31.19901574326159,2485
6,9,0,246.5668968418025,29.37867749071967,2372
6,10,0,252.3691618425457,30.27960512139489,2432
6,11,0,262.9540871341367,489.2236718978947,2366
6,12,0,237.1506163324085,28.1869441876744,2304
6,13,0,254.8015959022894,30.41305409335612,2442
6,14,0,247.1013040170008,29.44685378927998,2385
6,15,0,246.4034496369182,29.94590586044745,2381
6,16,0,278.4738330941699,951.9367414709401,2360
6,17,0,220.9660154892535,28.28003342841403,2152
6,18,0,195.7337259454759,23.90297052259447,1890
6,19,0,151.9710973153551,17.69412942392945,1492
7,0,0,136.6922222164948,16.23872478477952,1316
7,1,0,180.6106079050194,21.9845738803079,1724
7,2,0,220.9347859243,27.52073557164296,2076
7,3,0,270.9602401902834,785.912021851644,2291
7,4,0,238.8035447357589,33.8582887657533,2266
7,5,0,252.7247653553011,30.55556914423474,2415
7,6,0,255.8058037846201,31.34743306583257,2446
7,7,0,249.1432234438609,30.22882650783249,2388
7,8,0,256.9380186310455,31.84787011302814,2452
7,9,0,254.9226293000128,32.13095560031644,2434
7,10,0,258.5634047936123,63.41583953625988,2438
7,11,0,263.6800592070855,208.6387995776794,2407
7,12,0,260.3517229575979,100.5098328361853,2437
7,13,0,246.0565378858633,29.6950361662051,2376
7,14,0,247.6185156761181,29.19180161474776,2419
7,15,0,242.5207937638968,29.03249638483229,2332
7,16,0,240.3144423326724,29.87549996332715,2297
7,17,0,231.0690154853073,48.23114808777459,2187
7,18,0,186.7801904744809,22.33458163580676,1810
7,19,0,147.6538311644147,17.96043806088488,1422
8,0,0,152.0381580193253,23.37935480414969,1447
8,1,0,192.1742602735506,23.7853456598903,1820
8,2,0,218.0244559202997,27.08664826090992,2045
8,3,0,247.2315057268115,36.27570812229585,2315
8,4,0,245.5271860854181,42.02556948955062,2321
8,5,0,242.5295096216528,38.92169740089776,2296
8,6,0,245.8878673688901,29.464637460923,2370
8,7,0,251.4013165574005,31.23210974613045,2400
8,8,0,242.38474482279,29.47205095936441,2311
8,9,0,247.6065082102309,29.78116455818386,2401
8,10,0,253.0429785663419,31.29291744553223,2399
8,11,0,255.8456137684013,45.70336315502207,2404
8,12,0,244.6206591926594,29.36148033976152,2347
8,13,0,245.1674541029048,48.50193743703109,2300
8,14,0,258.4969532611826,30.85989838331959,2491
8,15,0,250.5634389382855,30.0532433662172,2431
8,16,0,241.0071581753277,48.12339808530918,2267
8,17,0,222.2797540676097,40.8371731333335,2118
8,18,0,190.8918040372993,22.56919275269715,1874
8,19,0,152.9596240245498,18.9278078561402,1469
9,0,0,147.4974946047275,22.63930852141171,1404
9,1,0,183.4427906837998,22.53635793891172,1736
9,2,0,263.4397759966397,1502.150632272778,2027
9,3,0,235.2538930604369,30.5560429925738,2224
9,4,0,250.8790131771501,30.54330671129689,2388
9,5,0,250.3050865333826,30.81998745677809,2378
9,6,0,249.9559556067823,29.98300853095613,2395
9,7,0,253.3309317414604,38.49105809757306,2390
9,8,0,248.1643766887011,30.32322256897434,2371
9,9,0,245.0613068682162,29.79643138808297,2344
9,10,0,256.8492572755684,78.65458018375404,2401
9,11,0,248.1100340743045,30.13370735134463,2366
9,12,0,243.1974568395908,29.70876199418623,2358
9,13,0,260.5036625163073,32.36498037036676,2487
9,14,0,254.3399351867392,35.2875367801842,2439
9,15,0,273.8307306445358,210.6706192691792,2425
9,16,0,237.9092370105972,27.91290515768939,2302
9,17,0,227.2320710806145,31.22116557112857,2193
9,18,0,194.4814526020484,23.65876050093117,1872
9,19,0,148.1343531903711,17.34723108015229,1451
10,0,0,147.2314475798284,18.18069216102753,1392
10,1,0,193.8736581489624,23.32383149976404,1850
10,2,0,225.8019707101769,115.6039654372757,2066
10,3,0,229.4155202986003,28.13113158373727,2171
10,4,0,246.8406297887193,30.84243863364212,2330
10,5,0,279.1086108410771,921.4233812806614,2380
10,6,0,250.3335717490748,31.43661859188696,2349
10,7,0,247.9710440392797,31.85568209119075,2345
10,8,0,254.3716021197825,30.34369054078023,2446
10,9,0,286.4567981883879,293.6974616527855,2542
10,10,0,252.0140590291101,30.89275842681974,2405
10,11,0,254.1839113335565,30.49511163009485,2444
10,12,0,260.1785996597543,52.25811857357191,2456
10,13,0,246.9869915571765,30.466774241614,2354
10,14,0,250.3976532697415,30.915918957648,2376
10,15,0,247.0857245739445,33.53725989034348,2368
10,16,0,247.3100838173623,29.40822301964242,2380
10,17,0,229.2628591134977,27.68876397476346,2214
10,18,0,193.2545601413541,32.56544030351836,1826
10,19,0,155.4362325544506,18.79141439089487,1507
11,0,0,147.8519039642248,17.73200845169318,1421
11,1,0,211.4480057097252,842.9256727991329,1718
11,2,0,218.738877134167,27.44068917478945,2049
11,3,0,232.797088510749,36.97790545460135,2184
11,4,0,273.7086257866504,894.2684666816707,2309
11,5,0,260.330783419361,106.0248298781841,2402
11,6,0,253.3047985375304,30.61097899730058,2416
11,7,0,257.0160112836584,31.61060017758468,2429
11,8,0,266.0627911830063,92.14944590964164,2487
11,9,0,259.7863669807596,121.2776413136432,2382
11,10,0,251.0529693023335,44.16672845021328,2367
11,11,0,248.8597512135099,31.34643701680256,2419
11,12,0,252.9625650346043,39.32668083507849,2400
11,13,0,252.2617335730201,40.4483235861193,2374
11,14,0,285.3217791925376,1203.044664162246,2439
11,15,0,241.9642706210768,28.50184635881676,2362
11,16,0,250.0745869177474,37.52037994032686,2387
11,17,0,223.8115732273044,26.48206479982958,2170
11,18,0,211.478821074819,105.9967711417909,1938
11,19,0,154.3808466404752,19.25530489923074,1472
12,0,0,140.5154156830744,16.84599301094038,1341
12,1,0,188.0753077302955,23.76114905481507,1765
12,2,0,215.2196079438983,25.65923368989295,2064
12,3,0,239.4806651217234,80.42679300081794,2194
12,4,0,253.8232407486711,68.46724265872895,2301
12,5,0,248.266001632223,34.94160540553034,2346
12,6,0,262.3115570457728,371.5094728921119,2335
12,7,0,248.2344992404226,29.84074974677757,2374
12,8,0,255.4459598233951,30.5419181903694,2452
12,9,0,256.1183787918765,33.81046056291408,2453
12,10,0,253.2155997897943,31.25910304858989,2412
12,11,0,256.5816667504546,62.72877553104819,2417
12,12,0,257.3290490549084,31.89081190999866,2442
12,13,0,248.9362092214568,30.20274063679116,2384
12,14,0,269.4949856820332,379.7487581327842,2431
12,15,0,240.6655952250601,29.03962588107945,2315
12,16,0,247.6002483675489,67.4788458018878,2304
12,17,0,225.0395832428423,43.42571549171991,2150
12,18,0,190.344480362324,22.41805751927635,1852
12,19,0,153.9667239982538,25.38458870453738,1471
13,0,0,138.9765040610866,17.42513207252594,1317
13,1,0,186.3234509600014,24.07801663572247,1750
13,2,0,211.3252495811679,25.81081353509014,1999
13,3,0,245.6991507193901,62.46914765535404,2271
13,4,0,251.6787079830388,52.42241307572053,2359
13,5,0,247.7586656682344,50.51555387971189,2310
13,6,0,246.9019618211468,30.14468875914348,2350
13,7,0,270.4885524059616,316.3331678290396,2369
13,8,0,255.6074042760134,91.58852954961509,2348
13,9,0,245.2415394910921,29.53270565345159,2348
13,10,0,247.3867454051614,29.89031380354156,2379
13,11,0,251.6485603004764,30.44012482722393,2401
13,12,0,249.9080742974714,30.14700924255508,2394
13,13,0,251.2754680180564,30.45123099913431,2368
13,14,0,251.7301442753038,30.4149773179479,2422
13,15,0,239.3354961407197,29.31230438282498,2282
13,16,0,234.3401893760127,28.15656264410469,2255
13,17,0,221.3920114916674,54.13865511735931,2110
13,18,0,186.9156469388004,21.97584478165439,1823
13,19,0,154.6248231387666,63.18357210912093,1447
14,0,0,137.2552549462172,16.98593942360944,1314
14,1,0,186.9402682063604,22.09840575261606,1794
14,2,0,208.1606781608403,33.58400851170746,1940
14,3,0,233.517010406226,33.16420298900824,2186
14,4,0,244.9397452966029,30.42244338476181,2306
14,5,0,241.5444894842424,39.68062464534918,2305
14,6,0,240.2092518717319,28.74618649878986,2312
14,7,0,277.1342511523686,313.9131260939731,2414
14,8,0,245.3340540143043,30.39296256078171,2327
14,9,0,238.2664461458615,28.04759192563018,2313
14,10,0,252.2450012481106,117.9465765478539,2305
14,11,0,251.5719712064747,30.07365828314143,2419
14,12,0,267.4111358951455,133.4020625004469,2437
14,13,0,256.7282392870139,58.77415294668521,2412
14,14,0,243.0103739038651,29.93337840761366,2351
14,15,0,243.292592005083,29.45408902412981,2337
14,16,0,235.096329133801,58.71828225053122,2208
14,17,0,220.886374338101,26.64130578015072,2119
14,18,0,194.338513196042,22.95818739740883,1896
14,19,0,152.8875150407905,18.16657516506429,1492
15,0,0,139.8316717371729,17.22059457009026,1334
15,1,0,178.7741217559289,24.13011634619037,1691
15,2,0,232.5675110704398,148.3269245761503,2023
15,3,0,222.7431435275948,26.89834027465195,2125
15,4,0,246.8853423362141,30.15907661729074,2345
15,5,0,235.1162406436565,28.52568045815039,2241
15,6,0,239.0113278403911,29.20055178713868,2265
15,7,0,246.7284685661238,29.58938083882794,2373
15,8,0,247.3876785187824,71.71434103472436,2298
15,9,0,242.6659142249204,28.88271846779729,2321
15,10,0,249.8123903321211,31.47291325036188,2368
15,11,0,246.4128224467076,74.95102485987216,2302
15,12,0,250.9231211232694,47.88357112415754,2358
15,13,0,249.1796090932673,83.42197350833739,2344
15,14,0,239.4727624732311,29.03191963700522,2310
15,15,0,234.565177567702,28.01527829557661,2281
15,16,0,252.5051884068049,117.8431905875311,2305
15,17,0,215.4264699517831,26.01858659777219,2074
15,18,0,190.5176828379525,22.08967085661837,1872
15,19,0,168.778392313232,283.0902931101707,1472
16,0,0,147.7195643025067,85.35363722043188,1337
16,1,0,166.8219028046072,39.65564852186646,1537
16,2,0,202.3762775555857,24.23940963965365,1943
16,3,0,217.7505314822331,28.55372420127637,2087
16,4,0,229.276064816248,58.22729224657494,2136
16,5,0,229.3622512343811,28.85717418986196,2205
16,6,0,237.0595535904579,29.36535817913292,2232
16,7,0,236.4629136964287,29.10242796533221,2252
16,8,0,233.0724900044292,28.26450619555649,2224
16,9,0,239.7531898643584,29.44309649463107,2281
16,10,0,236.2811703010137,28.65224495736813,2257
16,11,0,246.6209597491324,72.1769052203534,2310
16,12,0,267.5707056459833,289.0655902643228,2358
16,13,0,234.2167366920071,28.04784158981401,2258
16,14,0,236.1722155599944,27.86922752027727,2288
16,15,0,238.3213907237249,28.78685671141005,2291
16,16,0,239.9528579005243,106.4111374837631,2200
16,17,0,218.8596341719674,98.94351532974655,1973
16,18,0,183.2408822088067,23.4253979837799,1749
16,19,0,142.3714727399085,16.76798516634739,1386
17,0,0,121.2697326291193,15.01432888801627,1142
17,1,0,185.7669329518018,495.2439662612895,1547
17,2,0,185.0032055824158,39.85653248973856,1718
17,3,0,205.7996196007205,24.68671933210999,1962
17,4,0,225.8960593820006,483.1712273720919,1952
17,5,0,219.3103216225419,51.67797838907449,2058
17,6,0,216.0066656091039,26.07278875750959,2074
17,7,0,223.2431518627299,27.49138108883202,2119
17,8,0,214.1452383452654,33.30378133023815,2019
17,9,0,240.9618330632676,398.6820178689522,2135
17,10,0,217.8382631782242,37.90694875032138,2035
17,11,0,223.100229536573,28.06824584822767,2106
17,12,0,216.6322334810941,24.64852398012792,2141
17,13,0,237.6535766455302,180.2636631638281,2169
17,14,0,217.4365708942886,80.89989640319155,2023
17,15,0,228.6060531658932,112.9524306256935,2146
17,16,0,209.7906231489014,25.09143263120782,2016
17,17,0,185.9243089383061,21.71975921732306,1827
17,18,0,171.0789003500512,20.78435570969787,1647
17,19,0,139.7724328000578,17.04416327377119,1352
18,0,0,111.7783028250923,13.24553403038915,1069
18,1,0,141.4534554668433,16.94582858479836,1356
18,2,0,170.5162350589913,30.26285130681767,1549
18,3,0,175.3683115552426,21.0342455942992,1673
18,4,0,180.3878440979942,22.27928684237458,1715
18,5,0,204.531628596041,332.8190367826825,1760
18,6,0,198.9928235316936,91.32913496358354,1810
18,7,0,193.1427492849753,24.19677668137151,1812
18,8,0,183.7535596041593,22.36011215132886,1755
18,9,0,207.9375013717956,84.36542053980727,1905
18,10,0,199.2757675516466,24.78969501647801,1871
18,11,0,190.1795314186193,23.06385955911157,1805
18,12,0,200.0467429698104,24.28158357727935,1937
18,13,0,184.8256270406099,59.47130883302378,1759
18,14,0,192.54996410874,26.1342531322383,1829
18,15,0,198.0626739648377,105.2930359002355,1820
18,16,0,181.0382490465362,21.25005765742199,1761
18,17,0,174.4066759471501,20.87595165070792,1675
18,18,0,151.826155499319,52.27155555340976,1421
18,19,0,115.6641489233921,14.20566050061287,1120
19,0,0,92.10348688578738,11.0364322492533,887
19,1,0,109.9672565386474,13.20033494143595,1055
19,2,0,122.5808363489823,14.44394554699747,1176
19,3,0,145.6532107592222,31.21472296729438,1345
19,4,0,143.9615988063905,17.12947136319254,1375
19,5,0,148.3100168145153,22.17517931523543,1407
19,6,0,153.3367621528246,18.34869516678757,1465
19,7,0,142.4375333119305,16.88112121446753,1375
19,8,0,145.6468983740424,17.41162691390853,1408
19,9,0,145.3870727272732,17.72828330615184,1391
19,10,0,151.0825629780088,18.23131635253297,1449
19,11,0,151.0428063288061,19.29860598530184,1436
19,12,0,147.9138885008652,17.76271038697296,1434
19,13,0,150.399800600977,18.31361835167355,1444
19,14,0,150.4365808438273,18.21422665865013,1436
19,15,0,162.5436910527398,88.7440421603863,1480
19,16,0,140.0226718730868,17.11293751344405,1339
19,17,0,129.1438832764176,16.3561963147865,1247
19,18,0,114.7616414439492,14.0897997658683,1108
19,19,0,88.53540361330181,10.75914087953196,855
