# mesh name: boxMesh_1
# primitive scorer name: doseScorer
# iX, iY, iZ, total(value) [MeV], total(val^2), entry
0,0,0,69.59035086642126,8.9147850337602,623
0,1,0,91.23818121591448,12.50988330226179,781
0,2,0,106.4859411294184,13.97308732585836,944
0,3,0,110.1863460220798,14.75161227002335,975
0,4,0,126.9028961743523,83.44025649080633,1095
0,5,0,129.4474863881279,16.40650618280262,1175
0,6,0,134.6569059866871,17.28980722638545,1231
0,7,0,159.8615184760136,503.1840137621056,1275
0,8,0,148.4313085012072,39.47647020989914,1325
0,9,0,141.7801681548403,17.80189569607271,1329
0,10,0,127.9396301680393,14.80199542326505,1255
0,11,0,142.9372141635798,17.92816405374984,1351
0,12,0,137.7923342345017,16.13651020702822,1360
0,13,0,146.0980619136245,16.76288087720701,1456
0,14,0,155.3604762076926,348.5643592829208,1399
0,15,0,141.3744148051092,16.51970686392291,1415
0,16,0,148.6855369876431,27.41027777243177,1489
0,17,0,135.5785749054263,15.12030965132186,1390
0,18,0,146.4554531818421,78.51476032445042,1437
0,19,0,112.8244559405285,49.29795928201741,1098
1,0,0,86.32921087236754,11.30446679116233,760
1,1,0,102.9911072717973,13.14700785912652,915
1,2,0,132.8328206807642,61.20956068103975,1107
1,3,0,134.7788591450452,18.22411308355195,1171
1,4,0,157.6988522829247,52.47950649709647,1345
1,5,0,157.3853247844541,19.82145421834847,1445
1,6,0,163.0346382083151,21.03764699576366,1484
1,7,0,168.2440908863631,26.25042933957936,1543
1,8,0,179.7272719237288,69.05004534921409,1650
1,9,0,169.3672114032928,21.10536447539106,1588
1,10,0,186.139349349631,180.3539118998837,1659
1,11,0,172.9520797059621,21.39989241335944,1650
1,12,0,174.7751602015402,21.17717636465733,1699
1,13,0,180.1237355908946,21.87673751742741,1753
1,14,0,175.4577681029811,20.6521975728644,1753
1,15,0,176.2901319934009,19.73800017370445,1810
1,16,0,195.8910523168787,280.9311488959464,1862
1,17,0,187.8468488102158,21.7306117863117,1906
1,18,0,173.1324697141569,19.96330307895525,1770
1,19,0,146.8292615804711,16.77701390485407,1509
2,0,0,98.7458632682871,12.9538005131681,871
2,1,0,126.2093928807463,16.60068750090699,1106
2,2,0,149.9932642211993,20.14266125023751,1309
2,3,0,168.0478572669725,59.59184422245605,1424
2,4,0,177.9924598349771,22.88966401679438,1596
2,5,0,183.0304561709179,23.23450493738498,1661
2,6,0,196.3369448079937,25.36283192243911,1783
2,7,0,206.6189777895596,68.65404919831987,1818
2,8,0,208.0533934510325,118.9017051484811,1874
2,9,0,194.3102037856758,24.26874153323096,1808
2,10,0,196.6456987715221,49.43012374388199,1870
2,11,0,200.2448733653275,23.83299415440796,1948
2,12,0,204.5371633501848,30.80306834590638,1955
2,13,0,218.7634758640399,84.73899932543451,2085
2,14,0,234.293980318951,386.8455510546063,2129
2,15,0,216.9208920692581,25.986791466628,2143
2,16,0,206.6201636419933,23.9939947155944,2096
2,17,0,208.9964147116809,24.35661453832781,2119
2,18,0,200.7018997569692,68.75568430027681,2001
2,19,0,166.0023731812218,19.42911783413209,1691
3,0,0,109.4091362587584,13.96062359614487,972
3,1,0,133.6978941623494,18.2751299390363,1158
3,2,0,157.7107322303675,20.06191512218782,1408
3,3,0,170.9460522994696,21.95113411255154,1531
3,4,0,193.4774246758666,24.72496288920718,1744
3,5,0,195.7971318339744,24.2235736511792,1800
3,6,0,203.9311783123512,25.43055120345205,1883
3,7,0,223.4567970643294,76.51069384200983,2003
3,8,0,213.6586646455528,26.38108642460973,1999
3,9,0,218.141232115021,29.7550823226696,2042
3,10,0,217.7549595747427,26.44900473123205,2101
3,11,0,233.9369573390295,198.8859891041236,2175
3,12,0,227.7367302665069,38.07856215109108,2198
3,13,0,230.5283804419548,91.63353957339744,2150
3,14,0,221.5678878994806,25.44113288956871,2234
3,15,0,222.1661672402718,25.52519122374894,2249
3,16,0,216.3794150878571,24.77712132793458,2201
3,17,0,223.1647903878471,25.2543301420443,2283
3,18,0,213.3882430087266,24.78988714021625,2180
3,19,0,169.4483457573546,19.56929041208523,1735
4,0,0,119.4456148351415,15.56519190059183,1055
4,1,0,147.61462323646,22.96603558597451,1297
4,2,0,167.2401007556463,21.39267318007262,1498
4,3,0,187.7627078165221,24.01453721845639,1677
4,4,0,212.2277318977085,35.37611254854705,1874
4,5,0,208.6450347638049,25.85002817220838,1921
4,6,0,231.3402066924977,58.84094030405357,2065
4,7,0,246.6804749380158,320.2933033975492,2146
4,8,0,222.7415575099198,27.51259157499648,2090
4,9,0,237.8969263527022,33.34193691271604,2250
4,10,0,251.8578644503934,410.9727892451156,2210
4,11,0,240.556862900413,97.73949160015856,2235
4,12,0,241.6546086356672,28.52014785981645,2374
4,13,0,231.2362482747037,27.59667690523029,2270
4,14,0,233.5232724998113,48.80894743245668,2271
4,15,0,245.8568023164742,28.84981601446236,2452
4,16,0,229.4481901932782,25.5509720808841,2351
4,17,0,229.1448176337656,26.63846309879009,2331
4,18,0,206.89225050739,23.92496539504963,2111
4,19,0,173.7806900716287,19.45676236136906,1815
5,0,0,126.3690513206539,17.02375064842208,1106
5,1,0,155.6833962791535,20.34785583538063,1365
5,2,0,184.8424710777578,25.23871952209309,1601
5,3,0,213.8150613453275,366.2126203444948,1733
5,4,0,205.5180421439589,28.30498948765687,1840
5,5,0,217.6941283064737,27.17554516148754,1996
5,6,0,235.8415151818735,67.83153069269714,2077
5,7,0,234.077944146571,59.68134192969162,2114
5,8,0,237.1244446447368,29.68417542982192,2220
5,9,0,241.4112581688734,29.66441670390687,2290
5,10,0,236.1182351966953,28.40452399512353,2275
5,11,0,259.7707719846048,190.0243885848036,2392
5,12,0,235.987197827777,28.115619303091,2309
5,13,0,229.5280983283074,26.62641108418324,2280
5,14,0,240.3715347587192,28.48659865067208,2371
5,15,0,237.2316725509492,27.60147921338609,2388
5,16,0,231.6475750698568,26.55893401415143,2340
5,17,0,235.4259568062697,26.863996574303,2408
5,18,0,211.4266105934062,24.478307348419,2165
5,19,0,171.3469266014973,19.08699731070469,1789
6,0,0,122.0922507531851,15.8872759049758,1081
6,1,0,157.781031470015,20.6054811145845,1387
6,2,0,179.4152333682447,23.0493950550374,1590
6,3,0,201.8298291618278,25.97109073598817,1802
6,4,0,224.4999962010594,29.5121635317574,1998
6,5,0,229.1912679824203,29.92027985409973,2050
6,6,0,232.1289608176554,29.26608347674505,2128
6,7,0,240.5933317955359,32.70768726902202,2210
6,8,0,237.690233110467,31.28565679584682,2200
6,9,0,244.2226373045254,30.21208582568775,2294
6,10,0,270.0134956176919,946.0290043087085,2282
6,11,0,245.2363768103517,30.20450386118876,2345
6,12,0,233.1938059950736,29.13340927512441,2267
6,13,0,239.6040744077918,28.00748572130238,2366
6,14,0,238.9308383630757,28.10522268446866,2372
6,15,0,236.9543455015423,28.14639810756842,2354
6,16,0,243.0650621569171,33.81178379148062,2407
6,17,0,234.3433778772826,78.72522528765978,2323
6,18,0,212.4166290929255,24.27602671189173,2180
6,19,0,172.1695803813837,19.07988635626436,1799
7,0,0,132.3095165382678,17.28467075408581,1161
7,1,0,155.0169331799145,20.03998331185731,1376
7,2,0,180.3203762042292,30.14907931039075,1573
7,3,0,196.5951378073997,24.99454804713391,1777
7,4,0,222.4163845279882,41.14346544510606,1942
7,5,0,227.6394228933235,28.55988954269501,2086
7,6,0,240.148514448176,30.18359148806157,2210
7,7,0,234.7769081910556,29.37236042347173,2172
7,8,0,242.399313090953,29.28866645876105,2294
7,9,0,233.8873154771011,29.55832070894945,2238
7,10,0,249.0385115055994,252.1054527448287,2226
7,11,0,235.8599236971929,28.37367934940578,2287
7,12,0,244.9333416057085,41.56430359442918,2394
7,13,0,242.284748150115,39.07740787117173,2342
7,14,0,237.0485455477835,27.56976778641901,2381
7,15,0,234.1529834400853,26.39881300979761,2379
7,16,0,229.9222265713955,26.41070857353749,2332
7,17,0,251.6765953616768,147.7900233145797,2431
7,18,0,223.6479024499599,222.3814582978084,2177
7,19,0,171.8738676410109,19.30120607676368,1795
8,0,0,128.9091258952547,16.37438332877656,1149
8,1,0,163.9375237331992,21.16541906326494,1450
8,2,0,185.1604018484238,37.34830727228376,1600
8,3,0,202.2286335725949,25.42343421714762,1832
8,4,0,230.0728381998564,72.17057745624368,2033
8,5,0,240.5498778975363,72.07851630535652,2137
8,6,0,231.4302508211642,28.60108871265829,2155
8,7,0,241.1873397818415,30.58891358634399,2225
8,8,0,235.3497015395145,28.00935430209492,2242
8,9,0,234.7724808000707,27.96280802840258,2236
8,10,0,264.5337220505918,100.3083499330971,2425
8,11,0,246.4344481412445,30.31288994790823,2383
8,12,0,244.3725563522445,29.33409133060109,2366
8,13,0,232.4695850483319,26.88597589681452,2322
8,14,0,228.1174138466721,25.99240233123792,2307
8,15,0,238.2705197513976,27.94847270245354,2395
8,16,0,238.3405280269011,27.54257682160635,2422
8,17,0,237.4227595311069,29.027629857209,2400
8,18,0,225.5916173784452,30.22614564007506,2306
8,19,0,178.6422929477571,21.92101573030727,1831
9,0,0,126.5341469029782,16.68835734926451,1097
9,1,0,165.3449543122869,50.14014719706579,1421
9,2,0,190.7073383835665,25.07529425320199,1678
9,3,0,208.231732559364,26.53380282121413,1861
9,4,0,237.3287537959833,122.2862963681831,2059
9,5,0,225.5705649899473,29.3193853893902,2040
9,6,0,237.3753355186448,29.89084767167096,2179
9,7,0,246.5565296756334,60.91103268631268,2231
9,8,0,246.626676709462,106.1285895948752,2225
9,9,0,247.9194513515478,29.94757549501068,2373
9,10,0,245.2413856175683,29.88180698615347,2341
9,11,0,247.6697879749053,58.94817045586468,2338
9,12,0,243.969115749722,40.8157793284112,2303
9,13,0,247.7237797451766,138.7227167432301,2380
9,14,0,251.1756782479109,158.38338071524,2408
9,15,0,248.5636289048138,29.28735137110544,2477
9,16,0,242.3435043244293,27.73336307102927,2456
9,17,0,241.7884010838795,202.206345773052,2361
9,18,0,221.3437329114517,37.98913437358279,2225
9,19,0,172.0864451568859,19.78920913653463,1769
10,0,0,131.0555034562803,18.22968792994549,1132
10,1,0,156.9730371374301,20.35984013777847,1393
10,2,0,212.8259945746543,341.6899007872898,1662
10,3,0,207.068283058708,31.73017088645654,1819
10,4,0,216.5777990647984,27.91304071684272,1943
10,5,0,231.7057792894106,29.27218109778012,2114
10,6,0,238.5968884932585,31.53417720265341,2162
10,7,0,241.1155883457856,29.84025954715767,2242
10,8,0,254.8602133081514,49.4456818802886,2357
10,9,0,237.0705053102162,29.31520530462726,2263
10,10,0,243.3457189856066,69.9054931721826,2310
10,11,0,249.6106701577269,90.31635028714445,2314
10,12,0,250.6282657751928,62.53848546625294,2389
10,13,0,249.9437754340446,100.4871488303917,2362
10,14,0,239.0837929046462,28.51934936479529,2368
10,15,0,238.2928151792162,28.40578654422223,2359
10,16,0,235.0931413828922,29.7098670864629,2345
10,17,0,232.4722087853501,54.29068935090483,2329
10,18,0,213.1622236085686,24.17920384777276,2209
10,19,0,173.7363219002005,19.66332553425,1801
11,0,0,125.4652504626354,16.62308951552401,1092
11,1,0,151.0815076957481,19.84110813585342,1316
11,2,0,184.157730194282,23.47117891791949,1643
11,3,0,211.022332114754,59.75015537527131,1805
11,4,0,227.9773909095159,30.10350394621536,2013
11,5,0,227.0933427750296,29.56310671759159,2044
11,6,0,253.5256383389642,416.8437139987045,2162
11,7,0,240.3788590864008,30.40387193456105,2235
11,8,0,241.4680883032829,35.34287799500529,2252
11,9,0,249.7487661241632,57.46153665276962,2321
11,10,0,243.2694681161848,29.46644167758093,2313
11,11,0,242.9930759763373,33.25029601789107,2342
11,12,0,240.3913104482225,28.31112943387243,2360
11,13,0,261.2582584283925,156.3696005463472,2449
11,14,0,254.7809372232179,142.4963346906902,2440
11,15,0,238.745617511486,35.22111413940961,2388
11,16,0,255.3214540279256,167.4405047631566,2473
11,17,0,236.0852926849831,27.47264298554265,2386
11,18,0,229.2247174561101,94.25191444266579,2272
11,19,0,184.8405275097858,94.73352940329936,1808
12,0,0,124.423219003993,16.75651248626269,1078
12,1,0,160.7516976973895,22.0292696842403,1398
12,2,0,182.402013387892,24.3416409531084,1587
12,3,0,207.0364361005309,27.26599276599025,1820
12,4,0,218.4786230313294,27.74237530680327,1966
12,5,0,238.3964008260133,127.6784534386722,2013
12,6,0,224.852622726063,29.24354494340708,2042
12,7,0,241.3568273798964,30.32419712396482,2225
12,8,0,245.4749370907071,69.94284933890995,2207
12,9,0,237.3151584021255,29.47571279832161,2290
12,10,0,246.9008860310363,30.09531972178643,2349
12,11,0,237.8281157096301,28.37939995687254,2317
12,12,0,251.1887637361645,54.09194008250682,2385
12,13,0,250.5333341959454,309.8624470752396,2280
12,14,0,247.584093787984,39.43757811856331,2399
12,15,0,261.2458638919188,293.6176019193259,2475
12,16,0,243.5750957692942,86.22350609840615,2401
12,17,0,241.2655205147071,120.4219213533836,2370
12,18,0,218.3805288204655,34.29109747343786,2206
12,19,0,174.8264822332167,19.89901647951512,1799
13,0,0,125.1412979495923,16.26472456824295,1109
13,1,0,157.0432946821665,20.14562619633031,1382
13,2,0,185.1975497224438,23.98435543110048,1644
13,3,0,202.5441970720947,25.87622707766875,1823
13,4,0,218.579320473951,27.64369280342859,1971
13,5,0,220.2321551750037,28.56473693817208,1985
13,6,0,234.2519755608443,30.41247873574778,2101
13,7,0,237.4533660285824,29.87072918348824,2193
13,8,0,246.308125346552,31.91156654501587,2289
13,9,0,254.3722624804124,63.67298856659338,2346
13,10,0,234.7805757440024,35.297321486218,2222
13,11,0,256.6868903327671,240.42518507501,2371
13,12,0,257.9753778293891,441.3293287136041,2346
13,13,0,258.5552208289253,541.0564352168055,2292
13,14,0,240.8477892976035,28.66296698468195,2368
13,15,0,238.2707004644759,28.58813537800778,2385
13,16,0,239.6781429610894,33.14649994757198,2399
13,17,0,222.7821674229897,24.91985658686612,2290
13,18,0,219.9744281378422,213.5470370359608,2124
13,19,0,179.563713381876,57.43074353231007,1773
14,0,0,123.7702124261582,16.68812735908642,1076
14,1,0,148.5688855631103,19.10981429471792,1302
14,2,0,178.4912291732953,23.56496217624587,1557
14,3,0,188.3420339596882,23.85875068026678,1696
14,4,0,208.8587027449295,26.96917157008437,1874
14,5,0,224.0081729695549,28.18112739791567,2037
14,6,0,219.1814266608117,27.75245295211929,2001
14,7,0,233.0432604006199,28.19767279252608,2194
14,8,0,231.4434413238142,28.60728063982885,2165
14,9,0,227.0727367049743,27.15665415620311,2172
14,10,0,245.5007518979174,55.34163264688065,2306
14,11,0,234.7034529985173,52.49435514940024,2259
14,12,0,243.1118411518552,28.61413163811401,2386
14,13,0,232.8449773970935,27.32254674210896,2304
14,14,0,233.8233924492355,39.18449231864534,2323
14,15,0,229.3953359096458,26.59045614320145,2313
14,16,0,230.7535003381511,26.76176215840695,2348
14,17,0,248.1909583867805,183.6457006543461,2392
14,18,0,216.7249001015175,23.8250630936903,2268
14,19,0,177.3996316155884,38.79784895337379,1785
15,0,0,120.0403312409365,51.83593015963371,1008
15,1,0,174.8427565981761,1300.316971861639,1222
15,2,0,176.1744499109515,22.89588639339296,1557
15,3,0,218.5706568986622,1608.226181456054,1587
15,4,0,211.7139845814568,77.96644287440238,1833
15,5,0,202.3113247236549,25.26416633024442,1862
15,6,0,217.2948092511517,27.4741679849401,1992
15,7,0,220.3044390627748,27.02023365030112,2050
15,8,0,221.5466590581682,63.74887548240859,2036
15,9,0,236.4945619348037,28.6830346756928,2267
15,10,0,238.3991192918492,30.00388790262953,2251
15,11,0,233.5159120969156,27.62922821537718,2271
15,12,0,238.7661905638198,158.9059856561065,2242
15,13,0,246.2992786857891,103.7656272266281,2309
15,14,0,239.5719525181476,28.75606747069068,2383
15,15,0,238.5366718385956,63.26605226366166,2292
15,16,0,235.2904437956064,27.99034075648997,2369
15,17,0,234.7041303402167,26.3860685367243,2419
15,18,0,210.0618249723783,23.66194881009744,2162
15,19,0,171.6106098830492,20.22742033073733,1746
16,0,0,109.4868562301852,14.24510470429959,959
16,1,0,138.2211781900876,34.97369304526791,1174
16,2,0,184.3577439243556,763.6734113422258,1397
16,3,0,178.1016197501261,23.17152744352634,1589
16,4,0,188.0193907660762,23.85832367373878,1696
16,5,0,201.4624433373331,26.71414012216523,1818
16,6,0,208.087407218423,26.19930635716428,1902
16,7,0,217.3564943587351,26.97026314309818,2029
16,8,0,216.8400276245874,86.49138580111968,1952
16,9,0,213.149409273878,26.35142845973633,2004
16,10,0,227.0753105787951,26.65670473082585,2206
16,11,0,223.7514520515126,27.99456599044831,2159
16,12,0,214.3417328278159,25.38042083249228,2106
16,13,0,224.1879519794365,25.84162024564675,2229
16,14,0,221.7220106389151,25.31370183375034,2235
16,15,0,219.6091513437451,34.85202028423227,2205
16,16,0,235.9750569529294,27.33717129039609,2392
16,17,0,222.9182551319979,25.36165683888336,2269
16,18,0,222.5184895649592,410.9265711993467,2070
16,19,0,168.6398384615477,19.36576325313252,1737
17,0,0,99.16802652760333,13.02330827996791,867
17,1,0,118.1314599494708,14.96682344287992,1051
17,2,0,151.9586246547321,25.75084656220571,1325
17,3,0,166.1949724672791,21.97277231537736,1470
17,4,0,166.9746977413847,21.46234776232613,1506
17,5,0,180.8887913387566,24.15416948626003,1650
17,6,0,190.9577191591368,24.22649643816623,1745
17,7,0,212.935262624946,242.3829535061128,1779
17,8,0,188.7657476208383,23.63863181610773,1758
17,9,0,205.6682497609485,25.51542847107213,1924
17,10,0,193.151949781456,25.86726065030153,1823
17,11,0,201.938534133116,23.85866597942781,1974
17,12,0,223.7451352237829,110.675901580745,2029
17,13,0,199.4967284381543,23.2522855056808,1994
17,14,0,210.4556819452683,24.51132442824327,2107
17,15,0,210.2036686923589,32.77524788502961,2091
17,16,0,213.7185180566761,93.49486367488429,2105
17,17,0,204.9505670036664,23.5462538684747,2095
17,18,0,208.3665168147434,24.22406390063637,2120
17,19,0,151.5449388559939,16.67233753257475,1587
18,0,0,85.52814229296555,11.05618067103584,754
18,1,0,129.632079128517,488.063545722439,945
18,2,0,131.6969016438489,23.19390082498122,1128
18,3,0,132.7257554926238,16.81548772930827,1191
18,4,0,145.6299060191376,34.99325370643682,1284
18,5,0,157.4893829962016,19.94601278610563,1428
18,6,0,153.8828886746241,19.08901235870842,1431
18,7,0,194.6262279941863,330.933236941572,1623
18,8,0,169.186788018056,20.47095025669881,1601
18,9,0,179.4086352194259,21.58684783159114,1703
18,10,0,175.916502168138,42.87069669592205,1634
18,11,0,174.288987335546,21.3293299731955,1687
18,12,0,170.1900537753845,19.95952534127175,1686
18,13,0,172.6118859585411,19.78950076059409,1734
18,14,0,187.0283787401796,46.51062074229428,1837
18,15,0,170.9923910308808,19.3595728920367,1731
18,16,0,188.8784580759257,69.57597891977778,1857
18,17,0,181.1072159824604,20.32637065354533,1863
18,18,0,173.2410449382501,19.40561762086891,1787
18,19,0,149.7244088988786,16.57746324518454,1559
19,0,0,67.86741093021594,8.84684069542474,603
19,1,0,86.24850047676289,10.8883909972876,779
19,2,0,100.6409026030241,12.98194445531288,904
19,3,0,114.236662155315,15.00112335516424,1021
19,4,0,130.2855009625512,26.38228980385029,1159
19,5,0,129.273592262781,16.38575122888383,1175
19,6,0,140.1530783137166,17.98827087050177,1269
19,7,0,153.4366963248834,176.1425283839361,1298
19,8,0,143.5269405257148,18.05739385607355,1337
19,9,0,135.8047428043593,16.92620045752792,1284
19,10,0,146.1447055780653,18.02946157547138,1380
19,11,0,143.1530659078296,18.87080299331143,1353
19,12,0,145.2636467805699,16.86232193846269,1419
19,13,0,142.6415365000076,17.39750024918103,1398
19,14,0,149.9939792111286,18.36997174646714,1496
19,15,0,137.1513057615238,15.88194889459382,1383
19,16,0,147.5440995947488,25.6928473639402,1479
19,17,0,142.4252858160666,16.49295653850405,1444
19,18,0,139.6544716551946,146.7599141214114,1330
19,19,0,109.7691486216953,12.26487045478511,1141
