# mesh name: boxMesh_1
# primitive scorer name: doseScorer
# iX, iY, iZ, total(value) [MeV], total(val^2), entry
0,0,0,68.5947060584091,8.267219526540352,656
0,1,0,91.75734309762851,11.11687673636696,876
0,2,0,109.587283118208,19.55312740435524,1031
0,3,0,122.3423764422901,15.51575327573646,1137
0,4,0,123.7446519370718,15.03141000449339,1176
0,5,0,146.0816397123482,135.7189261264897,1271
0,6,0,140.979346539665,17.27947056562079,1341
0,7,0,156.3301431429973,314.1074820764736,1375
0,8,0,143.4702504709159,16.94756857330712,1406
0,9,0,145.4871581598782,17.79455067435538,1404
0,10,0,137.1452386617616,15.82816430495257,1388
0,11,0,143.5172257104533,16.99278582104481,1430
0,12,0,134.815056304561,15.45390159044811,1378
0,13,0,142.7095627303574,17.08850465909181,1417
0,14,0,144.4171227329137,17.24218889531139,1441
0,15,0,141.4163893821575,15.52462805075368,1474
0,16,0,147.1621320042713,17.50909155375986,1502
0,17,0,147.4730456847238,56.86424689234149,1477
0,18,0,145.2302117401915,24.50715178758158,1437
0,19,0,108.7356948642389,11.92029573530532,1145
1,0,0,88.24058808106078,11.40761250772196,833
1,1,0,120.3078158683257,15.16434536331668,1125
1,2,0,134.2327624338069,16.35597568956112,1278
1,3,0,149.0678137221488,18.62840571834992,1394
1,4,0,159.9831658164292,19.43356318681434,1508
1,5,0,173.1711447519262,20.93529506322745,1662
1,6,0,170.992402573693,20.48053174533147,1640
1,7,0,167.5427804779239,19.85299415841529,1625
1,8,0,182.266325124063,21.52362819803712,1771
1,9,0,207.5795851532464,261.4386570640652,1857
1,10,0,176.4183575549444,19.88076053130784,1776
1,11,0,177.5495984702174,21.06568011608768,1759
1,12,0,175.2413248278789,20.25375790281206,1763
1,13,0,180.4676748543988,20.87419557811698,1814
1,14,0,191.7957699410228,26.07656699074418,1913
1,15,0,185.5822867699162,21.37589931898503,1884
1,16,0,191.0254921626085,21.30855142847904,1980
1,17,0,195.0960007201502,59.37014127139692,1969
1,18,0,192.6752084979012,43.52118959093344,1942
1,19,0,143.4272596362991,16.1416340224004,1496
2,0,0,108.8615492132261,13.20728260940915,1024
2,1,0,136.5566825527781,16.35812295949002,1292
2,2,0,162.0917284520004,31.92184544789964,1489
2,3,0,170.2374031729961,26.43230140067508,1601
2,4,0,192.3432293638421,24.55905213320215,1827
2,5,0,216.9467771260673,550.3220782479714,1851
2,6,0,202.108136912472,25.12616008278399,1932
2,7,0,204.680092465988,27.11237447878183,1958
2,8,0,213.2288736265891,59.83972495289944,2035
2,9,0,205.473573773945,24.45485083948735,2018
2,10,0,208.6213241498806,25.10357898303718,2047
2,11,0,207.6534472773876,25.4856485226688,2077
2,12,0,208.2612561772764,24.42310177792979,2089
2,13,0,218.2836341567838,64.94020770570656,2135
2,14,0,215.5444416522635,24.17999500701089,2204
2,15,0,216.6622066352676,24.68358386818009,2196
2,16,0,217.6941381710387,62.7813650170603,2195
2,17,0,216.700822073904,23.99820793572453,2265
2,18,0,198.9604516228681,22.53240238291965,2052
2,19,0,156.5884533378216,17.65476670820635,1640
3,0,0,121.6260994506885,24.85842837931218,1108
3,1,0,147.6145852509264,24.8749214018873,1390
3,2,0,167.9200123875654,20.30102674238279,1589
3,3,0,198.3408823869556,24.507627253956,1866
3,4,0,204.993232464888,24.95094330809058,1957
3,5,0,210.2799093119253,25.30775119810764,2015
3,6,0,208.6817614152707,25.3356448249836,2007
3,7,0,223.3936512333847,26.93374102187798,2164
3,8,0,218.2811213622483,51.97467922920044,2100
3,9,0,225.309976798575,26.33524831597358,2226
3,10,0,238.7068753058195,154.0353970569138,2232
3,11,0,222.2515318686378,25.0234840141349,2244
3,12,0,220.6310600675735,25.73141998798106,2225
3,13,0,234.5568326107773,27.60386283697464,2338
3,14,0,231.615810732687,33.54301902877006,2329
3,15,0,228.8986159441055,25.65125638857462,2359
3,16,0,228.0841617789522,25.79230292103405,2344
3,17,0,227.222829608737,26.84738274846588,2311
3,18,0,254.1263644368594,955.341293966399,2212
3,19,0,167.4311623900909,18.82277502372647,1743
4,0,0,119.8632504246182,14.77690056314329,1128
4,1,0,157.5012698907469,19.40548885991172,1466
4,2,0,180.8228508170658,22.02856334881017,1700
4,3,0,200.6767959947272,24.70424071959963,1886
4,4,0,219.3534110999548,27.16796078696057,2063
4,5,0,218.9568227486077,26.61648210118708,2092
4,6,0,244.1443751797267,455.4924524976892,2169
4,7,0,242.1140129921156,63.21682883959014,2283
4,8,0,233.8102207449359,27.6565440840764,2301
4,9,0,237.3740149306124,28.61927136629607,2326
4,10,0,232.712463688218,26.95316594580997,2305
4,11,0,235.7005643854096,26.98855980200062,2372
4,12,0,234.0055868334521,26.84438823001817,2356
4,13,0,239.0263573613186,29.50177021900139,2374
4,14,0,232.9066510779619,25.90324299155519,2383
4,15,0,229.7212632202327,25.7433600800083,2371
4,16,0,248.803574551282,188.1987171516622,2411
4,17,0,232.5942565306401,29.94568561396483,2375
4,18,0,205.9724443779121,22.4877846273131,2172
4,19,0,169.4937557528886,18.7381379881541,1766
5,0,0,131.4302540624546,17.22685676215535,1211
5,1,0,158.7613848844,25.64324176661405,1461
5,2,0,181.4085913051233,22.21891156802292,1713
5,3,0,207.8221998219828,25.50978808214334,1951
5,4,0,225.2955501610636,81.63908506787563,2064
5,5,0,236.4415742378774,28.64922565797495,2260
5,6,0,231.1199673430885,28.26875745783907,2216
5,7,0,245.5204461333386,35.93542240955085,2352
5,8,0,239.4782434052219,28.88961687415141,2312
5,9,0,238.9330679527105,39.18867895062213,2322
5,10,0,236.5601235177796,27.80403295415851,2337
5,11,0,246.8602766662002,43.56438687104963,2421
5,12,0,225.4888792796532,25.58977321143852,2263
5,13,0,234.9879132085355,26.81001291884524,2382
5,14,0,237.5159878979005,29.55917681721902,2355
5,15,0,235.7337389688854,28.06673449275181,2406
5,16,0,233.7465473801038,26.3898311676151,2409
5,17,0,231.9790725893931,30.07615958178858,2358
5,18,0,221.1312283488068,44.90721359092192,2222
5,19,0,163.543973359532,17.90322064415528,1710
6,0,0,130.6740120959796,15.79193569827666,1240
6,1,0,155.7533734393073,18.75709919482535,1507
6,2,0,193.3837619577386,63.41724796203664,1745
6,3,0,213.1879950484697,25.71473804035367,2015
6,4,0,225.102127140451,29.4092151154674,2080
6,5,0,251.4630182662681,495.3335380111134,2215
6,6,0,236.1303810748325,33.26549609948608,2255
6,7,0,249.3296390265845,185.3410439118244,2316
6,8,0,245.3936359761668,32.32184149382506,2388
6,9,0,249.5627213880526,29.47530643665259,2459
6,10,0,232.1699531460619,37.84691981080024,2284
6,11,0,256.2064836087636,75.92213263375731,2453
6,12,0,268.9828055780994,782.4797659677818,2337
6,13,0,237.6163484185089,28.22365066552901,2387
6,14,0,232.5771065320697,26.96669006759894,2356
6,15,0,252.0721459535603,335.2041470294822,2420
6,16,0,241.2236980422226,26.78255121710932,2503
6,17,0,266.9880136541337,815.9473651362795,2410
6,18,0,219.4181800964142,34.27012662360993,2228
6,19,0,181.8006871053027,20.91819478537983,1869
7,0,0,135.7683705120988,16.902788418653,1264
7,1,0,183.0015060729482,289.8262827230861,1556
7,2,0,191.426337448092,24.33176736782198,1770
7,3,0,205.212151725049,24.85761245743807,1948
7,4,0,236.1862760854181,29.45552103669922,2233
7,5,0,234.2219075942574,28.15992589506744,2257
7,6,0,240.5086182161717,29.70133779263438,2280
7,7,0,247.9225819295601,30.63949643186477,2391
7,8,0,231.8855023913412,27.01411341261602,2288
7,9,0,254.2352607638601,151.3327682566324,2413
7,10,0,245.2199299347268,28.46334891399248,2427
7,11,0,240.8834565933883,27.53089152076901,2441
7,12,0,250.0979532594385,64.04453829567234,2450
7,13,0,237.5082475468746,26.81178097834599,2408
7,14,0,233.0329194129461,27.33526127775086,2330
7,15,0,244.9377915136817,60.02119406877632,2438
7,16,0,233.1529710273689,25.84548792997513,2417
7,17,0,225.8144553450405,25.0737877903151,2357
7,18,0,209.9380558412931,23.22215724640335,2197
7,19,0,173.5823333271628,19.3076549804954,1819
8,0,0,128.7587702599416,16.05489762049912,1199
8,1,0,163.2776435977878,20.09044518524081,1532
8,2,0,196.166463874168,40.74471039244798,1796
8,3,0,221.3094207259821,27.45230352612342,2078
8,4,0,226.3264962278035,27.93746293585042,2141
8,5,0,235.857046785054,30.17294955075416,2268
8,6,0,250.7055619488816,137.9826733160563,2295
8,7,0,238.9729008818371,28.68495900175819,2319
8,8,0,239.8765365762908,28.62854412237817,2337
8,9,0,232.4057058111136,27.92846891736941,2274
8,10,0,237.495356527925,104.7887745694564,2271
8,11,0,261.0399007202282,676.5734125188602,2374
8,12,0,243.3816969732958,29.35861157766037,2430
8,13,0,235.1115678361267,27.27729563196809,2379
8,14,0,241.9714245477193,28.86572635817584,2425
8,15,0,242.0687148626759,43.15274981550727,2409
8,16,0,239.4222045434466,28.02265662762689,2454
8,17,0,255.9470633747327,368.1690132785216,2378
8,18,0,222.958411786537,25.61345067296312,2297
8,19,0,169.3499959747702,19.0636019483119,1764
9,0,0,129.7810418738802,16.1388729052667,1210
9,1,0,164.1448744316835,20.32820326495415,1534
9,2,0,183.2709492392485,22.01738513190688,1749
9,3,0,215.7100848008351,28.59256480969962,2042
9,4,0,228.6128954960047,63.79723803873127,2146
9,5,0,240.7788260621022,59.7253790666382,2225
9,6,0,263.1187569157983,414.0395230555476,2306
9,7,0,240.1147581990116,28.3989326277526,2326
9,8,0,243.2336872858154,29.24915004501666,2376
9,9,0,255.7492018554082,30.85015177500886,2503
9,10,0,233.3116462193519,27.6876119805869,2310
9,11,0,239.7032491140858,28.66422936419632,2364
9,12,0,262.2267069554223,439.5500416908971,2391
9,13,0,240.7927617090099,27.22862596963292,2472
9,14,0,247.2880270564993,29.91390989697042,2496
9,15,0,233.5920093206516,26.57423920864893,2396
9,16,0,278.5452612641067,1129.465371718961,2495
9,17,0,240.1780134062228,27.69248889466413,2446
9,18,0,206.1546458253473,23.10141005939694,2151
9,19,0,163.1825663887335,17.5611232897786,1729
10,0,0,129.9235202246106,16.56852779045619,1201
10,1,0,171.4876328371554,50.34240864550153,1546
10,2,0,192.1969661131934,23.35969916548313,1821
10,3,0,214.4526620038443,26.51377526871528,2007
10,4,0,226.0804417543423,27.29388694723847,2143
10,5,0,227.6845155398458,27.75509477669643,2171
10,6,0,238.4742479163617,28.49081960746584,2295
10,7,0,236.4129258572375,28.0634626345666,2286
10,8,0,250.8625620869782,141.2938851252048,2359
10,9,0,268.3175544109985,494.5486896475319,2398
10,10,0,238.8069958879359,28.65786516265475,2344
10,11,0,231.5617714172087,27.52250490404371,2298
10,12,0,238.8637692890493,29.28733651984544,2379
10,13,0,254.602202645025,357.2113435211519,2381
10,14,0,238.9647132170714,63.9966945973307,2389
10,15,0,238.4406946938503,27.00402309950634,2448
10,16,0,248.1808798166129,90.94437179102847,2443
10,17,0,231.1541974812608,26.25984251434892,2381
10,18,0,215.3929902506097,24.56648594772486,2211
10,19,0,171.7413476045594,19.57279003815968,1786
11,0,0,124.1989995926293,15.07723640406943,1176
11,1,0,166.3613014649288,20.78725936365674,1554
11,2,0,194.0777497100347,24.13792843671925,1829
11,3,0,204.0781154673684,24.45323735008163,1955
11,4,0,220.1899581504393,26.05992723265812,2128
11,5,0,248.1076529390294,112.8055453916563,2244
11,6,0,238.9719107069193,29.01375467332878,2286
11,7,0,234.7711340297642,28.14839364148981,2270
11,8,0,237.9473210261302,33.26389390556074,2277
11,9,0,264.9858370964955,252.0543122971833,2415
11,10,0,249.5919768267769,30.06302415687175,2434
11,11,0,244.3990839218829,28.31068071906591,2439
11,12,0,253.4132103567461,39.90018924873323,2462
11,13,0,239.4749686214456,27.97627753654977,2401
11,14,0,239.7501023103284,27.47795360065113,2435
11,15,0,231.4181568563768,28.13864693545468,2357
11,16,0,234.0491126251384,40.44370926312463,2399
11,17,0,236.382196767848,27.69475769315007,2399
11,18,0,227.0595511762932,26.16272245646371,2339
11,19,0,173.6238709619269,19.90396325291934,1788
12,0,0,135.2427425387684,16.66731696446613,1275
12,1,0,160.9822826423524,20.87929436355542,1478
12,2,0,187.455189045421,22.96528285160591,1766
12,3,0,208.9630314740301,25.64970228110536,1959
12,4,0,229.6996981866311,28.28548138385664,2181
12,5,0,226.7329213838968,27.46594386757275,2174
12,6,0,230.2132064052635,28.03529907333203,2223
12,7,0,241.5501586526853,50.60473841289167,2308
12,8,0,252.2142954087138,71.64427351414223,2401
12,9,0,241.1126993950119,27.9421040456263,2387
12,10,0,243.6045019078427,28.90662202382426,2400
12,11,0,235.8344583953668,27.38407699945951,2344
12,12,0,243.3712336529798,56.0736726097617,2393
12,13,0,234.4521565373911,26.87538383203284,2377
12,14,0,244.8402232934603,113.7498994891737,2420
12,15,0,238.1711098827666,27.27712419931758,2428
12,16,0,235.1302209132018,27.48246952363501,2409
12,17,0,230.8280691692023,28.21089483127705,2372
12,18,0,226.0056375287361,25.68665024757469,2338
12,19,0,177.5789982965096,19.82938337723669,1856
13,0,0,131.3307421435096,16.11959023730403,1228
13,1,0,167.0482031749194,20.12925599678835,1581
13,2,0,185.0334238666288,22.24902638394379,1739
13,3,0,211.498884478692,25.62085581756301,2001
13,4,0,220.8761921426201,27.10293844926744,2088
13,5,0,231.7581065450667,28.89747623891411,2199
13,6,0,236.4130316040085,28.69213900040438,2253
13,7,0,238.8250936862785,41.94530280493143,2303
13,8,0,253.6465482021614,137.2405282800752,2347
13,9,0,245.8268695025342,76.10522990638178,2338
13,10,0,242.4836769544315,28.8101803060608,2393
13,11,0,235.5706967108841,37.42782754508841,2312
13,12,0,252.4009425249785,60.67928251656058,2472
13,13,0,259.5029226980706,417.2943361589363,2407
13,14,0,261.4206736527361,357.4162617437522,2499
13,15,0,244.4463940802082,28.63563157772394,2455
13,16,0,231.612837023733,26.53634337650763,2385
13,17,0,243.9630939249397,158.9908597858924,2364
13,18,0,219.3475390286084,104.9679427133704,2201
13,19,0,167.6863884176801,30.93980972526795,1735
14,0,0,123.492371859444,15.23728728144619,1153
14,1,0,155.8453085174266,19.46761503528081,1446
14,2,0,193.6810255260128,83.07343565305771,1758
14,3,0,203.0820552441351,24.77407922630601,1928
14,4,0,212.8838845391839,26.8548976750614,2038
14,5,0,230.2678478449251,27.56821063025765,2208
14,6,0,236.912237407716,28.42538191719771,2271
14,7,0,244.8672048648444,29.89124363225676,2354
14,8,0,243.1014243213268,29.3616837302396,2355
14,9,0,233.7734502285305,27.49621725386064,2299
14,10,0,252.075913095706,178.9059546435008,2370
14,11,0,252.7272020822152,162.230756702811,2391
14,12,0,251.2309655466231,86.60241135876082,2440
14,13,0,234.3142338867163,45.07164316009697,2336
14,14,0,234.2598138360189,26.95662417156955,2397
14,15,0,241.6282686180885,71.27221136023935,2373
14,16,0,237.4342501366358,27.37566315744512,2450
14,17,0,231.4307605834213,26.05652396612592,2409
14,18,0,220.2061329729472,25.03800933655305,2276
14,19,0,169.0186343158261,19.58549355201589,1733
15,0,0,117.9485308501002,14.7742077821198,1094
15,1,0,156.368075890697,19.73615050017572,1439
15,2,0,182.604505662449,21.80589253452717,1734
15,3,0,196.5652542636015,23.90740335398638,1869
15,4,0,224.0672132618776,27.09355176004411,2134
15,5,0,230.4483849899637,120.7160967471095,2108
15,6,0,226.4608493945799,28.73741687968714,2161
15,7,0,245.3201356792382,137.5770561324664,2213
15,8,0,228.0821375353462,26.50324900498896,2247
15,9,0,222.3923788769397,26.3825629644209,2202
15,10,0,251.2774726750606,183.8702943072938,2306
15,11,0,236.7918605906667,27.93854675308875,2338
15,12,0,231.2687391736939,75.88755504958692,2276
15,13,0,250.7453221017582,68.39376595234286,2464
15,14,0,234.9833395139765,146.5118798102405,2303
15,15,0,234.5762543279997,26.64208265536347,2388
15,16,0,234.3226406667036,36.31941823395115,2419
15,17,0,242.0051476782491,419.8929746904487,2303
15,18,0,214.4777571966416,24.14385983693841,2222
15,19,0,165.4079614394429,18.39942476518594,1742
16,0,0,116.3528789741817,14.55707433795708,1077
16,1,0,152.1762168760699,30.12196974130863,1392
16,2,0,167.2481162807177,20.91745000489469,1570
16,3,0,195.7743848893643,24.04677105637173,1860
16,4,0,211.4259581356808,26.08207565727552,2013
16,5,0,218.1607767857357,60.00041182998771,1982
16,6,0,218.7338752441173,26.25992441940293,2117
16,7,0,232.9962528002938,92.61405500248655,2135
16,8,0,227.7422708139878,27.58590928193647,2209
16,9,0,242.9947022245593,231.1539527695186,2209
16,10,0,243.5911467734226,220.3888761411179,2227
16,11,0,243.4830275146356,243.8686552081108,2275
16,12,0,226.5020587547131,32.57504565948322,2236
16,13,0,235.1142833549012,120.1830002517124,2260
16,14,0,225.8457199870541,36.1087899152641,2314
16,15,0,250.6337614325177,321.8839812485199,2344
16,16,0,241.980757643883,26.86309349737751,2504
16,17,0,237.3508375918226,62.50798724902905,2337
16,18,0,203.8267524559063,23.16318051705419,2111
16,19,0,190.9912490102647,704.9710146442615,1733
17,0,0,106.6494575548314,13.23281319272804,997
17,1,0,135.7051221524758,21.18467125955401,1258
17,2,0,157.1820544283745,34.39067888197417,1425
17,3,0,176.3194492670713,60.54611133190277,1600
17,4,0,197.1509861570659,170.8340969130363,1801
17,5,0,192.7234052214584,23.99888161776324,1823
17,6,0,195.9215366758038,23.62923235839101,1876
17,7,0,211.0715663980523,269.4863896902054,1843
17,8,0,201.2115274660026,24.73715436927442,1941
17,9,0,198.1005380009324,22.82327791827087,1970
17,10,0,203.2286176936941,24.13080954359042,1994
17,11,0,216.3471882741798,61.42890952191616,2082
17,12,0,210.6250052911304,24.78058846980325,2105
17,13,0,214.5058540954842,27.6743135018831,2170
17,14,0,214.5868605161266,24.99032255439128,2154
17,15,0,219.2614170207415,24.99997258010688,2231
17,16,0,222.2238278194238,82.99545138748331,2179
17,17,0,226.7142521204516,102.1921362929835,2246
17,18,0,224.2364852642345,348.4951258362351,2125
17,19,0,163.4253897934368,18.84627767680724,1673
18,0,0,90.57026443988164,11.31727592285846,848
18,1,0,109.8967458259515,13.10029254325811,1038
18,2,0,140.4327460925729,17.62233354799504,1305
18,3,0,156.0911294279155,25.38716861289023,1467
18,4,0,168.8954557081944,108.8168537018589,1522
18,5,0,160.6817136921086,20.10565688008831,1532
18,6,0,173.4746395140876,33.02530523178836,1621
18,7,0,177.6529950928954,48.43191757802931,1690
18,8,0,172.4047722368549,20.61924510081256,1673
18,9,0,178.3565625629308,21.40173683712302,1746
18,10,0,185.2223360543047,21.76550983456858,1820
18,11,0,184.0567081252089,20.98149733724989,1860
18,12,0,185.3585983707844,21.24097010849291,1859
18,13,0,184.0481065946337,21.77413959662937,1848
18,14,0,194.3735678171095,21.6501791066293,2016
18,15,0,192.0571821330201,25.77542610280236,1919
18,16,0,196.6253721524593,132.9504966557288,1883
18,17,0,203.7682643770349,38.08509495416766,2058
18,18,0,188.1551089641377,115.7768543411256,1847
18,19,0,145.7384450985585,16.78176140183461,1501
19,0,0,77.57752619920629,9.210359256711072,742
19,1,0,90.7864290998963,10.49457752584941,882
19,2,0,116.0990609674611,14.55475528874026,1083
19,3,0,121.9854023029473,14.80872089624284,1157
19,4,0,131.8214938278622,15.7845457780903,1269
19,5,0,132.2055647143844,15.61836294709868,1278
19,6,0,134.3601423565796,15.74030305048346,1303
19,7,0,140.8834863096128,17.04312854079631,1370
19,8,0,142.7661244155689,25.26757324105428,1363
19,9,0,141.3410650402216,16.90555897197511,1395
19,10,0,132.3020202671961,15.37716650507571,1324
19,11,0,139.1183888792215,16.30098030023441,1379
19,12,0,149.2478355402554,17.43253640328422,1482
19,13,0,140.5242882587213,16.356522606209,1405
19,14,0,180.2448058781227,752.1572125337915,1548
19,15,0,144.7221777098317,16.74486047324025,1475
19,16,0,138.5896423391455,15.17950745228729,1458
19,17,0,151.2953821357022,17.36155946032723,1557
19,18,0,143.3434808729191,17.1266660442486,1498
19,19,0,108.4564177464301,12.52615502420672,1117
