# mesh name: boxMesh_1
# primitive scorer name: doseScorer
# iX, iY, iZ, total(value) [MeV], total(val^2), entry
0,0,0,74.62382342988599,9.210752359610556,708
0,1,0,94.17058972046982,11.57740679487971,895
0,2,0,108.0319238860408,14.02913897426073,1007
0,3,0,125.0895126883552,16.09570540292325,1164
0,4,0,132.0546636900291,16.23582638677807,1254
0,5,0,142.2846797298218,17.43954921206945,1355
0,6,0,141.0092781064189,16.52972920592531,1380
0,7,0,143.3837196888082,17.40366754909917,1380
0,8,0,146.9386705034935,18.83842242692097,1425
0,9,0,137.7543615318601,16.20523203171215,1361
0,10,0,140.2737124348257,16.41327134443774,1393
0,11,0,151.625477793629,29.19261276420291,1474
0,12,0,141.7032569496598,20.69337998704682,1392
0,13,0,141.369576539905,16.5641512622589,1410
0,14,0,173.2213586663692,1080.774716889224,1445
0,15,0,135.835319189873,14.97739187704033,1403
0,16,0,140.0383902841611,15.96815015503534,1415
0,17,0,143.9355412875759,82.20410597417909,1395
0,18,0,117.6724141645537,13.20580800366012,1197
0,19,0,90.53538766367038,10.25289438451911,924
1,0,0,96.36073401597824,11.48488202310711,925
1,1,0,119.6592237563019,13.88496437925803,1164
1,2,0,138.8706526779353,17.12888899770245,1301
1,3,0,146.2544929181995,17.63035428535427,1411
1,4,0,164.418272049163,51.62910127116697,1506
1,5,0,183.0485090366976,50.20922337227218,1717
1,6,0,173.5577047076011,43.64555055442235,1612
1,7,0,184.4582964394428,75.14988544094248,1710
1,8,0,177.19508576171,21.13077188797569,1707
1,9,0,181.1020044107006,21.41183142828549,1797
1,10,0,183.284735966797,51.09339966743597,1746
1,11,0,175.2919347049168,20.82530902838266,1735
1,12,0,199.768983210738,255.0137660828129,1831
1,13,0,180.0251711434597,59.73967868525757,1781
1,14,0,177.6198428298171,20.77450330831772,1793
1,15,0,182.0830584483268,21.50663286049652,1795
1,16,0,179.0214256983274,20.81475015459154,1809
1,17,0,175.3182925694408,20.44055787315981,1769
1,18,0,153.4769117987327,18.97061745243716,1523
1,19,0,127.9451026149022,57.68469959648942,1240
2,0,0,114.005505703268,22.66966900087117,1055
2,1,0,137.6384291212774,16.63542072091208,1320
2,2,0,163.8906958463108,20.62878681683634,1525
2,3,0,168.0598933520301,20.2342542837717,1624
2,4,0,181.4777474163069,21.86976915161409,1740
2,5,0,204.4513250877049,24.87243207853125,1966
2,6,0,199.1542484721617,23.99253688475759,1907
2,7,0,200.8782601384833,24.11749975326475,1964
2,8,0,208.0616505497879,26.23541585554782,2051
2,9,0,209.0622351766769,25.06510228041859,2048
2,10,0,198.6716458631412,60.92429116311448,1895
2,11,0,211.8771002695245,87.27696038124397,2006
2,12,0,204.1231094430609,24.32383832905406,2026
2,13,0,212.8906631368066,24.63621117228409,2140
2,14,0,218.9064233005855,46.47961098789305,2169
2,15,0,204.7070260970595,22.95827884533657,2089
2,16,0,203.4740638659559,23.13568216992617,2073
2,17,0,197.9905381851481,23.25627063019595,1986
2,18,0,184.5047446676147,98.01551756959873,1745
2,19,0,137.0763125472882,15.89168026298547,1393
3,0,0,126.0257069359265,15.50157502943923,1199
3,1,0,154.5584030485907,18.87602107239164,1461
3,2,0,172.3286063588527,20.96877418227321,1628
3,3,0,187.705339934114,21.79722903537169,1822
3,4,0,208.5406084961077,24.99135702702374,1994
3,5,0,222.3831128965613,257.1643329057083,1929
3,6,0,210.0751643183466,24.6540846838941,2051
3,7,0,221.198720028077,26.65231306901732,2136
3,8,0,246.1144495528791,895.4313464590696,2129
3,9,0,226.7002304982594,26.27004453216803,2234
3,10,0,253.1565468505318,405.7594160740605,2244
3,11,0,217.5825516216217,24.70350798752559,2181
3,12,0,234.1164707964159,57.2654512701699,2255
3,13,0,242.7314497403228,292.5007197502243,2263
3,14,0,227.5149111060122,25.97319949556502,2292
3,15,0,227.4104434936598,26.19094494474084,2288
3,16,0,221.2001942901629,25.5234491860328,2235
3,17,0,213.1578982668175,23.8533501957074,2185
3,18,0,190.9794622928698,23.82985500440794,1917
3,19,0,151.6635451307927,17.13912501241163,1554
4,0,0,128.2201087097598,16.69583773910387,1185
4,1,0,152.1527756462617,18.48269460408201,1440
4,2,0,183.4180415295295,22.3418786136511,1729
4,3,0,228.4098092303241,192.6072158204691,2040
4,4,0,223.2956652005268,27.31907678553199,2128
4,5,0,223.2123362428748,27.34908349514802,2122
4,6,0,223.4949096641991,26.6771511012596,2168
4,7,0,231.8513277255943,28.46413227926493,2226
4,8,0,236.608825852361,63.59932778059987,2255
4,9,0,228.8881784511795,26.87998214348465,2256
4,10,0,240.2928125203039,53.93033974663994,2304
4,11,0,233.316560598834,27.77381820552531,2310
4,12,0,267.423496975666,553.2475791763836,2332
4,13,0,241.1079531199132,28.83157726741281,2419
4,14,0,252.0640558822825,261.7917820519966,2369
4,15,0,244.1820337386092,28.48567216762897,2450
4,16,0,230.0954168425283,26.3544583920282,2322
4,17,0,211.2806837104978,24.21124945063158,2150
4,18,0,194.626568731254,22.91258712763736,1965
4,19,0,147.4238912293868,28.29685600636,1456
5,0,0,131.8328669138175,16.37403921647721,1244
5,1,0,154.2029441513458,19.127296630301,1446
5,2,0,187.8711213124093,22.89038553568041,1772
5,3,0,205.9252933884364,25.42662456665849,1952
5,4,0,227.1846335522338,42.53043838656682,2135
5,5,0,230.3772559987592,32.26039220525639,2177
5,6,0,238.5488775317193,54.17560833272738,2266
5,7,0,242.2679322173488,29.15803928707304,2330
5,8,0,244.9928054194533,29.8454130303321,2367
5,9,0,241.5450761743363,30.33282279616816,2369
5,10,0,244.1149498859475,29.48549370818007,2386
5,11,0,272.0174702808321,1035.333183164992,2379
5,12,0,226.5680196056277,25.92426595919412,2267
5,13,0,238.1315847621211,29.22442727142466,2385
5,14,0,239.5458722087956,27.90001239168721,2386
5,15,0,236.3325397576257,26.69777621261949,2407
5,16,0,239.5626620074919,27.27714638930368,2420
5,17,0,227.5824581167566,169.4251519306983,2195
5,18,0,199.8456526724774,22.91948859921794,2024
5,19,0,150.2376249924578,16.75431693138905,1551
6,0,0,133.5732214073209,16.08279517395487,1273
6,1,0,158.7547060552746,19.40334662272671,1518
6,2,0,194.3496439518744,23.64480029488801,1849
6,3,0,216.3663802859289,26.98537061995305,2040
6,4,0,221.9102447724891,27.46620759853904,2110
6,5,0,247.8192915058089,211.9451203192218,2250
6,6,0,238.9936628520718,30.20298025193761,2294
6,7,0,239.5475861708358,40.75266713309959,2287
6,8,0,246.1907443938633,32.03970136875241,2390
6,9,0,269.4056321815037,709.7886688311658,2381
6,10,0,240.9995723098171,29.17938902970459,2348
6,11,0,244.03411592278,28.7835650382141,2395
6,12,0,242.0894548028336,30.22028046661257,2390
6,13,0,246.4397940272044,78.85764597108083,2381
6,14,0,243.6657382517016,29.32732572795042,2403
6,15,0,235.1683456826054,34.5185286010438,2378
6,16,0,245.1005356749583,340.5041401737402,2315
6,17,0,222.9256382432612,27.69930754258852,2255
6,18,0,194.7004334363625,22.7497495602073,1966
6,19,0,159.6075415046543,74.18565291523817,1570
7,0,0,135.160306486435,19.78181395791751,1255
7,1,0,165.3104678588259,19.86179191702175,1568
7,2,0,196.174898735479,33.30147480526166,1809
7,3,0,220.6448137242614,29.31036239050039,2094
7,4,0,243.8380880195317,76.64033054180754,2247
7,5,0,227.4341049598505,27.18093977870938,2195
7,6,0,232.1579039502574,31.04055880998034,2229
7,7,0,263.6447475107173,240.0608603870781,2378
7,8,0,234.3030580273951,28.13781304805624,2290
7,9,0,248.4369837226926,28.68580003278513,2450
7,10,0,243.5887061107588,36.74206706049031,2372
7,11,0,245.6926221385918,43.20155881796707,2402
7,12,0,240.9743067844005,27.91182198982379,2414
7,13,0,237.0110224117274,27.13512017170515,2388
7,14,0,237.1542689715046,27.4377912503144,2385
7,15,0,243.4700653352421,59.88138260219364,2378
7,16,0,259.5151232091582,206.3024704404419,2439
7,17,0,227.8583642600611,54.54446157956026,2281
7,18,0,209.1198544760931,254.052115029012,1976
7,19,0,154.7424880384328,18.86346945075687,1557
8,0,0,129.0539518200405,15.32790095923452,1226
8,1,0,164.3780688142355,20.87032892170831,1560
8,2,0,221.8626059252473,533.361266942516,1910
8,3,0,223.432100956173,72.87146236974081,2066
8,4,0,228.5725719531021,27.28071112693789,2204
8,5,0,229.8253058670517,26.76537667706315,2245
8,6,0,264.8259736234113,570.4410341348778,2327
8,7,0,240.066520397295,28.55835986633836,2337
8,8,0,241.8409613082948,29.12563333787245,2351
8,9,0,248.0114548283801,260.652943845909,2304
8,10,0,236.8084396665241,27.85245731898214,2346
8,11,0,238.1309418065094,29.16212016801229,2338
8,12,0,245.5939187433212,29.46881416052312,2391
8,13,0,236.205170524574,27.93769438254969,2342
8,14,0,229.2788247093291,26.14290876121421,2320
8,15,0,225.1228145730925,33.59289673697631,2275
8,16,0,237.2209454372002,27.53077331402305,2367
8,17,0,213.7478835414202,24.45266566667233,2203
8,18,0,184.3063613742297,20.42545282785752,1907
8,19,0,145.9678651473056,16.19748252547646,1512
9,0,0,135.1015228246186,16.77112160214261,1261
9,1,0,163.4672158986431,19.84238745696493,1563
9,2,0,199.0074618079103,25.33847262243947,1887
9,3,0,213.1448344276975,26.26567681583325,2010
9,4,0,239.0680256836709,39.01128686609691,2237
9,5,0,237.5771316617194,39.32601071323359,2252
9,6,0,247.6419191616021,195.2642200433218,2254
9,7,0,243.0580022235696,29.33996873669292,2354
9,8,0,240.1156946584492,28.76875213864401,2352
9,9,0,245.9460293304811,28.89650572855014,2423
9,10,0,234.7594267659964,29.9697582237275,2331
9,11,0,241.5693489267917,29.1103631501441,2376
9,12,0,243.3430144815626,28.41374036242404,2409
9,13,0,274.4276066246674,353.4359193470591,2484
9,14,0,266.5852720881326,242.1274218314541,2490
9,15,0,245.7362590545105,49.49318425616908,2409
9,16,0,238.9833567687344,110.8988479821336,2334
9,17,0,228.1274247839851,25.79847581083304,2329
9,18,0,194.2832676766163,22.00976490962161,1998
9,19,0,150.3202543655617,16.92694823009631,1551
10,0,0,134.3790916625447,28.32279611021748,1237
10,1,0,194.2981435834448,309.6646082228621,1617
10,2,0,202.7975793550562,51.59293942094173,1866
10,3,0,210.9917071205432,25.22459029403372,2024
10,4,0,231.1577358318518,27.95781000239939,2203
10,5,0,232.6084775256005,28.75743480658118,2201
10,6,0,234.5595304502003,27.94938679638384,2277
10,7,0,239.2833802755654,28.78793858813204,2295
10,8,0,244.4542510249695,72.0877302168325,2315
10,9,0,237.9482111758076,27.8086675478001,2350
10,10,0,243.2908607198199,59.52827437809047,2330
10,11,0,232.3959081802582,26.27474735510039,2347
10,12,0,264.7804796218324,354.9286682299179,2402
10,13,0,234.2649980293161,26.50187823069484,2378
10,14,0,236.5221905087644,37.97042604731025,2366
10,15,0,265.7491342512736,482.1023183515375,2383
10,16,0,234.6770610397157,30.25324034631173,2369
10,17,0,225.6302513916254,27.07891809310989,2270
10,18,0,192.7226947259627,22.38277841472778,1945
10,19,0,157.1479856607139,18.17379648667442,1601
11,0,0,135.5511195948506,16.87177351713761,1271
11,1,0,168.3071184245192,21.39553947521105,1569
11,2,0,190.1995842997628,22.37023007147035,1840
11,3,0,219.9113263379934,36.2979846009322,2065
11,4,0,226.8516061036945,28.23976043165752,2188
11,5,0,240.8863355682322,35.2107697975789,2295
11,6,0,236.7198985756644,28.67311291479656,2287
11,7,0,235.762627372825,28.17398587764255,2293
11,8,0,250.6161558604243,67.17670211222804,2350
11,9,0,263.1700385858836,180.0230106992396,2430
11,10,0,246.8132382370273,29.60188529152859,2421
11,11,0,248.6971548574819,126.9153318294601,2341
11,12,0,248.5090784661884,28.78512996737681,2471
11,13,0,290.027511950689,1153.684032260851,2375
11,14,0,243.0454704497944,28.35539190673386,2431
11,15,0,231.299096312496,72.9388468998438,2256
11,16,0,230.7856015275011,26.36290517897697,2335
11,17,0,215.3647034091503,24.40385756618791,2211
11,18,0,209.2770953839944,51.38947126489535,2069
11,19,0,156.9224949608019,20.73594429144924,1597
12,0,0,134.687569317408,16.90432207186973,1266
12,1,0,168.5150884832999,20.17964448071115,1626
12,2,0,206.7566950996788,219.2931192766032,1847
12,3,0,205.7924692354613,25.02958963721769,1959
12,4,0,224.0133180759652,27.18352350927228,2131
12,5,0,258.848542187969,544.0441613822346,2211
12,6,0,236.1361198831219,28.50757611237706,2280
12,7,0,233.7481282992461,28.21420845636086,2267
12,8,0,235.7826528913045,27.67021647580529,2320
12,9,0,269.8329930148364,737.2054507858447,2380
12,10,0,276.0598301346146,462.8853935240662,2442
12,11,0,250.2185732781623,41.28865556058672,2453
12,12,0,239.8931419431857,28.39708989707662,2377
12,13,0,242.4924843330085,28.73257853353542,2413
12,14,0,242.9553343705036,161.1432999595753,2296
12,15,0,240.4695875996079,29.13624843084254,2409
12,16,0,227.0204426670322,26.44956290527771,2303
12,17,0,221.4134656732423,28.92954409771067,2215
12,18,0,197.6235705694199,23.25715233672064,1995
12,19,0,158.9747101347924,18.62139923965576,1604
13,0,0,137.0580322808324,48.87723818795605,1257
13,1,0,164.2027258956227,19.79373164660862,1554
13,2,0,196.2196155983167,24.09624419127777,1861
13,3,0,212.1406679849271,25.42509549257425,2043
13,4,0,228.1882497767072,33.1106293539006,2166
13,5,0,237.8964060752628,28.64561704332635,2295
13,6,0,241.8717381462531,32.71415236905084,2310
13,7,0,240.2234339584594,28.61302043177342,2326
13,8,0,240.165595141363,27.96774408127364,2369
13,9,0,236.2996328949984,27.54665926191436,2325
13,10,0,239.9879340061912,28.41459054562029,2366
13,11,0,231.5015488198192,27.1982821555421,2299
13,12,0,240.1180132203814,27.2885485210567,2407
13,13,0,243.840650247074,193.1728830951888,2289
13,14,0,237.8917833763168,27.99895913826788,2373
13,15,0,243.5111708181538,28.01662143295162,2443
13,16,0,226.5375283317984,25.55887555396123,2320
13,17,0,216.015365167614,45.39539136539823,2168
13,18,0,184.0700015246646,21.30883602842547,1885
13,19,0,148.2853861436698,16.90028391584387,1522
14,0,0,127.2250184855698,15.06146684919281,1227
14,1,0,156.2437786879269,19.44595533909958,1466
14,2,0,188.9083186984256,26.65508818929033,1781
14,3,0,210.9654058847501,25.10130760001828,2028
14,4,0,217.040230925149,26.06972083353407,2090
14,5,0,232.6086244017133,28.29588296965275,2237
14,6,0,225.6982799101783,26.26489727203238,2204
14,7,0,238.2173288076918,28.64611725372303,2306
14,8,0,244.4688117206445,77.09730653459515,2346
14,9,0,231.673797385666,27.68997567816559,2265
14,10,0,236.1439502829505,27.6752731096166,2342
14,11,0,265.5410526162232,359.4455618968974,2405
14,12,0,244.2621615725352,34.39258795511243,2386
14,13,0,238.9581225150139,28.04953324988695,2393
14,14,0,239.3837574432618,64.43627377121885,2324
14,15,0,227.0242193835053,28.15947933823875,2280
14,16,0,230.105631821775,27.07713669166126,2312
14,17,0,220.8480885396401,40.26217788210081,2188
14,18,0,201.6944183637555,37.14836570385559,2026
14,19,0,155.6221198886394,17.44492821528618,1601
15,0,0,125.4753126657981,15.14011381443278,1189
15,1,0,161.2977862009606,41.55771925622856,1466
15,2,0,188.7399798078902,54.94736693447884,1756
15,3,0,208.5880987153544,25.72866772117162,1975
15,4,0,213.4175739756633,25.39400666335448,2060
15,5,0,220.5096936541786,26.06754628139428,2133
15,6,0,223.1421834303512,26.50864913056263,2191
15,7,0,224.480663687414,26.76132449538289,2178
15,8,0,235.9270315361531,27.51874237939071,2316
15,9,0,229.7816424504803,44.77814662435801,2234
15,10,0,234.7580935593509,28.68179897639246,2296
15,11,0,245.5584644554487,29.68603882729792,2389
15,12,0,245.3349646804365,96.27275261721948,2313
15,13,0,239.8110141351412,28.07211389791493,2410
15,14,0,262.5160980330917,383.9861220968943,2362
15,15,0,233.3868176673007,26.5316246065788,2355
15,16,0,228.0708390518216,26.07779247425591,2323
15,17,0,219.3390068387103,24.42581007929619,2251
15,18,0,195.4397008677933,22.63156475102208,1986
15,19,0,153.2370838033372,39.72279373290574,1524
16,0,0,116.9092369820571,14.4914942300997,1109
16,1,0,147.6085644048932,17.87439846664854,1403
16,2,0,171.915318938109,21.30948858584635,1617
16,3,0,183.5000518109196,22.19015383114809,1755
16,4,0,213.2451594810233,27.53729960988485,2005
16,5,0,215.8222611145807,27.07186464753766,2043
16,6,0,246.133017352237,558.066103604962,2112
16,7,0,219.6184061423998,55.17801221560988,2103
16,8,0,211.9174202216253,24.97373885427001,2078
16,9,0,222.2273440922817,25.78591498978923,2188
16,10,0,217.779982211463,25.99981009826745,2127
16,11,0,233.6986597332332,29.28884280034777,2285
16,12,0,220.6726659713796,25.56566065858524,2201
16,13,0,228.8527958553857,26.95644157032153,2273
16,14,0,233.9073631190578,27.4421768971633,2326
16,15,0,229.7702803203623,30.8360429283425,2286
16,16,0,226.4824227380988,36.20933368534624,2283
16,17,0,218.2448414344233,26.11586307560185,2169
16,18,0,193.2311160826688,192.3460063854507,1855
16,19,0,142.7914415487855,16.78258716279849,1447
17,0,0,107.7561177184825,13.08476081292921,1028
17,1,0,139.785220850243,17.49606042534753,1313
17,2,0,173.8932576079892,73.99975672090153,1586
17,3,0,195.5764427873099,160.0466048970163,1752
17,4,0,192.4805381523572,23.33022719191905,1847
17,5,0,204.692289492522,110.8332641377757,1880
17,6,0,196.5188136831953,24.89349317090665,1900
17,7,0,198.2711837097009,32.41024538008579,1914
17,8,0,205.4092801078463,66.89434189618144,1922
17,9,0,203.8832079441596,37.83738045978848,1947
17,10,0,214.3502031918374,83.84149489533179,1990
17,11,0,205.4018624133996,24.36700014002236,2011
17,12,0,210.7411366860981,24.49360302943655,2103
17,13,0,225.8059442216633,154.6068407313938,2148
17,14,0,209.8865401660959,24.74099422315172,2081
17,15,0,215.3884917717036,85.52976610757287,2038
17,16,0,200.3918861732174,22.71552969767631,2030
17,17,0,199.4912110500014,22.65941389481997,2033
17,18,0,169.3631527218145,19.37147250761204,1723
17,19,0,157.1579353272715,467.6384321701399,1372
18,0,0,92.02623086366116,10.96797015081055,884
18,1,0,111.2983048302221,13.35494265393422,1061
18,2,0,141.2273375052157,17.41563937803259,1342
18,3,0,155.0705298168629,20.30244923952101,1478
18,4,0,162.6430895537221,19.76777928138453,1557
18,5,0,169.7603277286838,21.11713090260495,1627
18,6,0,185.1561908212319,187.5983866708396,1655
18,7,0,167.6419097641221,19.24686330079437,1656
18,8,0,174.185400295395,20.65560079320266,1699
18,9,0,179.3768660395774,20.5704814558561,1784
18,10,0,195.1286942845747,93.16746387849041,1831
18,11,0,184.9434974389013,21.60116368706152,1835
18,12,0,179.7093830482659,21.73505836356214,1760
18,13,0,180.5908536376977,21.30089677875124,1785
18,14,0,199.8108432122806,126.8425846684273,1910
18,15,0,173.6798740073073,20.05911499935474,1767
18,16,0,185.7381795780203,220.7516971950487,1747
18,17,0,168.1255380724936,18.91596396078262,1720
18,18,0,153.5195910410024,17.15432891135803,1578
18,19,0,126.5250078017883,19.68161975436097,1250
19,0,0,76.19712670803248,9.172201787164909,732
19,1,0,94.52340640614672,10.91660772006028,922
19,2,0,109.6645123301921,14.90286960477903,1046
19,3,0,122.0842953785601,14.72726517637264,1172
19,4,0,132.6400844535116,15.79611405603939,1275
19,5,0,155.0836702866049,476.4178389004402,1299
19,6,0,139.5532333407226,16.41308457907734,1370
19,7,0,142.8044866009886,16.53596157287599,1420
19,8,0,136.3780290715032,16.69190179890021,1314
19,9,0,138.6670297193782,16.36550723532264,1353
19,10,0,130.2873357500954,15.12689676798071,1305
19,11,0,140.782315504209,16.29772858586715,1390
19,12,0,145.6512300173671,17.68972280837265,1436
19,13,0,144.0849232030743,17.59397985517181,1432
19,14,0,164.1521502578715,307.7005237835999,1488
19,15,0,150.1302427426855,29.16856105298971,1447
19,16,0,142.6866302844067,38.0886427859558,1380
19,17,0,156.8631986875991,535.5950072866203,1356
19,18,0,116.6577699937062,13.60204326214656,1171
19,19,0,100.0113803708214,45.71108481789436,963
