# mesh name: boxMesh_1
# primitive scorer name: doseScorer
# iX, iY, iZ, total(value) [MeV], total(val^2), entry
0,0,0,89.42596449462719,227.5819581660292,656
0,1,0,102.1683256002424,41.24495540865328,834
0,2,0,101.9195308598083,13.24982596222666,907
0,3,0,111.6256422515964,14.29948845956529,1005
0,4,0,124.3616698565013,16.07909251595499,1111
0,5,0,123.5702800359263,15.85229054355819,1125
0,6,0,131.4654385010139,17.29329992396914,1180
0,7,0,136.0299723234372,17.95122852280585,1219
0,8,0,139.4169745373572,17.45911891910903,1266
0,9,0,145.2408367829073,55.21767887992675,1270
0,10,0,138.7834640017131,18.27060322266513,1285
0,11,0,137.6419870098318,17.0549736456215,1293
0,12,0,135.7563867481578,16.71001733187366,1273
0,13,0,132.1973360307387,15.98226127115471,1257
0,14,0,133.4348760515615,16.1479826840263,1273
0,15,0,132.4834253234526,15.95743953375837,1285
0,16,0,128.6201170814007,15.44198228131316,1243
0,17,0,119.5712536241071,14.17753171469851,1168
0,18,0,106.4081003741005,12.68755748675439,1027
0,19,0,78.16112499893667,9.356138981614544,754
1,0,0,85.98039788292358,10.79753995116404,773
1,1,0,110.1435467309994,13.79178651483751,976
1,2,0,126.6008868538094,19.05490013324855,1111
1,3,0,133.2320862732502,17.51715524726126,1180
1,4,0,181.5355805231815,539.415433600863,1407
1,5,0,157.0513309405393,19.75658963935548,1421
1,6,0,159.0039015803783,20.36310403715188,1443
1,7,0,189.8767714261867,419.2629240231038,1535
1,8,0,170.785758056047,21.85145205160997,1554
1,9,0,167.093666599542,20.72517476512999,1557
1,10,0,164.5657724447802,20.79321524298997,1518
1,11,0,172.6149681468147,21.26662775558489,1617
1,12,0,169.5851211990127,21.35528786089872,1583
1,13,0,169.8361712040851,20.5233553755601,1609
1,14,0,164.548758607888,19.80067986100999,1571
1,15,0,168.2984114467469,20.59621181633532,1607
1,16,0,159.4341242433269,18.63096884953599,1541
1,17,0,148.7684011195172,17.60606468844885,1428
1,18,0,136.4518216721706,16.95162996962479,1300
1,19,0,119.0800770002483,81.38144011362738,1071
2,0,0,96.65340970396534,12.46011137899858,871
2,1,0,126.8256787509743,25.99301478612085,1099
2,2,0,149.1001048585179,19.35410283234904,1335
2,3,0,152.0246550641947,20.21164719343482,1332
2,4,0,174.3687932315733,23.05206029331235,1535
2,5,0,181.8981738583819,23.6517648779901,1632
2,6,0,193.01754954795,24.42980456932172,1752
2,7,0,193.5600359409949,24.390078357015,1766
2,8,0,208.2222264804576,183.4406939991013,1806
2,9,0,192.8358547893494,24.16831264663421,1776
2,10,0,195.8744187361403,77.08448721618916,1761
2,11,0,207.536074025879,93.7435230371247,1836
2,12,0,191.7900269591104,23.98767708045353,1783
2,13,0,194.7812426735993,23.50188638592564,1842
2,14,0,191.5986061014738,23.24231169370143,1818
2,15,0,194.2145830567807,112.9561116018104,1766
2,16,0,186.2981787033418,22.24899120795712,1786
2,17,0,164.653855338647,19.99767329691659,1586
2,18,0,143.2981690762951,21.04575735352546,1389
2,19,0,117.1175390593902,14.17435325564773,1148
3,0,0,123.3646626954147,95.53047977585227,1008
3,1,0,140.8767088197526,123.6337333390442,1155
3,2,0,163.5767738104761,23.56487772408797,1412
3,3,0,176.2000398377045,22.24033375732309,1592
3,4,0,186.6442569048645,23.5796482910809,1688
3,5,0,237.0080629267628,1248.067053531212,1810
3,6,0,211.1076237505571,86.88691304075211,1854
3,7,0,205.0474059115345,26.08462114390664,1868
3,8,0,210.303585977447,26.85461491906265,1917
3,9,0,217.1314132448561,26.90292552722874,2008
3,10,0,218.7499322561382,27.64378198538832,2025
3,11,0,221.5598178579971,49.96476421225077,2023
3,12,0,214.3813681802264,25.96813785644433,2015
3,13,0,212.6762535437264,25.56420644996109,2026
3,14,0,214.3431742212819,25.99052227875058,2032
3,15,0,201.6060397791124,25.16633425477231,1891
3,16,0,200.8574800257698,25.21347235507111,1940
3,17,0,200.8491411308235,66.77442019549798,1840
3,18,0,171.3171513923852,70.57499694743349,1595
3,19,0,130.2535449509313,15.29679139695913,1279
4,0,0,122.8855818891725,16.15039138040193,1076
4,1,0,144.7228203669545,19.1312617425782,1273
4,2,0,164.5880571407812,22.72925013109797,1458
4,3,0,193.0842515648175,25.54379498942222,1687
4,4,0,220.0389107557906,52.36762088939118,1899
4,5,0,211.1302744592665,28.48729259774811,1870
4,6,0,230.6428425400947,109.5477430859252,2018
4,7,0,256.527246489821,1252.876193354035,1999
4,8,0,228.8001625148902,55.96035296689031,2073
4,9,0,228.6137538555889,29.12153849017558,2083
4,10,0,221.781880207754,27.4649995233015,2070
4,11,0,231.304797927738,30.06975954824101,2131
4,12,0,217.1852553439761,26.63573857125781,2043
4,13,0,234.9806389838808,28.67655073447245,2204
4,14,0,229.3774410282899,42.49015512577354,2118
4,15,0,211.3171700560122,25.2334956361519,2026
4,16,0,212.551911311202,25.4787589359995,2052
4,17,0,213.7519384170018,250.2583731052537,1899
4,18,0,206.5806250911262,329.3305890005514,1675
4,19,0,135.1847062121483,15.94672018614728,1318
5,0,0,126.3808151035831,16.88035953377756,1095
5,1,0,160.9646918353147,77.26927781370863,1359
5,2,0,180.7060498975873,25.70622143481692,1585
5,3,0,196.9814504875255,26.07775022016639,1726
5,4,0,213.7300397716919,27.84303283940601,1893
5,5,0,228.9805505396853,112.8724475782508,1979
5,6,0,220.4076921083428,27.99527295992483,1997
5,7,0,243.9413375622471,164.1484578871697,2049
5,8,0,234.4405431029868,29.62583954590665,2141
5,9,0,256.3567068144484,266.1821309070976,2206
5,10,0,229.2207144614908,28.31217222159524,2126
5,11,0,230.4689721386095,28.70798173702526,2159
5,12,0,248.0652761102758,191.1082491099687,2185
5,13,0,232.5732650138164,33.81385439411707,2175
5,14,0,230.1547198452481,27.47551310076133,2202
5,15,0,232.9533981242892,31.71848046266325,2173
5,16,0,238.1922969054421,261.0365869287351,2141
5,17,0,194.7757825320006,26.01455779322395,1872
5,18,0,194.544414643773,88.25365964086576,1769
5,19,0,146.713382132348,17.46130518544326,1426
6,0,0,132.8190947381491,17.7952085542673,1152
6,1,0,158.0605173499262,21.33267727991242,1362
6,2,0,182.9163151274541,25.35414422684575,1588
6,3,0,195.333251496166,33.63695955946611,1713
6,4,0,223.3752938840753,28.64623265819696,1989
6,5,0,224.6760399671247,28.88181467260386,2006
6,6,0,238.887141758423,31.17971735683591,2168
6,7,0,240.8402176310928,57.27898473953261,2146
6,8,0,244.8106308440818,32.2214245199187,2199
6,9,0,230.9655937510408,28.660916354417,2142
6,10,0,266.9161884297529,375.8174596022589,2249
6,11,0,242.9904112704829,29.52922353552674,2286
6,12,0,238.9331049492346,29.28398813551499,2243
6,13,0,244.1089062616097,30.53829553634307,2273
6,14,0,234.5024722464136,28.68848951769257,2218
6,15,0,241.6357431236348,57.5532690068661,2268
6,16,0,230.7073483934221,27.99907557590291,2195
6,17,0,213.1398920661444,26.41093810876605,2014
6,18,0,184.532925498294,22.79084102214369,1767
6,19,0,143.6156598538337,17.15626361762925,1395
7,0,0,128.6286767320617,16.45394298787698,1156
7,1,0,162.648905834056,23.20492992714581,1408
7,2,0,185.7045145595656,24.12599305866125,1636
7,3,0,203.0579485274646,39.85920047086498,1787
7,4,0,226.3209713678848,29.19718304677915,2009
7,5,0,229.8259118495267,29.69632620406952,2060
7,6,0,239.6310587781944,37.41183851424382,2114
7,7,0,236.5536972199571,31.58470619243695,2126
7,8,0,263.2779485325051,517.9409306981738,2198
7,9,0,247.184897152521,30.90689249704194,2278
7,10,0,257.4753098365484,32.17749473416741,2376
7,11,0,241.0615806314268,34.3809018594236,2234
7,12,0,247.7542585441076,30.02714056556013,2338
7,13,0,236.2242093146955,29.29887040386582,2215
7,14,0,247.1010931295347,123.1453953705072,2239
7,15,0,242.187391499268,82.07775745434054,2201
7,16,0,228.0989289859544,27.52602567241306,2176
7,17,0,208.7590699628229,25.81590710098576,1974
7,18,0,179.4795924144195,20.96874749805939,1752
7,19,0,147.7392173501416,17.82419521005184,1434
8,0,0,157.9135100893803,578.7853293439036,1199
8,1,0,167.1495123030189,22.47486245699616,1447
8,2,0,184.9237896924369,24.04434950539371,1625
8,3,0,203.5752845364171,35.2966881222218,1754
8,4,0,227.84813586269,36.5209560533467,1973
8,5,0,232.1798970162465,34.8010132872334,2043
8,6,0,229.0993572904428,29.6964083902908,2053
8,7,0,254.2622206047659,145.3648246810882,2207
8,8,0,259.4604567264003,56.65709063398449,2288
8,9,0,243.2683234513141,30.63020948946762,2229
8,10,0,231.607941183641,28.28162274115417,2183
8,11,0,253.3102908039208,32.52452391981204,2320
8,12,0,255.254677927162,158.4282634228751,2296
8,13,0,256.8909533464411,66.15865970208691,2362
8,14,0,248.4095062880776,103.7546699273847,2272
8,15,0,248.546804203586,187.7395636420446,2223
8,16,0,223.1477633895273,26.43202665098337,2149
8,17,0,266.1273507277362,1386.732619145823,2062
8,18,0,177.362899492912,21.49142312391353,1718
8,19,0,148.7780085217264,17.12794588078608,1465
9,0,0,131.9286679633039,17.81326669964502,1160
9,1,0,161.783175780903,20.85539166018645,1427
9,2,0,191.8092959906329,25.24133182060967,1696
9,3,0,206.9010726758072,27.424532290825,1815
9,4,0,226.0011174474866,29.83209964084693,1980
9,5,0,233.6203494361501,29.75600391957919,2102
9,6,0,232.8164974671019,29.78439502912922,2099
9,7,0,238.7743439846049,30.63267474252003,2167
9,8,0,228.831123393138,28.93871595001453,2094
9,9,0,245.0272630942279,30.15501998230732,2281
9,10,0,273.1374026136254,454.6494110792274,2295
9,11,0,249.1184691853877,30.79319681673172,2323
9,12,0,235.3260078275636,41.8048290013761,2177
9,13,0,243.5084806325455,31.95242247399618,2281
9,14,0,243.4395186655841,29.49087865381669,2321
9,15,0,229.9734121443083,28.10625657303002,2191
9,16,0,240.1490636454345,81.79072415959907,2240
9,17,0,234.3129952133238,201.3697842874875,2081
9,18,0,196.8158498912499,144.6548411161783,1764
9,19,0,149.349575668058,40.05373747702289,1427
10,0,0,130.0985837791453,16.63836188013797,1157
10,1,0,156.389398361849,20.24124866202164,1383
10,2,0,187.8543970410705,24.20229766751936,1662
10,3,0,207.3656850233176,27.23500536251846,1810
10,4,0,215.5063202246619,27.22316053485796,1938
10,5,0,235.6565980707916,53.60356136797581,2068
10,6,0,240.2079986168877,30.73508133431921,2166
10,7,0,238.1134107473978,30.39831533020538,2157
10,8,0,250.492638269192,31.91884809332349,2277
10,9,0,251.486932521225,31.01502690643764,2326
10,10,0,244.1008375478961,30.84975621291192,2235
10,11,0,241.5843748712203,32.11731292100681,2251
10,12,0,255.1512084607178,182.0933047966822,2279
10,13,0,262.5551281747132,526.7161006028889,2272
10,14,0,246.3578801033831,116.3006851241047,2266
10,15,0,227.4117529830906,26.78861915363139,2191
10,16,0,224.7417326049855,125.5953235157685,2075
10,17,0,212.8586777159275,25.39150925129713,2053
10,18,0,167.7410030224584,20.27884096001054,1607
10,19,0,144.3614186146019,17.39839163151464,1410
11,0,0,125.7021118759624,16.47683517131871,1113
11,1,0,157.7124875439067,21.20010814163222,1375
11,2,0,176.750023804301,22.63489900273377,1578
11,3,0,211.1894024891037,34.23698944012191,1828
11,4,0,223.635923706105,58.11177827697821,1930
11,5,0,226.7740186956384,43.57596890354366,2021
11,6,0,239.9179581932813,31.86885848690789,2150
11,7,0,244.4084435385705,30.04356780533411,2238
11,8,0,235.4686050080219,30.4072359489904,2136
11,9,0,244.1856785807899,30.06928997264185,2265
11,10,0,239.6672893835553,29.56472943963665,2225
11,11,0,254.2299158510498,31.69712203598649,2364
11,12,0,243.1431256760447,29.881444875107,2279
11,13,0,232.8259036450586,27.79410034926205,2243
11,14,0,241.1149473401946,30.6688927901667,2287
11,15,0,250.5007877187093,146.1677388478006,2300
11,16,0,222.8043034977217,25.9741261539197,2182
11,17,0,207.7190829701993,25.31957696099627,1996
11,18,0,176.4458264831798,21.59821830229259,1691
11,19,0,150.1877500820253,75.25998496498937,1389
12,0,0,132.9882909736537,17.17598266708726,1176
12,1,0,160.172503537346,20.70000166157894,1409
12,2,0,181.7644777288273,24.36145482416493,1589
12,3,0,203.1800761505807,26.14924158003491,1809
12,4,0,229.9042372113697,62.09153782540049,2000
12,5,0,221.7556260565138,27.93868102244095,2006
12,6,0,225.1814382829499,28.47248676917546,2038
12,7,0,250.0902381786313,48.56808873212771,2177
12,8,0,253.4270421189185,177.1856248903521,2208
12,9,0,242.5656135649317,29.65364317933319,2274
12,10,0,249.8381356463505,140.4640813854537,2181
12,11,0,248.8735269296316,108.9869110924558,2260
12,12,0,251.5315318949239,93.47068644307716,2303
12,13,0,246.4149456794091,30.88920734138115,2301
12,14,0,253.7749804864979,250.444766618617,2270
12,15,0,240.3549709011194,29.48984665422935,2277
12,16,0,221.6821344566688,27.45972469399806,2121
12,17,0,212.6746401367834,26.14953304640354,2044
12,18,0,178.9605519528089,22.10260490490384,1706
12,19,0,155.4869192119253,37.4661245898284,1482
13,0,0,139.2110330112953,18.92996388235131,1209
13,1,0,156.5371224555254,20.16713524630183,1382
13,2,0,178.2312220574703,22.79668729974991,1575
13,3,0,236.2553391641182,824.9520322025996,1819
13,4,0,220.1312444612228,29.94216359135683,1960
13,5,0,224.7433134351775,27.37687883475677,2071
13,6,0,230.9278641934052,29.28434147598484,2082
13,7,0,246.1476017097314,195.0975122354751,2095
13,8,0,252.013789387839,58.59908077875272,2259
13,9,0,236.6164633134757,29.50794971459099,2170
13,10,0,270.2107998811548,286.7539599128468,2293
13,11,0,232.4348278982369,29.20314079465711,2150
13,12,0,250.1384026377477,86.97174677326338,2245
13,13,0,248.4960222084903,38.94050719104233,2315
13,14,0,231.9672033519932,27.90457055333748,2218
13,15,0,231.5872255635318,29.78592100813887,2203
13,16,0,227.8429914045375,72.81209688054953,2099
13,17,0,197.5364800150522,23.07222452547266,1935
13,18,0,180.5066141419622,21.84754337059088,1759
13,19,0,154.7399392180859,213.2437630203743,1376
14,0,0,127.3670785013253,26.23505295759891,1108
14,1,0,154.3165136186569,19.82042186427861,1364
14,2,0,180.1486536761566,23.87166369400811,1581
14,3,0,221.0582749467354,583.8358358821213,1755
14,4,0,209.3094582522107,30.34149767419979,1855
14,5,0,228.9477040934824,33.00890820584649,2017
14,6,0,220.9404578456433,29.72960250888607,2004
14,7,0,260.0912543774685,255.2989083867331,2148
14,8,0,234.930899938181,28.72100129627179,2181
14,9,0,233.4549840245058,32.94915578184607,2129
14,10,0,243.8869944613679,35.60128392767403,2254
14,11,0,237.3330657972759,29.20664588460756,2221
14,12,0,243.5514517195237,32.48625120580874,2234
14,13,0,243.9057886266957,31.21461753516625,2267
14,14,0,233.1003750037987,28.09426362081323,2220
14,15,0,224.8211259531293,27.48024267512087,2158
14,16,0,231.9889369327006,87.80637824286795,2152
14,17,0,198.1492766703464,23.92248882675281,1913
14,18,0,175.9031384861498,20.78407303169796,1717
14,19,0,157.5728678553374,283.9412038078935,1374
15,0,0,118.0031689257464,15.83875150546057,1029
15,1,0,146.5176899941293,19.26929340774462,1280
15,2,0,163.9850847499445,20.99667258797492,1450
15,3,0,188.2650087455263,24.0605094823798,1687
15,4,0,210.6906776188551,33.65011544512674,1823
15,5,0,215.7747569604492,27.36501597432816,1946
15,6,0,230.8649375064643,56.96928111331189,2032
15,7,0,229.1368500754098,29.2760735814122,2077
15,8,0,227.7877182170016,28.52968169439588,2086
15,9,0,225.8556380738154,56.41819601165811,2049
15,10,0,222.2496966080866,42.78078968854314,2047
15,11,0,234.0925689967777,117.7532632950846,2114
15,12,0,222.5321187603756,119.5530212040827,2016
15,13,0,224.7347751493962,27.69761747197593,2094
15,14,0,229.6275354100169,28.21319699655767,2168
15,15,0,217.1504920130801,26.96222037269983,2049
15,16,0,223.111891186972,144.7230260044079,2027
15,17,0,206.1515530000659,201.5517171729393,1862
15,18,0,182.4742856423606,25.92695631599374,1718
15,19,0,145.0912798050488,17.81266674409983,1384
16,0,0,114.4335234193832,35.53360874538195,951
16,1,0,135.8660939875917,27.98000939111808,1165
16,2,0,156.5530085489445,20.62173627440593,1375
16,3,0,176.345288126044,23.02441755441257,1562
16,4,0,202.1494504799769,64.48664541105249,1762
16,5,0,224.6896344159522,327.6912419424232,1810
16,6,0,211.6616065462974,91.38234511076578,1837
16,7,0,217.8187019590413,51.16395545395869,1903
16,8,0,208.6353642208695,27.47797454247867,1875
16,9,0,207.9274476532198,26.806739961155,1893
16,10,0,225.2914273734349,216.4998386154558,1971
16,11,0,219.1748345771099,26.25807916883026,2064
16,12,0,222.0143199274255,49.6522831906319,2028
16,13,0,210.2628837388567,26.38321015157779,1957
16,14,0,209.5934081972495,25.03371999556078,2004
16,15,0,208.6421883641037,25.20497959367142,1995
16,16,0,197.4984209125706,23.67439422837613,1901
16,17,0,186.6870272312916,23.18438065899793,1783
16,18,0,161.8804954935283,19.37382585383581,1561
16,19,0,131.7300323717185,16.34274429834381,1262
17,0,0,105.7112459127937,14.25197656378613,915
17,1,0,128.901976310137,33.24449224415679,1096
17,2,0,164.9564764024858,410.3812533703904,1244
17,3,0,153.8977924739468,19.58189979523615,1389
17,4,0,181.1492123490282,185.701274728504,1460
17,5,0,188.4627184463441,24.71454497039106,1669
17,6,0,188.5524696231157,24.36503968261805,1694
17,7,0,194.1565713284194,78.95824643051938,1684
17,8,0,200.2162700921824,25.38392152540062,1822
17,9,0,174.6921438224169,21.39334352926457,1633
17,10,0,198.7576478390551,37.08835731888733,1814
17,11,0,202.795275687332,63.36827401857473,1815
17,12,0,194.7618222921201,23.74103183528203,1832
17,13,0,195.1206880951477,22.95604298980551,1871
17,14,0,195.8588281035269,23.8293532872586,1877
17,15,0,193.2398495366166,23.6668894697336,1824
17,16,0,186.3306982883223,22.57967080444067,1769
17,17,0,171.6802468740618,21.10788015383482,1627
17,18,0,146.3728373855064,16.9694481439881,1444
17,19,0,115.9958615685728,13.41334532957157,1147
18,0,0,89.98671583129286,11.69338866122359,799
18,1,0,107.6830020181133,14.10893817904864,946
18,2,0,122.5096603550719,15.63960478218956,1101
18,3,0,140.9074253121414,23.03849386688089,1222
18,4,0,162.6469384255853,151.7471242297133,1357
18,5,0,151.4662116744356,19.15681628634964,1372
18,6,0,161.1599670759254,20.35586427802101,1462
18,7,0,161.352955086619,39.8311174568198,1433
18,8,0,164.6791322198821,20.75205024167899,1507
18,9,0,167.5035690654005,20.69033348085553,1547
18,10,0,168.7204085218461,20.85239265729445,1570
18,11,0,171.771269877238,21.62428800948402,1591
18,12,0,166.6211199922127,20.85018780552202,1544
18,13,0,168.9825283816171,20.64871189105623,1592
18,14,0,164.352126241369,26.58041502234178,1536
18,15,0,176.0281496121891,154.9266691387046,1561
18,16,0,154.4863330816988,18.97964391409941,1464
18,17,0,151.8194112074046,18.26315282327087,1459
18,18,0,139.7491145267176,61.72749164554214,1241
18,19,0,102.915626344147,12.91877440917907,982
19,0,0,93.98228451535991,308.6895694669391,675
19,1,0,86.48848628132383,11.28798411653962,764
19,2,0,106.7803281595474,14.49850238715607,919
19,3,0,129.3381306559828,171.1451548733949,1046
19,4,0,123.9181597064929,21.29625309009822,1094
19,5,0,131.7356869760531,16.75318517034236,1197
19,6,0,133.5047141696031,17.39286116848452,1195
19,7,0,130.2267132575579,16.58201901096304,1190
19,8,0,133.5035753243065,16.37036492251506,1242
19,9,0,136.4288890167393,17.78637499810248,1245
19,10,0,134.6763994406725,17.51348054872013,1249
19,11,0,135.5450459181789,17.11065250066993,1260
19,12,0,138.5868220936561,17.29778082057845,1294
19,13,0,143.143945848308,18.03968415506736,1341
19,14,0,140.7595007417652,17.32164187773351,1335
19,15,0,145.623967762436,57.52364997996193,1326
19,16,0,129.7378959402329,16.74981168153432,1205
19,17,0,118.2046495943556,14.18394699745487,1140
19,18,0,99.05346098576166,11.81419894262645,963
19,19,0,81.09920382004449,9.706892001789001,795
