# mesh name: boxMesh_1
# primitive scorer name: doseScorer
# iX, iY, iZ, total(value) [MeV], total(val^2), entry
0,0,0,103.2070560182144,98.12006251036325,956
0,1,0,113.5933050502289,12.93429784598878,1167
0,2,0,130.0449520295428,14.83488073341431,1336
0,3,0,144.5379141800901,17.25163151464829,1458
0,4,0,150.4656534263937,33.57463112393734,1488
0,5,0,149.360918816651,16.9621278520631,1550
0,6,0,148.667605989043,16.84296392144292,1538
0,7,0,145.8959471953202,16.56827435085038,1506
0,8,0,148.6438509105251,16.31902971277808,1554
0,9,0,162.7698093768739,267.2887799652198,1515
0,10,0,149.3600844063171,16.90290006163344,1544
0,11,0,144.7098457988714,15.76076232882207,1525
0,12,0,154.5129918300824,33.12880667787868,1567
0,13,0,155.8018264686777,17.36995368069518,1604
0,14,0,145.6677181787621,19.98181437604823,1487
0,15,0,153.9104396219029,186.0990207069183,1468
0,16,0,143.7808684344971,16.67494151364716,1478
0,17,0,133.458103476506,15.13215294293015,1383
0,18,0,121.0264945253716,14.62053117263824,1204
0,19,0,95.70134743996202,10.97284097455594,992
1,0,0,116.928782557656,12.87681802864726,1222
1,1,0,144.1027399337667,16.38498068741392,1492
1,2,0,169.2992726742752,23.81113838529305,1730
1,3,0,185.789065639904,21.56519780846056,1884
1,4,0,187.1748632474135,21.996740338365,1900
1,5,0,197.6949843218737,64.59341585109071,1916
1,6,0,192.6293130751686,22.02583728172923,1961
1,7,0,186.3444874980554,20.75398260607346,1931
1,8,0,202.0500161694051,224.4466221062831,1946
1,9,0,239.2209421773916,1711.501199187488,1955
1,10,0,189.3566872375416,28.81976119024826,1927
1,11,0,191.0540088607675,21.41636059224092,1975
1,12,0,190.0819414559023,21.80501891401386,1950
1,13,0,191.8392433891027,21.79922652488549,1975
1,14,0,222.5645309555673,502.9001383145345,2030
1,15,0,200.8472472535297,22.70638985155638,2055
1,16,0,190.6620793361288,22.63516731051857,1982
1,17,0,175.6179109124013,19.95070798653958,1816
1,18,0,157.6012307528947,17.09893787374637,1649
1,19,0,119.7388147509241,14.49059120558517,1228
2,0,0,142.2504961113641,17.03086528096889,1423
2,1,0,176.2473732805902,33.64475557297746,1793
2,2,0,194.4174666513371,21.75231539014221,2002
2,3,0,213.1600203801891,24.16690563194055,2174
2,4,0,219.1768119067895,25.72484510049172,2196
2,5,0,220.0951330697609,24.86824859465563,2268
2,6,0,226.1078082385642,29.47517009424038,2294
2,7,0,225.5939000842646,28.51398947449772,2277
2,8,0,222.7231263536658,114.2907962478025,2182
2,9,0,216.5396936753116,23.2721938604786,2273
2,10,0,225.3037361467294,118.441562319599,2254
2,11,0,235.8802159541272,27.18217186417636,2408
2,12,0,219.6853143030687,25.30868704419829,2235
2,13,0,224.5051341310564,57.86441239645174,2269
2,14,0,221.7996116615361,25.14476535488606,2281
2,15,0,221.552711564069,30.71742851280943,2285
2,16,0,217.5171799161174,26.14028899118994,2229
2,17,0,203.9836137529132,22.83800791252153,2126
2,18,0,184.6430550943112,21.14013237878809,1910
2,19,0,138.4439153303332,15.6776939344374,1428
3,0,0,142.7389196028355,16.1205980767532,1467
3,1,0,200.6135578524832,309.5225030815445,1858
3,2,0,208.0109339324356,23.86975907336519,2119
3,3,0,219.308694228113,24.59327124897171,2260
3,4,0,233.3148080279225,26.35689132856423,2401
3,5,0,234.1362151606888,25.97770764853194,2435
3,6,0,226.5930202864653,26.1492863466991,2302
3,7,0,231.7407796363822,26.71142027530995,2372
3,8,0,230.5017022561209,37.81424298504839,2365
3,9,0,239.1883884485958,27.48554717282351,2435
3,10,0,229.9180297266869,27.33144618794999,2373
3,11,0,239.5343691840159,32.22695404460454,2420
3,12,0,260.2281594605736,428.4175234551535,2470
3,13,0,233.8629377567981,27.81267272581839,2383
3,14,0,233.380048214155,25.92900254895328,2421
3,15,0,239.9745533733951,66.41912447974282,2403
3,16,0,231.2130089092809,26.09395625853371,2384
3,17,0,214.3841719075384,24.40049014711383,2210
3,18,0,212.908896900801,480.9796916545006,1968
3,19,0,143.2380669221283,16.13107270857817,1481
4,0,0,136.4793818583957,15.61413881359425,1414
4,1,0,182.979344556224,20.58009555880728,1883
4,2,0,222.8042933354316,26.19125585354343,2243
4,3,0,261.9992163640704,684.6061780103292,2394
4,4,0,239.3822309924008,27.34751978094254,2431
4,5,0,238.5934520038305,40.70116236109315,2414
4,6,0,231.907537979626,26.252127969159,2381
4,7,0,253.2522106367055,89.49411952637529,2509
4,8,0,285.0174206209348,1207.511552654195,2483
4,9,0,252.28371149709,308.7123145990811,2389
4,10,0,239.645749306198,27.03411336892124,2464
4,11,0,236.0529030532685,43.69933216126902,2399
4,12,0,234.2737772691089,25.57901759910996,2456
4,13,0,242.9002462330274,27.06911749763172,2510
4,14,0,235.1822781175098,65.35336536074779,2377
4,15,0,232.3061493344492,34.65779974914668,2370
4,16,0,229.0072763357728,25.34818007431874,2389
4,17,0,228.4119178664911,152.4937446349213,2251
4,18,0,188.3988445238086,20.88708654267999,1963
4,19,0,146.0016589627966,16.72084583426996,1500
5,0,0,146.1120304196299,16.12394132843027,1537
5,1,0,190.9397156377989,22.13182712077511,1946
5,2,0,216.1109908281949,24.63089521711872,2206
5,3,0,236.4838898577613,46.2187203374806,2352
5,4,0,239.0431181037288,43.74428461964799,2371
5,5,0,230.703961394865,25.23472831736658,2404
5,6,0,266.5622581929874,366.0658615443261,2524
5,7,0,236.7068951984872,27.0502343225388,2420
5,8,0,245.2763068105905,84.28605989300313,2415
5,9,0,240.3216501908545,26.75161427224176,2502
5,10,0,231.5160272956251,25.6167562650083,2418
5,11,0,251.6825002209126,79.25019974693417,2485
5,12,0,233.5331311333459,26.21264452230648,2403
5,13,0,235.4030246672599,27.72020454433649,2396
5,14,0,251.6776522009176,55.12212319416073,2562
5,15,0,235.9869035252522,27.30397549054487,2401
5,16,0,235.7907632994887,29.97470228574394,2402
5,17,0,249.1997415270733,600.3947707923699,2318
5,18,0,195.391895273965,30.23241326391007,1982
5,19,0,145.341664827697,16.47444888572109,1508
6,0,0,137.1365543357973,14.93401264264166,1430
6,1,0,189.2507002505101,21.14843412159165,1946
6,2,0,215.6826413724177,24.36454303272966,2214
6,3,0,251.5505704804254,490.879104201207,2364
6,4,0,234.5387417231705,27.99511147123548,2395
6,5,0,242.537805582572,29.02145957136854,2484
6,6,0,239.1556280660478,27.13317104366092,2462
6,7,0,231.2205287945127,27.5601718332351,2357
6,8,0,243.0357220479019,27.15011801851392,2513
6,9,0,245.1776932771484,27.99059695701797,2503
6,10,0,242.778190499249,108.1860260098162,2390
6,11,0,236.1593808856373,26.22471573551632,2447
6,12,0,238.4197914755496,26.79749884646125,2475
6,13,0,237.6705292441399,27.02923153466491,2444
6,14,0,232.6720131161296,26.0653860609156,2414
6,15,0,249.0035714451626,47.57385335044994,2494
6,16,0,235.9358795452879,26.66858424637028,2425
6,17,0,238.4078201455174,281.5739478368831,2310
6,18,0,197.1248280267399,22.53777612397355,2032
6,19,0,143.0325070289367,16.07161969016,1483
7,0,0,168.0278032099621,376.0520014855919,1457
7,1,0,189.0912132307442,21.87719781445426,1920
7,2,0,220.5851095387694,24.48252900390404,2282
7,3,0,224.1365594804664,24.97784175877001,2314
7,4,0,249.2050083721745,51.21727801153175,2472
7,5,0,231.7007467079036,25.79673089876818,2388
7,6,0,247.4353839565796,138.1757369684886,2470
7,7,0,265.2046386865192,298.7313956520792,2477
7,8,0,231.7881996852862,26.13514680889501,2392
7,9,0,240.1026590223748,32.4650997537522,2466
7,10,0,244.5690143395165,82.03481126525698,2397
7,11,0,242.8908340401547,49.8825932672838,2422
7,12,0,233.2386046277632,27.36324422623133,2406
7,13,0,245.4784085581541,122.8675532891219,2431
7,14,0,234.4077741299678,29.00401634052696,2408
7,15,0,248.7383731872746,69.62083673506299,2505
7,16,0,233.0077401650617,26.24120904739224,2394
7,17,0,246.8024100492403,380.623900037493,2248
7,18,0,199.7052453581487,27.77125219488972,2044
7,19,0,154.7598621096764,17.22395917263177,1606
8,0,0,150.3947087952552,25.55193651741702,1508
8,1,0,187.8409607119093,21.61583846933208,1916
8,2,0,219.9145714462855,25.4316925568475,2249
8,3,0,232.1218807976499,26.64183421486894,2377
8,4,0,238.3001044110053,27.78220830282298,2416
8,5,0,237.5881612709642,27.56988707182848,2418
8,6,0,238.1229119160847,46.66789096269981,2400
8,7,0,229.2531564353622,26.15010868165493,2359
8,8,0,241.4312373693323,27.36060427789771,2481
8,9,0,241.6730311622614,60.89406147309236,2448
8,10,0,235.0654862179974,27.91969398266387,2401
8,11,0,243.5537274333413,29.05355495741642,2487
8,12,0,244.62632540635,35.81765869990727,2458
8,13,0,238.7205087408751,78.82769927032503,2385
8,14,0,238.6473896294478,27.17664963617668,2463
8,15,0,229.3772762125031,25.36130590106057,2384
8,16,0,235.7110662112066,27.14070757695406,2421
8,17,0,223.7580453269621,25.11168778450288,2306
8,18,0,194.0078016486327,22.0747622825706,1985
8,19,0,147.6120181246573,16.76320780603377,1528
9,0,0,140.9920702464862,15.96121376801062,1453
9,1,0,188.5851894666772,21.46165334197751,1934
9,2,0,220.3530986207989,26.81268548620381,2224
9,3,0,243.3290971748567,75.54409797405188,2424
9,4,0,237.765188685506,26.92857249678468,2451
9,5,0,228.5267549058992,25.63218071131231,2374
9,6,0,228.1073341584925,25.59321801126829,2345
9,7,0,230.3911732634373,25.93972261069775,2375
9,8,0,241.3550818804899,30.09938672639975,2453
9,9,0,241.0456900512229,32.55862736833468,2466
9,10,0,237.5170938044639,27.34245875048436,2436
9,11,0,242.96002886592,152.6459723026206,2432
9,12,0,248.6983180031943,29.28245936714682,2531
9,13,0,232.4398737127374,36.6476014310032,2361
9,14,0,246.9552451991955,27.81665936073129,2537
9,15,0,245.6839780255817,34.19621437635519,2509
9,16,0,235.7849064597436,27.22758304108848,2402
9,17,0,221.0500201144295,29.90248459748126,2258
9,18,0,194.3527620237816,25.46702453786011,1996
9,19,0,142.4174939090369,16.0007817610672,1471
10,0,0,140.8192445344362,16.00511991960482,1444
10,1,0,189.1802393046533,21.42172127359533,1933
10,2,0,215.4469136251489,24.47393204607321,2216
10,3,0,239.2216688485326,71.89208840754888,2360
10,4,0,239.7262466388963,28.59080086548849,2426
10,5,0,248.6814288863666,28.6976164295994,2530
10,6,0,238.4789653222113,65.33271429104526,2385
10,7,0,248.2483059593218,113.0576303130698,2446
10,8,0,252.1816916178859,72.97238863905761,2514
10,9,0,244.7819623103353,28.08630748406351,2493
10,10,0,248.530647703606,67.76508659947389,2483
10,11,0,241.6878316875092,28.86757208962425,2459
10,12,0,235.1261876671417,26.64247112984555,2426
10,13,0,236.9431245664566,27.52092853816669,2414
10,14,0,242.1299610580265,27.39737815597466,2488
10,15,0,276.3101322666708,905.8667385790741,2515
10,16,0,233.9559619956075,27.11157391763545,2397
10,17,0,227.8123715292759,25.14541852194771,2370
10,18,0,196.3968889984407,22.11111749695696,2026
10,19,0,151.886365694186,17.26543176602653,1547
11,0,0,146.9159452892673,19.21254529809594,1484
11,1,0,187.4967965623018,21.3281773023913,1916
11,2,0,214.0829239419884,24.38361883140404,2191
11,3,0,243.2292729586609,27.69674603884043,2479
11,4,0,236.6211652046179,37.33012178623241,2408
11,5,0,235.8469808523102,136.5664780677424,2307
11,6,0,268.9593424117437,775.2001431629462,2473
11,7,0,242.1240100942458,28.40489774519742,2457
11,8,0,248.2327590612566,50.06396319837808,2502
11,9,0,238.9569424933885,61.87196980444871,2362
11,10,0,234.6482761498778,26.11476876501858,2420
11,11,0,259.87534035677,237.0395722840825,2489
11,12,0,237.0186184556471,26.77121821665972,2443
11,13,0,240.8061242900741,44.64040414051333,2433
11,14,0,237.8519753852471,26.78556798780709,2449
11,15,0,232.8131118767156,26.97100317180448,2373
11,16,0,273.3469812616369,679.463990131296,2468
11,17,0,220.5677805911742,24.38438285233007,2288
11,18,0,202.8035111320588,23.67841768809395,2071
11,19,0,151.6883901358936,17.44263524815993,1549
12,0,0,137.571915738518,15.55590869817608,1412
12,1,0,187.1145576498529,20.74474075459554,1943
12,2,0,216.9082452056492,25.12055089959978,2201
12,3,0,229.5279285662205,25.30845078933462,2368
12,4,0,235.0498901691897,26.99778452370589,2400
12,5,0,239.0785980793612,27.18903414590468,2446
12,6,0,238.1039352710748,29.08764853320489,2388
12,7,0,241.1173864432525,28.15696173892658,2475
12,8,0,229.4759467004951,29.52965854108648,2330
12,9,0,262.9404013179958,229.9442418096504,2479
12,10,0,235.2415927122894,26.44902812319704,2413
12,11,0,239.2517925558112,60.90215949750998,2401
12,12,0,242.4900681442098,27.71020948035811,2492
12,13,0,233.7644485702437,26.82624534481743,2393
12,14,0,233.0808058206161,26.55705777801725,2401
12,15,0,243.9704553635551,27.39663937149002,2528
12,16,0,240.1021293370532,26.53424775167619,2513
12,17,0,222.6656387395402,25.79476366353112,2273
12,18,0,195.2903005624686,21.51842418938209,2041
12,19,0,159.4245683943756,45.91342834053827,1594
13,0,0,139.2940832431229,15.62643048271489,1436
13,1,0,184.1528953374436,37.52961756481094,1839
13,2,0,221.0357757030055,91.79379237565554,2169
13,3,0,244.1686767808817,170.4095048216552,2386
13,4,0,246.9003001304283,118.8248767507865,2414
13,5,0,260.757470968344,345.2400764866108,2414
13,6,0,245.0249652349305,74.95678895501864,2487
13,7,0,230.6052203964259,25.52428636825833,2402
13,8,0,235.8710702872496,26.2027678641522,2448
13,9,0,239.2595948000116,26.60862293753911,2487
13,10,0,238.6470976734196,26.38158615544439,2478
13,11,0,235.9793261791065,26.55496787750205,2455
13,12,0,242.0656810224211,27.55252104476483,2480
13,13,0,234.1826491868078,26.73584677432721,2402
13,14,0,265.3866916979422,468.2630345455215,2517
13,15,0,231.9077671232951,26.22298413136975,2390
13,16,0,226.6066476492626,25.68844807072529,2333
13,17,0,218.0208612918597,25.03613812670698,2251
13,18,0,183.7701792325376,20.71750849178623,1893
13,19,0,145.9110492381178,16.01347608285181,1538
14,0,0,145.3437377966535,16.80907692529602,1479
14,1,0,183.6431513563892,21.59138816414513,1857
14,2,0,217.3970473834028,24.27416671272618,2252
14,3,0,232.8535002187345,26.02029296344578,2398
14,4,0,230.9302692127229,26.93769521189509,2351
14,5,0,238.5333258355166,35.44081574711031,2404
14,6,0,237.7876810624158,32.66532581227476,2386
14,7,0,252.3970758350128,172.8239574977816,2449
14,8,0,231.622682513037,28.20155405010575,2382
14,9,0,230.7672413813733,26.2798867365722,2398
14,10,0,242.2723630745026,28.23878058092354,2472
14,11,0,240.2468176328551,31.78125257873895,2453
14,12,0,243.221766246743,27.72010637159631,2511
14,13,0,244.0517989553695,26.95111312151321,2536
14,14,0,246.1911224330678,100.7927747743946,2409
14,15,0,231.8995690698626,25.62658401626539,2404
14,16,0,238.2010899182747,177.8719160920358,2371
14,17,0,217.3700488456797,23.91906611317124,2265
14,18,0,188.1107870090245,21.40327275233665,1940
14,19,0,151.5585408340427,16.76220790434474,1577
15,0,0,144.3938837051967,19.71868664378061,1449
15,1,0,199.378743676605,80.85795895848828,1979
15,2,0,254.7098332755226,911.0421574821896,2245
15,3,0,236.1418292720593,29.62357448913983,2403
15,4,0,253.5142875195931,258.8750992756677,2415
15,5,0,241.9319373853833,91.67046722807291,2409
15,6,0,239.9220635895007,27.75282800267333,2437
15,7,0,233.4749082483581,46.26792849325613,2362
15,8,0,245.3503523185946,73.30944134621815,2448
15,9,0,233.0784559484942,25.84238274742757,2410
15,10,0,231.8784645373559,26.45136247407014,2378
15,11,0,237.7875966679197,46.81223732404651,2377
15,12,0,248.248060484946,28.78983667178144,2545
15,13,0,228.3630005455034,25.53167106124226,2370
15,14,0,230.3597969579978,25.85193776159861,2378
15,15,0,236.1639396589065,27.72675521901165,2413
15,16,0,238.5396234622798,43.97468534123741,2440
15,17,0,217.3247580844638,24.62763772297671,2237
15,18,0,199.8782189678471,73.71295278329374,1988
15,19,0,150.3413673017216,18.07213504422876,1509
16,0,0,133.0662702451918,23.60596319747825,1341
16,1,0,186.8488723891092,21.57459305230592,1889
16,2,0,215.4085833670652,28.82786570978831,2178
16,3,0,227.8647274207915,25.86876608629115,2347
16,4,0,238.5958950177901,55.83408091972757,2376
16,5,0,233.4959788092573,27.10987943262756,2368
16,6,0,220.4957132704047,25.39777278367718,2263
16,7,0,243.6282753966231,95.87767868864947,2401
16,8,0,229.2291243890471,26.47344345893855,2347
16,9,0,236.9607145450715,29.97372631459054,2405
16,10,0,233.878069211715,29.97681698486413,2386
16,11,0,231.2705549686458,26.71896171984425,2349
16,12,0,233.8031196248436,26.39887490921521,2406
16,13,0,237.7283870702642,27.06147055791734,2451
16,14,0,235.608303731199,26.66268828342367,2439
16,15,0,235.0548634250217,38.13677860141254,2385
16,16,0,235.5070375175465,48.31563256630395,2367
16,17,0,214.0024929176297,23.77883543841685,2220
16,18,0,186.6397132729295,20.33512812090772,1961
16,19,0,145.9321021052162,15.90390372298648,1532
17,0,0,134.4452519404155,23.53429217662715,1367
17,1,0,170.2476607846749,19.43162812900264,1749
17,2,0,198.2296291339492,22.78765918009652,2030
17,3,0,226.2810210413294,128.5215291186996,2185
17,4,0,222.1334432985241,25.1452358913409,2278
17,5,0,212.9413367048391,53.51943807483586,2148
17,6,0,227.9117248248214,25.57585265870844,2337
17,7,0,223.5400300525116,25.31043690413842,2293
17,8,0,216.6741232855059,25.13952956629513,2216
17,9,0,216.0231127898165,24.61973245764,2225
17,10,0,222.7206896345283,47.46423814512266,2250
17,11,0,213.6100676465699,27.92905854756035,2181
17,12,0,224.8166983596664,25.64156839407256,2297
17,13,0,219.2145566735497,27.59299017387374,2234
17,14,0,226.3641599468927,26.49182282090037,2320
17,15,0,233.0949259262784,223.0154566091543,2282
17,16,0,224.2225471313277,25.74145896149777,2291
17,17,0,213.2542292163042,93.63153797799708,2128
17,18,0,183.1684039253155,35.9838044434177,1850
17,19,0,131.1170596344726,14.25165282541512,1382
18,0,0,126.4213544722177,45.22275156664491,1224
18,1,0,168.8235357581947,225.8914488854482,1570
18,2,0,173.5709543330412,19.97123349912129,1781
18,3,0,187.6425744258025,21.78930058375357,1906
18,4,0,189.6990647497846,30.45788080633776,1914
18,5,0,195.9171393435197,56.69805980587184,1924
18,6,0,192.2812437731176,41.26343329193404,1905
18,7,0,199.0267738731676,42.6926332415274,2003
18,8,0,197.0904168426682,28.94575374554147,1995
18,9,0,195.7474362809738,25.06857292776392,1991
18,10,0,200.2424905051273,49.83020624863484,2007
18,11,0,193.6580778557656,21.96754836877543,1999
18,12,0,205.1349904316629,140.9985648075334,2025
18,13,0,186.3783770096541,21.06226225302384,1920
18,14,0,195.3688047920088,21.98777372117621,2015
18,15,0,183.8903210800901,19.97661223143942,1921
18,16,0,191.5276221603062,22.16902198220744,1965
18,17,0,187.629384826053,21.59502415234498,1920
18,18,0,161.2103519073392,18.40287393101769,1647
18,19,0,122.1019697696608,14.14693996910221,1242
19,0,0,91.80316467808252,14.10707010347452,921
19,1,0,113.4672957054358,13.12360390842847,1149
19,2,0,136.5434918313538,15.813782606883,1408
19,3,0,140.7581315902234,16.05555526976992,1447
19,4,0,153.771997049317,18.64313932649315,1539
19,5,0,152.6768008751339,40.29663180003719,1485
19,6,0,152.1862769541504,18.65004339845472,1542
19,7,0,150.9881510978607,33.69373330129176,1515
19,8,0,139.0670414710681,15.35992125771238,1465
19,9,0,146.3367061073538,16.03392038975601,1518
19,10,0,150.3805878255135,17.52027360166123,1523
19,11,0,152.361930865256,91.73215400003897,1497
19,12,0,147.5337076705398,17.08999949289141,1514
19,13,0,147.6478141911375,16.91136975385034,1513
19,14,0,140.4267904514998,15.770337762291,1469
19,15,0,143.0788794548891,15.62470425660834,1500
19,16,0,138.8969818698684,15.42669722471,1452
19,17,0,139.6353644818663,16.13998715806422,1425
19,18,0,125.3541546923072,13.99958064921377,1320
19,19,0,90.46612489133538,10.67776203685343,920
