# mesh name: boxMesh_1
# primitive scorer name: doseScorer
# iX, iY, iZ, total(value) [MeV], total(val^2), entry
0,0,0,94.85383246532966,11.28229329285785,950
0,1,0,121.7845281759499,65.68789624858216,1174
0,2,0,126.8330567379114,14.56343566588088,1303
0,3,0,152.0251896180596,77.82709831789209,1474
0,4,0,155.9467770280493,137.719515427296,1498
0,5,0,146.6453076963524,16.4982009395604,1523
0,6,0,142.3058514336901,15.7082347144869,1494
0,7,0,139.1592107759641,15.61086744318018,1440
0,8,0,149.8450321801268,16.96903619256035,1548
0,9,0,156.2788575577719,24.42391702763691,1587
0,10,0,155.7221760476893,18.0967812355603,1591
0,11,0,150.4990877899423,16.88251570762018,1571
0,12,0,160.1379026422718,140.0633322044827,1529
0,13,0,158.0036305363884,31.22068550515655,1599
0,14,0,146.581441480915,16.98281068366486,1510
0,15,0,149.614007609995,50.39345340383416,1485
0,16,0,151.3093007898946,17.89639224794697,1547
0,17,0,135.4421370461799,14.93486053280791,1410
0,18,0,128.3167219328866,17.48468773308837,1295
0,19,0,101.3297893176375,10.96473094340246,1063
1,0,0,116.6315977009932,13.17506414951913,1196
1,1,0,147.0547468446137,16.51316687652291,1522
1,2,0,165.1296186560169,20.31359013701867,1705
1,3,0,184.7509247920003,21.47117104647024,1881
1,4,0,194.0423944403132,34.99462604588497,1923
1,5,0,190.321474118594,21.80475606269738,1946
1,6,0,198.425985857686,59.84690206965447,1970
1,7,0,189.0274688519011,20.9021928282594,1967
1,8,0,196.9280608153977,30.49746185623959,2026
1,9,0,191.5393990905175,21.27384165469658,1986
1,10,0,191.8507229769934,21.64524385834305,1989
1,11,0,190.3705522488325,21.37509264155758,1975
1,12,0,198.8830335739214,42.5232262925881,2043
1,13,0,201.9883306635426,47.15920541430722,2048
1,14,0,208.9071455409194,260.4663422317949,2027
1,15,0,208.206714641261,53.75747520855226,2072
1,16,0,191.5969814633038,20.90006734383295,2011
1,17,0,183.733608449118,21.1379054203479,1896
1,18,0,160.0783782851456,17.36952308041657,1686
1,19,0,143.9291226367212,497.9768958491613,1262
2,0,0,136.727894064156,15.40540116156701,1414
2,1,0,170.4275183217382,19.15653935419847,1747
2,2,0,192.6494022741485,46.87840848374183,1972
2,3,0,234.3365749382287,511.8232737732524,2182
2,4,0,221.7993375962812,44.00286258507411,2217
2,5,0,231.6681824583653,223.4607416852082,2244
2,6,0,223.490048557075,25.5755954896955,2282
2,7,0,238.2017334655906,32.95299010682603,2401
2,8,0,227.2390065880663,48.91129590141827,2259
2,9,0,221.0471109375104,24.59303770694612,2295
2,10,0,223.3327248865028,55.48288369872909,2238
2,11,0,243.1021988364344,137.4085351064728,2372
2,12,0,224.999591519775,27.1117228856531,2267
2,13,0,225.1272033336423,52.52792930907449,2298
2,14,0,241.3580772697955,377.9231364091352,2272
2,15,0,236.4455803689345,52.01222096243657,2385
2,16,0,245.2692832432055,465.4402750921054,2277
2,17,0,221.04560168282,25.71359071309415,2277
2,18,0,190.8682510904162,21.05701954947356,1996
2,19,0,139.2776649246883,15.58730809524449,1444
3,0,0,147.4436233338514,17.06027069573418,1504
3,1,0,182.559271636754,21.5182283959773,1851
3,2,0,212.1200599114687,24.10057437208427,2163
3,3,0,224.5233357247381,25.4560675089504,2296
3,4,0,229.3752554814429,27.37685319461596,2348
3,5,0,253.5072585979097,349.3320588545338,2408
3,6,0,228.4140293182547,26.04752870612331,2335
3,7,0,232.3588221581636,26.93312895585935,2363
3,8,0,226.1411349549167,26.89301740344482,2334
3,9,0,239.2180412752941,28.22831013731756,2434
3,10,0,230.9131605658761,24.99829182282963,2415
3,11,0,234.2817710576994,26.44903133209185,2442
3,12,0,229.0081983434534,25.76126358705952,2385
3,13,0,230.6761010372574,34.80586708192513,2350
3,14,0,239.4268217088303,51.1262091938751,2432
3,15,0,241.9997865513337,108.4382276284863,2364
3,16,0,243.9267185174915,31.68706585522082,2501
3,17,0,219.703507958707,26.06906625628702,2242
3,18,0,210.0705504919738,169.7418373309356,2054
3,19,0,144.7408035262462,15.67553426459676,1525
4,0,0,142.7611431720543,16.70429296182536,1444
4,1,0,192.8713215642967,103.1514744451942,1868
4,2,0,217.4060294936848,25.03389057665153,2220
4,3,0,235.0533482810691,27.24978528829429,2390
4,4,0,263.3250459975736,921.5035430127898,2376
4,5,0,236.7092478019864,26.79026752753669,2436
4,6,0,244.5756358316202,39.60264165017788,2475
4,7,0,253.3379076582411,33.47495891316928,2551
4,8,0,242.25721889395,28.53743549421831,2465
4,9,0,238.2469362807983,214.8738377502975,2325
4,10,0,243.2358174269165,51.23070563501234,2427
4,11,0,240.9887475572804,98.59029246712511,2415
4,12,0,245.7462809445967,27.53752986262465,2551
4,13,0,243.3394579405856,26.85772371657348,2532
4,14,0,239.27242793467,37.10718875082446,2400
4,15,0,249.5584416881172,160.8177189093279,2393
4,16,0,253.6179795722481,486.5159206113142,2405
4,17,0,236.7751936447809,134.1810706151055,2318
4,18,0,192.7156581353918,21.44418711258714,2011
4,19,0,151.5384615263674,16.96105644794376,1584
5,0,0,148.9693519241556,17.54590938483023,1526
5,1,0,194.0769883734774,128.4762890650298,1912
5,2,0,219.4291445398082,24.4785453705038,2270
5,3,0,235.9469698123966,27.50067872178343,2386
5,4,0,229.40810115646,26.10413981631569,2355
5,5,0,234.0112388410867,26.02063733350861,2436
5,6,0,248.9047000700239,27.8365743713798,2581
5,7,0,240.5044760406431,30.96801500993486,2456
5,8,0,237.7698450232885,40.37963680356548,2402
5,9,0,233.3540713911574,27.28493245172049,2434
5,10,0,247.3182974963106,103.0346108648832,2419
5,11,0,241.450166569183,80.96951827142516,2432
5,12,0,241.201964151928,27.85229108295811,2462
5,13,0,236.9712347704899,27.16168458240458,2435
5,14,0,240.9842238907297,27.10968572292639,2509
5,15,0,232.0482036785292,26.12918660990342,2392
5,16,0,244.6674804498533,34.29832757025049,2511
5,17,0,226.440427189862,24.84683866060422,2386
5,18,0,201.4826739948417,36.60101543808587,2033
5,19,0,153.0346376261762,17.50078980290612,1587
6,0,0,145.3656732740206,16.25453195157521,1505
6,1,0,191.1399723003932,21.03890419137808,1988
6,2,0,216.7529516041753,25.41408527741425,2204
6,3,0,254.3519275531273,360.4041908806468,2317
6,4,0,244.834559108466,162.9851523187619,2387
6,5,0,238.7831145008117,27.11851617888004,2452
6,6,0,240.8655573228537,31.29824339426247,2480
6,7,0,233.197517923367,25.58491107826699,2422
6,8,0,244.9497398277886,28.03238057453488,2532
6,9,0,236.5138027070145,41.20944130044366,2412
6,10,0,235.9998735251499,26.18062703895705,2462
6,11,0,251.877177754168,37.79057132588451,2576
6,12,0,243.6200437161638,34.9753134241906,2498
6,13,0,241.0044711620222,26.92916848719503,2514
6,14,0,237.9758488025451,27.04250226569716,2452
6,15,0,259.5563873930199,244.7017322946165,2504
6,16,0,243.7136311866204,26.82662338671173,2544
6,17,0,222.4438107578415,24.9730242862422,2325
6,18,0,195.5828859315918,21.56760627323177,2053
6,19,0,149.0860202228921,16.17370841590677,1572
7,0,0,138.4669916276794,17.03304763301438,1412
7,1,0,187.5329828615853,21.2870367588038,1912
7,2,0,230.2657324646753,117.7283863920547,2237
7,3,0,231.1527592589242,31.96102741150812,2354
7,4,0,245.6439717837622,68.05243690310637,2411
7,5,0,237.7425935939837,30.27092599668064,2415
7,6,0,238.3972031777293,28.1136436579526,2434
7,7,0,251.6837403840068,193.1121310252125,2456
7,8,0,241.3988404231915,35.71848257646359,2471
7,9,0,238.3772936486952,26.14716429557458,2485
7,10,0,233.6022428314,26.15752434489089,2424
7,11,0,263.8482320338086,622.2707224564516,2419
7,12,0,229.0900594008162,26.00070464405805,2365
7,13,0,265.1058252805217,300.9115760880983,2502
7,14,0,232.1457171551562,28.86120944769963,2384
7,15,0,238.4129477837284,27.14161581854903,2464
7,16,0,233.1113849988142,43.31981571366582,2365
7,17,0,224.0841108978901,26.04542418616387,2299
7,18,0,199.7235674451216,23.22163510705848,2039
7,19,0,151.8704624051703,17.03529908889426,1588
8,0,0,146.533772512575,18.38777012658949,1512
8,1,0,188.928883570312,21.67486455267486,1913
8,2,0,213.1614947581891,23.83206203785616,2187
8,3,0,252.396934042154,147.5568502547032,2448
8,4,0,240.011513556329,28.11529572731699,2467
8,5,0,233.6035966099462,26.83906624435009,2403
8,6,0,257.7787135896311,293.0985054750518,2411
8,7,0,265.1307403711045,352.366417364389,2380
8,8,0,241.2795394154109,32.4246295419309,2426
8,9,0,248.5929451448324,70.95241473314923,2504
8,10,0,235.5029436248396,26.29567295773413,2446
8,11,0,245.8247822828251,65.01302041344422,2466
8,12,0,268.5839253816775,565.2660234654612,2469
8,13,0,227.059864598519,39.92064366971642,2366
8,14,0,248.8948730854959,58.65593937007984,2525
8,15,0,231.1182666701357,26.1049441807895,2401
8,16,0,243.8611781431445,115.0591635366091,2444
8,17,0,246.5120190920455,352.5908076692844,2361
8,18,0,201.7358207980431,22.38684807367862,2109
8,19,0,156.0510514345669,18.18831248604195,1606
9,0,0,145.7451823462582,16.88493118827519,1479
9,1,0,193.7136186613341,22.26425817075942,1987
9,2,0,232.4979369497778,177.9154651151817,2240
9,3,0,236.8257391729902,46.70069606031865,2402
9,4,0,233.4947649802799,26.47765525358642,2404
9,5,0,240.0612636534886,68.59157797516106,2437
9,6,0,226.724851001945,26.21817239907755,2318
9,7,0,261.5648183100776,776.6545218639358,2407
9,8,0,240.7843042929694,36.41142546812966,2427
9,9,0,239.2988945648589,28.67788370300327,2452
9,10,0,241.0022530997422,27.34436926981875,2494
9,11,0,225.2122492464073,25.6825752189099,2311
9,12,0,251.3578863523169,41.49066993568093,2540
9,13,0,241.1425111205434,65.45819101063832,2457
9,14,0,237.8192327141159,32.17792818840671,2436
9,15,0,254.4599331968683,313.7425699447259,2466
9,16,0,240.6402574344383,88.77220434024294,2438
9,17,0,221.1880071752929,24.64049484419561,2296
9,18,0,204.6856825816961,23.31836606967144,2099
9,19,0,150.529679362111,28.27278121466447,1541
10,0,0,139.8131406822917,15.62304737092661,1455
10,1,0,195.1352952462984,27.33495003622964,1933
10,2,0,217.3127929337429,24.41494197898673,2245
10,3,0,231.4115562628996,26.79632828181447,2365
10,4,0,240.8599975305372,54.51664997284082,2395
10,5,0,235.9801777169856,50.35415671026851,2387
10,6,0,250.4683442300294,87.064197244051,2480
10,7,0,243.2459931776338,27.97602635718735,2500
10,8,0,241.8115274499374,27.38784547399107,2478
10,9,0,272.8624876782554,371.2655710461333,2563
10,10,0,234.4555424199471,25.89291855394066,2431
10,11,0,241.0269732396713,27.63974955656088,2468
10,12,0,237.122408110106,26.51138517882787,2457
10,13,0,239.1149332056998,81.4363321291779,2367
10,14,0,242.6192634307986,41.12699713453032,2483
10,15,0,244.3889504895579,28.31574421378819,2505
10,16,0,237.0240678198037,26.93865024095951,2470
10,17,0,224.4144227797013,30.92637650348726,2273
10,18,0,204.7062788480797,43.44009123053136,2085
10,19,0,149.5344122325805,16.54169002667996,1558
11,0,0,149.3188268917808,17.08197392572936,1516
11,1,0,196.9956957386196,22.60564098753382,2010
11,2,0,219.4574169504922,24.56873892830621,2253
11,3,0,241.2732187642127,59.68961908611607,2414
11,4,0,230.8791384462485,29.13367090484648,2372
11,5,0,238.7145653667747,51.33813336094918,2387
11,6,0,250.2165816109515,159.6143202752867,2435
11,7,0,243.1387639957034,28.24514558189915,2499
11,8,0,246.1089306161998,27.71879880709644,2539
11,9,0,235.032519129399,125.0487487750371,2334
11,10,0,236.3469192318837,26.78384768538793,2450
11,11,0,242.3138296545857,29.56080903576417,2471
11,12,0,232.5515063566557,26.6460004353583,2386
11,13,0,229.8639988141136,26.34954006963168,2359
11,14,0,234.909483917995,25.86374896174977,2456
11,15,0,234.7645217543533,43.29247485918383,2409
11,16,0,242.0281778939257,28.52760145867005,2493
11,17,0,236.9303914106626,108.2866727437728,2352
11,18,0,201.864997432426,23.0579999262002,2090
11,19,0,158.7004570963657,18.136103205395,1639
12,0,0,135.2891484376016,15.63546906274769,1381
12,1,0,187.9738994546447,21.7251751753215,1928
12,2,0,220.4574155978449,25.72259316552829,2240
12,3,0,241.416407876269,32.52436311898301,2481
12,4,0,259.0310307535719,583.4012637426171,2379
12,5,0,239.0708267604527,29.16604467075606,2458
12,6,0,249.1911231756797,33.54892554938012,2491
12,7,0,240.355891719958,50.99480629261287,2437
12,8,0,231.2151997355157,25.90691745809276,2387
12,9,0,244.9296493771942,29.04149160712698,2511
12,10,0,243.6188288308953,41.54150609446565,2460
12,11,0,238.8277843137866,26.86339157363384,2460
12,12,0,244.2826905646992,72.47841864802569,2452
12,13,0,235.5245550436173,28.50355460983643,2415
12,14,0,255.5508236000655,157.9084517304979,2496
12,15,0,236.6425161911228,26.8986709827539,2454
12,16,0,244.4475969057532,28.21532454486923,2521
12,17,0,227.5469360225558,29.42461367352094,2366
12,18,0,201.2559873857649,23.08798072148872,2099
12,19,0,157.1617308937896,17.7826810063155,1627
13,0,0,145.2870503438762,17.05322081426429,1474
13,1,0,180.9466384280105,20.49238486994229,1861
13,2,0,234.9187125296211,392.5944509846498,2180
13,3,0,232.8048775097259,27.61116363444973,2386
13,4,0,234.9637768046578,26.78048761310056,2409
13,5,0,240.302701028679,27.94573947064301,2451
13,6,0,241.4675603957654,26.48519315793503,2511
13,7,0,249.4421065823014,130.0415519965287,2439
13,8,0,231.5054615752566,26.56233530609274,2375
13,9,0,241.4460620758757,54.93741937158052,2455
13,10,0,260.9880227302895,349.7523582425612,2470
13,11,0,235.1651980896853,25.8347424760976,2444
13,12,0,242.0213623579891,33.49838125496626,2465
13,13,0,242.1926228751583,26.88046365247861,2536
13,14,0,237.1835006809006,26.13067978230224,2479
13,15,0,246.2701591846943,185.8609005895352,2403
13,16,0,237.9659697601645,30.62434666606001,2418
13,17,0,227.7392243704606,53.22272112840574,2303
13,18,0,198.0638344589036,28.91466203682266,2042
13,19,0,152.8882296604448,36.67408170693636,1557
14,0,0,140.4053915621651,15.78371669507896,1456
14,1,0,186.1662474982078,50.63928218253928,1843
14,2,0,216.1822832061422,24.58124155100951,2226
14,3,0,236.3448208789503,26.78101049465242,2421
14,4,0,232.6954331756913,26.11574992981826,2411
14,5,0,235.4253492635926,59.07252097796764,2390
14,6,0,238.5933550090199,62.54895273738692,2373
14,7,0,237.5330819023744,27.07518011483658,2461
14,8,0,234.2822473665422,26.04642600963204,2433
14,9,0,236.0625047738641,28.48087442026733,2401
14,10,0,239.7209903977884,27.96805133072213,2440
14,11,0,239.3654244477612,26.25356175948759,2488
14,12,0,233.9137576268688,25.98161117391846,2439
14,13,0,241.8386178892765,27.64839380034923,2471
14,14,0,242.8636959264976,259.7043035148649,2345
14,15,0,235.6530135458269,25.78501623084975,2474
14,16,0,227.4541724120345,25.12714291804587,2373
14,17,0,217.7288190477083,24.09053488782597,2279
14,18,0,194.3636353169889,21.51492386225169,2031
14,19,0,147.7732555248073,16.43417336011097,1554
15,0,0,139.2979190667413,15.82129601409813,1426
15,1,0,188.5939585065019,20.87373349391964,1954
15,2,0,218.2785073261562,25.00558031101778,2228
15,3,0,237.0781360614518,89.36893931707081,2353
15,4,0,229.0880359370721,24.90649421037823,2395
15,5,0,232.8024900480676,26.3831588222403,2398
15,6,0,243.5095137612769,54.78527311778904,2429
15,7,0,228.019851957147,25.88874735215019,2362
15,8,0,238.5686005424861,27.23627061694997,2456
15,9,0,229.4121179181712,25.4272370053668,2379
15,10,0,239.5730868429334,27.21458808089312,2457
15,11,0,231.5807211312309,25.92117338718534,2390
15,12,0,254.2079126034882,30.94209993397526,2614
15,13,0,230.8453324023735,25.70784600760816,2402
15,14,0,235.5367774711768,26.35710280245715,2440
15,15,0,235.4915876591841,26.57491498840796,2436
15,16,0,228.8601586149287,25.82349266680652,2372
15,17,0,230.2115007650524,43.4403417884276,2354
15,18,0,199.9023045148702,25.87939779308311,2041
15,19,0,149.3166287676182,17.21738104219731,1549
16,0,0,137.78611212115,15.98624987438289,1400
16,1,0,187.4346288789436,20.9678559557298,1929
16,2,0,205.7304837365694,22.91793848337892,2134
16,3,0,227.6455155775048,25.85575255465072,2328
16,4,0,230.2989855967382,26.49565174207217,2331
16,5,0,229.1128329452001,25.32158172867573,2368
16,6,0,220.4584264980772,23.98076316039685,2297
16,7,0,236.2949893297796,113.0888780983654,2338
16,8,0,243.3665413809386,95.37191976334512,2366
16,9,0,239.3909041509854,29.43716114016203,2445
16,10,0,233.4269034284813,26.61032189400554,2408
16,11,0,255.1120998590492,267.8908111174452,2381
16,12,0,236.6190640240593,26.97888500839611,2462
16,13,0,243.3695095175451,154.0487755755314,2393
16,14,0,230.5507772019569,25.94009401636691,2386
16,15,0,233.3758262411176,26.35480919238054,2416
16,16,0,240.7431677898352,27.60718539259873,2458
16,17,0,228.0530612102131,77.03371247235674,2269
16,18,0,222.2848277138812,549.1865750525557,2105
16,19,0,147.4502520939658,16.85726172980658,1533
17,0,0,136.8064523575816,15.00933549213728,1432
17,1,0,170.217130084865,19.80730283857076,1734
17,2,0,197.1631180972512,22.49651438424991,2020
17,3,0,220.4222375968411,46.16737841702957,2168
17,4,0,216.2262824241209,24.06458630200029,2235
17,5,0,213.1496213985704,36.05046349075418,2175
17,6,0,224.4696266384602,25.00878076780768,2314
17,7,0,220.7145956430044,24.76665508251898,2280
17,8,0,230.5057114480319,133.7864484942495,2266
17,9,0,215.8292518836305,24.76513616484416,2204
17,10,0,234.3153664440117,299.5172408703266,2236
17,11,0,229.8167850162233,46.45559912374947,2330
17,12,0,223.172284628567,26.85235232886347,2275
17,13,0,222.158792758913,25.34367213052944,2282
17,14,0,216.3028000884867,24.13278647358733,2243
17,15,0,219.8333763093497,24.28510484380065,2297
17,16,0,228.3669918654597,30.35772177683171,2323
17,17,0,211.1376632776445,31.74354711184752,2156
17,18,0,197.0617358967963,79.32257008817918,1959
17,19,0,155.0017722974252,69.09842423582288,1482
18,0,0,116.2935925986372,12.83286082389755,1201
18,1,0,160.0753448459135,18.44798928663552,1618
18,2,0,173.6325187378286,20.22955248549846,1779
18,3,0,184.5464808075071,20.34310939176457,1901
18,4,0,191.3738424080437,22.36157864422886,1939
18,5,0,192.8317331913163,22.13410852829423,1970
18,6,0,197.3691182818447,33.70112455456677,1987
18,7,0,195.0430062008207,21.48851588502218,2018
18,8,0,196.7184742615257,22.46151196580201,2013
18,9,0,196.9961670314853,22.95660287025382,1998
18,10,0,205.5046668282006,85.01981032314755,2015
18,11,0,193.5980067718091,21.58379866939064,2011
18,12,0,191.0981636365488,21.29434317842225,1997
18,13,0,199.0669871085249,145.2998813955585,1977
18,14,0,204.0906583790907,25.64463067907561,2089
18,15,0,192.2361586592632,22.55922581401149,1997
18,16,0,192.8745115971307,24.40008182570591,1977
18,17,0,195.3307649699569,37.63530370169666,2000
18,18,0,164.704388675806,18.64583246483913,1691
18,19,0,125.4222887079437,14.74764945557511,1280
19,0,0,100.8993008590237,112.1247501408115,925
19,1,0,115.2210870684663,13.14444689509771,1181
19,2,0,136.7115801026259,15.55467841374871,1414
19,3,0,137.3735150157048,15.98375461084246,1397
19,4,0,153.6867206503169,18.48445538375768,1548
19,5,0,146.8177068605159,17.01247686297626,1489
19,6,0,152.0897426222875,17.49622340198384,1546
19,7,0,146.7463299833957,16.7497534606478,1497
19,8,0,144.5143280163383,29.12907674910971,1466
19,9,0,145.4887147320478,15.85207998494862,1520
19,10,0,148.2172451595383,16.43546341763506,1557
19,11,0,147.5611793068979,16.3442131957139,1533
19,12,0,149.1780145121294,17.01659428990588,1541
19,13,0,146.559135483016,16.4743256025506,1526
19,14,0,148.9691342450899,17.02007274245548,1533
19,15,0,153.7733339602103,38.25149432127495,1551
19,16,0,175.303408855337,980.2027826164054,1486
19,17,0,146.5332074173837,19.76217644623642,1511
19,18,0,130.0509994169464,16.80245122825579,1342
19,19,0,92.80950534627085,10.15778373111486,980
