# mesh name: boxMesh_1
# primitive scorer name: doseScorer
# iX, iY, iZ, total(value) [MeV], total(val^2), entry
0,0,0,76.51864076367933,9.095788130523399,751
0,1,0,101.9102352998932,12.11603110690543,1001
0,2,0,120.2490489836961,16.40141536787846,1180
0,3,0,127.2367815919277,15.43658089875005,1246
0,4,0,142.2506374953825,34.81964061586954,1375
0,5,0,141.5628748844461,17.38936402401056,1383
0,6,0,144.6722667267005,17.44360342460792,1427
0,7,0,144.1491656801649,16.82859898656655,1435
0,8,0,141.647511492652,16.03667992344684,1431
0,9,0,166.1541195179866,506.6529926980534,1432
0,10,0,136.2746052557213,16.31448539759458,1346
0,11,0,139.4435327562853,16.15960302105781,1398
0,12,0,144.114796758628,17.6891753723591,1418
0,13,0,139.5213218274591,15.78661260950623,1418
0,14,0,159.2872574217496,274.9509569050341,1421
0,15,0,136.8684568369531,20.17175279885283,1362
0,16,0,143.4015634620908,17.16387012603693,1415
0,17,0,122.7397466432904,14.2183717465533,1240
0,18,0,110.8040144595039,13.0765974896267,1100
0,19,0,82.3940325293547,9.314099732511032,834
1,0,0,101.5539813009322,12.13392358228886,996
1,1,0,130.1192735437332,21.25065517746444,1225
1,2,0,142.7337591244727,16.67927925197035,1423
1,3,0,163.7662195874972,20.10767017484231,1612
1,4,0,185.6808286231727,118.3120434271524,1680
1,5,0,180.4649508954521,21.76741935524858,1751
1,6,0,175.5982867992262,20.83685205253079,1724
1,7,0,178.7305096887334,21.8133621802256,1729
1,8,0,180.3284865760948,34.16296248274571,1773
1,9,0,184.8189562468023,21.86102476093181,1834
1,10,0,178.7046052528845,20.38178039791611,1787
1,11,0,178.5620049601758,21.39889078580073,1745
1,12,0,176.1860970593609,20.71723534140904,1753
1,13,0,189.9417624363468,37.94880456125535,1861
1,14,0,192.184180003126,128.537358738648,1817
1,15,0,176.3252700718092,20.86077207252419,1742
1,16,0,174.5197536504728,19.95907857059932,1752
1,17,0,158.4776960092045,19.80107454494219,1578
1,18,0,137.1886939847499,15.9531106630606,1368
1,19,0,137.9576921072997,522.5984592189516,1068
2,0,0,117.2062139746915,13.44116460985621,1163
2,1,0,169.3263546424966,267.7701215274267,1508
2,2,0,167.3402515230735,19.47390428742007,1665
2,3,0,192.7884279294809,23.9144472136059,1849
2,4,0,198.1427057406856,23.67066773515327,1932
2,5,0,204.9888114246542,23.97837790709511,2019
2,6,0,202.6475481307108,23.71151685326967,2008
2,7,0,207.8762870383594,25.00396450212796,2049
2,8,0,213.6492994301412,26.83332422667185,2094
2,9,0,229.996666852707,542.2404271385308,2047
2,10,0,216.3682746267808,181.9156116646962,2012
2,11,0,208.8616736299651,25.16905821709553,2040
2,12,0,203.3441055449342,23.95248772727135,2016
2,13,0,204.3781225952525,23.60400743338109,2037
2,14,0,208.3397002381987,45.61272895210897,2048
2,15,0,213.9537314601758,115.555948504381,2056
2,16,0,195.5281944715672,22.91478411990543,1937
2,17,0,182.6575688763038,21.22687786882078,1836
2,18,0,163.5886549622942,31.74764028638114,1574
2,19,0,176.8846780954231,1812.138765983927,1205
3,0,0,128.54104623673,15.40975964856043,1251
3,1,0,165.3776669302169,20.08266047128527,1599
3,2,0,183.9650242298166,21.83742021265741,1803
3,3,0,215.6157369097277,25.04219933717415,2137
3,4,0,217.1495308920018,25.67888683791835,2128
3,5,0,225.8179675441858,25.74234405822256,2258
3,6,0,220.1978445969929,26.09268776619502,2160
3,7,0,235.2927362340993,137.6087224644325,2174
3,8,0,221.5345673093912,26.52410839378214,2172
3,9,0,217.3893232764361,25.47380865744613,2153
3,10,0,238.7854699149278,43.21582182903109,2325
3,11,0,220.9162553274695,25.2851497750701,2212
3,12,0,225.6830287637423,26.99981035056032,2223
3,13,0,224.1039510726973,26.19004126733488,2230
3,14,0,232.3279812583085,47.73345997086699,2258
3,15,0,213.4509925196659,25.82476704703729,2140
3,16,0,234.8074456817084,335.9449970462309,2172
3,17,0,202.5899720985307,23.35045564964207,2039
3,18,0,173.1947249567903,21.89864683306112,1720
3,19,0,143.4259561508273,43.42737479384613,1354
4,0,0,135.5328497860977,31.2558209778431,1300
4,1,0,217.3099513608039,2538.088508999148,1665
4,2,0,198.13721153758,22.94709774890511,1957
4,3,0,216.973478485774,25.86340810123816,2125
4,4,0,228.4003344320822,27.5481382663505,2219
4,5,0,219.0078706830592,25.81229369187466,2155
4,6,0,245.987873707454,217.1988840030225,2280
4,7,0,234.2984880884209,35.22652301208603,2277
4,8,0,252.5038093332558,208.0713905361615,2331
4,9,0,242.747197793809,29.51264357482802,2357
4,10,0,225.6805993231582,26.09382470144099,2246
4,11,0,223.0410915576282,25.62850692074333,2241
4,12,0,241.6397626316597,28.79795263231554,2387
4,13,0,236.6461845848045,27.357250361799,2378
4,14,0,232.0323115964179,26.5351672288868,2322
4,15,0,240.8892534603259,34.20273855404898,2370
4,16,0,229.6561851511375,27.93646716871162,2263
4,17,0,235.2716648646304,286.5616239868372,2110
4,18,0,174.0728327054874,20.85258939601667,1743
4,19,0,140.2588131753336,16.73440026852684,1405
5,0,0,144.5978680791656,95.5079236306152,1328
5,1,0,182.3087701909936,59.63610313532536,1684
5,2,0,204.3960609803316,24.85196265496887,1977
5,3,0,221.6343896876598,26.3823799593871,2175
5,4,0,236.2586392932101,40.31715892289849,2303
5,5,0,236.191630317706,27.83065190394037,2334
5,6,0,236.5905828077382,27.94538002182354,2323
5,7,0,237.2918020650092,27.84439505705883,2358
5,8,0,241.2429359898395,74.99984838782376,2329
5,9,0,233.8980273804673,27.03113723456607,2315
5,10,0,235.8142977141583,27.87625829930102,2332
5,11,0,236.9603873367195,35.69153350760142,2344
5,12,0,237.5901200821831,49.96838545188723,2297
5,13,0,234.9919442723204,26.98821113431208,2353
5,14,0,241.0221291880295,27.91095813078195,2411
5,15,0,232.4659014242358,26.99127195424627,2331
5,16,0,239.9865506316439,85.09204001550819,2271
5,17,0,209.9258635760439,33.32905093978821,2043
5,18,0,185.6089082456983,63.27253656107626,1738
5,19,0,139.140611139704,15.81949228002668,1416
6,0,0,139.4203596136151,15.88450631549589,1386
6,1,0,187.6511987874123,143.1238241325047,1725
6,2,0,222.5779053309538,674.8655928522758,1930
6,3,0,220.3899696667389,26.4726455246104,2152
6,4,0,245.7387115324863,262.7092525426969,2275
6,5,0,238.2783892880948,29.24805786094764,2298
6,6,0,240.1201843101786,28.33403405881868,2349
6,7,0,251.6915255010826,63.81787669589598,2369
6,8,0,241.3667132801769,28.55897078578994,2388
6,9,0,254.615477362809,80.31001345686563,2447
6,10,0,236.9723130303489,27.06566538980435,2378
6,11,0,240.4341099537125,27.95444436614038,2398
6,12,0,235.4501981797711,27.59458572988355,2358
6,13,0,241.0456912078528,51.73330437882392,2387
6,14,0,239.1078640751852,27.82700229968078,2392
6,15,0,228.0712729858697,26.90115326127454,2265
6,16,0,224.16201275322,29.84474597229131,2231
6,17,0,233.0074794274039,319.2238279305629,2135
6,18,0,189.7953296278759,62.26055728105394,1823
6,19,0,142.290664139568,16.22248597525654,1448
7,0,0,139.9691088594277,16.82254956772115,1367
7,1,0,173.4265357301552,20.29924814356236,1708
7,2,0,201.9981151057847,23.5210531749686,1998
7,3,0,230.5219458726091,27.42158508207831,2235
7,4,0,234.9124076762965,27.74671295023224,2305
7,5,0,251.2643591463038,30.69011969452161,2441
7,6,0,238.6087781725243,28.56687716652325,2335
7,7,0,235.4012787555357,28.82614496941633,2320
7,8,0,240.9342356985838,28.62938376784422,2361
7,9,0,243.8405873211173,30.70590155503766,2393
7,10,0,242.7789911847796,28.53014484826804,2402
7,11,0,255.4774578804822,74.04998011488969,2489
7,12,0,244.1557315957589,28.11438228159664,2455
7,13,0,247.67053699278,335.440953842062,2313
7,14,0,232.0259553229931,27.04253792986656,2309
7,15,0,244.1396319656833,89.61059320410884,2342
7,16,0,234.3466963571015,27.12436481292738,2353
7,17,0,214.0362797625191,24.84745081797295,2141
7,18,0,192.7095119251413,58.91114786080207,1852
7,19,0,146.7517653939204,17.50559477286702,1463
8,0,0,147.8075840861374,23.12691683038738,1419
8,1,0,171.1481647322375,20.57180466069897,1667
8,2,0,198.5311659729381,26.82071777301682,1931
8,3,0,227.6264013826671,27.17972443061722,2204
8,4,0,223.8286568504801,26.03311957072468,2227
8,5,0,236.771194790937,27.96334087466803,2313
8,6,0,250.43994046313,58.13433930716764,2425
8,7,0,251.4171889397191,130.4148379069991,2373
8,8,0,244.534669213325,28.63510922138358,2417
8,9,0,238.8403079265666,27.9790866358588,2377
8,10,0,237.0359980301335,27.6289357891235,2352
8,11,0,246.200907680033,29.45801047324341,2420
8,12,0,247.0234343127935,41.03988875391479,2439
8,13,0,233.0644027361311,27.9497879421611,2291
8,14,0,248.3426727430321,29.56922015392962,2478
8,15,0,233.2402156222342,27.35790803697716,2363
8,16,0,229.9046218736714,27.83033098186884,2273
8,17,0,248.2300603139245,889.3124664513404,2152
8,18,0,176.8705690462436,21.29785313009189,1753
8,19,0,147.088227305892,18.00088726036504,1442
9,0,0,147.6831231553725,146.6842147815771,1347
9,1,0,176.2106819810812,20.82460700008679,1729
9,2,0,201.6987189918394,22.83484541833955,2024
9,3,0,223.422689885571,26.81975178775795,2191
9,4,0,254.1675105757945,185.9092154722821,2334
9,5,0,232.1012223161586,30.2430080395687,2277
9,6,0,252.2068732392652,63.69364840930545,2373
9,7,0,243.2375759710845,40.65394649767902,2383
9,8,0,259.3765609206184,95.0447067695313,2490
9,9,0,250.8726688538559,77.48430661248997,2378
9,10,0,242.2879342667128,48.3724758868273,2398
9,11,0,237.7704011834158,27.85600039922511,2349
9,12,0,238.9346603563785,28.06760485721962,2372
9,13,0,238.8175393616033,27.76293417180502,2393
9,14,0,246.9534165958231,51.09506812753217,2391
9,15,0,231.3465105434784,26.74670864807043,2325
9,16,0,230.8117952061766,31.61544586339253,2328
9,17,0,228.4299571576782,207.7344376929216,2134
9,18,0,187.6321449195738,104.9342684570551,1801
9,19,0,145.6448680242291,16.51420400015506,1471
10,0,0,152.3410220193778,210.9359010902586,1354
10,1,0,175.853917354074,21.54742904877504,1689
10,2,0,211.4369363674891,57.51423897317667,1984
10,3,0,214.7660218016977,25.74772433156627,2093
10,4,0,233.5363175282017,28.30106826378365,2289
10,5,0,243.3381024754968,49.04017383011949,2302
10,6,0,247.8937417094669,31.3438981819101,2425
10,7,0,232.8907785732778,40.7031946880975,2288
10,8,0,241.8698882053332,28.07144153791655,2399
10,9,0,242.6525796336207,28.34116791136029,2414
10,10,0,241.076575444562,50.49175865609385,2322
10,11,0,241.7369432829267,44.19966546224671,2363
10,12,0,252.1710547796615,105.1205967034197,2419
10,13,0,241.7994448972434,33.87281576355964,2412
10,14,0,237.397290443593,27.75068563769345,2370
10,15,0,239.2739208818809,49.71408179737683,2360
10,16,0,241.5248191498029,144.8291861805774,2320
10,17,0,208.8108164040848,24.29815704565305,2084
10,18,0,182.5098394051972,21.3237254322468,1829
10,19,0,143.5311024161344,17.1418003526721,1422
11,0,0,149.6112318422838,416.7028023246472,1299
11,1,0,178.2283857954166,21.64086421572646,1724
11,2,0,208.5384836724699,42.22900088708057,1990
11,3,0,213.5618620307586,24.7706039515406,2118
11,4,0,227.3969923533421,26.98087796309182,2231
11,5,0,249.6446766187234,127.1215812418271,2374
11,6,0,250.2882500396905,80.9839679494748,2395
11,7,0,233.2303061352969,28.46014742781806,2282
11,8,0,241.4397594210081,28.91467106558634,2358
11,9,0,242.9281343953114,28.50063440746791,2402
11,10,0,245.9666736682142,93.297596818076,2359
11,11,0,271.1730017908325,898.8735111598587,2388
11,12,0,246.8369652137399,39.0462461326609,2407
11,13,0,237.3164128068966,27.65085103429009,2379
11,14,0,235.9082967920357,26.45769666695756,2383
11,15,0,229.9496161950489,26.93072737617745,2285
11,16,0,237.6835964560716,64.94989977543236,2309
11,17,0,220.5468284853852,50.82880045683729,2156
11,18,0,186.1136271800217,22.60725528955512,1832
11,19,0,165.5831801892772,79.78524138201244,1550
12,0,0,147.296608796936,19.9603997289864,1413
12,1,0,175.4087366783483,20.70448721197428,1729
12,2,0,203.117222092538,24.36325034196016,1991
12,3,0,221.7606233054724,27.40595553858607,2126
12,4,0,233.5220772721591,27.8790095184089,2301
12,5,0,235.0434582565079,27.90124684027851,2299
12,6,0,252.4728071852091,393.3931049553389,2281
12,7,0,244.377922927724,29.57625769234917,2378
12,8,0,247.8132066672422,29.74841433774444,2411
12,9,0,274.6551181585917,468.3310054186696,2418
12,10,0,247.6094978088607,59.6727275814728,2376
12,11,0,237.2221956053676,50.11694852199238,2310
12,12,0,257.1743793788829,64.15120183370163,2483
12,13,0,243.7777312222909,28.31982546727293,2427
12,14,0,236.8167458354377,27.94411394317851,2351
12,15,0,225.0520768314662,25.85267255117616,2248
12,16,0,223.8794113271876,25.78378725513211,2251
12,17,0,208.2679849597413,24.81844533741818,2051
12,18,0,185.2123366265495,21.75700371704987,1838
12,19,0,142.9378825106955,16.69747608021579,1424
13,0,0,135.2913424044209,16.18902921545233,1337
13,1,0,168.1790557234682,19.90759431889627,1654
13,2,0,194.8844215863911,23.49833070588799,1878
13,3,0,222.975438770833,26.83316355546845,2174
13,4,0,230.5873654978975,27.19551831615005,2261
13,5,0,231.5432308345764,27.16561993646717,2273
13,6,0,245.2247882052141,154.9572944201507,2300
13,7,0,239.1148838767664,27.15233502888191,2407
13,8,0,237.830398594627,27.79112079646944,2358
13,9,0,244.4900970757828,28.75835846527476,2422
13,10,0,241.2987878161149,28.86648743585125,2382
13,11,0,230.6266779920304,27.06923059899599,2304
13,12,0,263.0028713275158,569.0692409450304,2401
13,13,0,242.7091769900197,29.18578886253835,2413
13,14,0,238.0943957180055,27.90566673388442,2364
13,15,0,231.6625855688728,28.78316494823856,2326
13,16,0,220.676349087786,25.52466822471856,2200
13,17,0,217.1899243680214,102.6246752050461,2096
13,18,0,175.8103133971642,20.73359502221092,1761
13,19,0,146.1781110709653,87.06954907371737,1377
14,0,0,140.622679317595,16.58037704331396,1382
14,1,0,170.5624384158289,20.50766691668296,1661
14,2,0,192.5981909662561,25.40194418040596,1866
14,3,0,224.0048430950246,27.21510417064672,2159
14,4,0,237.7069726011536,27.73240097270481,2355
14,5,0,223.4378755447356,27.63468858440994,2218
14,6,0,234.863143228288,39.17401115421836,2295
14,7,0,245.857889713836,29.17368834207476,2415
14,8,0,242.1255301723601,29.82872275887708,2372
14,9,0,235.6401735958747,27.68079266273199,2319
14,10,0,234.9791733078944,27.07705873168083,2347
14,11,0,238.9196252637104,27.20419780997846,2403
14,12,0,246.5751138770643,44.03671406444507,2430
14,13,0,260.4146827650583,398.5315800024314,2377
14,14,0,237.8276490024706,83.55217484245466,2289
14,15,0,235.3922809165043,28.48525124709971,2352
14,16,0,226.8170608940586,26.76968445147626,2264
14,17,0,203.2900330958291,23.24328169212149,2043
14,18,0,189.7634320063842,21.74996508216791,1909
14,19,0,208.2956644661272,1283.615901258068,1514
15,0,0,138.4035351063827,21.05421125473361,1321
15,1,0,171.9128535313541,51.39150246830857,1643
15,2,0,208.8126593211406,48.20390255659669,1936
15,3,0,216.6449358357074,25.42502533928136,2130
15,4,0,226.1220763422465,26.71906190049338,2228
15,5,0,220.8216544149592,25.71484193940984,2199
15,6,0,230.7063232379229,27.31531984031647,2260
15,7,0,231.4715122462356,35.04614441911414,2244
15,8,0,258.4940715355723,377.2183440544844,2249
15,9,0,228.2332369680349,26.98283634275804,2247
15,10,0,234.0346601689264,27.98585349855002,2295
15,11,0,244.7277020125047,39.56905004829516,2376
15,12,0,230.634004413125,27.52681519934881,2258
15,13,0,234.7091446085451,30.94177802611503,2345
15,14,0,235.4873645282268,28.12865848670468,2320
15,15,0,227.35558661901,27.33580621036195,2269
15,16,0,226.4336853147729,25.48280936084419,2283
15,17,0,210.3646697104811,25.02440854781931,2086
15,18,0,182.3787100183235,21.46205405367545,1813
15,19,0,148.8832747322267,24.32828310517285,1462
16,0,0,126.3708853465647,15.02620953979348,1230
16,1,0,156.9804324550992,18.60549659109163,1535
16,2,0,188.3649981205348,32.1498078175012,1808
16,3,0,236.9518487877221,880.2536820847007,2044
16,4,0,222.4703442348067,62.29544718509025,2159
16,5,0,222.4040121969533,27.12804516781685,2160
16,6,0,218.929963065315,25.6693253029301,2168
16,7,0,220.1277078449355,32.88078193688673,2175
16,8,0,215.7636195522996,35.77711588348985,2121
16,9,0,242.580983172906,118.166008915762,2263
16,10,0,217.9805071939444,25.21863086165838,2176
16,11,0,230.9806533575847,38.29911430608324,2265
16,12,0,231.0991197440067,27.22208843115047,2292
16,13,0,226.5397661157841,26.33166949793243,2254
16,14,0,227.0083736793903,26.5121491594675,2270
16,15,0,234.5162578843956,69.81481036407261,2246
16,16,0,241.2069430575529,876.3898242195762,2126
16,17,0,207.0308093987968,24.54682630337885,2036
16,18,0,166.9860468454426,19.92149119041187,1645
16,19,0,138.2162331892989,16.19147711769843,1378
17,0,0,119.2158856455156,16.43657444723341,1155
17,1,0,164.5749354996925,144.5745734714607,1508
17,2,0,174.6977619411248,39.46074067827383,1674
17,3,0,187.3000645950364,21.51682725215001,1857
17,4,0,202.7949812267533,23.89400327499778,1994
17,5,0,203.6856828808026,135.9435921556644,1920
17,6,0,201.9649665336464,23.49795228009685,2001
17,7,0,241.9711073670603,1549.976038751983,2020
17,8,0,224.4301882588072,160.0878332858653,2049
17,9,0,210.7561244781506,59.71302080497834,2031
17,10,0,212.6375203252149,112.5493023445397,1987
17,11,0,201.6600091976914,24.13405390996989,1988
17,12,0,222.9835870012674,155.4309908766115,2075
17,13,0,211.784526457764,29.06795841464926,2094
17,14,0,216.2242725344077,45.82763186252547,2081
17,15,0,210.3782662826457,26.5033788581458,2046
17,16,0,203.4030319219004,23.5018050855556,2028
17,17,0,180.972656918773,20.97575788852448,1814
17,18,0,160.1637917500836,18.50501681942873,1600
17,19,0,121.8116164305793,14.6127932636539,1210
18,0,0,102.4766562700305,12.41837083664227,1006
18,1,0,121.00364704495,13.88636559416591,1206
18,2,0,150.0230593430522,17.96153001561352,1469
18,3,0,167.4695178069957,20.39399323434329,1632
18,4,0,183.2998685562188,127.4273996809849,1690
18,5,0,176.1678320427963,22.18688595930716,1709
18,6,0,172.0682657767127,19.95209194985983,1710
18,7,0,177.7643803594749,21.2552892217661,1740
18,8,0,174.9929081216205,23.58606798112365,1727
18,9,0,178.4072779918663,20.8724247556408,1770
18,10,0,188.4979208381867,22.23496039521901,1855
18,11,0,209.5699747424221,508.2794182848637,1833
18,12,0,192.8821172980231,36.45006333429893,1852
18,13,0,181.3591660969115,21.27287222756721,1808
18,14,0,185.1048958859502,21.56965142701001,1850
18,15,0,168.3742744461044,20.29733161764049,1692
18,16,0,169.8286257290312,19.91550504919458,1682
18,17,0,161.4500805932511,18.41081276055567,1630
18,18,0,136.6263220382987,15.35628034162228,1387
18,19,0,108.2530476417638,12.36001779021938,1095
19,0,0,85.62077279424038,10.15434920287069,836
19,1,0,97.0287980358801,11.13902399103433,970
19,2,0,117.0555809722483,14.14626321495247,1152
19,3,0,130.9502198535004,15.07616565800371,1307
19,4,0,139.8172755078852,17.14927204071612,1359
19,5,0,134.9751436490629,15.82405430862294,1336
19,6,0,133.4189454024517,15.57743749551649,1325
19,7,0,139.9096866896941,16.18657871691581,1396
19,8,0,144.5813725203015,17.03527821347481,1423
19,9,0,133.0390010357768,14.85155582409495,1347
19,10,0,136.3958701631175,15.40190132393372,1373
19,11,0,147.1160436421252,37.41060520238596,1397
19,12,0,148.4399378846814,17.28502020828124,1478
19,13,0,148.6039696229461,18.26062034003212,1444
19,14,0,152.3897010076101,98.60067762706707,1422
19,15,0,151.2614521476849,165.0038260440325,1409
19,16,0,134.8184431507787,16.34498211079692,1318
19,17,0,129.5499451184493,15.02131631258399,1307
19,18,0,106.1373457909688,12.61445025733815,1053
19,19,0,85.8745782048132,10.16922386709422,875
