# mesh name: boxMesh_1
# primitive scorer name: doseScorer
# iX, iY, iZ, total(value) [MeV], total(val^2), entry
0,0,0,70.88443473908625,8.841426144584009,654
0,1,0,84.63239661531742,10.37869332076009,792
0,2,0,103.1430372778741,13.11467099266214,966
0,3,0,108.1031292512307,13.04714168090082,1028
0,4,0,119.8303852265434,13.98769994169332,1180
0,5,0,128.5964201315452,88.66803091537241,1159
0,6,0,133.1604790002268,51.57091750788028,1252
0,7,0,134.8069659029513,15.83109968563212,1327
0,8,0,136.0554240936368,15.66550489085369,1358
0,9,0,136.5052496926901,15.79461166667394,1363
0,10,0,134.9186334410373,15.38057167245388,1375
0,11,0,134.5036451265152,15.04393266525742,1392
0,12,0,134.5297280196116,15.38697134383231,1383
0,13,0,135.8173643385503,15.89388118313083,1380
0,14,0,133.4713115185947,15.36886726646331,1367
0,15,0,133.2793764600102,15.6765805671175,1413
0,16,0,142.1941101281571,45.35616231616397,1439
0,17,0,140.9112805325489,15.96244564937776,1476
0,18,0,118.4897597559171,13.51000667386726,1262
0,19,0,93.91958946474125,9.936525609802157,1027
1,0,0,86.31686314929271,10.80183234593349,796
1,1,0,108.1487576290938,13.72322249638299,998
1,2,0,124.1895812926242,15.5369326821574,1168
1,3,0,135.8411041569478,16.77731419268749,1274
1,4,0,154.8503133655593,18.85969414300237,1469
1,5,0,159.0278674374524,19.04244327684859,1534
1,6,0,157.968990124857,18.90715598649553,1525
1,7,0,180.0561862111544,319.2071459803919,1586
1,8,0,184.2518838298089,129.8122421289995,1716
1,9,0,174.1943572766787,251.9277464778998,1601
1,10,0,173.5978068799056,141.7406767432011,1627
1,11,0,165.8782490862656,19.09355946767955,1675
1,12,0,164.3118880730801,18.42676998045568,1689
1,13,0,171.1340128189217,19.62268678551969,1748
1,14,0,169.210209740965,18.35117126847079,1784
1,15,0,172.0117004427611,19.73938210333427,1781
1,16,0,179.0405685558111,19.87101872915879,1876
1,17,0,164.07842114663,18.57905873039942,1728
1,18,0,156.4727081867309,17.22411874896174,1663
1,19,0,130.9363991723018,26.25063606296464,1388
2,0,0,100.5560199234106,13.88382464805306,932
2,1,0,124.980705812715,49.86282840920107,1117
2,2,0,142.2244529685765,17.39815993117186,1339
2,3,0,156.1626037408585,21.20781916677657,1494
2,4,0,177.2550789629158,21.57649932068229,1679
2,5,0,175.389515682162,20.97103364593804,1697
2,6,0,185.9172679822548,39.08048949382906,1776
2,7,0,196.9096380850926,67.62325709891707,1885
2,8,0,186.7572540001393,22.2907134536713,1835
2,9,0,194.1185013004383,22.70814071120077,1933
2,10,0,185.5024725751829,21.42130877992496,1878
2,11,0,197.8262069131318,22.78195805605597,2005
2,12,0,201.9520540260598,119.3733155752061,1940
2,13,0,201.7556717756372,25.36949615325544,2043
2,14,0,205.4640956282753,32.226106681955,2092
2,15,0,195.971028519505,21.90718243904319,2047
2,16,0,198.2793638464824,22.30193443904592,2082
2,17,0,195.368602516026,21.51757416517699,2083
2,18,0,178.5432660245794,32.96621751465783,1888
2,19,0,145.1071586490922,15.92082894152544,1567
3,0,0,107.3745422332833,13.0740994777543,1007
3,1,0,133.9992635322952,16.49330093971516,1255
3,2,0,160.2028777586302,19.99174656519815,1503
3,3,0,188.2184242781565,36.73322492382339,1736
3,4,0,205.1477141318518,218.5440146804193,1843
3,5,0,198.5122931495938,24.69311790218366,1892
3,6,0,198.5698490636289,24.82121527768026,1942
3,7,0,205.2573944489429,34.21160742571946,1991
3,8,0,234.0387919382848,590.3773014149759,2093
3,9,0,217.6774271894146,28.77710477842123,2148
3,10,0,225.0583381279887,56.63858060431432,2194
3,11,0,213.3431361275005,24.79245515615877,2166
3,12,0,215.2382479918148,25.30281173230738,2167
3,13,0,218.4391270231872,24.68065910692716,2267
3,14,0,217.3873133016065,25.39613593710494,2215
3,15,0,215.3411092279188,24.60728216400631,2225
3,16,0,214.6348181211177,23.66065022791122,2254
3,17,0,220.9749451892279,264.9638913917661,2191
3,18,0,197.4304454818712,21.9721512432369,2098
3,19,0,164.9851470840508,119.0799780123,1647
4,0,0,117.3234506431564,14.46943890373724,1090
4,1,0,137.8789031781316,17.08601707020912,1291
4,2,0,184.6017312627566,280.2668081274236,1556
4,3,0,216.8455656096414,435.8585730850658,1828
4,4,0,205.1381175093376,28.54557609795148,1934
4,5,0,207.5273780439672,24.90432654579922,2002
4,6,0,219.3214159681429,26.41416798245467,2122
4,7,0,219.5133450116319,36.63403554994491,2124
4,8,0,216.7719592762621,28.67720285121292,2121
4,9,0,234.7393425952296,288.6771441667841,2194
4,10,0,231.1582478016685,39.70545813526161,2282
4,11,0,240.2339540479882,118.5249056726512,2299
4,12,0,217.2085498169565,25.10916375857958,2230
4,13,0,219.1149890955604,25.11920387287177,2243
4,14,0,262.1300923444651,1155.227942152832,2363
4,15,0,230.8588849827494,25.62838934892645,2411
4,16,0,226.8161247082111,25.92884372893094,2351
4,17,0,219.6861205605506,24.71563687877078,2303
4,18,0,193.3631503908306,21.17670169413261,2062
4,19,0,164.7085405447021,76.7893254382132,1670
5,0,0,154.7205983520713,924.9357149345649,1151
5,1,0,145.9038605015321,18.52572743519784,1348
5,2,0,177.7626260731411,21.37208566310579,1686
5,3,0,193.7851038566584,23.39295630368305,1838
5,4,0,209.2112015545447,25.96319945374854,1979
5,5,0,208.6412466645617,25.46736858734262,1981
5,6,0,220.5765561620337,25.55229977761157,2177
5,7,0,224.2085579919982,26.2808149180547,2215
5,8,0,227.9964807310936,27.38478371557706,2245
5,9,0,254.1129799072909,595.353245111157,2301
5,10,0,227.7775391379606,26.00212331969381,2305
5,11,0,235.9545237351662,117.3642375425716,2305
5,12,0,232.4018183003938,26.65720425806472,2367
5,13,0,230.3367728993835,44.34894144962094,2322
5,14,0,229.1367441312242,73.84705682412383,2328
5,15,0,229.9565576058964,26.09232389875039,2400
5,16,0,216.1757074852202,23.57242771067467,2295
5,17,0,221.7098566634241,25.18722982834667,2313
5,18,0,196.0307398432165,21.38003844417298,2105
5,19,0,158.8621972085242,17.68346390663859,1682
6,0,0,124.1751739535643,15.11714146917085,1166
6,1,0,155.8273010501759,49.35827110920207,1424
6,2,0,173.3897130879365,21.01297852404729,1641
6,3,0,216.2238147534509,407.2806097392074,1850
6,4,0,218.7735669666381,44.33653768257778,2050
6,5,0,212.4540699409879,64.80496635208075,2012
6,6,0,208.0954417997097,24.69664826498946,2034
6,7,0,229.148662891878,51.97532400312748,2200
6,8,0,235.3730759933069,27.79013499544237,2321
6,9,0,239.5620724183327,98.60404326296636,2316
6,10,0,226.8652538215553,25.65907557155045,2308
6,11,0,228.0529202248234,46.08181681196195,2293
6,12,0,227.6444746740346,26.40723256621087,2316
6,13,0,228.6290727405944,25.65983738911003,2365
6,14,0,227.3809182619485,26.14797317804345,2352
6,15,0,230.2706196077718,25.52636895522478,2410
6,16,0,293.1984776252347,2167.808624142676,2338
6,17,0,215.554989257404,23.14834715126533,2318
6,18,0,195.7048218483435,21.37146230163348,2093
6,19,0,173.9864213417781,375.3028811676166,1677
7,0,0,130.9472125404876,16.71596374279868,1208
7,1,0,157.4015771926894,20.23778875308594,1469
7,2,0,189.1390710896908,23.32755099107527,1781
7,3,0,211.5205627291193,128.7669938033508,1909
7,4,0,216.7973006450486,26.40865797343179,2047
7,5,0,227.2576712569998,34.24734953202734,2159
7,6,0,235.6081462310154,29.02720876746175,2261
7,7,0,224.8785099197525,26.61196281750369,2201
7,8,0,226.5893660720104,26.20937969180162,2261
7,9,0,231.0837730903477,38.09954787759334,2255
7,10,0,246.3316188369988,379.6120284634488,2321
7,11,0,227.9750990422061,26.05319398638495,2343
7,12,0,228.8550877996126,26.00100205319123,2336
7,13,0,227.7842684662285,25.28641212787606,2364
7,14,0,244.5292044371913,129.6345953034989,2413
7,15,0,227.2342236540394,25.15414189471698,2395
7,16,0,225.4533561302205,24.63638802726666,2409
7,17,0,227.9249673701754,25.41198596039273,2402
7,18,0,196.9375168176346,21.81175860359135,2093
7,19,0,157.6468025911232,21.16713997796235,1653
8,0,0,122.336998675861,15.24338196625129,1158
8,1,0,184.8740035101304,780.0255762350163,1480
8,2,0,178.9384093080459,21.40603138752242,1701
8,3,0,197.9823760931963,24.71044753276614,1860
8,4,0,201.851595112396,24.23921719940345,1944
8,5,0,243.5167027588903,402.5892070539944,2137
8,6,0,224.3146475988169,27.41831680349829,2184
8,7,0,220.5500885317378,25.58600940380503,2186
8,8,0,229.5500814800257,27.06986363954807,2274
8,9,0,224.4349426030294,26.64125685371073,2230
8,10,0,235.8655111826262,26.90500770055128,2391
8,11,0,232.8568759090797,27.18742032092865,2353
8,12,0,228.0520393241164,25.97954993856933,2330
8,13,0,225.8855895745194,25.75352176760786,2331
8,14,0,215.2265904696466,24.57979113038386,2224
8,15,0,230.6289747025692,26.01941873092354,2425
8,16,0,228.0760345379982,25.01873922801608,2427
8,17,0,220.6619718687839,31.78324150466754,2322
8,18,0,203.681462974198,22.57161096459834,2166
8,19,0,161.7021012224618,17.50693292905641,1729
9,0,0,125.5098031219609,15.88439126947637,1166
9,1,0,169.9231398424427,131.6310307336565,1499
9,2,0,179.5879671400257,36.32265867445039,1649
9,3,0,209.1538006681797,25.85944253859727,1985
9,4,0,222.6571108571821,32.48958528461964,2086
9,5,0,221.3559108643572,27.43735589351054,2107
9,6,0,234.7614714295276,28.02248387617349,2276
9,7,0,223.8753764996656,26.4320024658237,2196
9,8,0,232.2154110706226,27.31026674833761,2294
9,9,0,234.9977402146244,28.00947265975994,2320
9,10,0,231.87100596011,27.24663166854821,2312
9,11,0,231.3499133704165,61.68333146858299,2350
9,12,0,257.2446622752348,496.5843652828511,2394
9,13,0,233.7371215193707,40.28462368910324,2379
9,14,0,231.8291719955342,25.64271711036146,2419
9,15,0,245.4681007956811,55.64573031635781,2490
9,16,0,233.7319710352884,25.96481834216519,2470
9,17,0,227.7774053421252,34.20474539802522,2395
9,18,0,194.1147627020981,20.8145196983945,2093
9,19,0,151.7137215907553,16.30567869984906,1640
10,0,0,139.6883804393324,168.8091569796569,1179
10,1,0,161.5157278187259,19.98792459195835,1502
10,2,0,179.4510427838113,29.74344370567019,1655
10,3,0,193.5195737753361,23.7095655228612,1824
10,4,0,209.216465443195,25.24106594673658,2028
10,5,0,217.2692353685001,32.71091641486937,2061
10,6,0,233.163043389658,27.76518120251627,2265
10,7,0,225.3762132359387,27.79702982694911,2187
10,8,0,237.8031104136328,28.70202426352064,2365
10,9,0,236.1095598115245,28.71114087576053,2302
10,10,0,225.869443134527,26.29770784021298,2283
10,11,0,236.646408825796,27.38317158066009,2382
10,12,0,224.8705614813785,25.14083499760962,2317
10,13,0,229.723078672291,25.96581917197121,2354
10,14,0,239.4153944196048,77.99977584893713,2396
10,15,0,227.8669726637804,24.97927262656234,2418
10,16,0,231.1037784055943,28.06419162616362,2402
10,17,0,220.3605121063351,24.29017788673253,2329
10,18,0,193.6080292901664,21.2205791657451,2071
10,19,0,160.0305397233211,28.68757136296483,1662
11,0,0,123.728085866331,15.52044280140812,1145
11,1,0,151.0231384880022,18.22883905388074,1431
11,2,0,180.1314485345376,23.36960037111598,1667
11,3,0,201.2876709996118,24.13043366819483,1921
11,4,0,209.0223280492708,24.54881773262002,2023
11,5,0,232.9673077905834,143.8797172495583,2153
11,6,0,220.8798897639932,26.86147064888716,2128
11,7,0,231.465501959922,37.60496871596211,2243
11,8,0,247.7917811508165,284.6875443276857,2303
11,9,0,239.5491390458368,38.62832041565387,2352
11,10,0,229.2789394365947,27.33391881032921,2295
11,11,0,234.8163518263224,31.00762351800854,2372
11,12,0,234.5478397246014,27.2272521129378,2392
11,13,0,235.3661560672517,27.30681234498899,2410
11,14,0,220.0503620426288,25.64506555373628,2316
11,15,0,232.4964953613479,28.72982720718659,2408
11,16,0,258.1570417595588,770.5035731233971,2425
11,17,0,215.2812573833874,23.46470387766666,2298
11,18,0,202.8809742789597,22.624955574898,2154
11,19,0,158.5383833496658,17.62373468779977,1693
12,0,0,124.1005271966785,15.3103736038493,1162
12,1,0,160.1163502529125,65.65884786814966,1410
12,2,0,176.2405297595756,21.73741976526455,1665
12,3,0,200.9290108093549,24.62982006646682,1912
12,4,0,210.7555504554603,25.41792459924545,2026
12,5,0,213.0197598410531,25.74512916984906,2052
12,6,0,226.729208608777,193.2013104792238,2120
12,7,0,232.4949639039324,57.8356375128948,2211
12,8,0,219.1092294055424,25.30298146965572,2181
12,9,0,236.3338912321226,152.4420276675612,2267
12,10,0,247.678453316941,29.59651819400152,2459
12,11,0,229.7709945256966,26.4284562952699,2340
12,12,0,231.9671469840467,29.76000385844901,2387
12,13,0,227.6510576184552,25.97945618622498,2354
12,14,0,230.2781454063449,25.55359066505348,2406
12,15,0,232.1089020289195,26.25796472956998,2411
12,16,0,232.876888288206,75.43209350193753,2386
12,17,0,220.236526201448,25.44692519747654,2309
12,18,0,204.2085751898987,23.12274256493335,2162
12,19,0,168.8019244738611,89.15375039611149,1693
13,0,0,129.2961283524088,164.7630282703817,1123
13,1,0,154.8537994984154,19.71499838323601,1416
13,2,0,176.2337675756052,22.00264081131696,1638
13,3,0,194.3730674308805,24.06480837970326,1835
13,4,0,225.302176112745,27.79632935936514,2130
13,5,0,216.2363693665493,43.2518734964275,2048
13,6,0,248.1158128434761,143.5753222907638,2270
13,7,0,222.1906581406681,26.35124417687415,2170
13,8,0,237.2899450714052,27.71881408161093,2346
13,9,0,236.8164446982775,28.59237945238498,2327
13,10,0,246.2147579534693,126.5916214258132,2338
13,11,0,225.3929171299384,26.06897055761011,2279
13,12,0,233.1642405173177,26.74055160526606,2370
13,13,0,224.9476258659357,25.55917254654313,2323
13,14,0,217.6778424037881,26.50469923868713,2260
13,15,0,226.5522261605496,25.33201789476673,2378
13,16,0,225.3383171394771,25.07602033145562,2369
13,17,0,220.0988528957054,24.0377966786413,2342
13,18,0,201.7999877228443,52.16014024667339,2043
13,19,0,162.2636089786571,37.4858699292751,1720
14,0,0,117.8699574910692,14.34719414378778,1114
14,1,0,149.7295188324258,18.20017851866619,1423
14,2,0,176.3228479874227,21.51481647415098,1654
14,3,0,186.2015140309256,58.03952141074675,1742
14,4,0,206.1842800317411,24.49629259187685,1990
14,5,0,223.4043146303628,30.50479186281606,2103
14,6,0,216.9762217349224,25.76653047551376,2120
14,7,0,219.0181167798393,25.99279745097084,2150
14,8,0,218.3119126778993,25.81926051239391,2152
14,9,0,233.5065800285512,159.5794909445839,2214
14,10,0,251.8829615047651,162.1644112766273,2354
14,11,0,232.3826569716727,26.81069977422145,2338
14,12,0,229.9675396943215,25.81163163904539,2369
14,13,0,227.5956517779834,25.84911507910283,2342
14,14,0,227.540233607012,25.83997226432626,2358
14,15,0,225.0084206315099,25.23177346980299,2352
14,16,0,234.5771308372865,220.769598310353,2286
14,17,0,223.9108729679786,26.65723676318435,2334
14,18,0,190.7523159999258,20.62954044907721,2063
14,19,0,159.1656156299899,17.39368785161538,1703
15,0,0,110.7234658042224,13.62600193837758,1048
15,1,0,141.563289442445,17.92509790647121,1331
15,2,0,165.7136966832372,20.14733797013747,1574
15,3,0,179.449737051751,20.96906374167484,1734
15,4,0,201.0075780332256,23.98036956287032,1937
15,5,0,204.104495836218,24.3290063528204,1965
15,6,0,208.6912926908525,25.45859718107906,2022
15,7,0,213.1654268202781,24.92573547382412,2107
15,8,0,219.6219815824462,77.75788343005506,2087
15,9,0,242.2027312524505,330.2594748129846,2233
15,10,0,218.5236261545667,25.9828329941782,2192
15,11,0,231.2224448312498,28.88637372997414,2312
15,12,0,222.5304607402877,25.21042335082676,2297
15,13,0,219.9541950129918,24.10340542172958,2308
15,14,0,222.600860275895,25.90626999389046,2291
15,15,0,235.9359802747057,213.6447091227093,2305
15,16,0,227.7657174989774,33.13991343431171,2348
15,17,0,215.3852862605136,54.56094482281617,2242
15,18,0,220.504013901461,193.6542713525906,2163
15,19,0,153.3447402228034,16.61181926037908,1661
16,0,0,113.4691267122685,13.9891981405395,1050
16,1,0,137.7129926923925,17.40462427793716,1275
16,2,0,155.0398572484686,19.46266783557827,1446
16,3,0,170.7268129817238,20.62257911606426,1644
16,4,0,189.027536699512,22.95379765717892,1817
16,5,0,210.6453457429669,48.03241673445343,1944
16,6,0,201.3000920558455,23.94037371252779,1965
16,7,0,223.2825452192296,154.7053501824854,2036
16,8,0,250.5782325568507,1158.801603495701,2039
16,9,0,218.553485405565,25.50870086868644,2173
16,10,0,210.856144001725,24.40942406487222,2115
16,11,0,239.0926758039988,426.5432714505563,2142
16,12,0,211.2534229791574,24.48260650188866,2151
16,13,0,214.7595196597815,23.94548255076942,2241
16,14,0,216.3114473793821,36.16300139905982,2213
16,15,0,217.8920851328496,60.74008189055226,2210
16,16,0,222.3096924573443,25.13455802828716,2367
16,17,0,219.0822134484879,90.040120589107,2235
16,18,0,201.9805715279956,110.4108314337424,2065
16,19,0,152.7258021834452,65.32624771186758,1576
17,0,0,102.8675508631489,34.73558031972458,938
17,1,0,130.47427495368,61.17235518855909,1149
17,2,0,160.780977935654,136.2358193888502,1331
17,3,0,160.8102437509366,20.40407068120812,1504
17,4,0,171.5772498346114,19.99880728490654,1659
17,5,0,197.4507311467372,248.651289220728,1704
17,6,0,182.6185227795117,22.36228705984094,1759
17,7,0,194.3440080604782,23.6278313709796,1877
17,8,0,206.932850122177,148.0317943291048,1909
17,9,0,194.2919624532532,23.0356862995042,1926
17,10,0,195.9754274456227,23.69168765610987,1955
17,11,0,199.5818479793328,85.55604137803303,1944
17,12,0,200.8641977508906,33.48058933374033,2016
17,13,0,190.8917362729413,21.07208423175813,1989
17,14,0,220.8125761945046,177.2242848547435,2126
17,15,0,195.6315810772575,21.77028518497611,2047
17,16,0,196.8513657453115,22.06049710868292,2095
17,17,0,197.6982215383173,22.36740738801119,2103
17,18,0,179.7634028190133,20.8536312563408,1890
17,19,0,143.5665547640706,15.66379491029747,1537
18,0,0,85.07334266762609,10.45054756757818,791
18,1,0,126.8867216074676,708.7299170649661,954
18,2,0,123.7612588660213,15.45428668002899,1167
18,3,0,137.866115817089,17.05509863131592,1311
18,4,0,151.0158898081917,24.19236808326779,1402
18,5,0,162.7094612720009,136.9999119400776,1434
18,6,0,154.1421589771369,19.17728702619057,1497
18,7,0,185.8324386103937,240.5462032988937,1640
18,8,0,168.6894169033066,35.66056429702489,1615
18,9,0,164.9963892544379,19.06200640371938,1669
18,10,0,168.6731700617558,63.77748581184262,1629
18,11,0,162.8811455328909,18.69971125854256,1662
18,12,0,174.4658639363619,20.39883889183411,1769
18,13,0,174.9192843572598,20.25848503106699,1783
18,14,0,172.995936915072,19.16460214947438,1827
18,15,0,175.8025762132202,32.88708574489748,1807
18,16,0,174.7432213524864,19.74383112583627,1831
18,17,0,171.2666832959491,18.31882642900324,1847
18,18,0,181.1012672942962,645.3104000658191,1686
18,19,0,134.4460567345623,14.46911096773126,1452
19,0,0,71.5277169799313,8.433509389308803,695
19,1,0,89.68998857634234,11.16611124141808,842
19,2,0,104.9843863068487,13.10736171629165,984
19,3,0,112.7807095793503,13.85139909036048,1069
19,4,0,120.630863466328,14.12771960604799,1172
19,5,0,122.6669747406238,14.31410425570228,1209
19,6,0,144.1249564188482,98.51176568514262,1303
19,7,0,133.4718696558578,15.89884017673584,1307
19,8,0,134.3538843904958,15.94578652446493,1326
19,9,0,134.0217575712314,16.04350965523384,1337
19,10,0,128.243437408561,15.23587956417249,1285
19,11,0,128.4125580074488,14.47826715087641,1330
19,12,0,129.7539149752365,14.55344679073396,1330
19,13,0,137.2006162090165,15.26852930606643,1441
19,14,0,139.4680633820796,15.5182711664831,1456
19,15,0,138.0450595732379,15.38178163625467,1460
19,16,0,135.2168029263098,14.71618038834607,1427
19,17,0,130.5725934115445,14.18534935292263,1407
19,18,0,125.5262472512961,30.24446400623999,1275
19,19,0,95.72750134807575,10.42053432095984,1029
