# mesh name: boxMesh_1
# primitive scorer name: doseScorer
# iX, iY, iZ, total(value) [MeV], total(val^2), entry
0,0,0,72.04289095861843,8.83134972216839,685
0,1,0,89.60912191704104,10.31542584274421,868
0,2,0,99.95690547190686,11.90966581654249,966
0,3,0,121.0343625287219,72.86657153778901,1095
0,4,0,137.5944613585102,209.0138586302055,1195
0,5,0,117.4640859825925,13.82987239662064,1149
0,6,0,128.9349222958154,15.48086404958876,1252
0,7,0,127.7052649677616,15.39843316594863,1246
0,8,0,131.3628538703858,15.36472431572856,1296
0,9,0,129.6242198842935,15.54882117581717,1276
0,10,0,128.318548895781,15.07146917612191,1266
0,11,0,132.3087960671622,15.47119527494338,1317
0,12,0,130.6430042745073,15.58580074269515,1293
0,13,0,136.5321051425704,15.78428135289198,1388
0,14,0,137.4363089664457,37.27766162633938,1341
0,15,0,132.6941114791657,26.51297643247253,1313
0,16,0,126.0620109564978,14.06719683992147,1303
0,17,0,119.5730406119918,29.30142156158305,1191
0,18,0,100.7764778150382,11.4273916562007,1038
0,19,0,74.63770170129743,8.638971870265053,766
1,0,0,83.60032889338142,9.725082265864552,809
1,1,0,104.1059170496836,13.32196653506368,979
1,2,0,151.344668335929,427.1307606138506,1225
1,3,0,140.573140440441,28.49336968099746,1330
1,4,0,151.1307757164398,19.83526452024529,1448
1,5,0,162.6402587477195,35.41235165158031,1535
1,6,0,153.9527837196191,18.35054110165356,1492
1,7,0,166.4208635460014,21.07322890202891,1610
1,8,0,166.0970905333898,19.57992263324156,1639
1,9,0,160.7524737021229,20.17257742931302,1551
1,10,0,166.9791658815177,75.88482093819603,1562
1,11,0,174.1631510520507,126.9763786584484,1633
1,12,0,161.3567442993016,18.967125109774,1616
1,13,0,176.7658640897641,87.3560496748116,1686
1,14,0,166.6724345626787,20.31665531713874,1659
1,15,0,170.0297743537096,28.57437136165227,1668
1,16,0,160.1427917533993,43.09944143300624,1589
1,17,0,151.0229954507229,17.01020815755997,1546
1,18,0,123.0081535454254,13.87317246833625,1255
1,19,0,104.9866700211399,12.65302922962681,1042
2,0,0,102.6568925410571,12.43800911031871,982
2,1,0,146.8229027745823,306.3739206774926,1235
2,2,0,137.7805754154684,16.62899954483583,1317
2,3,0,160.4494287744444,18.68551534897132,1563
2,4,0,178.2052720252476,21.15941074206496,1721
2,5,0,177.606584842694,35.68393904029719,1706
2,6,0,187.4994828662445,26.65147110737384,1816
2,7,0,195.1130416710996,23.97188024627135,1877
2,8,0,188.9127371817324,22.44432368876317,1848
2,9,0,188.8482620990941,22.30034556592853,1863
2,10,0,190.8562646400189,22.14173334549622,1895
2,11,0,194.2098826852276,23.14543272446976,1913
2,12,0,191.275622412581,22.76326173109372,1887
2,13,0,199.5210515238113,23.12242855254801,2000
2,14,0,200.4903742892844,173.0578886195264,1901
2,15,0,188.8787111844236,21.47235153181054,1907
2,16,0,185.219306641387,21.00087787848092,1904
2,17,0,168.9411761383602,19.29352504647992,1721
2,18,0,146.1396795487485,40.02284153668286,1446
2,19,0,112.3828049420274,13.08019155230274,1152
3,0,0,110.7707046349239,13.71048646834386,1060
3,1,0,140.1166969404007,17.8252888684227,1306
3,2,0,161.2367322180502,19.63913855868883,1538
3,3,0,180.4015591194821,34.0225530038515,1699
3,4,0,199.2094611771621,23.98886662759796,1942
3,5,0,214.2844029195384,46.37828980945548,2007
3,6,0,211.6169609981884,67.84883781467782,2006
3,7,0,208.0733431215821,24.79444496166753,2031
3,8,0,203.0365476011041,24.27770809324013,1982
3,9,0,205.7637241834452,24.20515278950684,2035
3,10,0,213.4406036787491,25.54811517859876,2098
3,11,0,210.8710527578058,25.30749111246724,2092
3,12,0,211.2882595170856,24.60913837701997,2101
3,13,0,215.2605569765303,25.07149645027401,2155
3,14,0,202.6435645382371,23.26879022714689,2041
3,15,0,208.993062591361,24.13847657864944,2111
3,16,0,207.2787696187111,87.99922987729728,2028
3,17,0,192.1701848792307,148.4765594754065,1871
3,18,0,163.8543459202876,18.7689152165045,1675
3,19,0,136.7896176961881,63.28154278101595,1320
4,0,0,118.347094969469,14.4995270744099,1118
4,1,0,151.2590772761719,19.31098898323336,1407
4,2,0,179.6605237549448,70.30959925388302,1624
4,3,0,202.3982920130458,28.68580942044905,1907
4,4,0,236.2258311032568,577.0944949934106,1993
4,5,0,205.6425924973403,27.98558805334071,1982
4,6,0,209.0924252096376,23.8098275318503,2063
4,7,0,220.5372266692958,40.77540763833778,2139
4,8,0,213.8614880011835,25.23121182093553,2101
4,9,0,221.1813096505634,30.04501102551927,2139
4,10,0,226.5629309113881,55.17301411685055,2230
4,11,0,221.4534789790487,25.92701066464974,2205
4,12,0,227.0747540226324,26.16824190565846,2279
4,13,0,227.7055280023174,164.0292077527011,2173
4,14,0,217.6126087742899,26.15191062270318,2204
4,15,0,207.2117642830773,23.85746723529811,2101
4,16,0,212.5277500200129,24.9630274173367,2141
4,17,0,189.4569723947735,21.55354974185418,1931
4,18,0,178.9427455297137,23.9811209352232,1809
4,19,0,137.2733680796074,15.42488098803642,1410
5,0,0,114.497808572676,13.99922320916784,1082
5,1,0,155.0527169085857,24.63143969232664,1452
5,2,0,164.8773025052523,21.11636527131439,1573
5,3,0,198.7838861680115,25.1627277101656,1910
5,4,0,208.3679030182413,24.4824924679686,2028
5,5,0,228.5386370700177,289.2060446071841,2045
5,6,0,221.7903281950414,26.91182821892793,2130
5,7,0,221.4292925412639,27.53973459391865,2139
5,8,0,255.619891459074,296.5694935054152,2291
5,9,0,224.1596430505965,26.40363505686489,2210
5,10,0,229.3624515181708,26.76855933587901,2268
5,11,0,224.0228052640917,53.87053976715326,2197
5,12,0,224.1789236489107,30.09162593034341,2232
5,13,0,224.8989743725973,26.56313798869644,2273
5,14,0,226.2681423676941,26.71389416521463,2244
5,15,0,213.5512825959883,25.27767485168646,2141
5,16,0,219.6064473382017,26.88738082811069,2208
5,17,0,192.9469560498531,21.8837468596604,1973
5,18,0,177.8487565963792,20.27765150591698,1820
5,19,0,131.099345614792,14.07884847567098,1367
6,0,0,125.8889409227778,15.89846266701716,1182
6,1,0,149.3132680596465,19.44175853191319,1418
6,2,0,170.9020400361922,20.96156737197834,1616
6,3,0,196.5668955404825,23.52025647471865,1898
6,4,0,213.7028146316175,25.29303714171518,2076
6,5,0,232.7813844424105,248.207420901649,2091
6,6,0,226.3168964241189,29.3618689635098,2186
6,7,0,243.5184221968031,226.7858642921099,2206
6,8,0,237.7772514808347,30.3165819722947,2323
6,9,0,227.8302746273657,27.3049840977289,2253
6,10,0,233.9917416150957,27.67285327658862,2312
6,11,0,227.4365827642586,25.56241273650804,2302
6,12,0,231.9979927315947,26.3514940727765,2341
6,13,0,250.9805836926743,228.4914005653516,2346
6,14,0,239.2330247899189,104.9545670931967,2288
6,15,0,224.6606236510053,25.78384005357933,2283
6,16,0,217.0316777351771,24.46688133143075,2206
6,17,0,196.186437765781,22.73920980036872,1992
6,18,0,172.3404253217325,19.97063240590362,1751
6,19,0,149.9406223718329,39.95038707942084,1462
7,0,0,128.4844314827819,20.07793793749838,1207
7,1,0,150.0404518581395,18.05098035754644,1438
7,2,0,184.4780802667267,21.91849088794369,1780
7,3,0,201.3329782300189,24.71578724948262,1912
7,4,0,212.5456958772948,25.06788006615584,2074
7,5,0,236.7526634690461,180.2002361360432,2166
7,6,0,227.1086304102625,54.08930361399371,2127
7,7,0,238.0834513719759,236.3038815951286,2205
7,8,0,238.5314443799038,40.73636619095185,2279
7,9,0,231.5971607231458,30.11703188600287,2262
7,10,0,230.8031287989222,27.44197236199854,2265
7,11,0,235.4383440565482,27.55717338872083,2373
7,12,0,240.4113981419966,27.66023439000255,2421
7,13,0,231.2516654327187,26.55663551209609,2333
7,14,0,235.3401317214562,100.3986372049581,2282
7,15,0,223.8283239036948,28.46556207352878,2220
7,16,0,219.1294116277751,24.92610893601592,2232
7,17,0,203.5866670524437,24.12987311703252,2049
7,18,0,174.2770591303362,19.32998123406993,1803
7,19,0,139.5271036767383,15.53351418519358,1449
8,0,0,135.8358182203385,56.56083155703937,1218
8,1,0,150.1127564165861,18.57206322073107,1426
8,2,0,192.4274021979799,73.65384488574047,1754
8,3,0,201.5475114797996,30.98295646206362,1902
8,4,0,205.4727874660422,23.80648068167471,2020
8,5,0,232.7914320794441,28.39944115731228,2239
8,6,0,251.9516202320434,572.8726412690396,2235
8,7,0,221.8002079705392,26.27562460939382,2179
8,8,0,229.9654263699576,50.5088194949894,2200
8,9,0,233.8637044465661,27.52774332934037,2315
8,10,0,232.6438555748779,41.50879372991187,2257
8,11,0,256.2105644559298,416.0502058913617,2334
8,12,0,222.3602044042717,25.9162257536259,2227
8,13,0,234.2461877696252,61.88761948441741,2298
8,14,0,230.2951377138632,26.49199495060971,2321
8,15,0,227.7069602138162,26.32127561847075,2288
8,16,0,222.6310319464388,25.14849194927827,2269
8,17,0,210.6671264130333,74.59841758454164,2082
8,18,0,183.1156280223923,205.1482753151585,1767
8,19,0,153.4200329754065,270.8976541723832,1408
9,0,0,134.7857366083907,17.39152745773392,1254
9,1,0,157.8198102576451,47.80228315204221,1462
9,2,0,178.3513791968624,21.28057335869383,1715
9,3,0,212.2289525154259,45.47973536326693,2006
9,4,0,217.176938679944,56.68050924561434,2031
9,5,0,225.7807070198189,26.32745846929073,2203
9,6,0,219.2182545279456,26.06535269189015,2134
9,7,0,248.1699965376067,323.5838420014815,2234
9,8,0,229.1031426743164,28.81404063468994,2230
9,9,0,235.3045093768416,28.03883343289132,2291
9,10,0,224.7785229891931,26.71986728237345,2211
9,11,0,243.3457152139235,28.77157691975008,2402
9,12,0,222.2743109575199,26.02427298761402,2222
9,13,0,238.6999209629373,27.92322516493245,2386
9,14,0,227.1165035065729,26.1320151134635,2282
9,15,0,228.8748847568981,29.72272814465824,2289
9,16,0,224.5858501268034,27.41690922118379,2245
9,17,0,206.4107683576979,23.36834660228283,2108
9,18,0,175.0973960251863,20.65144207246279,1779
9,19,0,141.0904591750916,16.11326159971121,1431
10,0,0,124.057008838372,14.99045525041408,1189
10,1,0,168.1860492071364,71.83218660405011,1511
10,2,0,178.6646801019953,21.63066662148629,1721
10,3,0,202.6141579287105,25.14443949137421,1916
10,4,0,214.4114211323938,29.71804391437056,2043
10,5,0,238.9266580728036,357.2835725030687,2143
10,6,0,225.6092520402172,29.86240193388868,2200
10,7,0,234.289847482463,27.9416012374314,2284
10,8,0,255.4506235204921,269.8789800136047,2311
10,9,0,257.9513411068046,189.1692148714326,2420
10,10,0,228.3351660791382,26.90632505830872,2264
10,11,0,232.3570538710852,26.5949154215741,2336
10,12,0,224.8791585474431,26.43940847338699,2239
10,13,0,229.2423051933675,30.17033262618702,2274
10,14,0,257.3513918289798,435.0468174099576,2298
10,15,0,217.5816796524348,27.20983298081098,2198
10,16,0,219.388436873094,26.42680685882456,2226
10,17,0,211.5934725645853,68.21682331181559,2115
10,18,0,167.3376740682752,21.54108211888936,1697
10,19,0,144.6908619388747,159.1856056318909,1371
11,0,0,116.4857188134958,13.49441218157093,1141
11,1,0,158.3351647725379,19.18509644438487,1507
11,2,0,183.2463890489373,22.59673144061881,1727
11,3,0,200.4202074360247,24.43617570988911,1898
11,4,0,240.8416293944714,298.5991509783423,2074
11,5,0,217.3386154824304,45.68412142656922,2068
11,6,0,223.6278801598075,27.87057286074524,2161
11,7,0,226.0423099342645,38.37829553169777,2158
11,8,0,227.8914721338876,37.3399061382645,2220
11,9,0,238.2261229431487,28.18399867524819,2342
11,10,0,226.6309238171136,26.82562280477242,2246
11,11,0,266.994166455989,459.834326730793,2431
11,12,0,242.7123669886642,64.337962541617,2321
11,13,0,226.7940888561895,26.87818884676355,2248
11,14,0,227.4454781122758,26.39100577469632,2309
11,15,0,245.0965211446693,306.9315535075908,2315
11,16,0,227.7031400773924,35.28628632948863,2309
11,17,0,215.7211898011467,75.54872160868796,2101
11,18,0,172.9368624825678,49.74897738013566,1715
11,19,0,136.413478519907,15.64795845473373,1395
12,0,0,132.0210943531899,15.87402404690322,1266
12,1,0,158.9821950220473,19.22827290872822,1513
12,2,0,178.735403774073,21.83571099183828,1719
12,3,0,209.1982725084274,25.35253326886053,2005
12,4,0,228.8624122849303,175.1767449941258,2008
12,5,0,240.0311692328666,151.4525274518669,2168
12,6,0,220.0399481201036,25.83120025184595,2155
12,7,0,223.7625255957824,26.68358239875614,2191
12,8,0,233.7609387970661,27.46967429303711,2300
12,9,0,237.2555540179708,27.93210704866067,2341
12,10,0,237.6102508548787,27.82603349719902,2353
12,11,0,230.3338345446906,27.08405265922174,2298
12,12,0,247.3792848338684,305.8395581107926,2301
12,13,0,232.1028174428915,26.77671345046799,2339
12,14,0,234.2910892202857,27.37826662664013,2349
12,15,0,232.4573202536655,46.92026548082431,2299
12,16,0,224.7177289620242,124.2042513577216,2190
12,17,0,200.5669399931059,23.04173731404528,2053
12,18,0,178.7396204508024,21.52252666816931,1791
12,19,0,142.4371530716286,16.88297348178089,1460
13,0,0,128.5070676956242,16.25186991569978,1196
13,1,0,156.9321984454195,18.86344957915687,1494
13,2,0,173.060847043533,20.35223933068913,1667
13,3,0,198.0155323507182,27.68905131969152,1884
13,4,0,212.4192277535482,25.90543602169405,2041
13,5,0,224.6571881702211,26.84933589032473,2175
13,6,0,229.821415879831,26.39644327399151,2266
13,7,0,223.4148848993131,27.03198916989729,2173
13,8,0,230.6659848222511,26.74287737229582,2278
13,9,0,250.5496113845948,476.0438441535747,2287
13,10,0,232.3013822478896,109.2704382842628,2202
13,11,0,225.5087948127497,26.11151418377481,2256
13,12,0,227.7794739691812,39.05970963139078,2263
13,13,0,230.2810344696114,27.05399232228998,2306
13,14,0,218.8472372418468,26.15378271735688,2239
13,15,0,231.8821028284151,60.02253203421003,2297
13,16,0,241.0265220308012,303.7375053095516,2226
13,17,0,203.1162922977133,29.22394623908756,2040
13,18,0,179.5744695699422,21.07821974638864,1804
13,19,0,134.2436543602845,14.8813676037929,1392
14,0,0,121.179627945929,15.17010909998911,1136
14,1,0,146.9325584673323,18.25397475654839,1381
14,2,0,183.3213371081561,21.99235105080742,1758
14,3,0,196.2295776029709,23.02842627565451,1904
14,4,0,212.3611447297799,24.81831884653887,2078
14,5,0,206.3055683903815,24.71744898014126,1990
14,6,0,216.8482037664632,25.90763605063684,2113
14,7,0,213.0594717474214,24.64341252382004,2110
14,8,0,234.2122763135413,97.78287605651205,2210
14,9,0,225.7204530817094,36.77054817655286,2193
14,10,0,232.795082087474,31.57226511955037,2279
14,11,0,215.7559074048624,25.31296070549739,2158
14,12,0,233.1224677539851,38.4406086655452,2280
14,13,0,235.5862449266756,27.13581521412306,2361
14,14,0,214.0678830056386,24.34535121227646,2170
14,15,0,218.7535575713397,25.06304853784198,2214
14,16,0,214.1916673649755,36.48888258302842,2142
14,17,0,205.8342182469512,54.59959144739622,2049
14,18,0,180.0495128652037,86.59205514599847,1741
14,19,0,138.6871215235155,15.28926090015553,1450
15,0,0,115.4974691879368,13.90195334725805,1109
15,1,0,151.3995776891769,19.64190288034283,1440
15,2,0,162.9156202679464,19.30886100348975,1567
15,3,0,186.8802024364519,22.50804210407314,1803
15,4,0,211.3132621660734,68.21809874143707,1949
15,5,0,229.8664051305421,380.3704382529135,2004
15,6,0,209.2031678407027,24.86039109663734,2041
15,7,0,241.137278696625,632.3816761927694,2101
15,8,0,219.8085085613583,25.79380265513226,2160
15,9,0,218.2489942284523,26.01805913495886,2135
15,10,0,228.9745389090914,50.62742208782805,2178
15,11,0,229.1716820616103,31.81008804728405,2274
15,12,0,219.9752149068028,24.8343992911061,2228
15,13,0,228.4375622418286,67.69909151139348,2198
15,14,0,216.7221666536546,25.18767099251209,2201
15,15,0,211.8788379255957,24.97185435594044,2140
15,16,0,239.1483707693157,473.6953072634474,2163
15,17,0,192.0340828514327,22.0093300693617,1954
15,18,0,162.3341755550379,18.10833559820725,1673
15,19,0,154.9448108089541,174.4041804253668,1460
16,0,0,121.6532552563821,245.9934261211807,1027
16,1,0,132.5081212723922,16.13156361497104,1258
16,2,0,154.7959181640398,18.60606363065439,1490
16,3,0,185.7834506491718,30.7286673213769,1721
16,4,0,188.9123714007124,22.6483966004519,1817
16,5,0,210.2877970804864,59.50044388026487,1975
16,6,0,210.0534590776311,24.9017229806866,2053
16,7,0,206.4029228020285,24.88216588135688,2007
16,8,0,199.0805165683237,23.75785091842045,1944
16,9,0,217.2518031176874,69.82415883818076,2047
16,10,0,206.4267829276301,56.79783182153364,1982
16,11,0,210.8491899918824,24.41715827853032,2117
16,12,0,218.2481111124284,57.67272038561177,2113
16,13,0,210.9904662880313,27.99059331512008,2110
16,14,0,212.3989981891964,25.08408638541261,2136
16,15,0,205.5372004206278,23.04019556215592,2095
16,16,0,207.9328800265848,23.47719769235404,2111
16,17,0,177.7753441429245,20.56399076361595,1798
16,18,0,159.1794063777194,18.57631877167912,1593
16,19,0,122.4612117584937,14.4602939969597,1237
17,0,0,100.0016375726884,12.3204066751016,931
17,1,0,128.6420951485318,15.88981215539815,1214
17,2,0,156.042777328269,104.64886952764,1418
17,3,0,157.2314918564367,18.80277082246492,1513
17,4,0,170.4815283206126,31.48534181615398,1600
17,5,0,175.3654706769576,21.62189786177684,1689
17,6,0,187.2921316870257,23.36544810556599,1784
17,7,0,186.2811289955536,21.92507144576689,1830
17,8,0,191.8845113049217,25.90384862894178,1877
17,9,0,190.4597564328297,29.9222900554043,1836
17,10,0,196.8383663599552,208.9787041620652,1840
17,11,0,187.0450676294776,22.09290240716011,1863
17,12,0,206.7505758433055,58.87656895630027,2000
17,13,0,185.6514895903425,21.38539153914295,1869
17,14,0,199.4362473828792,245.3073011069852,1860
17,15,0,181.4371847748298,20.70432659482049,1842
17,16,0,195.3189527954944,128.4434269839755,1858
17,17,0,172.8605058198694,20.41406960438974,1740
17,18,0,148.4569393115031,17.5049665377696,1510
17,19,0,113.6078250344805,12.90807979700412,1167
18,0,0,88.97439388199871,10.89818526581639,848
18,1,0,110.3708428327501,16.81798436532352,1022
18,2,0,125.0969200014358,15.05730863168478,1189
18,3,0,143.1045486439643,17.19548788700333,1384
18,4,0,147.8812297566066,24.83138020131384,1383
18,5,0,155.1180672513656,17.89269140487881,1530
18,6,0,160.4985792718865,23.82192342720066,1547
18,7,0,181.1374122256866,218.7820349725502,1538
18,8,0,161.7820981737125,19.49691937589216,1568
18,9,0,159.694177005648,19.73210435310287,1581
18,10,0,157.3603677978307,18.21053719850607,1580
18,11,0,159.5886271682718,19.15387960551999,1580
18,12,0,167.4783064613108,19.46925747869352,1672
18,13,0,165.9906999627177,20.07376656937833,1650
18,14,0,171.3428861480986,20.15785286722446,1715
18,15,0,162.0881440456749,19.18290638337942,1632
18,16,0,178.6441572912091,615.0071637605381,1556
18,17,0,149.551171550028,25.35988536782021,1497
18,18,0,123.7855413058855,14.03814097131011,1265
18,19,0,100.9686445573867,11.40467696320504,1049
19,0,0,74.25343531574235,9.015621567179684,707
19,1,0,90.11257729439497,11.3931955766182,844
19,2,0,99.94686851594992,12.18392782397559,957
19,3,0,112.4145882302689,13.78121678581843,1081
19,4,0,121.6322825260362,14.8203613110113,1173
19,5,0,123.1097882007349,14.44615110417371,1203
19,6,0,133.9488857424926,19.2355624258915,1279
19,7,0,143.6203481422654,71.6250723877498,1344
19,8,0,126.3602696334311,14.6243714568058,1259
19,9,0,127.874356221244,15.28128426815612,1261
19,10,0,134.4125394224806,15.96149818285434,1328
19,11,0,131.8958349018995,14.94075153330013,1347
19,12,0,135.4864762087247,17.27723048999652,1330
19,13,0,129.3069951267141,14.83812176035895,1317
19,14,0,132.7645248084663,15.49145728800362,1327
19,15,0,133.2747427838452,15.49793305724198,1337
19,16,0,129.0543030590164,15.30242341415464,1300
19,17,0,120.9896799907001,14.76397780951715,1236
19,18,0,115.1919447600556,337.4252182205055,984
19,19,0,83.00169519168645,9.743152476700995,832
