# mesh name: boxMesh_1
# primitive scorer name: doseScorer
# iX, iY, iZ, total(value) [MeV], total(val^2), entry
0,0,0,71.90572686384638,8.219599382951234,729
0,1,0,106.0517027327619,301.3489621010592,895
0,2,0,111.0698345563102,13.72800279477267,1090
0,3,0,113.5846803295982,12.98455440258767,1156
0,4,0,129.2003145503116,15.39403879144358,1281
0,5,0,129.9310766217801,14.30483530986378,1347
0,6,0,137.7416386490334,15.77356503808267,1406
0,7,0,136.6668291770391,15.32133955686154,1417
0,8,0,135.2459350529084,15.20516333613133,1395
0,9,0,137.0017002008962,28.25743273128217,1393
0,10,0,139.6529578834879,26.36520382704819,1411
0,11,0,139.399854872978,15.83825018558387,1461
0,12,0,146.1231604632271,58.65080658925705,1488
0,13,0,140.8151746837119,15.80895375328148,1473
0,14,0,141.4564972841833,16.7117209147517,1488
0,15,0,140.68993176302,33.02738286127707,1477
0,16,0,163.1672452447929,465.4976764977464,1510
0,17,0,138.4133857406164,14.8159494221853,1506
0,18,0,141.7765915051363,14.99225842685351,1565
0,19,0,108.453098525733,10.91115377390678,1228
1,0,0,89.31956793796833,10.09055465728237,910
1,1,0,120.2725347720868,15.79033421589247,1163
1,2,0,134.2738910791244,15.86043894473011,1342
1,3,0,172.8824273392472,585.2743432802328,1487
1,4,0,158.5211450416851,18.02264275410894,1604
1,5,0,171.2187303075286,19.27961084318732,1747
1,6,0,179.7462603007152,74.88355266935415,1735
1,7,0,175.6951121011924,20.0002650245641,1802
1,8,0,169.5770777308029,18.89575540724986,1752
1,9,0,185.6634733635592,42.30931012375185,1875
1,10,0,182.7488847843519,24.63060621618325,1846
1,11,0,172.8988098461268,19.85861992985322,1803
1,12,0,213.550115836051,1201.810177092014,1844
1,13,0,189.9959893999039,78.33238500666241,1949
1,14,0,183.1629468723644,45.81810003274078,1872
1,15,0,190.5457036356208,20.96779698370158,2048
1,16,0,191.7548183388494,20.88824698509985,2072
1,17,0,190.8292255259488,21.16019266533711,2049
1,18,0,187.168760402322,19.84737854374104,2053
1,19,0,144.9565355786461,15.30824908284583,1593
2,0,0,116.798766323654,164.0147117935019,1042
2,1,0,149.6109529654571,42.23397344321857,1446
2,2,0,163.5905184536684,19.51390552052277,1614
2,3,0,179.8325227355829,24.13317370473509,1788
2,4,0,183.5594342795984,21.94637180067377,1834
2,5,0,194.3269813901797,22.62956655556522,1951
2,6,0,195.0527890859083,22.54062871698311,1973
2,7,0,202.3219279243421,22.97562321492778,2082
2,8,0,206.1743137901921,23.32069919866105,2111
2,9,0,208.357770976606,151.0368833888467,2048
2,10,0,200.6659901680968,36.92296923637862,2055
2,11,0,203.2159269555005,49.16657371158011,2065
2,12,0,202.0679218408427,22.75999748001419,2121
2,13,0,216.246618936999,26.16973734178459,2282
2,14,0,234.7619859477345,150.9318799314838,2337
2,15,0,251.3734131643386,1333.796717271519,2334
2,16,0,216.1730340200512,22.99532477508703,2360
2,17,0,228.2431051800336,63.6113646742951,2364
2,18,0,219.4122623153594,140.6084596825966,2241
2,19,0,163.180525103313,17.72098661620022,1767
3,0,0,146.1209659749128,789.630235174274,1183
3,1,0,146.3839293514334,16.88282441129209,1461
3,2,0,173.022254124915,21.0284774799562,1696
3,3,0,193.7799742207145,88.16117034793177,1860
3,4,0,199.3029094997098,26.52292314772084,1987
3,5,0,208.8008027911505,80.12877150711883,2062
3,6,0,220.237516792314,25.81655858031638,2220
3,7,0,216.4744807972605,24.89089924179779,2208
3,8,0,217.1711923969737,24.82519644183419,2234
3,9,0,223.3759374792084,33.17171568206463,2251
3,10,0,218.5639493364845,24.76754721700076,2285
3,11,0,214.7293356717904,23.73781870986256,2269
3,12,0,209.463004003581,22.85730398226715,2218
3,13,0,220.9105400506465,24.21715486541699,2353
3,14,0,221.190229570728,24.85302534154507,2348
3,15,0,236.8591388681394,39.13521977558149,2465
3,16,0,235.5200053670398,183.6072058947695,2345
3,17,0,214.2851441521062,22.90512613126646,2323
3,18,0,221.555497388271,144.4139788263022,2314
3,19,0,166.2460005645961,18.86876666703633,1794
4,0,0,134.8138122601819,169.1422612806943,1205
4,1,0,148.2006698492996,17.22551007566515,1471
4,2,0,180.7026296553159,21.20370544962552,1794
4,3,0,203.3915038200104,24.16432156406265,2041
4,4,0,213.1749427026438,25.80505586780936,2144
4,5,0,218.1405737249918,25.33375910436523,2203
4,6,0,224.9807884159528,25.35482882207064,2303
4,7,0,231.740593389564,37.04110532901756,2351
4,8,0,225.5084242619485,26.5171373610268,2283
4,9,0,225.3555659301502,26.30990988333962,2297
4,10,0,225.6254202592764,24.68779021771322,2374
4,11,0,229.5206610812423,25.83272760425812,2385
4,12,0,221.8485514122074,24.147631381213,2364
4,13,0,222.2761153982412,25.01679049534741,2346
4,14,0,238.1241638879208,114.4795460724355,2465
4,15,0,225.4973353349823,24.47490532965809,2426
4,16,0,225.6080265331618,24.33896053445731,2439
4,17,0,233.7078995113457,80.32741326429844,2449
4,18,0,216.9695315426825,23.70481195086441,2338
4,19,0,164.6549050742999,16.95287336975467,1837
5,0,0,122.9626650982831,14.43676076587036,1219
5,1,0,150.5515653404999,17.1207943374509,1508
5,2,0,182.3360773343213,21.72757418486419,1819
5,3,0,210.0352406417039,36.65001373044439,2047
5,4,0,218.6701271015292,49.32909269790841,2185
5,5,0,222.8203364052051,26.61999010443467,2223
5,6,0,232.2390003013483,44.070026901872,2307
5,7,0,217.6681454219669,24.39306061152756,2250
5,8,0,235.0748821091213,66.32351852276904,2391
5,9,0,245.3079567093601,96.62808140279201,2440
5,10,0,231.6716074447994,37.11337750568614,2388
5,11,0,222.6229665928476,24.76537827338944,2334
5,12,0,216.5939662102965,24.58758395914288,2286
5,13,0,227.7186554928784,27.19800352814141,2421
5,14,0,227.65389135303,26.15274248622048,2437
5,15,0,237.8954661875497,117.283244106433,2440
5,16,0,232.3233609691953,58.01743738597659,2443
5,17,0,239.7113451452899,147.772524558749,2468
5,18,0,207.8160249299726,23.18513520057396,2232
5,19,0,168.9021680576304,18.56773069324205,1827
6,0,0,127.4494712908781,14.86062535495221,1268
6,1,0,149.9295741197656,17.47921368730539,1503
6,2,0,204.4098675844188,162.5543653894613,1877
6,3,0,200.5499996912287,23.39729818754019,2010
6,4,0,208.6823885996654,23.88895119552793,2124
6,5,0,223.9055883939223,25.96120479867779,2259
6,6,0,229.4740358820686,26.00637720499575,2349
6,7,0,227.6538298480427,25.51293938964772,2353
6,8,0,231.013258388496,26.4500216150055,2383
6,9,0,230.3840423534574,25.71270750333934,2396
6,10,0,223.4042921995873,24.87742626662325,2335
6,11,0,230.3138022254704,25.51174461695738,2435
6,12,0,245.7085811831865,444.7021006514797,2381
6,13,0,228.8935824931743,25.83819316913866,2403
6,14,0,233.1972823428341,26.04086762319578,2462
6,15,0,253.768663270496,359.6965098267797,2457
6,16,0,227.1450116621261,25.9604976618461,2428
6,17,0,235.8765974202468,34.18665926898215,2487
6,18,0,224.2953605480631,25.18277141406949,2406
6,19,0,185.1662981417109,194.6742961201365,1860
7,0,0,132.8414672394924,15.79636914067081,1322
7,1,0,159.8084645434445,18.96196340642623,1585
7,2,0,202.9263313674925,121.4371329318326,1923
7,3,0,210.043407088056,72.89336811854739,2024
7,4,0,216.6254985163071,25.09313268029256,2183
7,5,0,223.8187421854525,25.4745246808921,2277
7,6,0,232.8741730685504,145.3199842307712,2275
7,7,0,226.6338909918622,25.64577043643615,2328
7,8,0,236.3696764858817,51.3576927347405,2377
7,9,0,237.3447392824966,94.71738702852917,2306
7,10,0,242.842384168624,30.38142130850721,2492
7,11,0,225.0563236509702,28.02705635374246,2348
7,12,0,233.614150984053,26.94004636071268,2432
7,13,0,230.9784020135475,26.84621769284748,2410
7,14,0,239.5590661724736,108.2267833023357,2450
7,15,0,223.7021835597738,24.73412683352953,2393
7,16,0,232.5996594644386,25.63095649461565,2487
7,17,0,218.7880924083629,23.60712978150095,2375
7,18,0,212.3467122624144,23.85926502665021,2288
7,19,0,169.7763198001206,18.42771825414463,1849
8,0,0,130.2059771167009,15.7418801068199,1279
8,1,0,162.09127546367,18.96556182232096,1618
8,2,0,196.117337049136,24.31777603051012,1915
8,3,0,217.5165010757764,31.28235010837697,2145
8,4,0,218.8776832521868,24.78268512988495,2211
8,5,0,223.0978271647063,54.4966583970913,2242
8,6,0,233.3522899456648,49.80145175792103,2296
8,7,0,225.0380054722877,26.6518517718542,2329
8,8,0,239.7207098790519,91.16279290349023,2419
8,9,0,219.2988289949005,26.73306998540192,2284
8,10,0,227.0554422012739,59.08996371825049,2320
8,11,0,229.598583238237,25.66934082672399,2391
8,12,0,227.353715890951,24.7602935650892,2417
8,13,0,231.6828373131291,26.45716454365409,2426
8,14,0,215.1223543020491,23.49427427394341,2313
8,15,0,230.5322069256797,29.99097047720249,2452
8,16,0,225.817420864107,23.99113248057033,2459
8,17,0,228.310788926104,42.27657642865456,2428
8,18,0,222.5446497830418,150.7886201680019,2301
8,19,0,203.6093752231361,482.9323074683397,1972
9,0,0,120.3838867520007,14.08931401198579,1203
9,1,0,165.6034413996881,24.15845584397635,1643
9,2,0,187.6868579919962,22.12701583321978,1872
9,3,0,203.8906921572431,23.55347014479083,2054
9,4,0,224.9787104182693,27.94359473164735,2250
9,5,0,222.2555426951849,25.8416603051742,2245
9,6,0,236.1098802240982,27.15105325996882,2401
9,7,0,227.7007033868671,26.57305425460299,2311
9,8,0,228.1025032079154,25.47382354452247,2374
9,9,0,244.5520316280502,57.85656403422495,2452
9,10,0,238.8414475629528,56.56444478085956,2421
9,11,0,239.5955548404966,28.89884213451785,2460
9,12,0,230.0464317678508,25.80053465528666,2416
9,13,0,228.3370142517161,24.918849025631,2441
9,14,0,223.7888150226135,24.0162435411348,2421
9,15,0,224.0939017567368,24.36150253663241,2405
9,16,0,226.615800540805,25.05241993408492,2416
9,17,0,226.3344965176102,24.9101970145101,2437
9,18,0,205.876951147783,22.21748087674918,2238
9,19,0,168.4413708150342,18.32188843536059,1844
10,0,0,127.9391699670933,15.24959008451811,1253
10,1,0,170.6460501823394,32.74410426255031,1643
10,2,0,198.9528277263296,65.00388132515026,1911
10,3,0,206.2462119936852,24.27108836727819,2050
10,4,0,229.6577142723654,206.4685319727415,2173
10,5,0,221.9223243277575,25.36525315130975,2250
10,6,0,227.4640647842653,25.82789966764919,2337
10,7,0,222.9707768126096,26.00415990887919,2272
10,8,0,234.2424798342545,26.60908991470303,2415
10,9,0,236.392535260392,27.63189121101714,2421
10,10,0,265.2034425401044,667.3263779182292,2415
10,11,0,222.3213110131011,24.91612616266436,2326
10,12,0,226.4989343178588,25.65469230968249,2362
10,13,0,223.9092924789511,24.66148514590453,2374
10,14,0,225.0391259437818,30.20045336781341,2386
10,15,0,225.3069834672985,24.46829356592455,2437
10,16,0,230.2308037944572,52.37561525103813,2429
10,17,0,232.686278177626,78.1326370792148,2454
10,18,0,221.3796082818933,25.57392210092505,2379
10,19,0,177.8308230109005,19.9881325816524,1926
11,0,0,124.8269180343996,14.44309210266375,1239
11,1,0,161.778912283587,19.07637416898963,1597
11,2,0,183.8861472423003,21.39741879249839,1846
11,3,0,201.9683762298424,23.74205385079574,2014
11,4,0,215.7877730771359,24.61009386143617,2192
11,5,0,248.7461501411609,801.2300676799323,2249
11,6,0,233.8728895359048,26.73646975280671,2374
11,7,0,229.165931142776,25.14423277710112,2380
11,8,0,257.5701857757932,548.2447201662176,2420
11,9,0,230.420349823503,26.78877827222457,2385
11,10,0,235.8930685029848,57.91103343138442,2465
11,11,0,225.823944342361,28.78990145946962,2359
11,12,0,239.5845588815896,26.8334691994268,2510
11,13,0,238.9204156488248,82.45448617361131,2456
11,14,0,224.2763183844432,25.03746668872412,2367
11,15,0,220.4867710699971,23.79023700180149,2392
11,16,0,218.162482475816,23.85584704341827,2346
11,17,0,232.0125893240014,27.56575623610096,2487
11,18,0,222.2772224294518,25.8621151810204,2382
11,19,0,174.2238446751042,19.48395692469375,1903
12,0,0,133.8990034137483,16.07250162531806,1315
12,1,0,164.6224653419311,19.63258745505493,1629
12,2,0,196.4858790834971,30.47403144044949,1938
12,3,0,198.1185832849,22.86155806521348,1992
12,4,0,233.3995159540073,150.8463834937059,2261
12,5,0,227.7131286337223,26.25691270127012,2307
12,6,0,239.9806444576277,110.1728810310233,2305
12,7,0,230.1021956611666,26.35172683066107,2358
12,8,0,228.6136792352521,26.07886065789756,2340
12,9,0,232.9282423208423,33.44535053847515,2374
12,10,0,232.5222297073853,41.29432270090111,2427
12,11,0,240.0973530823844,304.294026495606,2315
12,12,0,241.2248398234733,185.8866475805912,2430
12,13,0,226.1515374294706,25.20533228984077,2390
12,14,0,236.4977185770518,27.22117906494574,2468
12,15,0,225.0689479272027,24.37847761040089,2424
12,16,0,221.1952043171817,24.22194577625163,2382
12,17,0,217.3860002342975,23.74753333593568,2362
12,18,0,223.4301102902856,48.51160273348077,2338
12,19,0,174.7642244389412,19.45852933946773,1882
13,0,0,125.2535678534228,14.72305160155574,1247
13,1,0,164.0489159031284,84.54594489400327,1562
13,2,0,199.6420014182191,188.1929346884917,1831
13,3,0,208.1491155602727,23.98674472262718,2082
13,4,0,215.7793883893445,35.99852254901779,2132
13,5,0,251.9599875780137,603.1598247996087,2233
13,6,0,244.6046569283651,312.2582533761745,2311
13,7,0,228.4542756526479,25.93759538681111,2353
13,8,0,232.4003271599056,65.70322256162115,2337
13,9,0,225.1619164836666,25.17345773720403,2342
13,10,0,252.1292187147821,299.3950213043195,2342
13,11,0,225.1696999950598,27.55825433649532,2351
13,12,0,225.3738113357339,28.12816337237258,2393
13,13,0,241.4053595137672,175.5066024776929,2469
13,14,0,231.1846920133186,25.35732634052828,2486
13,15,0,222.2236046856552,23.55622955737425,2430
13,16,0,224.0366692696564,23.98300950056786,2435
13,17,0,259.9641717748097,289.9424581143761,2522
13,18,0,239.728798962467,936.4839033632163,2298
13,19,0,169.284936054357,18.51726229327928,1838
14,0,0,124.8616858537572,24.94726856076994,1207
14,1,0,159.1775728042327,57.87847838939965,1499
14,2,0,181.9497510802817,21.74687738188539,1809
14,3,0,212.0365404061211,27.04726351196178,2099
14,4,0,210.1337570158503,24.47445139098225,2144
14,5,0,231.934964468198,52.96150046581455,2321
14,6,0,237.5040984091895,252.8344993077267,2271
14,7,0,231.1830859233033,26.65851187211256,2359
14,8,0,230.1644148092568,27.27038177540733,2321
14,9,0,233.7471230996994,27.11844184405244,2390
14,10,0,226.9784942142376,26.23198599185584,2362
14,11,0,227.4851213516258,24.8742418000386,2417
14,12,0,230.6349271846422,105.1311099347884,2336
14,13,0,224.7342544703866,25.05977801521066,2371
14,14,0,228.3130157281672,41.89334697858605,2382
14,15,0,222.7110065502241,25.00387499537791,2364
14,16,0,241.9305175399648,277.2879718375512,2422
14,17,0,237.5596367230376,162.8622537048512,2425
14,18,0,225.1616805280987,25.12433347190174,2415
14,19,0,178.5606563071914,101.8257515725307,1861
15,0,0,121.2035645357036,32.43757190046941,1181
15,1,0,145.5274565885207,16.82201364564984,1450
15,2,0,186.7764988465591,21.60721907819798,1873
15,3,0,198.0915875008471,24.29415057000421,1955
15,4,0,211.3443416669549,28.89735375436793,2122
15,5,0,221.4854621539208,26.46750046254064,2205
15,6,0,216.2094086825845,59.35844440784466,2158
15,7,0,224.8935287788186,25.32646401105596,2321
15,8,0,220.0198713816801,24.58530701683793,2278
15,9,0,224.0613785604296,25.5790571190913,2311
15,10,0,221.9303658964372,25.14650583403609,2303
15,11,0,230.4472039105626,26.47823206525542,2415
15,12,0,239.7735622029013,70.80374006413946,2444
15,13,0,221.9159605809893,23.76782959421713,2387
15,14,0,227.0782952767426,26.11967317317448,2402
15,15,0,233.1986555054555,25.91199176886588,2485
15,16,0,235.8984492548674,98.7182935905565,2397
15,17,0,233.649592350634,30.44823992954375,2494
15,18,0,211.2345153855685,22.43678686651353,2299
15,19,0,164.5322282904935,17.94124595883321,1775
16,0,0,139.3547287685781,403.3204405943564,1195
16,1,0,140.80201535249,16.8699681236974,1388
16,2,0,168.7185591342503,20.15253455808037,1676
16,3,0,180.382810102317,23.24305833528564,1825
16,4,0,204.2575229896295,23.17653098518864,2078
16,5,0,215.4761865045351,25.3869055065407,2157
16,6,0,239.6425339996989,1035.138897753832,2113
16,7,0,213.828682842938,24.07865766563186,2209
16,8,0,216.8221296160493,24.84216264771515,2220
16,9,0,213.1792285688243,24.18778429728787,2206
16,10,0,218.4371690969747,24.44327166629232,2288
16,11,0,220.2516175892852,24.56043651665331,2322
16,12,0,230.6171848809509,89.28510294230398,2323
16,13,0,218.4142104646681,24.82320017691996,2311
16,14,0,220.6548764881233,24.37272858880329,2329
16,15,0,230.876674632232,84.30908740817252,2333
16,16,0,232.9484376591681,223.539044793896,2362
16,17,0,229.2426916435523,25.19900094565071,2464
16,18,0,208.2718030572447,23.02466490274888,2268
16,19,0,167.4624410555968,18.69326066468843,1805
17,0,0,115.9927255314566,180.3632928048875,1020
17,1,0,138.2954532431357,27.90153861914387,1331
17,2,0,165.8774337842646,50.80431470983013,1602
17,3,0,186.2043999797581,29.14135300800305,1830
17,4,0,186.0662233434651,21.49805206392359,1864
17,5,0,200.1961724168974,86.3039448222995,1967
17,6,0,198.5703200343774,23.42782860166559,1996
17,7,0,206.9191335567683,192.60917349665,1985
17,8,0,200.8696652016705,23.75062993367888,2028
17,9,0,203.6841617359972,72.89082939734794,2071
17,10,0,193.4198110600416,22.33468642722289,2003
17,11,0,212.0300604054439,23.33551944360927,2251
17,12,0,201.1850940612095,22.33612868247623,2124
17,13,0,216.9319809282993,181.9884889352009,2177
17,14,0,215.1986349858355,28.74197113247391,2264
17,15,0,218.4104777769341,50.6844167751978,2273
17,16,0,204.3561089238377,21.60827085268231,2244
17,17,0,216.1134291669682,71.91286863599146,2291
17,18,0,212.6750255290706,23.24885023205243,2314
17,19,0,184.0504638389906,380.3003454488913,1775
18,0,0,90.26265615427,10.79272699327167,895
18,1,0,113.4519483417063,13.19318283752286,1131
18,2,0,140.0491890761421,16.38468603462923,1399
18,3,0,152.052983528605,17.68625307032237,1518
18,4,0,162.2047874839764,18.42206848212576,1652
18,5,0,173.5769916053791,19.95854758236368,1753
18,6,0,176.9000204929283,81.50672203762284,1711
18,7,0,175.5446192829317,20.67231111746315,1776
18,8,0,175.0879380314664,20.07800601469653,1787
18,9,0,179.8422968232805,20.16729020421259,1876
18,10,0,178.2202359509214,29.06064814671776,1811
18,11,0,184.7905439622692,24.93860576325275,1888
18,12,0,179.5188653877245,20.83940719829939,1881
18,13,0,180.9457878724032,19.70790020338869,1933
18,14,0,179.8503431327036,19.45412905059842,1936
18,15,0,182.5694500303143,19.46120991491406,1963
18,16,0,188.2602675708929,19.97618485944157,2033
18,17,0,201.044193455837,22.55994604146352,2130
18,18,0,190.6811197219407,61.6755964872206,2007
18,19,0,148.4047169937326,15.6588609902538,1620
19,0,0,79.81781233721165,30.47071220213995,748
19,1,0,91.91135713294268,13.80376551666546,878
19,2,0,114.6712807065163,31.55997860459276,1105
19,3,0,120.9123062692321,18.60924993398129,1197
19,4,0,124.8419075426666,14.71394882354625,1253
19,5,0,133.2328146559982,15.49990552497918,1354
19,6,0,135.2719128935421,16.15181254475085,1370
19,7,0,133.9911626537078,14.98705489296216,1385
19,8,0,147.3610651654169,177.066695637591,1404
19,9,0,134.2432969024239,46.84292484119778,1350
19,10,0,131.6629389348526,14.76366056401071,1377
19,11,0,135.1912580768092,17.8514080699319,1406
19,12,0,139.3977800670987,29.48897149846197,1449
19,13,0,135.5843698905107,15.50650690683139,1419
19,14,0,140.0111313131242,15.06686974797125,1512
19,15,0,141.3007685197961,18.71005668314486,1519
19,16,0,140.6772563260722,15.40758559226893,1535
19,17,0,140.3756167845772,14.86126977914003,1536
19,18,0,143.8526732993809,15.65723783566879,1567
19,19,0,107.3881748384792,11.60946978001953,1168
