# mesh name: boxMesh_1
# primitive scorer name: doseScorer
# iX, iY, iZ, total(value) [MeV], total(val^2), entry
0,0,0,76.88366254455055,8.81102148936646,799
0,1,0,103.2881186723129,11.28041329683872,1083
0,2,0,122.3965904267235,13.51593628741468,1292
0,3,0,128.0296129936781,15.34914095503577,1328
0,4,0,136.9575821113249,15.61500575428099,1411
0,5,0,134.7743309106268,15.5280478342022,1397
0,6,0,141.3621118419822,16.38811282046891,1473
0,7,0,135.7595838874145,15.18332291921511,1416
0,8,0,135.4436765770243,14.78517458058031,1425
0,9,0,139.0643299159414,15.46958651913697,1473
0,10,0,154.9571757082103,191.7492863767207,1469
0,11,0,138.9380270768158,15.24574912230454,1475
0,12,0,135.0182382707924,14.69495133921151,1437
0,13,0,144.9178142538993,27.59235762393294,1490
0,14,0,145.4021037697471,131.2034548499383,1434
0,15,0,141.7227509646211,15.38940189535766,1513
0,16,0,142.8498381946537,15.61107392719105,1518
0,17,0,136.3852928182062,62.59322292010118,1386
0,18,0,117.2866703983337,13.13967833201675,1249
0,19,0,88.46164737099073,10.17377760252362,928
1,0,0,99.32339419865245,10.96595214187471,1042
1,1,0,137.5616132949644,188.4798490301041,1290
1,2,0,153.1919484393973,19.03922979698584,1534
1,3,0,161.7585105517501,18.01529459696437,1691
1,4,0,168.1619250661441,19.17742713540432,1729
1,5,0,179.1599456919381,20.55515003507084,1834
1,6,0,179.2797900071467,21.1701363277462,1844
1,7,0,184.2408802728758,35.15563567716794,1877
1,8,0,180.0098362984362,20.28572048238128,1871
1,9,0,188.1932911383897,23.14298446523021,1979
1,10,0,176.5232121556808,20.15804906306981,1838
1,11,0,172.6388095908663,19.39551985921697,1820
1,12,0,178.5568750594366,20.82433155030581,1853
1,13,0,174.6741318418625,19.18688619760043,1859
1,14,0,184.4368909243069,21.05186445117089,1950
1,15,0,180.2438012252024,23.53837900873705,1902
1,16,0,180.7705765155722,19.92002181276468,1929
1,17,0,175.2484903015604,18.87592588707092,1895
1,18,0,155.0281407748519,17.3543910986427,1640
1,19,0,115.5473807056924,18.09613177550208,1209
2,0,0,115.4748536084828,12.84854455456927,1207
2,1,0,148.9155254453368,16.41624627491281,1560
2,2,0,168.1575724403695,18.84206677634982,1744
2,3,0,192.8709812383151,22.36527673034592,1978
2,4,0,196.4361977927041,22.23573219917011,2033
2,5,0,195.7680831575975,21.77959027094301,2032
2,6,0,209.2377780234923,77.54396914849231,2111
2,7,0,219.5290006811164,152.5825909657055,2152
2,8,0,204.8562199026858,23.92821639188732,2151
2,9,0,211.5017205132797,58.87444252631584,2144
2,10,0,195.64127486729,21.24013355707936,2087
2,11,0,202.0431933735376,22.31842211409274,2137
2,12,0,202.6480020948574,23.73526534834514,2107
2,13,0,225.7170988648192,168.7907364468207,2189
2,14,0,214.7682231301488,28.19557232257732,2239
2,15,0,216.5614589985361,121.5537139605499,2179
2,16,0,204.5508774865935,22.39369314170123,2167
2,17,0,189.7695008105313,20.83982787131441,2031
2,18,0,171.6109690708217,19.24512396118062,1813
2,19,0,130.6616462654057,15.13773471378394,1377
3,0,0,136.1106010089361,36.46208954055483,1362
3,1,0,158.7827751954982,17.71475248783327,1657
3,2,0,181.7805416442184,19.78881597573187,1900
3,3,0,211.2503639559726,24.12654307799093,2189
3,4,0,214.42601160467,23.41712029021039,2247
3,5,0,222.1289202461145,24.65870219371102,2326
3,6,0,216.1309374672701,24.16796709825566,2274
3,7,0,207.2868081038487,23.41987326953432,2202
3,8,0,217.6474630810242,24.37603364749441,2269
3,9,0,217.3427116167775,25.06606684542169,2279
3,10,0,232.7661543639333,139.0196054264479,2333
3,11,0,222.6126891158047,25.11499561184949,2348
3,12,0,216.2956536707797,23.02694365420271,2322
3,13,0,222.3029927614979,29.58264770507817,2313
3,14,0,222.1142803013346,26.47946966434335,2353
3,15,0,218.3495937393249,23.25522735685609,2357
3,16,0,219.3416044769517,24.76914003498431,2322
3,17,0,204.9020053598634,21.76569360871724,2217
3,18,0,189.8757218064321,21.87463001605735,1985
3,19,0,138.4207098025603,14.72903856585103,1499
4,0,0,135.9368763629919,16.12228090924622,1375
4,1,0,165.8367785321018,19.29996229995637,1698
4,2,0,199.6238492987738,22.48571642598058,2073
4,3,0,212.3281053907476,23.72973137535965,2216
4,4,0,213.538319282941,23.54632535659168,2244
4,5,0,220.9988256959522,25.12937492500738,2284
4,6,0,223.0530737333561,24.89345196737199,2317
4,7,0,224.3971540348139,26.0552111551886,2330
4,8,0,229.9318801522406,57.19346036868658,2349
4,9,0,241.0768408956102,28.11126558937008,2484
4,10,0,227.0542622837611,28.3503925994859,2412
4,11,0,225.8425085880948,37.99305228398698,2358
4,12,0,227.5180395952293,25.42455224537074,2407
4,13,0,221.6780922838129,24.3113150922099,2363
4,14,0,232.9827095644549,25.38986726101364,2471
4,15,0,224.6477653937617,24.69041196902866,2385
4,16,0,226.731223688181,24.17640316686789,2431
4,17,0,219.4827263456175,81.87562701663074,2224
4,18,0,185.6168388296419,20.52635037431802,1981
4,19,0,136.6991327106332,14.84266102220391,1468
5,0,0,135.9074663352832,14.73500852212605,1439
5,1,0,172.5418723477916,20.00595647027226,1768
5,2,0,197.1067481817784,32.73932114072263,2013
5,3,0,223.682847128443,25.68389976305096,2287
5,4,0,229.6027829759522,26.72838865702713,2340
5,5,0,231.3446152782275,25.64867841104097,2417
5,6,0,224.4034332582201,24.64311912441634,2369
5,7,0,230.6961812938182,25.10925781426756,2425
5,8,0,244.7665077406647,180.1843793159163,2419
5,9,0,229.2657565250511,26.19056200627383,2364
5,10,0,225.075511667994,25.12693895567243,2352
5,11,0,220.8732985557027,25.49270914271692,2318
5,12,0,227.5523665699464,25.62263100784118,2387
5,13,0,226.9236695579864,24.88411432251821,2408
5,14,0,232.5400212592957,25.54095385947138,2471
5,15,0,246.4196573431905,488.5927228286831,2395
5,16,0,224.9987411139107,24.86968492405815,2387
5,17,0,211.004532077037,23.19335732498509,2240
5,18,0,194.6984416189858,21.92080021679485,2038
5,19,0,144.7227744032924,15.53792125144133,1566
6,0,0,126.2816193770202,13.79364834749014,1324
6,1,0,171.5654745508661,19.20881816287202,1781
6,2,0,203.3637250306391,22.9764345517313,2096
6,3,0,206.2158923675653,23.1894813941285,2146
6,4,0,222.2188801967736,35.32162719448296,2286
6,5,0,230.6970781369087,42.5029175343234,2297
6,6,0,225.5141016764432,25.79918578054187,2336
6,7,0,224.947973738352,25.2370021213507,2337
6,8,0,224.4726176154194,24.55338424367058,2382
6,9,0,259.3618422834562,349.8653304926889,2474
6,10,0,227.4300505195579,25.19532265085125,2416
6,11,0,238.5707949239053,57.67124477286332,2438
6,12,0,222.8236383115595,24.48802657498267,2361
6,13,0,228.8915368741478,25.49375633598586,2423
6,14,0,227.6198821882585,25.68867042350282,2395
6,15,0,232.6736185666783,26.3495688206789,2446
6,16,0,247.5123654660038,168.7634078600558,2443
6,17,0,209.5754259332852,22.92080372493855,2235
6,18,0,185.621860875703,19.94039377752751,2000
6,19,0,148.5058557706967,21.91704589346775,1554
7,0,0,138.6507489406101,15.71462709746348,1438
7,1,0,164.258956559893,21.90139092448334,1696
7,2,0,204.4607143338156,23.58693218949131,2086
7,3,0,213.5534273187529,23.99064723337161,2214
7,4,0,224.2343363433459,25.65515459728618,2300
7,5,0,243.4021529530098,76.5114382595345,2401
7,6,0,228.4627877250199,60.00682637145317,2342
7,7,0,226.4890439688025,40.88097648954135,2318
7,8,0,259.8422264269637,767.9834032013136,2448
7,9,0,241.1956880834473,67.80137697867821,2417
7,10,0,246.8032925421178,86.05351193813736,2494
7,11,0,231.2516716795788,26.47167597569453,2404
7,12,0,231.0926061707731,25.03573413878761,2468
7,13,0,230.4286333603974,25.55468249226866,2431
7,14,0,223.5924429214425,24.6234752860251,2366
7,15,0,228.768071895167,25.52633174857411,2417
7,16,0,229.3460207659258,24.97585187262766,2449
7,17,0,216.9827595047426,26.20356201798141,2301
7,18,0,180.7602835459948,19.9626784767855,1932
7,19,0,141.6794388595367,15.33133789810856,1522
8,0,0,131.1820796976593,14.96061549237548,1353
8,1,0,173.367571562267,86.32090426947435,1729
8,2,0,219.5715856866618,560.9315107431495,2047
8,3,0,214.4388845631796,26.37555426397491,2230
8,4,0,227.1414568630071,77.13996359547509,2307
8,5,0,256.0039027484852,261.4111843682633,2432
8,6,0,235.6473007900622,105.6715537816884,2369
8,7,0,231.0089492942247,24.91459583020422,2440
8,8,0,240.6143144295021,67.55392185739058,2472
8,9,0,264.8091654771546,1109.18739634997,2446
8,10,0,237.4054261980577,197.8590635348475,2314
8,11,0,226.5847228076606,24.48812751710106,2420
8,12,0,231.845978781208,25.69899670644537,2469
8,13,0,218.632301677312,23.74924423703014,2338
8,14,0,224.0180304272436,24.61697213624653,2386
8,15,0,224.6656052195289,24.79373630221039,2394
8,16,0,236.3956429452386,35.61853639282715,2461
8,17,0,211.6628258784272,35.69774441304062,2236
8,18,0,184.5928381249032,20.622770992669,1962
8,19,0,146.8146877036206,15.95908143099757,1576
9,0,0,134.7499088231444,14.99879049125062,1407
9,1,0,168.7897609289887,19.35942019374296,1729
9,2,0,199.5658020039808,23.48962877561772,2026
9,3,0,217.7655244229791,30.91175581225122,2238
9,4,0,225.0167424363307,25.01906525026282,2365
9,5,0,227.6364997028868,56.23747898903691,2327
9,6,0,228.0829819863834,28.59189001527901,2375
9,7,0,233.0619859669374,30.45988648238499,2434
9,8,0,234.3119955227955,26.10621318208127,2450
9,9,0,237.2783152033427,26.9360970739755,2474
9,10,0,243.4012127739115,90.84059910019566,2467
9,11,0,220.4069324469133,23.82779306367343,2364
9,12,0,235.0011075943491,38.80607266413325,2441
9,13,0,265.0692248198471,741.348439317289,2503
9,14,0,234.5533949074074,28.33914428723902,2457
9,15,0,239.2826027702802,170.601163562864,2389
9,16,0,227.4109350141505,24.53304099197723,2433
9,17,0,225.3809905625428,51.51792000211934,2322
9,18,0,183.0921379381191,28.44334873280467,1913
9,19,0,144.5971955264327,15.48836264454808,1564
10,0,0,156.978774159641,149.9389323168291,1491
10,1,0,169.6589197333982,19.32376601931432,1759
10,2,0,205.3127889155113,85.76208285214261,2058
10,3,0,214.3016385681338,24.58658028433346,2203
10,4,0,239.5432909334231,44.81581798113159,2363
10,5,0,220.7565295830794,25.37870006463544,2270
10,6,0,233.4353968672083,25.77871224830685,2449
10,7,0,223.310489907733,25.051159952306,2340
10,8,0,228.730014818334,35.54524758801885,2377
10,9,0,243.5464257416587,83.64538815128627,2452
10,10,0,223.7885550171182,32.67332370964021,2342
10,11,0,224.2514853536192,24.63805842759075,2362
10,12,0,231.6480292696326,43.71072036830359,2392
10,13,0,240.178003926263,219.8595846853774,2385
10,14,0,236.5418798785561,32.19462148375137,2514
10,15,0,225.9915793246578,25.14987238815121,2402
10,16,0,226.3147067542031,24.72530462338799,2428
10,17,0,214.4284941035067,23.85030016661513,2253
10,18,0,193.0574355770052,23.5494577059991,2041
10,19,0,152.8080114840156,34.35374079996136,1577
11,0,0,132.9291330482866,20.98751544203104,1322
11,1,0,184.2367484251414,137.4600519594835,1787
11,2,0,195.9903248728234,21.39831761392399,2056
11,3,0,215.328691466176,24.36644455312912,2231
11,4,0,216.0308234098827,33.76687734706187,2231
11,5,0,231.1951234393434,25.13347149796637,2442
11,6,0,230.8939617689795,25.92581552443561,2414
11,7,0,234.4427120003513,42.72617373320948,2378
11,8,0,241.0076152908995,53.22253563127943,2454
11,9,0,235.4432693051882,26.58828062224001,2457
11,10,0,237.8123347685899,46.44415484606016,2438
11,11,0,229.8424870069922,26.73082642966693,2397
11,12,0,232.8727044426007,25.70215195211369,2454
11,13,0,230.4224623434561,44.78761873736747,2369
11,14,0,224.3524574139426,24.49417126500991,2412
11,15,0,229.3608890783186,165.9731943915688,2358
11,16,0,221.1342860097514,35.30138092072165,2334
11,17,0,228.8263986297235,207.1437482583927,2279
11,18,0,186.5306358612283,21.85519412619095,1969
11,19,0,150.8277932454885,16.5965916669671,1629
12,0,0,136.7556344730014,20.88595125128773,1391
12,1,0,168.38292092871,19.04545589199558,1722
12,2,0,199.1717707253256,22.9599547768374,2049
12,3,0,210.2296764495931,23.49584560917319,2186
12,4,0,229.4390495504217,34.54554844882657,2345
12,5,0,238.9135260273758,97.02909011354728,2349
12,6,0,224.5441828031351,27.3406757037237,2355
12,7,0,237.2246455239834,45.5282663653711,2420
12,8,0,234.7487783867433,29.46730626838273,2431
12,9,0,239.1943802454629,45.61680223806918,2448
12,10,0,225.8829261030824,25.37096573224621,2355
12,11,0,223.4703320144836,24.53974350677861,2372
12,12,0,226.014558597405,23.75260148400339,2453
12,13,0,229.9889537297305,25.0384110899425,2458
12,14,0,237.3918564368068,35.8485922547467,2494
12,15,0,222.4391923252698,24.71519592782396,2367
12,16,0,224.7443952201686,24.98926021145754,2378
12,17,0,237.1992141204603,255.0130974892491,2336
12,18,0,192.4871980142757,21.78623007270949,2022
12,19,0,152.1181349476764,76.64554642958815,1550
13,0,0,128.691688507447,14.13519757417657,1357
13,1,0,165.5911241811282,18.56676046103357,1720
13,2,0,198.0803735080111,42.65387481583166,2008
13,3,0,211.1734662734281,39.3412332174938,2152
13,4,0,231.824492673875,28.24453871717018,2375
13,5,0,240.5902749035496,60.21813478129966,2418
13,6,0,228.0821098420258,36.88791469143067,2341
13,7,0,231.4937592310761,33.58730778658047,2407
13,8,0,228.729356323544,47.8573556596269,2336
13,9,0,224.6587285735134,24.6682693137723,2375
13,10,0,234.4437290994899,26.71678657311112,2450
13,11,0,222.0531164348057,98.92908496564766,2292
13,12,0,228.7443051829182,26.39148495329284,2426
13,13,0,231.1845735939108,25.29363976264458,2455
13,14,0,228.83739362489,24.8335808906277,2445
13,15,0,232.8173926026341,25.60376529823234,2475
13,16,0,236.5739726986704,248.2804320397981,2367
13,17,0,210.3937830924828,49.69343041083321,2194
13,18,0,205.304372616681,336.6506465480259,1992
13,19,0,164.1090218327197,409.2618055203667,1522
14,0,0,132.4787139814669,14.49092640675827,1392
14,1,0,166.6538917679157,18.11431111847157,1747
14,2,0,193.0685119343438,21.97187262814857,1972
14,3,0,219.151327600614,26.05385275620124,2225
14,4,0,227.3161945491364,27.45189554937116,2302
14,5,0,229.8848847096716,184.1519149295543,2289
14,6,0,233.6414312606496,47.75881388841489,2378
14,7,0,230.6107062476808,25.25457349418125,2446
14,8,0,237.4844066142827,47.4458867939562,2441
14,9,0,240.2034097088876,28.59910961268081,2470
14,10,0,230.0284135520442,26.38925377084139,2388
14,11,0,232.6924662058847,37.68019406489763,2432
14,12,0,266.1975273412514,1103.190009944723,2442
14,13,0,225.5285757716649,24.8109197985568,2406
14,14,0,239.2557685258251,310.329011184629,2379
14,15,0,218.2097167643746,26.41805159876771,2308
14,16,0,214.1445713054006,23.52319497743282,2287
14,17,0,208.6476369277887,22.78816453306109,2236
14,18,0,201.432229382154,53.27193060801314,2075
14,19,0,153.6102355954395,17.40989693539029,1610
15,0,0,136.968279737067,16.12707032656463,1401
15,1,0,165.9804157605716,19.23971926600256,1697
15,2,0,198.8994329948792,28.24043886696353,2036
15,3,0,219.7172044273364,31.66918938451899,2243
15,4,0,247.8762298018877,179.4479391981706,2356
15,5,0,241.418166547243,264.2199735770579,2265
15,6,0,225.2821927241245,25.36581107075587,2341
15,7,0,220.567363524075,25.17516328332238,2285
15,8,0,220.4390244286769,25.37733268991787,2272
15,9,0,228.2618446271,25.86357995959803,2375
15,10,0,227.3786010439145,45.3992202803492,2354
15,11,0,240.734193685294,134.7224922959901,2423
15,12,0,226.4627735947622,25.14117851203979,2402
15,13,0,225.6931905747869,24.23415626633792,2402
15,14,0,233.5849322657347,37.70259808647521,2419
15,15,0,216.0610250537111,23.56100800695722,2327
15,16,0,225.6953487513428,24.51509457576342,2423
15,17,0,206.9236115142364,22.13601599614162,2226
15,18,0,189.270949861262,20.38980098083699,2030
15,19,0,140.5719885877949,14.90582243832285,1527
16,0,0,138.8359540252846,129.6123233572177,1290
16,1,0,161.2081156435944,42.21400134056523,1636
16,2,0,205.7517592230035,230.462086631005,1897
16,3,0,202.2884378137126,23.18125464070378,2080
16,4,0,213.2990090179153,24.05731249800139,2217
16,5,0,211.1150866188,23.44823195860487,2199
16,6,0,220.1215687546412,25.75825505010416,2253
16,7,0,218.6950497167947,33.2401120423222,2262
16,8,0,221.1731532262765,27.87775275567152,2288
16,9,0,214.4137211422044,23.18144932144695,2266
16,10,0,227.9659107230781,88.08165935162918,2326
16,11,0,220.8407501069498,26.24691170315678,2314
16,12,0,249.9810762915524,491.4381513845338,2308
16,13,0,223.9570928283763,64.61072983410925,2305
16,14,0,230.7152998737857,26.56287338938915,2403
16,15,0,222.6778199937183,25.67868399838341,2326
16,16,0,226.6094561133835,57.0539137455531,2291
16,17,0,220.000762390534,89.05565038933926,2222
16,18,0,186.4215932223955,59.8920586129307,1912
16,19,0,137.9971501338546,15.10433804584145,1474
17,0,0,119.7031310240858,14.30182456069799,1205
17,1,0,151.5794523394352,21.83088334326233,1536
17,2,0,184.3943363066743,56.50871185889505,1807
17,3,0,190.4880983058401,28.69037303889866,1963
17,4,0,201.601150502181,22.70118610310056,2089
17,5,0,195.3171035989903,22.38380203943722,1996
17,6,0,204.6926371570184,23.90749738860195,2096
17,7,0,198.7257897768668,34.82771325671508,2017
17,8,0,217.1243891132159,146.0347360659735,2137
17,9,0,221.8595656192853,73.30828646696388,2244
17,10,0,199.593506387966,22.71755565789673,2088
17,11,0,210.4087134973706,23.77075574174678,2190
17,12,0,202.7231723443636,22.30555761845007,2140
17,13,0,203.558068228812,22.05966544944237,2180
17,14,0,209.9749786908641,23.858138311066,2232
17,15,0,218.2597394276299,29.24895586216654,2280
17,16,0,198.3413938690493,21.38445490371318,2134
17,17,0,206.8932847293077,22.7154312146073,2197
17,18,0,181.292108722943,75.26580234138748,1852
17,19,0,125.0140612627713,13.59078143704272,1351
18,0,0,107.7412459978635,77.32175106042266,1056
18,1,0,129.9194687431653,14.61143640274632,1339
18,2,0,156.793542487305,17.59792921709571,1630
18,3,0,164.1782874696488,18.75273071831443,1687
18,4,0,169.0127446941102,18.99888279111947,1743
18,5,0,179.0142295287155,20.51740847993496,1836
18,6,0,171.8387452582175,19.0390641993392,1805
18,7,0,170.5038062517311,19.29536243762362,1778
18,8,0,181.3960327829961,20.1746868981305,1895
18,9,0,180.3551400073359,20.89473308663086,1876
18,10,0,184.6059676920483,20.90770855816312,1918
18,11,0,176.6327713328368,19.4278686714419,1886
18,12,0,188.3771353082234,61.27286718812509,1948
18,13,0,181.6615287887758,20.44541926807028,1918
18,14,0,186.7227925929602,21.39437568006815,1948
18,15,0,180.5733710788321,19.71191305747389,1944
18,16,0,196.8895515386551,283.2320362185026,1932
18,17,0,181.204247273793,20.06436698687044,1921
18,18,0,152.0343602923433,21.5574371008118,1602
18,19,0,115.4191696203556,12.46587893535778,1237
19,0,0,82.11300872416693,9.922388453067196,823
19,1,0,98.70890956384342,10.49083940757572,1055
19,2,0,114.8788429905101,13.16354823910319,1176
19,3,0,129.8018696486185,14.42158828860843,1360
19,4,0,136.8653980435141,15.52841826158397,1417
19,5,0,136.8457406286118,19.87570566229972,1401
19,6,0,132.9533373999202,14.85169408197165,1391
19,7,0,144.29071019503,16.62625248593285,1491
19,8,0,131.2515561228382,14.65687287401254,1376
19,9,0,128.5031681677039,14.34399945518132,1357
19,10,0,124.4231767822294,13.3212985864977,1340
19,11,0,132.0013505864381,14.42326492122736,1404
19,12,0,142.6568769111555,15.86232118380234,1519
19,13,0,141.7028990770615,15.1971627103091,1517
19,14,0,140.2766586560196,15.35349859126553,1508
19,15,0,131.4900104821905,14.04610228323765,1420
19,16,0,131.4420047407648,14.68079135431659,1386
19,17,0,131.1720954222051,14.29080040692877,1404
19,18,0,116.3157482443066,12.38249611782089,1255
19,19,0,92.32785258436733,10.14125967312748,983
