# mesh name: boxMesh_1
# primitive scorer name: doseScorer
# iX, iY, iZ, total(value) [MeV], total(val^2), entry
0,0,0,72.35394882368138,9.025623441002029,675
0,1,0,84.83708727125659,10.40771577560484,789
0,2,0,99.50275776708392,12.3103785749313,948
0,3,0,108.3201655835685,13.44411235287876,1013
0,4,0,121.1463122078722,14.67878370365892,1159
0,5,0,125.6696792835913,15.0220703709868,1211
0,6,0,120.2515739280635,14.38324667628294,1163
0,7,0,149.4825676300757,333.0009479646953,1282
0,8,0,133.3076924984404,15.95158602917387,1305
0,9,0,135.3688853870598,23.72735465989042,1289
0,10,0,134.9361656326693,31.50039928996178,1298
0,11,0,130.7167199115888,14.83404845983842,1321
0,12,0,136.9073458781743,16.18948882431435,1374
0,13,0,136.174696712853,15.90965618587573,1371
0,14,0,136.8363781489037,15.45955347386531,1405
0,15,0,145.250383058066,186.0631236358892,1390
0,16,0,135.9076557664075,15.88958488900592,1382
0,17,0,128.4766053526948,14.70345629182504,1327
0,18,0,116.4843574915358,13.07806290827233,1211
0,19,0,87.56603269504956,9.549873761000997,928
1,0,0,86.3278066312625,10.35049478098268,816
1,1,0,103.5408575894831,13.28560514564339,944
1,2,0,122.9916085994962,15.97925178454468,1122
1,3,0,139.2510346077098,18.2143459773633,1287
1,4,0,150.9932526574025,67.48390854191238,1355
1,5,0,156.3763806924599,32.13952169069238,1491
1,6,0,163.7130448346949,102.6620884926695,1486
1,7,0,164.6809437121202,19.59905423662989,1601
1,8,0,159.9613939333279,18.33913793486634,1588
1,9,0,161.7105456225658,32.38941906167695,1563
1,10,0,175.8943568130246,182.4581311679227,1590
1,11,0,166.2593593039949,35.1580735679385,1635
1,12,0,164.7206840294148,18.40616445924923,1690
1,13,0,174.009233653573,74.70587144904852,1671
1,14,0,165.7616445693486,26.85296219774188,1691
1,15,0,160.2938225130032,17.32638948565321,1687
1,16,0,166.659361024858,19.44321133987499,1709
1,17,0,164.8485878742311,18.07261554185652,1723
1,18,0,136.4995083778242,15.46938808037978,1419
1,19,0,114.234831552924,12.35607003834147,1231
2,0,0,102.8290940878688,12.83253374065362,946
2,1,0,136.7666208186504,65.69213399770112,1180
2,2,0,143.1823963599024,17.14032280308691,1359
2,3,0,142.0881642351655,16.98524936087709,1356
2,4,0,173.5877309327969,20.73640089084849,1654
2,5,0,176.4721066292782,34.97002743466741,1667
2,6,0,187.6662546972345,23.3455401917059,1787
2,7,0,196.3276428859995,46.5578956271507,1807
2,8,0,180.806152932403,21.92113636396923,1772
2,9,0,188.5864953759283,22.32495868175585,1844
2,10,0,190.2070729208759,27.94304401385562,1857
2,11,0,192.6155152965545,23.27054960851714,1896
2,12,0,195.3463185205329,21.68514180714703,2007
2,13,0,204.0644119754713,22.56146102358786,2101
2,14,0,205.3873185190057,87.92318593433269,2036
2,15,0,195.3939268038797,26.69829026335842,1970
2,16,0,231.9282531109221,913.4871074045012,2092
2,17,0,182.2893853375542,20.41660315853282,1904
2,18,0,166.4727510811483,19.90222968256596,1695
2,19,0,134.4508907302342,15.21811081613232,1415
3,0,0,105.942806912699,13.29939248267609,983
3,1,0,166.6404470840813,1089.236452350254,1231
3,2,0,164.7277545160174,20.96906661989176,1514
3,3,0,185.8852493631572,66.11967124007451,1685
3,4,0,189.9184845031423,22.89643392497269,1805
3,5,0,206.333978003311,83.56923805378712,1875
3,6,0,204.2682884928156,41.2251584946707,1936
3,7,0,207.2002022182809,24.53348181361755,2019
3,8,0,208.4771861822002,36.21363692896688,2026
3,9,0,208.7284986662029,24.68337233659807,2066
3,10,0,219.7046709633073,25.25763855761015,2196
3,11,0,213.2142220568427,67.19138467798568,2060
3,12,0,212.1258505633139,25.49432007776743,2124
3,13,0,214.246504715387,26.2247370993825,2176
3,14,0,206.0455269846686,23.24023291693305,2124
3,15,0,236.0559694407295,169.1140731999949,2267
3,16,0,202.6950638774053,23.72861616911454,2085
3,17,0,201.2694236121634,22.90395359694054,2094
3,18,0,175.3254611927101,19.72798868108704,1831
3,19,0,140.5078811333074,15.71752597352159,1484
4,0,0,113.086856597087,13.72282911574606,1063
4,1,0,160.7078017094184,213.5515438598192,1361
4,2,0,173.4475758196746,22.16840670569441,1593
4,3,0,187.4220283706423,23.50921543334245,1756
4,4,0,200.9665662361486,36.14298446875651,1886
4,5,0,212.6598334107177,27.0806576868637,1991
4,6,0,215.9428836116934,25.20500543366656,2107
4,7,0,221.5858783172438,62.74132732376005,2098
4,8,0,219.808277601426,43.95339673395788,2110
4,9,0,212.8280066223899,25.07482019122161,2099
4,10,0,222.8111927120195,25.60180295290372,2254
4,11,0,220.3127160388313,26.67329705565393,2195
4,12,0,235.869258515827,28.26563050196887,2355
4,13,0,229.2163389807745,99.04941109239894,2246
4,14,0,216.5411959340516,23.87847589731723,2250
4,15,0,220.4291291086907,24.84762930836737,2282
4,16,0,217.2693188525488,24.3935587048386,2258
4,17,0,206.2123751288242,23.30366168421044,2141
4,18,0,185.6307666302054,20.92155429523731,1939
4,19,0,153.2250518617962,22.43097946381629,1605
5,0,0,114.8193290258347,13.63836141242358,1091
5,1,0,144.8534782548111,17.95682189883342,1339
5,2,0,170.1888845551795,53.15096148422774,1527
5,3,0,204.5969804698128,155.3479992155166,1836
5,4,0,211.4926094262104,78.91589425004635,1930
5,5,0,238.708899607345,286.0412661833124,2122
5,6,0,227.8228489928153,30.11039351884741,2145
5,7,0,223.1827200390127,26.97004259785489,2148
5,8,0,268.5474061844108,328.914959903801,2337
5,9,0,224.0739408784129,46.14927865939136,2197
5,10,0,236.9402417354183,39.73076266845402,2319
5,11,0,231.023944877107,34.94403861578857,2274
5,12,0,225.9488327253049,32.45340924421311,2272
5,13,0,234.1449048839659,31.634495621465,2366
5,14,0,229.4573907942875,29.8300178206865,2353
5,15,0,229.5153932727497,30.45577622904087,2325
5,16,0,226.590178143237,68.07068542075886,2307
5,17,0,209.8811423552858,46.10309833891402,2157
5,18,0,186.7000324195812,21.77329496596228,1922
5,19,0,158.9875434914013,112.9423427566834,1528
6,0,0,123.7195627274895,15.82067229640792,1139
6,1,0,155.2478275058956,83.11617951667093,1360
6,2,0,165.6423649687486,19.4869075621564,1577
6,3,0,211.1684672711661,224.9280021257939,1856
6,4,0,219.9178805420692,82.68994783485964,2023
6,5,0,206.8884163610962,24.91453922525729,1984
6,6,0,218.7695005722774,27.71850147393353,2107
6,7,0,233.3122844479538,27.79106433271496,2269
6,8,0,245.8995186696057,37.65832515715211,2335
6,9,0,236.3547387761173,31.92041452230377,2334
6,10,0,228.1186204753037,26.03454658795366,2303
6,11,0,225.5862283632416,26.01653234418174,2280
6,12,0,232.2541647586735,26.93664952390194,2334
6,13,0,230.2149814831036,26.8815937682578,2323
6,14,0,229.5890657054885,26.10615554148687,2361
6,15,0,229.0047234910435,26.41910214241846,2355
6,16,0,227.5272111249114,26.42748228559958,2334
6,17,0,210.4546611899957,23.23323161268222,2211
6,18,0,187.7872915662739,51.34638643960605,1923
6,19,0,146.6565475961029,16.51847910722742,1541
7,0,0,118.2746022896246,14.45418924236697,1117
7,1,0,160.345983875336,20.78036401096358,1454
7,2,0,175.727583699593,22.10169196289194,1634
7,3,0,195.0034948038813,38.90020820271361,1790
7,4,0,239.7745694789261,835.9093081646827,1983
7,5,0,221.4943070189308,26.24642504008103,2148
7,6,0,235.0876708599258,55.51667773180929,2188
7,7,0,228.3621489813243,27.77504995244801,2208
7,8,0,226.5947509185642,27.4022511216358,2231
7,9,0,227.7367262696981,27.57365368882254,2226
7,10,0,235.8009408918736,46.75759140218366,2288
7,11,0,235.7692533626868,27.38343908007773,2347
7,12,0,224.5620338098825,26.09378967688312,2262
7,13,0,223.392461613381,25.66305454706322,2272
7,14,0,235.9503377890613,110.3238297142453,2329
7,15,0,228.5585630003424,26.23807000972164,2343
7,16,0,222.2164526664514,24.7320217016268,2312
7,17,0,219.059870278757,33.16342269340645,2261
7,18,0,207.2258852712292,730.0013950308652,1900
7,19,0,157.1367712053508,17.47712059203223,1655
8,0,0,124.3492691679619,15.45436632037379,1155
8,1,0,155.1045606425049,19.00063464318981,1456
8,2,0,185.2260061007828,23.52650679345672,1726
8,3,0,196.7538099052981,23.47028763101193,1868
8,4,0,206.9821842263654,25.48337651792727,1953
8,5,0,219.712833979714,26.15013166204881,2122
8,6,0,224.6648197173463,26.44142147677814,2186
8,7,0,224.0086687293951,26.77169104059098,2188
8,8,0,227.371000814203,27.34703354759942,2218
8,9,0,234.0630252597648,28.2117891933017,2286
8,10,0,228.5767981241899,26.6624862916563,2283
8,11,0,240.377509602505,30.25300461854871,2363
8,12,0,227.0697507027197,26.2858379723525,2293
8,13,0,229.8099753000521,26.45826123786345,2330
8,14,0,229.6272140928512,47.26313555080925,2280
8,15,0,239.3568411729433,28.20931269833118,2415
8,16,0,235.4489439186457,37.04104234048631,2385
8,17,0,218.8868266961413,79.72034493784612,2164
8,18,0,190.41012597456,22.4162879071096,2004
8,19,0,148.659372645719,15.77724990354905,1592
9,0,0,125.4650830629232,15.48642454860268,1172
9,1,0,152.9215928506118,18.9211291342924,1431
9,2,0,174.129416236976,23.70736728707273,1630
9,3,0,199.3294018871846,24.24500745817905,1890
9,4,0,217.4187284621653,27.15313104130484,2058
9,5,0,220.0904435298503,26.7653287303918,2105
9,6,0,230.7973330885951,128.7826790084521,2143
9,7,0,227.8538934933243,27.07385492714052,2222
9,8,0,230.0706170091873,91.58838234960423,2196
9,9,0,226.2113700327096,26.51427127708068,2233
9,10,0,241.8559527965613,142.3734443470298,2287
9,11,0,235.8833311738264,27.73110401741569,2349
9,12,0,227.0115861893038,26.54606903075397,2282
9,13,0,227.4629405586417,25.92968522233045,2326
9,14,0,235.1571801915425,26.44114595460717,2424
9,15,0,221.4381207715635,23.92021135523692,2334
9,16,0,233.1350545950961,27.02110657227304,2410
9,17,0,212.4014056007436,23.68719633277988,2225
9,18,0,176.828923637742,20.28195375243787,1839
9,19,0,172.7758362437094,685.9430435417078,1532
10,0,0,132.8842202066655,25.10913372943255,1206
10,1,0,159.7918983588538,25.8492846427355,1461
10,2,0,179.4602734398157,28.11952537353929,1655
10,3,0,195.822077226508,24.39895809948139,1840
10,4,0,240.7684069165801,692.060597744946,2011
10,5,0,219.5073793862439,27.48385213017498,2070
10,6,0,235.5671534211367,31.5235222481944,2235
10,7,0,226.0667620344546,26.98931508378574,2203
10,8,0,236.7892296031225,27.69842181301512,2324
10,9,0,237.0307983957934,28.11644774271529,2323
10,10,0,258.4809953830947,614.0071183548009,2289
10,11,0,251.3626810675573,194.9405780496328,2389
10,12,0,232.7792731795431,35.38806157427697,2332
10,13,0,226.3895231844891,26.26448323059688,2287
10,14,0,226.6855998536829,25.43809482260566,2330
10,15,0,228.4140551332281,25.63514075294178,2383
10,16,0,230.0896352893558,25.77899524464711,2386
10,17,0,218.72844002562,95.39180181051248,2174
10,18,0,181.2479764333042,20.76621471965067,1912
10,19,0,158.162959658589,78.2292481608355,1582
11,0,0,128.0303364223048,16.35976530001443,1180
11,1,0,183.2317391240572,431.2054073380826,1519
11,2,0,170.4263918246998,21.07153434784896,1614
11,3,0,191.9934203677008,23.88657878088242,1805
11,4,0,214.7728416925285,212.3575650492758,1912
11,5,0,222.3739365331791,26.73881106490243,2127
11,6,0,216.4195932850289,25.35482675796074,2101
11,7,0,232.7028524675117,36.26596562866706,2218
11,8,0,236.4771863868258,28.10756748433226,2310
11,9,0,245.7162489604034,30.1723926481722,2385
11,10,0,226.2284734528702,27.86627060524057,2204
11,11,0,244.5145342143354,51.93174413938511,2378
11,12,0,247.3369776082211,143.2665007557158,2373
11,13,0,236.6654959914652,27.48795221592624,2389
11,14,0,236.7484266797348,28.03901341728824,2375
11,15,0,233.3856910906831,29.65968086277227,2351
11,16,0,228.5682914106936,25.18291361205896,2388
11,17,0,214.3915752156562,23.87129084031563,2241
11,18,0,188.4884557548302,21.28855618005934,1980
11,19,0,148.0978701515104,15.94783607051273,1583
12,0,0,123.469565981585,15.26817181407121,1152
12,1,0,148.9946472847295,18.65149747856946,1380
12,2,0,174.5854505590787,21.32072872044868,1642
12,3,0,201.674255308136,25.11379124796026,1881
12,4,0,218.2812820841076,104.3594824912005,2009
12,5,0,211.1097480028519,26.77021573063497,2011
12,6,0,219.0780690958136,25.73949892520801,2140
12,7,0,235.847694474788,41.09637673008003,2246
12,8,0,232.2310410847189,37.06985686416233,2291
12,9,0,233.7925901563278,29.46859611280536,2300
12,10,0,240.1789265113068,31.91484357258637,2331
12,11,0,248.9249370672866,254.3995551332319,2310
12,12,0,246.0656326976853,306.0977844383114,2330
12,13,0,234.3139203613546,26.660737791237,2397
12,14,0,232.4088384782911,26.76097286453498,2366
12,15,0,241.6323795297872,27.63261263690401,2483
12,16,0,220.1626477007111,30.57594893256402,2241
12,17,0,224.3551986012107,136.0410392719232,2249
12,18,0,187.06559740589,20.85759638149287,1961
12,19,0,151.1556791675063,16.9379663870069,1588
13,0,0,122.730902700191,32.37265478341573,1106
13,1,0,150.6956608694312,18.39793574379921,1421
13,2,0,179.0105523102456,21.97794974817033,1674
13,3,0,186.9679927123378,22.09398549702443,1799
13,4,0,208.397221923639,25.46950514262998,1988
13,5,0,219.9293107445003,26.81684738178373,2099
13,6,0,224.3693344175098,26.19308160288868,2191
13,7,0,230.6062109739073,49.87282517339894,2165
13,8,0,233.9500616559684,28.33911071281843,2276
13,9,0,222.3467018225328,31.2494595987027,2212
13,10,0,236.6786445936885,71.49360240331571,2280
13,11,0,246.0075840085691,310.7414088192388,2309
13,12,0,246.1410050098158,284.9065990899356,2290
13,13,0,228.0666693809696,28.22454441846378,2324
13,14,0,223.682377030801,24.81277144194308,2306
13,15,0,221.367310758326,25.09512268732883,2287
13,16,0,238.6300980298036,133.9092125917967,2317
13,17,0,231.8767956809948,455.8833272608211,2204
13,18,0,186.7780757697321,21.40228199875692,1942
13,19,0,165.5575004205655,327.2443604761,1514
14,0,0,126.6207000914817,15.92939331658631,1170
14,1,0,143.3379007508833,17.1916493919171,1352
14,2,0,178.8880982686398,85.94535177222966,1605
14,3,0,188.0638229076994,23.35608588144742,1776
14,4,0,199.3915109591753,24.76187690616878,1891
14,5,0,213.4281650723986,26.25797831988703,2029
14,6,0,214.3044166972593,25.90410647320095,2053
14,7,0,234.5997301576666,153.7642171646453,2095
14,8,0,222.8611910802727,26.95363008307502,2162
14,9,0,227.3742507387861,29.67562281550273,2198
14,10,0,230.628315620363,44.48446092998822,2256
14,11,0,229.9229940064517,27.91675635912283,2283
14,12,0,229.7565886226657,59.88357872828576,2262
14,13,0,231.1354106296617,29.62264058618544,2314
14,14,0,249.6843154045784,180.5577112551447,2367
14,15,0,227.4605075660419,25.49061915915208,2341
14,16,0,224.7573116762791,25.61636542336522,2325
14,17,0,223.4908243626909,25.65071251233557,2308
14,18,0,188.1144539841647,21.71898342168125,1948
14,19,0,148.0083998942323,16.5251144423928,1560
15,0,0,110.9336735865535,13.82736545189998,1022
15,1,0,148.0165234887629,18.48044570459689,1367
15,2,0,161.9975112123099,19.74941985960972,1527
15,3,0,187.9156439757945,56.46438798520874,1742
15,4,0,197.6574812841907,23.65682474587026,1883
15,5,0,200.5563194029409,23.85799684234886,1934
15,6,0,219.9063406750432,102.7967288591943,2012
15,7,0,222.9323785833509,54.20286352280067,2118
15,8,0,234.6632195279348,291.6745508803934,2135
15,9,0,225.4368849232395,27.03546588251074,2197
15,10,0,221.510281515503,26.63064428767465,2174
15,11,0,218.3542202980396,25.16130224301396,2197
15,12,0,224.8613755504927,26.41500408254357,2261
15,13,0,234.626456911096,99.59206987227996,2286
15,14,0,231.558501272177,33.49736739117267,2334
15,15,0,218.0618141983389,27.0962991660225,2226
15,16,0,218.8469757866365,24.8462967350654,2264
15,17,0,203.8815005413662,22.4540474404647,2133
15,18,0,179.5969616059796,19.71615569242473,1897
15,19,0,152.9828742683668,17.67033001238173,1583
16,0,0,102.4301547056111,12.92077655432143,942
16,1,0,128.25614784341,15.71215135397039,1199
16,2,0,151.9896720750213,18.66612808448537,1425
16,3,0,177.7402354430162,22.08436590083391,1674
16,4,0,181.9814133573434,23.19854852914806,1732
16,5,0,201.4714341056932,24.52437359527645,1912
16,6,0,199.6948264471321,23.61796450143472,1940
16,7,0,193.0226136573823,23.05270399716025,1883
16,8,0,204.7815671258509,23.86831774987683,2021
16,9,0,204.0684409411206,23.83842635469111,2010
16,10,0,230.6743079270291,296.1103164331527,2049
16,11,0,205.9980611542188,23.8335248555629,2070
16,12,0,204.2558598148526,23.10023341007763,2087
16,13,0,209.1204511216533,25.52627039943087,2127
16,14,0,233.686159868829,586.321696422122,2177
16,15,0,220.3749032280062,24.55104498891771,2287
16,16,0,208.7033681722085,23.97583385262864,2171
16,17,0,197.7263679565693,22.4764851288366,2050
16,18,0,176.8902031851947,21.59181497339181,1856
16,19,0,140.2267333158225,15.4742982311038,1488
17,0,0,96.28436885775226,11.93387880243078,895
17,1,0,123.5083880731955,15.90027823497605,1147
17,2,0,151.8110321464627,143.874063700887,1338
17,3,0,156.0539994897594,19.13070386087123,1481
17,4,0,181.9925846523943,234.4910589699062,1578
17,5,0,174.191297118958,21.75775341612612,1648
17,6,0,193.4389858079482,79.93164698616972,1763
17,7,0,193.4455903840405,43.11120322295118,1823
17,8,0,208.9368119439627,119.7136662465208,1887
17,9,0,196.9880699975566,25.38710702081016,1905
17,10,0,186.0537591596604,21.51580077483131,1852
17,11,0,190.1217631032255,26.01599869568237,1888
17,12,0,196.3735922759031,22.8186387148253,1986
17,13,0,192.3646757513305,22.20990494325079,1956
17,14,0,196.0732407382691,22.17808473083211,2028
17,15,0,194.2207553488629,22.34229938708105,1989
17,16,0,198.5055893173564,22.03389917754639,2084
17,17,0,189.3795711805527,21.31575423125858,1969
17,18,0,162.7581397914741,18.22868485641023,1697
17,19,0,137.8065644789419,18.05683625609817,1440
18,0,0,102.1458697557862,406.9337552372414,746
18,1,0,110.4983695237808,14.00701192849983,1039
18,2,0,119.7528844173457,22.13036438546373,1100
18,3,0,140.0159699274918,21.84631906468752,1303
18,4,0,142.596237600287,26.06648729627981,1349
18,5,0,144.6016065653834,17.07904514443703,1402
18,6,0,172.764552149753,317.3722045726454,1497
18,7,0,160.6013785482067,20.38170928394744,1577
18,8,0,166.7720459419069,19.69230659848538,1641
18,9,0,164.5249705914147,20.47874121317133,1586
18,10,0,167.3059156548509,20.11477231914325,1657
18,11,0,161.7235990848866,18.8921462562375,1610
18,12,0,164.3490788995084,19.21481220773132,1665
18,13,0,174.5033336764008,27.28858958073299,1735
18,14,0,167.0208953472815,19.18114674749308,1720
18,15,0,164.5310084281836,18.79414698562253,1689
18,16,0,166.2658447104979,18.74018102245963,1733
18,17,0,169.6563966609599,19.43099210331795,1761
18,18,0,141.2350595658645,15.74491314449379,1474
18,19,0,117.5706302695934,13.13014752438912,1246
19,0,0,80.69545102545111,31.74508065295266,703
19,1,0,95.914576859107,71.77455622421188,819
19,2,0,106.3577227803358,13.23068199522502,995
19,3,0,122.200886737595,83.42051196223203,1091
19,4,0,118.6967897435931,15.02109058618006,1134
19,5,0,124.2744524833655,15.19511804078767,1185
19,6,0,130.4206467021711,15.84924595828874,1250
19,7,0,134.1632904457749,15.7050785995352,1322
19,8,0,132.1618256234225,16.82234185225533,1288
19,9,0,133.6666191837068,18.17547836545458,1284
19,10,0,148.5015981065254,330.6306449796316,1316
19,11,0,134.5802744523589,15.9266218525385,1340
19,12,0,127.5596657690819,14.40854070245173,1308
19,13,0,138.7561141775891,69.07870037050067,1360
19,14,0,136.2616756127102,15.52980855064815,1402
19,15,0,134.274389687326,15.30523809236009,1384
19,16,0,133.5113662407861,15.04307724983745,1396
19,17,0,122.4361555350972,13.58774909905986,1283
19,18,0,110.5293681504518,12.6363903851142,1150
19,19,0,86.919628099325,9.291046476670207,937
