# mesh name: boxMesh_1
# primitive scorer name: doseScorer
# iX, iY, iZ, total(value) [MeV], total(val^2), entry
0,0,0,70.93265224786042,7.949286030890088,724
0,1,0,91.06037233589734,10.48827319410264,912
0,2,0,110.1967337123682,27.72859457637567,1070
0,3,0,116.6531541717609,12.99008972211976,1203
0,4,0,126.419824799786,14.63353649458222,1276
0,5,0,145.1490833900928,188.091873584917,1297
0,6,0,129.6176966550234,15.20518925181063,1299
0,7,0,134.2108254364701,16.42761140452253,1345
0,8,0,131.0240900010757,14.87911198491926,1327
0,9,0,131.890481318104,15.54256739383277,1315
0,10,0,136.0614875390426,15.90508826004294,1364
0,11,0,124.7915180330695,20.44284720748375,1263
0,12,0,139.750137935421,15.67191603986326,1433
0,13,0,136.731223228525,15.42745181367413,1393
0,14,0,129.9459982347499,14.48120489527087,1344
0,15,0,138.3839033567111,22.48238845295061,1386
0,16,0,123.1287196374494,14.41499257481498,1247
0,17,0,111.9520079469338,12.7349416296177,1149
0,18,0,106.9612154791478,52.87791278089563,1028
0,19,0,76.44440080490615,8.734670829076979,780
1,0,0,92.56843037996536,12.89009069634073,905
1,1,0,114.9280738205925,18.62718644318099,1143
1,2,0,148.0230700716411,147.6155907731753,1346
1,3,0,143.0945451286857,16.503479446816,1433
1,4,0,157.9597429959379,18.89663645271121,1568
1,5,0,170.2240094815036,31.24006554436772,1641
1,6,0,167.7388757663306,19.44817167619942,1683
1,7,0,168.7484714839097,19.39299746938876,1698
1,8,0,166.096711005063,18.67665458650893,1685
1,9,0,169.4501611421566,19.10696919416843,1732
1,10,0,165.2216714718886,19.47142262847717,1647
1,11,0,164.9381104323377,18.94066608024706,1681
1,12,0,165.7201941877159,19.5851623189599,1653
1,13,0,173.1347040572713,63.1234691883831,1707
1,14,0,167.5559318467838,18.92412676011647,1720
1,15,0,162.917672213526,18.87497354049739,1649
1,16,0,153.1386827196465,18.21338770861432,1543
1,17,0,150.3814623254647,17.71847588375494,1511
1,18,0,132.1389846750423,15.52103238186926,1344
1,19,0,100.9667683239765,33.13460197914145,1004
2,0,0,117.0592294054743,45.94338059809336,1102
2,1,0,137.8518187100145,16.1019533386476,1372
2,2,0,163.4007123320897,26.1132990921261,1585
2,3,0,172.025229572604,21.37088957402165,1728
2,4,0,195.944996411477,23.11706606260836,1939
2,5,0,194.7369882167205,22.78664525049704,1943
2,6,0,187.8086683961089,21.23597145067644,1897
2,7,0,211.7090292534605,25.37650706143152,2107
2,8,0,199.5564208432188,23.62311924788688,1991
2,9,0,191.2085586377597,22.06749292298227,1927
2,10,0,184.53758777579,20.78038276490258,1893
2,11,0,199.1599979077276,22.86055285030927,2030
2,12,0,188.7280966422377,21.42795916234184,1923
2,13,0,195.6293223572841,22.71947967781813,1983
2,14,0,196.9671196606805,22.21516279725594,2008
2,15,0,189.1699499230539,21.7365112371826,1946
2,16,0,180.3295397977925,19.83376771956769,1878
2,17,0,163.8504980639993,18.89364900300867,1656
2,18,0,140.0154283472016,15.99030266773626,1427
2,19,0,112.8935095804027,13.03860458031163,1155
3,0,0,119.2435276553184,13.89521447085691,1184
3,1,0,171.6700365458503,456.1594826452576,1505
3,2,0,177.9363577184613,50.74098680650008,1700
3,3,0,204.9743395798365,175.4954989886321,1934
3,4,0,202.891189390664,23.26168719284842,2044
3,5,0,201.6210150395229,23.19214358816408,2031
3,6,0,231.1640456981976,365.4812320633799,2051
3,7,0,220.6410327767572,80.54094968126286,2177
3,8,0,212.4276203154408,24.08807426923729,2167
3,9,0,228.9032746551665,36.80550571443521,2258
3,10,0,211.6294059934354,23.11344608003415,2203
3,11,0,214.9934605561091,24.6781347341703,2173
3,12,0,216.2516125062313,25.860262346295,2155
3,13,0,217.329528068923,25.34222601092568,2190
3,14,0,206.9465949855829,24.04912102355224,2083
3,15,0,218.2925538840446,103.3551937558907,2135
3,16,0,199.50406829527,22.91116672075547,2038
3,17,0,186.6558978097241,21.95805978415854,1873
3,18,0,152.92599609208,17.65391171082699,1562
3,19,0,126.507631337278,14.75380298841487,1283
4,0,0,124.7623109965113,14.64040770727378,1239
4,1,0,166.2563176000808,28.09986177578053,1613
4,2,0,180.462504009782,40.60990762580489,1762
4,3,0,199.0881966720299,23.31166854930102,1981
4,4,0,214.8337898520919,38.11887473550999,2104
4,5,0,220.6192731192934,122.027116385398,2114
4,6,0,217.5896385149894,25.2853512828922,2175
4,7,0,227.8444220319877,121.5824620327747,2222
4,8,0,228.8348475437597,26.44514832164698,2293
4,9,0,230.9550076667241,243.9788501663574,2206
4,10,0,219.6254015672337,24.37840634269274,2268
4,11,0,223.4515596785633,25.47016085166615,2272
4,12,0,222.5891934618929,28.42393392326674,2247
4,13,0,216.3116919780505,50.84793569775815,2172
4,14,0,218.6190373913506,24.29277732936277,2266
4,15,0,220.8863472253604,26.71113682310636,2181
4,16,0,213.0901467597655,24.4534824600411,2175
4,17,0,196.0550221631605,50.15311915979284,1934
4,18,0,171.1278453023801,101.4669940170175,1672
4,19,0,136.3254752163415,15.70280714619043,1385
5,0,0,153.6402314986411,622.620749976258,1298
5,1,0,157.9148225306193,17.49335845781212,1617
5,2,0,206.1222229289935,234.8968309485049,1892
5,3,0,206.0776363887193,24.31667790663253,2053
5,4,0,214.4789772828777,24.84028934214803,2160
5,5,0,215.3122585794026,24.87054377999737,2165
5,6,0,220.6244090282048,25.62168463403234,2226
5,7,0,223.4793995318058,37.76529451647363,2220
5,8,0,248.7100411188785,199.97558257183,2371
5,9,0,219.6876367254234,25.25032322742197,2221
5,10,0,230.5736142719744,161.9523303861543,2267
5,11,0,231.3407520532522,26.6110487002048,2339
5,12,0,227.2420116777772,25.79720886762927,2325
5,13,0,220.8851222667672,25.3338754263885,2248
5,14,0,232.5333364387672,58.22894089043469,2275
5,15,0,223.660763348615,37.61851133608067,2263
5,16,0,200.1667770380035,22.72041277578372,2054
5,17,0,194.0168509162755,23.39705061578849,1969
5,18,0,179.3355194599678,56.39237839022538,1736
5,19,0,131.1555791957773,14.57300263203689,1363
6,0,0,140.1861368361094,16.41664950085922,1400
6,1,0,172.2775829808391,79.45712434377805,1648
6,2,0,195.5844581787357,59.13775314030566,1894
6,3,0,213.3186925136339,42.81625270761321,2098
6,4,0,263.6705426930289,823.9624002820186,2264
6,5,0,227.6624066127351,69.73984004223728,2227
6,6,0,223.8746351709201,26.67251560037585,2218
6,7,0,236.6463291703607,48.80521678555756,2322
6,8,0,232.8568133984679,36.57239837419102,2312
6,9,0,239.7188612720161,112.8835114392075,2327
6,10,0,225.1217564437874,25.1442459636096,2305
6,11,0,231.4303451029798,26.22814551537553,2353
6,12,0,230.383726716651,26.6032864121498,2330
6,13,0,228.1140012334488,26.17223011141377,2316
6,14,0,240.8913201694128,149.3362801639482,2337
6,15,0,227.2072000411861,26.07654293729017,2307
6,16,0,218.7802211869589,35.35719368916935,2195
6,17,0,192.6796171806061,25.33340809384901,1951
6,18,0,172.2344005262219,19.70446413483957,1748
6,19,0,153.8337815321884,305.6071544972504,1375
7,0,0,137.3695565194361,15.77514379817701,1395
7,1,0,170.3201875538846,19.86049916197194,1689
7,2,0,186.8253928870448,22.54453837143578,1855
7,3,0,219.5659297592813,33.65406175800873,2177
7,4,0,214.3810005246828,24.51408657549555,2157
7,5,0,240.8433112975173,160.1771955856803,2298
7,6,0,232.474436744406,28.54874049548251,2288
7,7,0,234.836972183907,27.61722860713165,2353
7,8,0,231.5722724145087,27.46219196160436,2319
7,9,0,232.1137672258166,26.97289211832004,2360
7,10,0,229.2935487289842,26.82522913093602,2318
7,11,0,236.5813572970607,48.75818502994916,2331
7,12,0,240.2243503736738,178.3828708184097,2327
7,13,0,229.0674329268721,26.4026277008007,2348
7,14,0,220.4037137785563,25.34771928128987,2246
7,15,0,229.6764130553266,46.35018408025422,2268
7,16,0,211.5653081933885,24.4147570994926,2154
7,17,0,197.0972707494085,22.39006346027655,2014
7,18,0,175.7140395546458,33.56661602701291,1758
7,19,0,138.5579534467384,16.2598094819133,1403
8,0,0,135.2339682015866,16.06029378479073,1339
8,1,0,160.0885161405807,18.65754457966461,1609
8,2,0,204.3349675113658,24.2222242647069,2006
8,3,0,210.1427113089198,46.90355098988811,2057
8,4,0,210.6382500226304,24.24608748602592,2128
8,5,0,224.2392217449948,26.48608510712389,2223
8,6,0,224.7681282660655,26.2531347543651,2261
8,7,0,217.0319386602611,25.17775901650626,2186
8,8,0,230.5470760307334,26.42429430647103,2335
8,9,0,231.8464236073588,26.69727300286817,2363
8,10,0,234.077839688747,27.52542130968965,2345
8,11,0,224.802601640129,25.7831166619134,2283
8,12,0,230.1839723801271,33.85619489319019,2278
8,13,0,223.285935558497,25.78169725751267,2280
8,14,0,224.6498741999536,37.56822261097612,2269
8,15,0,236.7071532548766,71.76548198838312,2345
8,16,0,220.2527375809324,25.11636038667022,2251
8,17,0,201.1363558731272,22.6340573297987,2070
8,18,0,167.083491311207,19.39373464055373,1682
8,19,0,143.8896186256395,18.94582980353659,1451
9,0,0,127.9025696933988,15.66994989962791,1257
9,1,0,160.320403955312,29.64737843844133,1572
9,2,0,193.6946004703755,24.92764234307431,1880
9,3,0,204.8214648386494,24.29987674004837,2030
9,4,0,228.6281543473653,26.83738344255739,2283
9,5,0,242.0699658320345,29.01867331365183,2379
9,6,0,223.5452336119999,25.62337421874401,2253
9,7,0,230.3742212440056,26.18734083785696,2339
9,8,0,235.226074530085,26.73834075580882,2395
9,9,0,232.0962404610727,26.39630926196795,2355
9,10,0,241.2456856209201,95.31812333735648,2365
9,11,0,239.544315322836,29.30160335348836,2355
9,12,0,238.6823691870719,72.30593162479654,2346
9,13,0,232.9056446814761,27.10845895005927,2370
9,14,0,233.136586480805,27.17475275229605,2366
9,15,0,226.2103050807882,26.10479488968295,2315
9,16,0,249.5140968959417,491.630761910771,2276
9,17,0,201.4544016867791,34.33637553528553,2007
9,18,0,183.8749146866021,131.2413781757326,1720
9,19,0,131.4893842310551,14.79586029817097,1367
10,0,0,126.1850330252384,14.99043547929185,1267
10,1,0,165.2238851347055,19.69604627857528,1631
10,2,0,198.1322062042748,25.88134109269066,1921
10,3,0,211.158548408848,126.8822584358961,2030
10,4,0,226.0503268271779,93.27121458968317,2159
10,5,0,228.8496365522731,145.5659950863349,2173
10,6,0,235.4643504681241,74.34896835879729,2325
10,7,0,222.9160996486061,25.64532156401686,2247
10,8,0,230.6055839457767,25.96363974829089,2361
10,9,0,227.0871393041455,26.08315439573688,2308
10,10,0,231.0676940566241,27.25477754710891,2329
10,11,0,243.2459305017369,28.82214746603849,2434
10,12,0,230.1601444204884,26.84112816439492,2309
10,13,0,235.4634121658493,49.30290633049828,2333
10,14,0,222.4777976776038,25.66569505776711,2265
10,15,0,220.3281033652834,24.90103423095574,2274
10,16,0,223.5763695087167,60.15091762673698,2220
10,17,0,206.317137243795,42.72319198710875,2047
10,18,0,177.3582355624582,39.97496892538431,1770
10,19,0,135.2981189891449,16.16337059372181,1371
11,0,0,130.0518259725598,15.37966098756073,1296
11,1,0,171.24640829858,19.99868306764069,1702
11,2,0,188.86527480464,22.45984331182461,1873
11,3,0,219.3589433021373,32.32108594183981,2125
11,4,0,222.1207470661701,26.57856342178044,2192
11,5,0,230.3667539179813,27.02215020345173,2293
11,6,0,226.3545291995457,25.94729785465164,2282
11,7,0,236.0163725629587,36.07128435361911,2332
11,8,0,231.9218901244685,27.17590840270871,2314
11,9,0,245.16389280519,61.11186934458283,2400
11,10,0,235.4009932036153,33.84587536416088,2333
11,11,0,237.4506839524974,28.35569705459865,2370
11,12,0,238.4891160086961,48.99845198790766,2368
11,13,0,237.5610677983421,28.13867622335004,2368
11,14,0,239.2870788973801,189.1596649403053,2259
11,15,0,218.5185028411804,24.79278615624655,2243
11,16,0,225.3198195551413,36.3220731681461,2287
11,17,0,194.0825551076395,22.54272477883138,1963
11,18,0,170.3932720944451,19.22036349049764,1750
11,19,0,137.3889174392995,15.9507169572058,1405
12,0,0,133.0957705477945,15.47534662836255,1334
12,1,0,157.2741205837386,18.28232345221925,1573
12,2,0,190.4808177319052,22.20669801961291,1903
12,3,0,203.3218748387185,23.42518147319749,2051
12,4,0,223.4574841364092,25.69796033420083,2254
12,5,0,224.7484705703217,33.06831997787917,2231
12,6,0,231.6475536582325,103.1820987826407,2220
12,7,0,222.7600258297723,25.20900244685639,2262
12,8,0,243.9233994484962,91.86772551156174,2338
12,9,0,236.7965205549112,27.51000933818166,2388
12,10,0,251.3288762099938,84.61181095234102,2440
12,11,0,227.3174588032986,26.3820173941785,2302
12,12,0,230.5778193769109,26.57658978129257,2340
12,13,0,235.5349037405727,26.7513384758929,2405
12,14,0,233.7924549250868,26.89444309450225,2374
12,15,0,233.8961747656429,26.91927896581638,2376
12,16,0,208.1053368895823,24.08117277307511,2102
12,17,0,189.5393783638082,21.10525685714744,1959
12,18,0,180.1724911795611,21.0708494450305,1822
12,19,0,132.7440691266144,14.8375940959974,1372
13,0,0,128.5186799497845,15.2305255266024,1281
13,1,0,164.8662126379075,41.27587143783547,1576
13,2,0,187.3200179015594,29.53623159136725,1826
13,3,0,197.3179467276277,22.47578115587478,1998
13,4,0,219.9220349344027,26.05550829343587,2185
13,5,0,224.7296661626108,26.00062700086426,2257
13,6,0,228.7430671478579,26.45620065227066,2310
13,7,0,244.0534714897807,162.0922351731919,2322
13,8,0,248.1210881381224,284.0002819912485,2320
13,9,0,254.1266801196274,220.0290864201969,2340
13,10,0,237.3435382275894,95.49570063010123,2302
13,11,0,230.6380058393117,26.99970509356713,2335
13,12,0,247.6006856431881,361.3544885923696,2301
13,13,0,221.0304834543683,26.81460472488025,2239
13,14,0,229.273093510972,26.48882853346287,2329
13,15,0,237.6183046098784,130.6617406749551,2318
13,16,0,246.5001731459661,775.5150654066747,2214
13,17,0,193.2720022938246,22.21652841561166,1977
13,18,0,165.7923176849138,19.27804350821554,1692
13,19,0,125.2089787201402,14.47578035749951,1284
14,0,0,127.7573148255185,14.3986167336367,1294
14,1,0,151.5403869906987,17.37861301504839,1527
14,2,0,189.6597405777223,23.07869316099098,1839
14,3,0,208.8532054009369,24.31055320352885,2087
14,4,0,227.0512578412646,26.76345511335544,2245
14,5,0,221.3178922818903,25.38386160808615,2225
14,6,0,221.1618233882764,25.1067778772332,2245
14,7,0,225.8111669445711,25.94798488465097,2283
14,8,0,219.1015147315046,25.45187668316397,2208
14,9,0,230.6815667691022,33.25637621005871,2313
14,10,0,226.3481045757584,25.99464959324895,2303
14,11,0,237.0095094123039,65.35748142037394,2358
14,12,0,231.187882425026,26.7413533510579,2332
14,13,0,225.4240221996649,25.21461326713639,2320
14,14,0,220.81874257775,24.46023487389532,2273
14,15,0,227.3181388094922,32.63770200117535,2291
14,16,0,208.5161013518073,23.55608289670198,2134
14,17,0,199.9551484625298,22.74224430076852,2026
14,18,0,175.4596685845772,20.44218012341085,1773
14,19,0,135.0066229836673,15.24836235061609,1394
15,0,0,123.234504073758,14.33457514211287,1228
15,1,0,159.5420121683538,18.83217033231741,1582
15,2,0,180.5313296089028,20.92020777927135,1801
15,3,0,200.4366573224056,23.38869728174882,2010
15,4,0,246.9291245013759,646.6636740896719,2159
15,5,0,233.0437952109605,271.5551324225456,2215
15,6,0,212.4997293466843,24.10639782214375,2150
15,7,0,226.0300329421587,47.84556185568125,2226
15,8,0,231.7809562581013,239.052345668179,2184
15,9,0,219.6211156686712,25.07964061276074,2233
15,10,0,212.2266482901494,23.5087594892757,2176
15,11,0,241.5404818660964,103.4515247887087,2329
15,12,0,224.4507453426827,26.32475722797578,2262
15,13,0,219.9258306846884,24.63300760589678,2263
15,14,0,215.8229066255071,24.4528508139502,2205
15,15,0,208.8542652396608,24.8609428707454,2121
15,16,0,240.5428592616259,594.2884089018426,2132
15,17,0,189.2282912566368,21.31169338824662,1943
15,18,0,167.1997053325034,24.48393026142749,1660
15,19,0,150.7179783490619,371.8357210199581,1364
16,0,0,113.9455910853195,12.90321738392459,1156
16,1,0,148.1945589205624,17.48192461231682,1472
16,2,0,168.8402725244945,19.12222681550351,1707
16,3,0,194.2897977870173,23.19403277650293,1922
16,4,0,205.3338378463752,24.52856319530176,2048
16,5,0,206.658426498142,53.19999478442117,2033
16,6,0,202.1188208368958,23.52656012295495,2012
16,7,0,218.6778934959762,24.92730677291789,2197
16,8,0,225.9454501227557,357.4978360756027,2102
16,9,0,214.1609315691505,61.07362328093078,2077
16,10,0,222.9322469267724,301.495105751187,2039
16,11,0,208.9608472513606,24.44057916274331,2097
16,12,0,208.3817420618018,23.63912291079767,2126
16,13,0,211.1811447700376,23.68180177636961,2171
16,14,0,215.596240405706,25.25133493005467,2173
16,15,0,197.5575156620711,21.73426260927108,2048
16,16,0,194.7076733715138,22.34025137611306,1980
16,17,0,200.6744949084643,109.3754361540061,1915
16,18,0,164.4526489025587,39.50501435355137,1603
16,19,0,118.5360982414858,13.59980743637443,1209
17,0,0,110.3356257842598,12.35195428007702,1117
17,1,0,127.9469849559292,14.55147861005965,1300
17,2,0,154.644471896073,18.54410971844423,1533
17,3,0,168.0474428253236,19.10875924850502,1715
17,4,0,182.7186260245422,21.47099339320241,1829
17,5,0,184.3790111137172,21.93213740317183,1853
17,6,0,191.5475992734845,21.99886242024191,1930
17,7,0,193.3323994708115,47.08106548327061,1893
17,8,0,196.9450837321633,23.5253932668492,1954
17,9,0,195.1579157125058,22.58469776462238,1960
17,10,0,192.943795784454,22.22272527176845,1944
17,11,0,205.3292778363641,120.8289356390276,1984
17,12,0,194.7193708251457,29.2046760684937,1934
17,13,0,196.112482723058,25.35749094487238,1954
17,14,0,199.3316740553801,23.09089794471349,2006
17,15,0,189.9675240547721,22.01253740345723,1923
17,16,0,191.3457663463445,28.5708903905166,1908
17,17,0,168.8745242842021,19.57052426586545,1723
17,18,0,154.2718725250562,142.9989284022666,1482
17,19,0,117.1111642144493,13.68099292552232,1188
18,0,0,91.76137087457261,11.10040233363649,902
18,1,0,120.7520621312091,16.22295880334363,1201
18,2,0,145.9648641258149,29.55489308465883,1372
18,3,0,148.7580778971877,16.89992490612324,1496
18,4,0,151.91022516972,17.73263246883065,1522
18,5,0,170.8622490118063,26.08973816177991,1708
18,6,0,164.6163410557704,19.134429646736,1655
18,7,0,167.9036877488084,18.87633213805367,1713
18,8,0,189.1166023889932,381.2970326838267,1713
18,9,0,172.2467948634595,32.54124846320137,1705
18,10,0,160.0770748138369,42.78692145342541,1564
18,11,0,166.7828851496799,19.86274534016068,1668
18,12,0,192.2838915878343,497.0282620976174,1740
18,13,0,176.4761739477553,44.60621535766225,1718
18,14,0,167.3047714451373,19.24518242362464,1701
18,15,0,177.0877696502439,81.72404245690808,1667
18,16,0,158.5299235383897,17.99495102024998,1620
18,17,0,148.7830972719234,17.2671711198613,1517
18,18,0,125.1361987770246,13.85255451970107,1290
18,19,0,104.4029232635196,11.89591908204128,1069
19,0,0,73.71512718887277,8.09243728607807,759
19,1,0,97.02412116147117,10.99924724678197,980
19,2,0,114.3605999693976,28.79130095093319,1118
19,3,0,122.5371706779443,33.61122890118612,1182
19,4,0,126.4995161244424,15.00109223968142,1260
19,5,0,143.8397847609525,151.7186866903619,1338
19,6,0,138.4405816900306,15.93341941419641,1402
19,7,0,133.3649404578177,15.34580022201216,1356
19,8,0,134.6824282531832,22.62129309097699,1338
19,9,0,130.9525051756842,15.09757520892505,1339
19,10,0,138.4223962279086,16.23922496782614,1393
19,11,0,135.4553170189302,24.5116192445158,1356
19,12,0,138.9318006578899,16.68347769984545,1382
19,13,0,152.1144786222802,418.1792016960991,1350
19,14,0,133.5434873596228,15.96759970079463,1342
19,15,0,132.0291572900707,14.72538804185336,1364
19,16,0,124.2460223673712,14.10145246390878,1281
19,17,0,113.6430896802737,12.76451823020762,1169
19,18,0,102.8324357208255,12.15667424367366,1024
19,19,0,77.84273739112963,9.22081391794671,791
