# mesh name: boxMesh_1
# primitive scorer name: doseScorer
# iX, iY, iZ, total(value) [MeV], total(val^2), entry
0,0,0,81.84647666846716,9.417845587202793,878
0,1,0,110.2755171299162,12.10567565197517,1212
0,2,0,129.9970821651215,14.22707895486402,1419
0,3,0,135.4482245990228,14.30615269907004,1500
0,4,0,145.655407429937,32.74252322403449,1547
0,5,0,153.9152612408417,202.1287180033218,1558
0,6,0,157.012504257081,237.1790933345371,1580
0,7,0,135.0498033181172,13.75665603075334,1524
0,8,0,133.1358702289194,25.27728648194541,1473
0,9,0,143.678875793307,15.33870389355323,1606
0,10,0,144.323244349,16.18546081925914,1563
0,11,0,144.4284273014963,15.65381581040017,1577
0,12,0,136.7597822299175,14.20922893070949,1531
0,13,0,141.6177556424884,15.92877305279984,1525
0,14,0,140.988924853825,21.55467732499252,1548
0,15,0,136.8063466764808,14.06173585426053,1557
0,16,0,146.7222264725011,106.7889774600926,1528
0,17,0,132.3915085665274,25.27214265544351,1429
0,18,0,123.4226281218568,67.71857354664436,1285
0,19,0,89.09119966551748,10.24057337279431,983
1,0,0,113.7300173253146,14.2436578372814,1227
1,1,0,135.7379385402986,13.96325331768605,1536
1,2,0,172.5558193403158,18.74485480794591,1898
1,3,0,178.0786069179975,41.88964375911851,1922
1,4,0,174.2021455699021,18.93939848935115,1925
1,5,0,181.0909804804915,19.01451004218142,2015
1,6,0,184.7787165193609,30.78476215183185,2002
1,7,0,179.7621598618556,18.80506990813747,2011
1,8,0,179.0036240820856,19.95199477168335,2001
1,9,0,180.1929274952016,18.71330204039239,2025
1,10,0,191.1262426108947,58.99433168899145,2012
1,11,0,171.5860421988471,18.08505399718965,1920
1,12,0,174.947650122036,17.98143744275578,1966
1,13,0,179.122608701103,19.13818949548988,1979
1,14,0,189.1410299204331,55.93403982998959,2005
1,15,0,177.8310678761819,18.56572632187466,1998
1,16,0,193.5213398898301,20.8864325011147,2129
1,17,0,174.9585169258386,18.49909640116456,1944
1,18,0,161.1224942044916,105.9377380879492,1682
1,19,0,113.5580422364852,11.37734864071602,1287
2,0,0,128.4615629093322,14.03391807380008,1406
2,1,0,163.9720209949298,17.70861088972134,1809
2,2,0,190.8380090744494,20.29295439386636,2118
2,3,0,228.5591117802178,392.0214936093681,2193
2,4,0,200.1198867003928,20.93160948253271,2241
2,5,0,199.1300230348929,20.33260574464198,2222
2,6,0,206.6632196066967,21.36798835511259,2321
2,7,0,203.7931217512444,22.2884735322825,2243
2,8,0,207.1365643684735,21.92697174651099,2309
2,9,0,202.6979080598817,21.18547900936345,2258
2,10,0,208.7141779980479,37.04734086368496,2276
2,11,0,213.1453603249433,23.04633825104531,2366
2,12,0,214.6475853862217,36.28101287001264,2338
2,13,0,204.4198839966043,21.49162092707083,2284
2,14,0,205.078717935964,21.70482194735896,2296
2,15,0,200.967094179306,21.07950366906768,2256
2,16,0,204.0604972713118,21.98109081852164,2260
2,17,0,198.5045213976164,24.65589377501025,2193
2,18,0,176.0431619366545,26.36139202325166,1918
2,19,0,120.9821549163956,12.25088549974249,1381
3,0,0,132.2470688270029,14.10331753575569,1455
3,1,0,199.029250218895,419.7501422921096,1949
3,2,0,209.7208598242536,134.9392512614759,2173
3,3,0,213.1634840040165,22.90972046258013,2350
3,4,0,211.5891213346747,53.55136704364889,2303
3,5,0,217.503818465521,28.81718776989499,2341
3,6,0,219.5313406873164,23.90601913878324,2388
3,7,0,209.0528428385699,22.57919142887681,2303
3,8,0,214.9915703806086,23.25992697078902,2381
3,9,0,218.2132388503543,48.01132112129856,2360
3,10,0,212.9759776481455,26.66616868297918,2360
3,11,0,229.8973774238124,169.5374537229987,2430
3,12,0,225.3470361422602,57.95143177807887,2470
3,13,0,218.5237094564837,23.12261834043219,2432
3,14,0,225.2588003734602,48.1948803040482,2480
3,15,0,230.7674394902174,124.2848393397471,2446
3,16,0,223.5291695974927,23.1997705599019,2520
3,17,0,203.4874804089091,22.02147238884218,2236
3,18,0,180.075489203729,18.98067591761694,2011
3,19,0,139.4287987447638,18.72930258285683,1526
4,0,0,142.1788753888878,21.14781355462984,1533
4,1,0,173.6017319470715,18.59642373928865,1921
4,2,0,203.505226867939,42.33952562792415,2219
4,3,0,218.1492336948638,23.69253441079507,2401
4,4,0,218.4906066387784,23.58151272488747,2392
4,5,0,221.1249417845682,24.4551021333025,2441
4,6,0,232.0388214875996,202.3797483178801,2411
4,7,0,228.0405511561123,29.83178826615723,2483
4,8,0,226.7134757900977,63.52212058936698,2419
4,9,0,230.8057311665972,57.70793765140717,2530
4,10,0,223.298266164299,23.90129748472592,2477
4,11,0,220.0078992406809,22.34582117704264,2493
4,12,0,222.762410048231,59.45687585372959,2424
4,13,0,215.8689266715436,23.13724826403101,2396
4,14,0,210.4283681694853,21.51336151827364,2381
4,15,0,228.1558789178405,24.40318689351472,2536
4,16,0,229.6310445584484,147.9200875252146,2460
4,17,0,205.456578586501,22.22541261047941,2274
4,18,0,175.4675543170878,18.07838368323869,1987
4,19,0,145.1153481518652,113.6103658684652,1522
5,0,0,136.8665516365396,14.98458147934951,1508
5,1,0,175.7612670022169,18.69050033498859,1946
5,2,0,209.7398856731947,94.6208771546372,2223
5,3,0,229.8263392280162,40.19763180710833,2473
5,4,0,238.8307771906257,481.2434732058207,2411
5,5,0,227.556761715305,41.83287548857748,2465
5,6,0,218.2179068605479,22.98163640079377,2442
5,7,0,218.6719492124575,24.23671822438178,2405
5,8,0,235.2508906079497,30.71480684068146,2584
5,9,0,214.0997720309583,22.88114101870203,2368
5,10,0,218.1039369563999,37.79057729579838,2378
5,11,0,215.1495870303213,22.23999351611447,2419
5,12,0,215.7092804509221,22.55055519752583,2406
5,13,0,226.5839582617844,78.01601483559034,2450
5,14,0,221.782001371276,23.61934656416902,2479
5,15,0,221.235855114357,23.45398308507516,2464
5,16,0,208.029606540634,21.6425377521448,2350
5,17,0,211.1258060424585,23.22524648725213,2309
5,18,0,178.8187591021978,18.26599200664302,2020
5,19,0,138.8382923017703,14.80671368957126,1559
6,0,0,131.4826568974832,14.13015216697575,1443
6,1,0,178.0443128398481,19.9738116139182,1956
6,2,0,217.987187385714,96.22581733754365,2300
6,3,0,219.5633429463219,39.74086587715129,2393
6,4,0,236.3229131056791,361.9071012243253,2421
6,5,0,216.839517837277,24.96940633298636,2398
6,6,0,251.8294957853594,1133.969387271476,2435
6,7,0,220.2480744341366,23.64794117500648,2406
6,8,0,217.9713284150162,23.02093722807071,2447
6,9,0,226.6989070605331,132.7558455889598,2405
6,10,0,213.7150132153406,22.19668262788685,2415
6,11,0,246.0088604625544,655.6743907718918,2440
6,12,0,218.6339116586635,24.25914585448156,2402
6,13,0,221.0257573573484,30.53624597544885,2428
6,14,0,225.1243420833273,65.65550071495808,2456
6,15,0,239.7727121850929,302.175459435359,2483
6,16,0,220.1878515620515,22.97861982898928,2447
6,17,0,197.419057728017,20.35382540742106,2225
6,18,0,184.9708332876772,19.52980903673865,2056
6,19,0,140.6248565864006,20.2877587227651,1558
7,0,0,126.9329746220604,13.02553943679843,1429
7,1,0,176.6300718993649,18.73318849622182,1967
7,2,0,205.9314377944789,22.51625756603914,2316
7,3,0,241.9010016064802,165.6055892148072,2482
7,4,0,219.1477852269,23.68133221592629,2424
7,5,0,221.5235031354417,23.0898601741961,2480
7,6,0,228.2485074457887,24.86605592765349,2506
7,7,0,220.7835856283299,41.3637176978186,2393
7,8,0,233.4741668932109,111.9697094998356,2419
7,9,0,220.0304472490687,23.06739344613892,2449
7,10,0,219.5540991685728,22.60396907766245,2468
7,11,0,223.9982040920436,23.81445606184399,2480
7,12,0,220.1664955434849,22.53288795370098,2497
7,13,0,212.1375640116637,21.30364487580034,2416
7,14,0,217.6319031620231,30.49505384771967,2365
7,15,0,215.5119638921502,22.20824231599545,2438
7,16,0,219.7066394267145,56.66361238345288,2381
7,17,0,218.1248955209307,23.89341806592501,2402
7,18,0,187.1745294088377,34.07721585016015,2054
7,19,0,137.6119054236915,15.0668274869879,1508
8,0,0,135.190584106293,21.09592033114486,1490
8,1,0,184.6326227771299,105.3503777447228,1936
8,2,0,201.7502345147718,23.79345337193703,2221
8,3,0,214.108970661704,23.27760774862515,2355
8,4,0,225.1507700993672,72.56025681002313,2424
8,5,0,216.5240025961913,26.82548141195134,2398
8,6,0,220.5793277357647,23.12394565934657,2464
8,7,0,225.2988082425801,38.02536153288623,2497
8,8,0,243.1093562690564,272.5425955947797,2480
8,9,0,226.3269453222564,23.9684583159737,2531
8,10,0,219.9042946024893,24.10962326819852,2414
8,11,0,242.7159565699037,577.5718210712279,2418
8,12,0,222.6364859797197,30.06749864054612,2452
8,13,0,218.1071310489711,23.11898128825299,2424
8,14,0,219.4306770251072,22.9117147027398,2471
8,15,0,216.7970004341297,23.14996022869543,2402
8,16,0,223.3962632052715,23.36570889971768,2510
8,17,0,211.6681077459936,22.35320293321094,2353
8,18,0,184.9601111803199,22.66071648717003,2023
8,19,0,142.2082379061423,14.97680272455953,1605
9,0,0,137.1870226545806,14.27095256058744,1539
9,1,0,179.9117842913406,19.2602565810961,1991
9,2,0,204.9699040623528,46.64757019075266,2222
9,3,0,218.2919304481145,23.3626729360671,2425
9,4,0,249.995168842835,484.523739194518,2394
9,5,0,215.7181883402431,22.69321859603438,2409
9,6,0,220.2467811080142,33.33675216469553,2431
9,7,0,218.727001673165,24.04062923719849,2389
9,8,0,222.714889913743,23.10415975796995,2496
9,9,0,225.4596391709655,23.92546984575975,2505
9,10,0,219.512574985288,23.34537509784317,2443
9,11,0,218.6898373997401,23.42799556339663,2441
9,12,0,217.152415045953,23.23516658004534,2414
9,13,0,222.7965960398734,23.75276789757267,2473
9,14,0,236.438000246028,197.9913694892525,2515
9,15,0,220.4304584521521,24.22520086428865,2411
9,16,0,216.5477206730412,22.34233042327581,2426
9,17,0,209.6054491042591,78.15257625215513,2288
9,18,0,180.4297559739872,29.57516750739351,1993
9,19,0,135.6974063078245,13.70720481541024,1532
10,0,0,141.0597289596039,15.19213362216558,1541
10,1,0,174.1274376475273,17.98139728513772,1964
10,2,0,225.1753019881205,273.678533391845,2242
10,3,0,208.5135033621732,21.89858541068894,2316
10,4,0,213.9340152490314,22.74790162697913,2369
10,5,0,218.0985125993865,23.20453377595923,2425
10,6,0,217.839679900494,22.82540916216597,2437
10,7,0,223.4220197200297,60.24997947836912,2403
10,8,0,230.7772392479864,160.39551111654,2439
10,9,0,230.4076117652858,24.42498544895258,2538
10,10,0,216.4281377660523,22.87497422183383,2401
10,11,0,211.3476494678224,22.31622542125377,2377
10,12,0,238.0691088195898,241.6287445339836,2473
10,13,0,221.0786961527567,23.7235603085386,2442
10,14,0,228.634490530161,50.35375765997063,2482
10,15,0,214.4181395259325,22.02419883555343,2440
10,16,0,212.3829994313431,24.66354984173833,2376
10,17,0,202.5639919682924,20.91613934636982,2289
10,18,0,195.8505339526879,70.89609565827138,2104
10,19,0,140.4458057596519,16.26573337703624,1553
11,0,0,130.3202224236111,13.81164629210897,1436
11,1,0,174.2294735122603,18.61041459760136,1925
11,2,0,204.9199523824912,21.76746265367025,2270
11,3,0,216.888109068554,23.24857433914363,2390
11,4,0,222.1883018242345,30.97621677634404,2465
11,5,0,213.3512216021229,22.53432039039875,2386
11,6,0,228.3038738793608,26.09017740326338,2527
11,7,0,214.7700464546055,29.6732178999746,2379
11,8,0,224.7910113563009,24.09033914985846,2490
11,9,0,224.5394179651339,96.50426140371046,2383
11,10,0,215.9206259922996,22.15838876462357,2435
11,11,0,217.8377506594368,29.48774012254368,2375
11,12,0,225.3411697441665,23.49797106683991,2536
11,13,0,226.816453460307,26.2042481554439,2491
11,14,0,258.4308094574336,754.6916842344731,2531
11,15,0,217.1936242233967,22.93219290557688,2427
11,16,0,221.2046993533521,23.59761652267344,2454
11,17,0,212.213499236621,22.94086542925205,2346
11,18,0,186.3132975713831,20.28316860255394,2058
11,19,0,170.4878965123679,547.2851938865701,1581
12,0,0,134.4292993959642,14.07409846472865,1495
12,1,0,190.0164580773695,43.12014218937486,2015
12,2,0,204.4161688065887,21.7247987219956,2263
12,3,0,214.161628705231,23.27525137083483,2369
12,4,0,223.9198741870463,23.69882185237152,2473
12,5,0,224.1242452653276,33.56188962819662,2435
12,6,0,221.3207675533301,24.11201990301563,2432
12,7,0,217.8670803799943,23.69702629227313,2382
12,8,0,223.1097166059828,23.83573129673397,2464
12,9,0,232.2210820371756,175.0665376910039,2398
12,10,0,217.3384594535551,23.28427536688398,2406
12,11,0,219.3131362259801,23.68008775572306,2427
12,12,0,222.037330050642,24.88014121604649,2474
12,13,0,214.9120312089352,23.54341473760368,2377
12,14,0,240.5199174649726,316.736946504234,2472
12,15,0,229.7798012381106,126.4888975297992,2472
12,16,0,232.9488533490093,79.41201849614887,2493
12,17,0,200.8450518924732,29.58479666865933,2207
12,18,0,190.210734283198,25.84971772871679,2087
12,19,0,145.259649319679,55.33524389551023,1538
13,0,0,125.828224469327,12.95772226565441,1412
13,1,0,170.9514114041352,17.67227798417327,1920
13,2,0,204.2033956246224,21.21430401660305,2281
13,3,0,208.9336990319257,22.06836133744491,2322
13,4,0,214.9114760491726,22.76503750544417,2400
13,5,0,217.9164683401419,23.8828735572441,2415
13,6,0,213.6809273129364,21.89107922179634,2401
13,7,0,223.2952011927103,23.57626115068057,2487
13,8,0,213.515087318671,22.97391426171047,2360
13,9,0,219.8151525490026,23.67606834479005,2435
13,10,0,238.7790637409902,57.88743427053525,2550
13,11,0,225.2931365958937,24.26698798979969,2502
13,12,0,216.5865206195409,23.66765010116571,2393
13,13,0,231.2743464719839,71.95201322247318,2506
13,14,0,220.7661991509876,23.14818492507615,2468
13,15,0,221.3509449054391,23.75740773088945,2454
13,16,0,213.567998621174,21.82884117194034,2410
13,17,0,203.5878589518019,22.07238616658878,2248
13,18,0,185.8821413361451,19.43484202872624,2090
13,19,0,135.5304225754872,13.97821917318248,1538
14,0,0,134.8509999081629,18.21884900690195,1484
14,1,0,172.3071001578042,18.39149972351288,1904
14,2,0,196.5747457756642,20.61190786978795,2198
14,3,0,215.1437559877786,22.71217504611923,2388
14,4,0,223.2897246959392,24.22403471171287,2431
14,5,0,214.1966923969454,22.42079633926226,2396
14,6,0,220.798439158152,57.30665747727105,2360
14,7,0,222.9038286031167,35.99557658999962,2408
14,8,0,239.9250298470904,145.2973496720114,2517
14,9,0,236.8782210400559,213.9937073435759,2492
14,10,0,217.2369183040837,22.72643512859366,2435
14,11,0,230.904585164566,88.37016433989785,2439
14,12,0,229.0008623305804,46.74298086302551,2505
14,13,0,210.1843265529965,22.34142535465469,2347
14,14,0,219.3392736734717,89.30237075854758,2348
14,15,0,238.2327796049984,489.082208675352,2390
14,16,0,237.4573518882617,476.9149765179323,2387
14,17,0,207.2905215671176,22.24219117796399,2290
14,18,0,188.3247666002457,20.40208332422686,2067
14,19,0,138.2552814428927,14.74881621969716,1534
15,0,0,137.3269830989616,14.76029416234944,1517
15,1,0,180.9173728684192,19.56324780058736,1992
15,2,0,200.3242143967522,31.59924039742151,2211
15,3,0,214.5097475521217,22.49053505869281,2383
15,4,0,213.2660880533847,58.73061080754011,2327
15,5,0,219.5401411980452,22.94793536348017,2453
15,6,0,225.5815242352249,50.04801788795206,2434
15,7,0,241.7516821621547,491.3476733891715,2443
15,8,0,247.154189837747,724.2783802886677,2404
15,9,0,228.7545264502441,120.9530275802015,2435
15,10,0,231.4624671846459,108.0593500415415,2490
15,11,0,232.3579687320742,30.15984437018216,2576
15,12,0,258.8226432100561,980.8134905544748,2478
15,13,0,209.3335425676854,22.08599706845773,2321
15,14,0,217.3676047274226,22.48135404017787,2438
15,15,0,220.3492919381592,23.6134653735533,2438
15,16,0,206.4162343511728,21.11243785345207,2338
15,17,0,208.159895192704,22.02135919032701,2304
15,18,0,192.5390713629914,20.53505204337982,2127
15,19,0,137.7686744517541,14.26340650777913,1542
16,0,0,126.5369995444835,13.87234656458181,1395
16,1,0,176.1881255357456,34.60782238867328,1891
16,2,0,191.4823749848484,21.5921662869506,2113
16,3,0,207.7896014859287,64.73839529523406,2247
16,4,0,209.5745629458219,22.29744679248648,2305
16,5,0,210.1295492806549,23.42807279749014,2319
16,6,0,221.5245851570298,33.82031467682404,2427
16,7,0,216.5120616181702,36.71077063766916,2353
16,8,0,216.5877395732419,67.03998952094547,2296
16,9,0,216.4164702547446,23.57246175530472,2369
16,10,0,213.7294104740842,22.26042160838929,2389
16,11,0,205.9302932213222,22.01932036792993,2291
16,12,0,239.7447424067108,710.82919580412,2391
16,13,0,228.0272184966565,76.09711104528263,2429
16,14,0,210.6902779460666,23.45210380875679,2347
16,15,0,217.3521932058637,23.65034286112423,2380
16,16,0,218.7315958164945,32.6906632779394,2400
16,17,0,205.928631613608,21.51111381962278,2309
16,18,0,179.5905265768793,19.31763114272884,1994
16,19,0,131.699215075352,14.74176179261713,1428
17,0,0,123.7202572717458,12.4075406211589,1406
17,1,0,166.4074517035254,18.03564230857773,1826
17,2,0,188.2024424144648,20.20578505980749,2076
17,3,0,200.4652486542148,20.73285908715925,2253
17,4,0,203.8471616114683,21.69466013915728,2253
17,5,0,201.7819924154402,21.51503260430866,2241
17,6,0,205.8638225919537,21.44718403081895,2304
17,7,0,210.2924654576351,40.25682783658856,2274
17,8,0,207.5295192760465,22.93879437944282,2275
17,9,0,203.5127515450948,22.22148973753903,2254
17,10,0,202.0677075855122,21.31671860812002,2254
17,11,0,208.9300282843514,34.56195106673902,2295
17,12,0,201.9987233917715,24.44065063555487,2236
17,13,0,208.6140940488267,21.94639698305677,2337
17,14,0,217.3490932333568,55.16903360554799,2377
17,15,0,209.9033852150255,22.26725383250816,2338
17,16,0,206.4171143257872,47.59148110289082,2227
17,17,0,204.8905613368152,41.06375199892311,2250
17,18,0,217.7079652720609,877.1344835659095,1942
17,19,0,129.6314633788755,13.57726342594815,1450
18,0,0,115.3260248355046,12.52092715819193,1264
18,1,0,153.1982557742705,16.41629673928238,1709
18,2,0,166.3361852999824,25.66724195954755,1805
18,3,0,178.220679157753,18.83970852569323,1972
18,4,0,177.62318082907,18.42690677173919,1990
18,5,0,184.5606848465077,20.01065498873648,2023
18,6,0,179.292563151915,19.24645031489947,1983
18,7,0,181.9438188994808,19.71526691059459,2003
18,8,0,183.7183215658031,20.91493519505754,1992
18,9,0,179.4420718485455,30.30485437404344,2002
18,10,0,197.8278930933901,238.1312506140166,1996
18,11,0,179.1214019895426,19.03572733528564,1997
18,12,0,193.3460654092115,255.7363433770132,2003
18,13,0,186.7293836815668,26.97080004596089,2077
18,14,0,194.1231435801282,181.7673614828119,2055
18,15,0,181.8839314858012,52.92610011637377,1999
18,16,0,175.0247813219768,18.70516971668934,1966
18,17,0,180.7875915936216,19.91126715778096,2015
18,18,0,150.3343444025857,15.94230009993051,1686
18,19,0,113.674519293598,11.81161367945584,1282
19,0,0,81.24993641471399,8.314709022633727,914
19,1,0,107.3249695033734,10.94185169975592,1202
19,2,0,129.6636671668523,14.15254430967898,1409
19,3,0,130.7605990656116,13.97780457150835,1435
19,4,0,145.9834524309621,60.73709569569213,1523
19,5,0,149.7308856436256,121.9487787215056,1526
19,6,0,139.1302901426364,14.68455131458842,1548
19,7,0,141.4325946953049,15.59133503034759,1542
19,8,0,136.1007850525099,22.21347800064066,1493
19,9,0,134.1626431408392,14.00253046088752,1497
19,10,0,134.4326761795791,14.11883449384166,1492
19,11,0,135.6535224542665,14.1947266091475,1523
19,12,0,133.2197901262697,14.49089992064822,1464
19,13,0,135.4590630139572,13.61076750899793,1548
19,14,0,143.8004759256607,15.26081680837885,1598
19,15,0,139.6753358909639,15.00066959047804,1552
19,16,0,135.0207938981847,14.31645671037177,1513
19,17,0,133.6906996486225,14.23612870074156,1491
19,18,0,117.120730809673,12.4042098861788,1316
19,19,0,85.8162399325345,8.852566879434947,980
