# mesh name: boxMesh_1
# primitive scorer name: doseScorer
# iX, iY, iZ, total(value) [MeV], total(val^2), entry
0,0,0,75.92133462603769,8.540562158386864,799
0,1,0,97.63242211878224,11.00056853379181,1035
0,2,0,116.0834218919032,16.22852443676449,1201
0,3,0,119.375597162735,13.17563549604151,1275
0,4,0,125.4692075226163,13.84629606964431,1337
0,5,0,135.5297879442379,18.88096557686648,1425
0,6,0,139.5289134123841,17.55048913039752,1480
0,7,0,131.8438159669645,14.38949085668647,1434
0,8,0,127.5703942893187,13.97775324661674,1390
0,9,0,134.7712506169547,14.71695095837159,1457
0,10,0,138.0808725470222,15.89912372578019,1499
0,11,0,156.2510778917126,512.9605453038388,1466
0,12,0,135.3474953782207,14.91139993607831,1511
0,13,0,142.8726305927385,16.00944260850862,1548
0,14,0,131.8496898136092,13.75059303087553,1473
0,15,0,134.7798212171458,13.87771824461895,1530
0,16,0,138.4340927226351,15.60469458197913,1506
0,17,0,130.9131962975832,13.3834934147068,1481
0,18,0,127.5564585864713,13.8235685192925,1426
0,19,0,106.3287451209232,96.40037640240865,1115
1,0,0,93.95378800056214,10.29896963683693,996
1,1,0,119.7613734432186,13.04442503438354,1289
1,2,0,139.5415487712348,15.64385093828487,1484
1,3,0,153.679839622278,17.33337424702626,1631
1,4,0,160.4724189772001,17.02426286994636,1729
1,5,0,165.7957047218985,17.8936378599426,1793
1,6,0,175.3116892657974,68.41216510077015,1804
1,7,0,171.7753294844688,22.86958512062745,1817
1,8,0,166.7565610498382,17.96462678767081,1800
1,9,0,199.0679440120315,494.8070346043665,1935
1,10,0,170.5203170648234,24.1140273140755,1835
1,11,0,173.7707354404411,24.05872735185428,1884
1,12,0,174.5297546801135,18.4483160611739,1914
1,13,0,174.0267033150944,18.66799397865851,1922
1,14,0,172.2268085485605,18.24530830459753,1902
1,15,0,183.294534431458,19.72997144964111,2032
1,16,0,178.663651778468,18.37541359422098,2012
1,17,0,191.8781631676898,112.8740359746853,2047
1,18,0,174.0653016706234,19.85181457888104,1911
1,19,0,129.1588472306838,17.38752388150955,1446
2,0,0,115.2761091768655,23.8494288542409,1186
2,1,0,140.1272860691999,15.79706138637311,1477
2,2,0,170.8106424798266,36.00735022164223,1760
2,3,0,185.7109918318578,21.27128516711697,1950
2,4,0,188.629572626324,21.25539067884953,1985
2,5,0,194.7324760972561,56.35353325559063,2033
2,6,0,196.6979685701159,23.39632803886814,2114
2,7,0,200.2084883333103,35.10760236476367,2117
2,8,0,198.7254325698333,22.24706487993144,2121
2,9,0,196.0524534778972,21.17653968751813,2128
2,10,0,192.0480575916624,20.17936997091148,2103
2,11,0,201.0089626437367,48.79818979423817,2160
2,12,0,199.0223329737704,21.61629899353031,2198
2,13,0,205.1660900777534,21.50963850991784,2293
2,14,0,208.948591562514,22.33280163683643,2332
2,15,0,207.0111037997216,22.32614896835152,2316
2,16,0,211.5207396253993,22.38316370434897,2367
2,17,0,204.6423768399158,21.71394935589787,2272
2,18,0,196.7037074677243,207.4833947506262,2050
2,19,0,144.1588949693983,24.83062968201579,1604
3,0,0,119.6200585157495,19.41513442018502,1254
3,1,0,168.6349570764309,217.3580357889066,1644
3,2,0,186.6587886825155,105.1730437259396,1834
3,3,0,198.8256150374291,30.09832030595531,2084
3,4,0,228.3143409949053,537.7548916911264,2085
3,5,0,217.1516366318437,39.43155967122412,2249
3,6,0,206.2363750653739,22.69031407712836,2229
3,7,0,203.8990654825396,22.68517127316757,2188
3,8,0,212.4832129103342,22.78753374638235,2317
3,9,0,208.2259890130129,22.55039174661103,2267
3,10,0,206.2729411752966,24.76690575705557,2270
3,11,0,234.7714422601958,172.1082582026915,2407
3,12,0,209.845071244214,22.581214298645,2321
3,13,0,215.4588551670789,22.83598264172369,2379
3,14,0,224.8150188010421,121.3391397661416,2360
3,15,0,227.615012418282,162.3972183315334,2399
3,16,0,213.651283018733,22.07667695404965,2418
3,17,0,200.6513557738706,21.03372945134363,2260
3,18,0,210.4719114662633,177.5284569806579,2212
3,19,0,151.6319464283839,16.26278815542979,1696
4,0,0,125.8056691389356,13.81441223044952,1325
4,1,0,151.7373349850838,16.88897268084783,1630
4,2,0,203.5673820647537,135.4624235585309,2049
4,3,0,203.4702816894378,51.47663162163718,2127
4,4,0,227.4684474261931,320.8017260143008,2225
4,5,0,216.9669476096185,23.47702225355191,2330
4,6,0,218.2179562065539,23.54175272828896,2337
4,7,0,215.8838718364436,32.33381621405773,2317
4,8,0,224.2890828201244,25.65553590603423,2385
4,9,0,213.0184462090382,23.08494197376409,2320
4,10,0,228.1672868631065,24.80298454135915,2491
4,11,0,211.6051101846106,23.11511516836323,2301
4,12,0,219.0403196144318,24.29832959264333,2381
4,13,0,220.3793106432798,23.94275728148415,2426
4,14,0,217.5425225770491,23.56057003006451,2403
4,15,0,218.1211417385617,22.53736996233121,2476
4,16,0,208.2847871670334,21.95236154303027,2343
4,17,0,216.5039317487843,24.32680099650647,2402
4,18,0,199.0328648997963,21.04473275480687,2207
4,19,0,149.1370069244097,14.91436752731857,1707
5,0,0,125.4557570934896,13.54968559888097,1340
5,1,0,156.8672070108872,16.87156015614689,1674
5,2,0,179.3942814820267,19.94748599716433,1888
5,3,0,205.0528870837269,30.84593080140968,2163
5,4,0,216.0836577712955,41.13709871695538,2245
5,5,0,233.831807011136,225.0377801712835,2310
5,6,0,219.4768477809116,23.78908193051291,2366
5,7,0,215.1485042407425,23.33400795878521,2321
5,8,0,264.8202468094022,579.3016191132579,2482
5,9,0,228.0049340130277,168.9390654923838,2338
5,10,0,222.9547799279273,27.88254848960948,2401
5,11,0,212.3595054869228,22.105577034741,2363
5,12,0,219.157143589294,23.69393535729295,2382
5,13,0,217.5705703080727,22.91535578711203,2423
5,14,0,217.6192634325939,22.51234241460795,2447
5,15,0,226.2000521841895,30.57782323519851,2512
5,16,0,220.9563248409596,23.05038417225848,2464
5,17,0,220.5253024503949,65.04289711506732,2391
5,18,0,188.6436137070109,19.97270165072061,2106
5,19,0,151.6480830680428,15.47613616375427,1727
6,0,0,128.7131770842444,14.2638294884741,1358
6,1,0,158.9956599846037,17.37833649132066,1703
6,2,0,188.6372762757041,38.27383847108582,1967
6,3,0,200.5604192581475,21.63442578696121,2164
6,4,0,220.4870692609043,23.77333300198393,2382
6,5,0,209.3504702443286,24.0346314336998,2218
6,6,0,208.4215707898117,21.90518629328596,2273
6,7,0,220.2634947709811,23.5613891893166,2404
6,8,0,221.6013877857715,60.26189341637119,2342
6,9,0,216.1251380015319,22.9105537485659,2376
6,10,0,232.6581718053894,120.1919624243325,2411
6,11,0,240.6860829355698,351.5049087352689,2418
6,12,0,214.2575954006724,23.30355018520147,2344
6,13,0,219.235346265963,23.65679540571762,2429
6,14,0,223.4090884499847,23.81451260254615,2472
6,15,0,217.6729561230029,26.04343689553723,2418
6,16,0,221.1942948280939,41.95854006253409,2419
6,17,0,217.7819500419279,24.85449470759652,2440
6,18,0,204.1293729052965,31.40684902621724,2235
6,19,0,172.3909971241355,101.391524388405,1794
7,0,0,143.0208579296842,162.8280407864997,1387
7,1,0,163.5011075425986,18.10268628156165,1726
7,2,0,195.0722977049374,41.46868984190962,2001
7,3,0,220.6264424088382,127.0619174789251,2200
7,4,0,214.0147155069918,44.27659248493754,2268
7,5,0,217.4923523896839,23.84639687818869,2336
7,6,0,216.9319542535124,25.28946561445776,2301
7,7,0,240.4348568324585,548.2686040593393,2359
7,8,0,228.3398963820976,26.20721736580692,2438
7,9,0,220.4172968544215,23.93995584892164,2408
7,10,0,229.5502154507282,25.0779063632514,2490
7,11,0,223.2701007273092,32.04362604613415,2416
7,12,0,221.7646502196946,24.66270636980644,2433
7,13,0,218.648152035192,23.6162360343208,2441
7,14,0,211.049700927277,21.84938644543002,2374
7,15,0,219.4437548821259,23.61303246441057,2432
7,16,0,224.4718756199758,23.67887146987395,2484
7,17,0,225.4340349855625,96.64431225470331,2415
7,18,0,196.0567862186855,21.38755083994145,2222
7,19,0,154.082412899233,35.71114546395851,1666
8,0,0,124.6449780651746,13.8300209591759,1320
8,1,0,156.0719203841287,17.29123596941457,1649
8,2,0,187.1785826823244,21.18698336003848,1964
8,3,0,224.8043362006671,98.75175226320633,2285
8,4,0,228.1428191912977,185.6674829280375,2280
8,5,0,214.3076854115938,22.93464117667977,2331
8,6,0,219.4376063803083,28.73458096065955,2358
8,7,0,225.6074534826305,51.92877396627939,2410
8,8,0,243.6043044740397,129.2249460149283,2482
8,9,0,225.5829507640805,42.61354012142093,2413
8,10,0,219.8096392715615,23.8437689534788,2394
8,11,0,226.746375883897,87.71095793392551,2361
8,12,0,229.3064197499962,41.52117461321198,2475
8,13,0,222.5974870869662,53.27482933532378,2394
8,14,0,209.6587993710917,22.02894362949903,2357
8,15,0,221.8957083678886,52.64105152904941,2349
8,16,0,223.2709982636361,23.21047455620367,2513
8,17,0,214.6741740993264,23.12094571558508,2386
8,18,0,195.6433566563045,20.77481687288287,2210
8,19,0,157.596964208734,17.02683504279997,1792
9,0,0,122.5917928510645,13.30029725542022,1314
9,1,0,158.2741339287541,18.16953472461596,1687
9,2,0,196.4981042091964,147.2119448875168,1929
9,3,0,203.206181110971,21.96667532620705,2195
9,4,0,236.8368640556374,561.4540586191528,2291
9,5,0,214.5971279384527,23.30275438749888,2305
9,6,0,219.3194593652165,23.63669350273308,2386
9,7,0,225.4492083482351,34.98783279967714,2393
9,8,0,214.7221547600273,22.64032959299496,2357
9,9,0,218.180676360198,22.99151067371795,2398
9,10,0,222.2421192752492,23.75213253050208,2456
9,11,0,224.4851673594091,24.24117432774239,2454
9,12,0,224.1842760312798,24.59451950394347,2435
9,13,0,222.1235799072056,23.48577139141302,2452
9,14,0,232.3182058322047,28.36647274231152,2512
9,15,0,217.3631403485397,24.42980919572154,2445
9,16,0,214.7178705330967,23.85408533649338,2419
9,17,0,220.6193698328497,23.04850023089231,2481
9,18,0,193.0933500446095,19.97114002069982,2177
9,19,0,151.1187148317615,16.29402711287468,1685
10,0,0,125.021288754152,13.353276776863,1350
10,1,0,156.1496341821003,16.97896886816319,1673
10,2,0,191.954875469984,37.05286723736587,2025
10,3,0,208.4176269512384,23.35925361703703,2209
10,4,0,211.9245532381203,22.99765341300691,2300
10,5,0,226.9460521353654,62.26234479517043,2346
10,6,0,221.6421870711781,165.3916415250672,2278
10,7,0,220.4023336003027,24.36262817506188,2388
10,8,0,214.4000800130708,23.33484687735506,2309
10,9,0,224.5445374502841,24.85920321830851,2450
10,10,0,227.9773820278008,25.70425775157326,2435
10,11,0,214.4328358017075,23.01063685351377,2352
10,12,0,216.8780083753579,84.25764604619228,2303
10,13,0,219.5521316607007,23.10985656242838,2427
10,14,0,219.4091783973224,23.34468631230815,2413
10,15,0,214.047683547294,27.53182491491045,2370
10,16,0,218.7630970726181,41.69548339959567,2417
10,17,0,216.260127573077,22.32483698486161,2436
10,18,0,195.7957986472964,20.62638192130074,2206
10,19,0,154.6966343397696,16.36947493903094,1739
11,0,0,124.4807936736328,14.12850028493685,1303
11,1,0,181.6099817943511,201.8010455117961,1724
11,2,0,195.3902525291048,64.53932589794807,2036
11,3,0,199.291830591487,22.04718232451083,2111
11,4,0,209.1772011538679,23.52464456004681,2212
11,5,0,235.2118944474873,164.2210524666816,2379
11,6,0,227.9025153790486,123.2671361319419,2330
11,7,0,221.7009116629613,24.23088533480375,2389
11,8,0,225.608533099457,93.85519921374954,2342
11,9,0,219.3863305805967,23.88796985358476,2370
11,10,0,221.971571325668,33.08797647107158,2439
11,11,0,213.9240864957428,22.77334319339614,2349
11,12,0,213.727218219241,22.80890112291658,2363
11,13,0,214.2653245170263,22.97072542340969,2361
11,14,0,220.1515134046896,23.40035346507996,2440
11,15,0,224.2436706479779,99.90646977511651,2380
11,16,0,222.8246583622089,65.78891717059459,2376
11,17,0,221.1427089777222,64.88812644714299,2378
11,18,0,206.9078985369869,22.35224255385703,2304
11,19,0,150.2873782331011,15.92664722356753,1680
12,0,0,137.6897225830793,90.31605897658181,1381
12,1,0,163.1904459147154,19.00699265623226,1681
12,2,0,188.2068466911628,21.03665005390443,1987
12,3,0,203.7505436247793,22.8604090454082,2144
12,4,0,208.6169865603755,22.46893733920353,2252
12,5,0,222.1870917530366,24.25520177440965,2378
12,6,0,217.9670361900237,24.98458459874565,2311
12,7,0,217.8705002311201,23.05006996896904,2379
12,8,0,221.3303475476478,24.85696702429873,2365
12,9,0,251.3051064453705,1131.213682852021,2351
12,10,0,226.825319809134,24.54252747016169,2469
12,11,0,214.5861212990603,22.55681222449128,2383
12,12,0,230.6318206902532,77.54673348341458,2463
12,13,0,217.319002360867,22.77752811887317,2425
12,14,0,218.9505951787527,23.90960103074814,2394
12,15,0,220.9883676003264,24.21977940995111,2442
12,16,0,213.5530120837551,21.35668761502304,2435
12,17,0,212.083897626175,22.56743793850194,2381
12,18,0,198.028625223289,21.02246038528339,2215
12,19,0,154.312302219091,16.13087030159982,1742
13,0,0,131.4490655107972,14.58140665117346,1395
13,1,0,156.1547416453326,16.4035359507778,1689
13,2,0,190.007536760732,28.01056997848202,1982
13,3,0,217.194567608838,277.256921361122,2170
13,4,0,217.3845681176032,24.49352305451304,2293
13,5,0,209.8639860172447,22.8699584896993,2251
13,6,0,225.211895214354,24.25377051408958,2431
13,7,0,218.7438534454924,24.10817743897475,2357
13,8,0,209.1604768229955,22.52310450381991,2290
13,9,0,223.3825300680421,24.11285421645468,2449
13,10,0,215.292027621032,22.52449519521857,2366
13,11,0,224.2134717436208,25.31509093605133,2426
13,12,0,234.3935751863199,70.54924908335124,2492
13,13,0,229.3519386584729,95.76220603935754,2397
13,14,0,221.8836635708201,23.29052417763344,2482
13,15,0,228.270453793023,106.1658027166926,2406
13,16,0,217.6263502949006,23.18626376391153,2431
13,17,0,219.394655046995,22.93831080815269,2445
13,18,0,187.1362048223296,19.23915518837543,2121
13,19,0,154.2240318746355,22.97895043740556,1703
14,0,0,128.4974917123486,30.81946906068095,1337
14,1,0,158.1381892011204,28.96901771576438,1654
14,2,0,178.5275609792313,19.29056735180386,1920
14,3,0,216.8192123201488,62.4617497450084,2249
14,4,0,207.2707429881671,22.14296215534194,2244
14,5,0,218.5351933943156,38.10705400437725,2267
14,6,0,226.8842890821862,95.12898658743072,2324
14,7,0,223.3800061149069,23.94252215918093,2420
14,8,0,214.0580521344089,23.5961438585369,2314
14,9,0,223.6985038495498,25.32928043719353,2411
14,10,0,214.6164952960403,23.4233550414031,2335
14,11,0,226.1531519580265,26.3486349004532,2460
14,12,0,219.5184720767114,23.13069107005706,2431
14,13,0,227.3452053001542,63.16489200113684,2423
14,14,0,221.3056333678084,23.29605633644942,2441
14,15,0,222.2711894077904,25.04667830301225,2477
14,16,0,229.5916801062232,62.9120259099456,2485
14,17,0,212.8114732559698,22.33137851471312,2395
14,18,0,195.3673761423933,22.04578936298412,2171
14,19,0,151.238834987008,16.00540888180634,1699
15,0,0,124.4071543512005,14.38207533070653,1303
15,1,0,161.1413547273619,17.72978738226186,1700
15,2,0,182.3994190116119,20.0760979363066,1946
15,3,0,200.2243660193432,22.01577830162926,2140
15,4,0,223.5574418162726,207.6362066122859,2231
15,5,0,208.4779356299915,22.75950408973895,2244
15,6,0,218.6978879124017,24.19096987914198,2312
15,7,0,210.8786196300882,23.32019326475387,2257
15,8,0,219.5363392344995,70.39807444811454,2312
15,9,0,209.750968152939,22.57879525436412,2271
15,10,0,216.7294089669491,23.67655245515303,2357
15,11,0,214.9807036054834,23.33280199560402,2365
15,12,0,219.8459387359399,23.37691723375119,2428
15,13,0,221.0901483086204,23.55552671587575,2448
15,14,0,222.7449494248204,24.40840877800946,2437
15,15,0,215.7641921599818,22.7666186308918,2408
15,16,0,227.0947660897459,137.7292443044798,2402
15,17,0,207.8972136371048,22.05924448283656,2304
15,18,0,191.6729264831398,19.95775793741506,2150
15,19,0,152.1754850304274,16.55904109519115,1682
16,0,0,121.5457382892027,13.10010658166607,1307
16,1,0,154.868549472993,22.13975982607658,1616
16,2,0,168.1939834849945,19.0514358559402,1779
16,3,0,191.2258555761895,20.99325881816092,2040
16,4,0,200.872282313949,21.44854974756279,2174
16,5,0,206.3526026674971,22.4933972587689,2218
16,6,0,211.7849435254099,23.48123505706689,2255
16,7,0,226.9930179555614,407.3065528486646,2242
16,8,0,213.3857847148656,23.61888323848778,2303
16,9,0,202.3887664938473,21.8474544880091,2202
16,10,0,212.3449063387571,23.11029396265067,2313
16,11,0,215.0686240889455,28.45763493961697,2333
16,12,0,203.9011999853771,22.21723514480059,2237
16,13,0,212.6482856584676,22.91408092480249,2345
16,14,0,210.7571872371871,21.77769924433007,2367
16,15,0,223.038871730952,28.25315098890234,2448
16,16,0,217.3593137319812,23.17438153051657,2420
16,17,0,217.2227166104607,22.60950504335429,2438
16,18,0,190.5520704370504,20.12972119223913,2140
16,19,0,148.623499464305,15.97186603187495,1654
17,0,0,107.4625074935773,12.18810657717893,1146
17,1,0,139.0054161988892,15.23129796500761,1468
17,2,0,163.8076071592034,18.07814165141391,1722
17,3,0,188.4142732735172,101.0718646651296,1925
17,4,0,182.8473786473622,20.40027691589067,1937
17,5,0,195.5624489401541,21.31565627658843,2092
17,6,0,192.9892834484761,21.09020900833561,2087
17,7,0,195.2444983260191,23.28027202270857,2073
17,8,0,200.6521051935369,39.41559623899659,2094
17,9,0,205.023071210156,97.91360423016536,2138
17,10,0,200.2973197300568,34.53371261840177,2122
17,11,0,194.5295347090737,20.77948616880441,2158
17,12,0,204.5523952983247,34.90087897474991,2230
17,13,0,198.1730064202768,20.62961541232706,2212
17,14,0,208.9690644547713,22.41825763474536,2312
17,15,0,202.8158736150574,21.21351592678972,2259
17,16,0,202.1811719383824,21.32969565588684,2273
17,17,0,212.0487138176189,40.81356917352073,2294
17,18,0,187.2544254759473,19.58957061618285,2105
17,19,0,143.3691652441272,14.64004854236293,1626
18,0,0,97.64683113819,10.47401629467248,1052
18,1,0,118.840247355694,12.9028377334729,1263
18,2,0,142.803510562219,16.24915100667357,1498
18,3,0,157.5928253178667,17.83619741732268,1685
18,4,0,159.8167235134598,17.36516827501794,1719
18,5,0,168.573477700009,18.98252603676782,1795
18,6,0,179.3050324931909,103.6776761487041,1820
18,7,0,165.1294170275356,17.9533671756997,1793
18,8,0,167.3674367863905,17.93623344417276,1829
18,9,0,175.9085336842175,18.94484694623222,1919
18,10,0,176.4316670658629,19.27171921459271,1922
18,11,0,176.3523626422068,18.77386247695699,1960
18,12,0,176.5717060584159,20.11891059338302,1884
18,13,0,175.1025768359098,28.83616571991021,1916
18,14,0,188.682514004138,49.47644963400426,2064
18,15,0,204.7473201875903,531.0449151872829,2022
18,16,0,193.2251744045491,57.89494691220398,2090
18,17,0,185.9315423429057,23.35496455102491,2044
18,18,0,166.9631014570985,18.25233311339099,1850
18,19,0,127.3429263767722,12.89355793488277,1457
19,0,0,71.70973061093795,7.954723753786997,757
19,1,0,88.27994967633926,9.730815517966137,942
19,2,0,104.1884502931993,10.91867514786377,1132
19,3,0,127.0483098701097,75.04594160811345,1262
19,4,0,134.550924170809,14.97215348446456,1440
19,5,0,128.9526848628432,14.36233428538677,1379
19,6,0,145.1483182941483,111.8605948898759,1433
19,7,0,142.5613543346088,87.28149530229979,1438
19,8,0,134.8985056020797,14.99991987285822,1445
19,9,0,130.8341462953714,13.90642895563459,1433
19,10,0,130.5249740337801,14.22474717321982,1431
19,11,0,126.3671839746546,13.26249064062561,1393
19,12,0,125.916955543435,13.25068380109939,1409
19,13,0,127.1929516234922,12.98371502830758,1448
19,14,0,137.592398488632,14.97039225662204,1506
19,15,0,138.4644987366267,14.70002628165552,1555
19,16,0,129.4793561455345,13.39944084986419,1461
19,17,0,134.6276283753597,14.57632090925411,1492
19,18,0,130.8429122129009,28.5482399905632,1431
19,19,0,114.969179046666,89.20188711798477,1128
