# mesh name: boxMesh_1
# primitive scorer name: doseScorer
# iX, iY, iZ, total(value) [MeV], total(val^2), entry
0,0,0,77.22912162460057,8.638390029850191,816
0,1,0,94.71762877263639,10.40490409981622,1015
0,2,0,116.5827116239586,13.27057987962506,1244
0,3,0,154.0633585739074,726.8381210151622,1323
0,4,0,126.4632835103228,14.1960972291055,1357
0,5,0,131.7679278044137,14.20036074967784,1424
0,6,0,135.2919214068625,14.74913217213621,1447
0,7,0,143.7314769257778,22.90886241669492,1495
0,8,0,124.4283673799807,13.41350961405437,1346
0,9,0,133.9808257705316,14.91809425260367,1425
0,10,0,135.7659672210549,22.59708997383662,1417
0,11,0,128.8297545025762,14.08088380529508,1387
0,12,0,128.290631660554,13.91038009607496,1381
0,13,0,128.7248492521628,13.7640138310326,1401
0,14,0,120.5755127888913,12.99737106895219,1309
0,15,0,128.3114364102913,14.14403553082851,1397
0,16,0,127.4567799693649,22.10767002030388,1355
0,17,0,125.844645015362,270.9431593754679,1221
0,18,0,96.73731080417497,10.43001094642508,1059
0,19,0,74.13237556990089,8.103554826842092,805
1,0,0,91.52881984885484,9.829055741210897,1000
1,1,0,125.7587691259892,26.99452774868209,1311
1,2,0,146.4655739805716,15.64914137725492,1585
1,3,0,165.2531713214296,46.31156729438387,1705
1,4,0,160.3452841825973,18.04844275128761,1726
1,5,0,164.9296061781432,17.99261928922172,1779
1,6,0,182.4112739600042,180.8922791336176,1803
1,7,0,168.8692502067561,18.56625803694616,1812
1,8,0,169.9269379546103,18.34876402379441,1845
1,9,0,174.1774810466647,19.11538247086877,1852
1,10,0,169.0117423759517,19.86830770247276,1764
1,11,0,162.2871590813531,17.79162778513409,1734
1,12,0,169.4503447204632,18.63604619253105,1811
1,13,0,168.6108524475437,18.45231606169832,1819
1,14,0,165.5030163951654,17.82843108599485,1795
1,15,0,182.9207576628284,309.4123792680973,1774
1,16,0,155.0621232283502,26.63971367083369,1685
1,17,0,144.4699788428529,15.54633602326444,1567
1,18,0,126.4975867477279,13.79948585414056,1372
1,19,0,96.36709123782929,10.21361514822852,1053
2,0,0,124.0792093312133,191.0259268092115,1184
2,1,0,141.4776072092172,15.84915830694159,1509
2,2,0,163.3959468904558,16.93897118169176,1812
2,3,0,182.7169895505779,20.26796189102661,1946
2,4,0,188.7212115151048,20.56880044521436,2026
2,5,0,194.8449411651781,21.3875286411301,2077
2,6,0,206.8457845521397,364.9834089637504,2006
2,7,0,197.5791060813583,24.78810900215646,2122
2,8,0,189.0299872246948,20.47888499758941,2039
2,9,0,216.7273636287348,220.6920948442396,2129
2,10,0,193.8785747107777,65.71111891008947,2007
2,11,0,194.106136055574,97.16931103602842,2015
2,12,0,189.1382230629656,20.22702749285738,2058
2,13,0,201.1184342483329,51.53664436858682,2099
2,14,0,198.2949056077848,21.59263904438051,2129
2,15,0,192.5200952419069,21.48083263473354,2040
2,16,0,182.9535923382444,26.27206719275445,1976
2,17,0,164.9301722595586,17.79883437127409,1789
2,18,0,144.0187374177793,15.92584504060699,1523
2,19,0,111.4414326013892,12.43237023576819,1199
3,0,0,133.7628686261566,14.88233503625672,1425
3,1,0,148.9712986135496,16.47141643404889,1603
3,2,0,187.9568539678493,20.26395185977089,2022
3,3,0,201.3540105949459,22.3640026913007,2153
3,4,0,200.2805458393612,22.33189716336018,2127
3,5,0,217.6931908373077,92.76219182181916,2264
3,6,0,224.2616632141271,173.5920670203261,2204
3,7,0,211.9647028750849,28.37121916962706,2256
3,8,0,203.4670290362302,22.32715795007149,2180
3,9,0,216.6552734783427,44.03722403246052,2249
3,10,0,207.0093421130427,22.64718670466991,2226
3,11,0,209.9793783366487,23.0446628741623,2261
3,12,0,209.0215300451673,22.93917174279494,2245
3,13,0,215.9598148645352,27.65747719549983,2280
3,14,0,217.551936985266,151.2920567710753,2215
3,15,0,209.7344580896092,29.51512843445919,2239
3,16,0,193.4296786878867,20.45446337224613,2104
3,17,0,177.1320162405966,19.32727395768003,1896
3,18,0,149.8424209898284,16.57267147869966,1606
3,19,0,127.8306815726715,14.13849200364309,1365
4,0,0,125.2070023808117,13.5523036839558,1339
4,1,0,160.7069015989283,18.43323548885952,1733
4,2,0,189.354304945291,20.78235516304829,2046
4,3,0,202.3857521841323,22.64546220916914,2143
4,4,0,245.6752038633966,516.6720290770058,2234
4,5,0,240.7999460700585,781.4677320737529,2263
4,6,0,207.8597163349129,22.42971163563293,2241
4,7,0,221.3210862085259,23.83411820788513,2370
4,8,0,220.560909751671,24.13573984060016,2361
4,9,0,218.263013982038,24.11923774096303,2331
4,10,0,212.1700553616867,25.93600404455244,2282
4,11,0,228.8839351530458,86.25201762720198,2317
4,12,0,220.2327668615814,37.3981137745931,2341
4,13,0,212.256153073246,23.84179733051211,2288
4,14,0,220.4909672391518,66.77607413871338,2282
4,15,0,213.8910504222341,33.22362987760163,2252
4,16,0,211.0734421273073,23.45987700104531,2259
4,17,0,188.9960813988387,20.2278694213393,2051
4,18,0,179.10377005816,285.6131781778006,1741
4,19,0,134.1607254565409,15.11655286349027,1432
5,0,0,142.3756471703915,100.0574508010561,1444
5,1,0,166.6386046357091,55.37511624656889,1738
5,2,0,196.4098529296596,30.07750952275306,2069
5,3,0,212.0252601381189,50.49143519543254,2164
5,4,0,226.4976469629931,40.70943542038678,2376
5,5,0,221.7728930041759,38.38776244182299,2291
5,6,0,210.0323868911416,22.95832469564107,2258
5,7,0,239.9158413326477,372.9533540027673,2365
5,8,0,221.3271042551976,24.3731257627358,2382
5,9,0,218.8647038205173,23.79579784513781,2349
5,10,0,227.7197199171562,27.79526587837289,2426
5,11,0,236.0672716678539,369.2649576187624,2306
5,12,0,229.2004121926392,50.02218435273685,2401
5,13,0,219.1377961684575,24.24527842643538,2341
5,14,0,214.0102091369766,22.75649156786161,2338
5,15,0,214.9632154169858,23.84361893193411,2323
5,16,0,234.3130138590303,593.9237293557105,2238
5,17,0,187.8700736490932,20.65499716041626,2017
5,18,0,172.4597346222805,75.96734356779442,1775
5,19,0,130.0117054713066,14.50078263691473,1398
6,0,0,130.0071418112906,14.38137094766503,1394
6,1,0,164.4811678253052,17.84026077452993,1758
6,2,0,194.0865605967543,21.36640093617387,2080
6,3,0,210.497179838758,38.02836227006312,2206
6,4,0,247.2225642795366,352.3928646680529,2382
6,5,0,221.5370923570338,25.47818341707425,2350
6,6,0,209.5430554414338,22.842462486488,2261
6,7,0,218.7056500755493,23.43729159388781,2372
6,8,0,219.3100148710434,24.48815336730953,2340
6,9,0,227.8516444364578,114.2900267468144,2374
6,10,0,216.7489287032579,23.81857761141755,2326
6,11,0,215.7169322386511,23.40525404018732,2331
6,12,0,223.2171338900579,25.29358565865206,2385
6,13,0,218.6742939760167,26.45027071227264,2343
6,14,0,227.2691992605094,25.50365766119275,2442
6,15,0,222.516970495264,24.04625747679528,2403
6,16,0,228.8482187480794,443.4900007571491,2183
6,17,0,187.9670378299157,20.16537454132835,2038
6,18,0,163.9664028464153,17.52770000754735,1790
6,19,0,136.3299872138342,14.85811183119218,1459
7,0,0,131.8805908227035,14.3981992931546,1419
7,1,0,162.354236718129,18.19660879175229,1709
7,2,0,197.2274165378552,21.61790894299474,2114
7,3,0,203.4811244502728,22.39641999195628,2177
7,4,0,220.9114167394201,45.55370784532852,2315
7,5,0,229.4875974501671,24.98108506598645,2465
7,6,0,217.2748745070396,23.56707689640332,2324
7,7,0,221.6071076130183,24.89330307533912,2354
7,8,0,223.1173777477467,24.80726135478985,2390
7,9,0,228.4208395281098,25.1895630980772,2436
7,10,0,218.3504464103759,23.74675248332074,2352
7,11,0,226.0905455373751,31.24113021498766,2427
7,12,0,232.5514297416095,118.5682545995167,2413
7,13,0,221.5651938434575,24.91692327757994,2355
7,14,0,219.172619661781,62.61859314405785,2247
7,15,0,220.6847244262785,30.56696572669787,2328
7,16,0,210.6367956435368,22.67364255923781,2272
7,17,0,205.2573505146162,22.80091744728317,2187
7,18,0,179.8075026153983,95.16478694430974,1846
7,19,0,149.762141251474,194.505858638113,1463
8,0,0,130.8175112432732,14.70560891493131,1386
8,1,0,164.6106368008665,18.15643480024471,1758
8,2,0,190.6014757437642,20.70562070902848,2045
8,3,0,211.7144715509258,23.82938595621003,2238
8,4,0,215.0459303364706,23.29123026058528,2310
8,5,0,213.74936718216,23.44705955384817,2316
8,6,0,217.2801414461979,22.70325108065355,2382
8,7,0,224.4141862329287,24.67605344491697,2407
8,8,0,236.9278685242165,205.5996172160395,2395
8,9,0,221.6682711128947,25.77860935453421,2347
8,10,0,229.3475856258995,25.91294452536037,2454
8,11,0,230.6856576847057,140.2863716537456,2351
8,12,0,236.363105335928,81.70948207783628,2411
8,13,0,208.0849784973952,22.336689550587,2245
8,14,0,216.4512832778989,66.29604138043577,2286
8,15,0,226.8666235579902,260.2795756233006,2279
8,16,0,206.3600299067697,22.87204968075005,2221
8,17,0,203.2716192894164,95.28949702922453,2094
8,18,0,179.1651197160149,226.307620593371,1803
8,19,0,132.7397316406714,14.86320343903177,1429
9,0,0,127.4818496983467,13.80137888977115,1372
9,1,0,192.8417553093461,866.5479716064726,1760
9,2,0,225.6563509579408,683.4366644132383,2086
9,3,0,229.5947767895543,264.6927162672722,2215
9,4,0,219.5335915147332,25.41019740497213,2345
9,5,0,218.963245665843,24.24262320265814,2323
9,6,0,226.2715656917904,24.97586770049231,2424
9,7,0,217.5491183275972,24.22964274971633,2325
9,8,0,220.6386534655307,23.80677623418362,2384
9,9,0,226.3877499358598,24.15397236314337,2461
9,10,0,230.4792032209813,102.4338625414036,2390
9,11,0,220.2259519804228,23.67579310901783,2388
9,12,0,223.6025375142294,24.58936795988829,2406
9,13,0,218.4676891155738,23.86066474984876,2358
9,14,0,222.4906144784371,25.15587718858112,2382
9,15,0,232.4085805105478,134.4790980887192,2391
9,16,0,219.0270948599705,75.07417169681183,2288
9,17,0,199.6406419697354,21.462354492913,2171
9,18,0,157.6335540815577,17.66589483391493,1687
9,19,0,133.7265559625444,27.37009185236256,1422
10,0,0,129.9913717363771,14.00202633782365,1408
10,1,0,165.9838212674153,17.92760551783918,1786
10,2,0,189.1131049409276,20.60812976479963,2026
10,3,0,212.0669072910244,23.58528919333394,2253
10,4,0,218.6684178899447,24.87492017156315,2336
10,5,0,225.9753119593065,25.8730341519496,2391
10,6,0,226.1852281444866,24.80331076171646,2419
10,7,0,225.2331896493987,86.39559521009735,2316
10,8,0,222.9617009004363,24.02807112580129,2406
10,9,0,224.7918316613263,24.81404442904061,2439
10,10,0,224.5413759639402,27.56139998655071,2377
10,11,0,225.3555988196649,44.08080330717523,2370
10,12,0,223.5169931436006,24.15609232878861,2432
10,13,0,221.1169334758556,26.04422093320145,2374
10,14,0,216.5410133807174,23.85100498224225,2312
10,15,0,252.1343769942665,604.5566456814533,2302
10,16,0,235.5789171763077,519.2640429907827,2253
10,17,0,192.9536523808548,22.63840613448055,2079
10,18,0,158.6603292344501,17.18353037996095,1705
10,19,0,129.5602578700244,14.60332785275943,1388
11,0,0,130.7961440391587,14.82968830933,1396
11,1,0,161.8986059728452,17.46367196220717,1761
11,2,0,183.3922910051741,20.35861823778211,1957
11,3,0,236.5613236334423,835.1712762969642,2203
11,4,0,209.4577018613778,22.73970352389449,2244
11,5,0,229.7686898741913,262.3431823531083,2319
11,6,0,218.1651166288092,23.55235603510183,2362
11,7,0,226.3409930619579,25.24830489174597,2407
11,8,0,221.943185371906,40.62950262851497,2340
11,9,0,215.8269801930058,23.48245497143314,2318
11,10,0,218.6891520533158,28.36393465127016,2332
11,11,0,216.5564773728046,22.85813972930231,2367
11,12,0,226.4468649054181,24.79678526814815,2429
11,13,0,217.442669606287,24.13868568352155,2321
11,14,0,228.6941981785227,131.8068625668419,2341
11,15,0,236.6234558961176,146.2182761432514,2392
11,16,0,211.1997492527867,22.84559609817833,2273
11,17,0,188.8143316952549,20.6392207386648,2039
11,18,0,177.1753706680872,34.02048292990448,1839
11,19,0,132.6603458368843,13.9930737142259,1463
12,0,0,133.7907946482148,43.4980898266621,1391
12,1,0,167.9435384276188,18.4279603014414,1800
12,2,0,192.5854735574783,21.29160485623847,2051
12,3,0,220.072776999851,48.97935759905651,2262
12,4,0,212.972535705125,31.61203600273072,2273
12,5,0,219.7151386264159,24.17031800619192,2355
12,6,0,214.0901863130485,23.14083005466774,2319
12,7,0,220.3547999239125,24.73329508159063,2350
12,8,0,232.5396767376117,75.67366549370387,2380
12,9,0,246.263427906946,82.38894254968758,2516
12,10,0,223.136199066371,24.13477711389953,2408
12,11,0,212.2649233986259,22.74610301076642,2292
12,12,0,229.4855914753748,89.86930175174163,2376
12,13,0,214.2539443412009,22.81084263887837,2333
12,14,0,234.3767497001988,78.24478942552138,2409
12,15,0,235.8741912683979,150.0337169223628,2378
12,16,0,206.6315929894905,25.57173261828406,2256
12,17,0,200.9917271424931,49.44306959133687,2085
12,18,0,177.3922529449571,58.33684189311769,1839
12,19,0,129.0763289315093,13.79619145553676,1405
13,0,0,136.1466218983714,34.46893473963683,1402
13,1,0,158.9121754229126,17.29439271995593,1705
13,2,0,197.4678590664301,21.21290117046324,2136
13,3,0,196.2325151878148,20.3925715003855,2155
13,4,0,220.97366446561,24.92349354134699,2349
13,5,0,210.9059994471016,22.80104677591464,2279
13,6,0,211.4088243097595,28.99237819306684,2261
13,7,0,254.6143746497202,684.3359271978675,2339
13,8,0,225.9130717788701,24.54875933938689,2436
13,9,0,227.1252741593495,26.20426706350743,2438
13,10,0,226.9984645575309,25.16176848671654,2424
13,11,0,220.1582972953977,23.96441519152113,2374
13,12,0,231.117027677589,25.96194904242418,2470
13,13,0,212.4466714306715,22.5649811676498,2307
13,14,0,221.1939728853693,24.35664089542258,2380
13,15,0,218.9573735286481,24.05454601804582,2344
13,16,0,212.4875463016203,22.94946206958532,2290
13,17,0,182.476481101224,19.77003063248213,1969
13,18,0,165.6869862245672,18.42026692687623,1762
13,19,0,131.0584864949036,24.85630405962572,1385
14,0,0,130.5013834386082,14.12864412351271,1406
14,1,0,160.5906215445649,17.53739913376965,1730
14,2,0,186.4717536574274,20.49590046142374,1997
14,3,0,213.3801353117739,23.66347037685579,2273
14,4,0,219.2367527869441,89.7224686884167,2272
14,5,0,218.3535900136468,24.60369401299862,2316
14,6,0,219.0310864538309,23.76943255626565,2361
14,7,0,210.2958825560386,23.38150193122847,2260
14,8,0,217.8247165632419,28.07401683242632,2298
14,9,0,231.4889325793581,56.10626788957018,2421
14,10,0,217.4056554524196,25.01273398712544,2354
14,11,0,221.9809729434677,29.1841522194499,2361
14,12,0,223.1990127020632,28.80795421206669,2374
14,13,0,218.3224901619502,23.903558345893,2348
14,14,0,211.4251368723254,22.63332449674192,2284
14,15,0,210.7934030417024,22.71791020224332,2268
14,16,0,220.3426398101053,92.56690772327144,2213
14,17,0,210.9892120544147,64.29605900240067,2141
14,18,0,168.7327087299791,18.21871699307154,1816
14,19,0,126.3732425287855,13.63305968812019,1372
15,0,0,131.1497513537405,14.67961707283805,1397
15,1,0,181.4874161545137,358.0420789141869,1716
15,2,0,178.8569393973651,19.1874133847369,1944
15,3,0,206.4803267975089,22.68916747717182,2228
15,4,0,208.1607769454827,22.09822175863597,2258
15,5,0,214.5855550441841,31.35389629922418,2300
15,6,0,218.9427358818942,25.67275621792349,2302
15,7,0,213.1634254724345,23.13274716501706,2288
15,8,0,215.6304309642627,24.37425075618982,2316
15,9,0,249.8776300579149,692.3664617509091,2375
15,10,0,220.3880838211719,25.78418026613119,2307
15,11,0,215.0899904541065,23.0465931763729,2329
15,12,0,219.8767613571182,112.67018643949,2289
15,13,0,227.3075186003325,113.370624440482,2322
15,14,0,208.6252158559832,22.35614697317597,2263
15,15,0,208.5358315759095,23.46038592582704,2216
15,16,0,206.3122173338291,22.40154497851577,2223
15,17,0,188.0035776659209,20.14557828855327,2055
15,18,0,172.1041394667303,139.4961472643825,1727
15,19,0,125.1550127956075,13.57531465987445,1342
16,0,0,122.235044022251,13.19484870696449,1324
16,1,0,160.3872126788766,18.1638475290009,1700
16,2,0,179.9639993691002,21.9710618593035,1936
16,3,0,193.1880726607677,21.52214809246431,2070
16,4,0,197.9648219060248,21.44632132605265,2133
16,5,0,202.7979592703363,22.27380095970901,2186
16,6,0,199.6253176700898,21.80594480383706,2135
16,7,0,214.6440787597517,195.3971914990439,2163
16,8,0,207.7611597204756,22.61237278425796,2221
16,9,0,210.6255570115313,49.40860221932324,2234
16,10,0,216.7157015083101,117.7736856412198,2248
16,11,0,205.851958917012,27.14142974454398,2222
16,12,0,210.4892925079273,76.63542708365766,2210
16,13,0,232.5497191076803,311.7676168530112,2291
16,14,0,201.3762344703854,22.98114945130232,2173
16,15,0,203.5028499256474,22.62241847297125,2185
16,16,0,197.8112097750149,23.9141045490536,2116
16,17,0,186.0437077471469,20.83901933052878,1979
16,18,0,158.1737948283591,17.04199679169901,1714
16,19,0,120.2922478626626,13.29904088153032,1283
17,0,0,118.5712068721537,13.45329400202593,1252
17,1,0,154.1679698669298,21.97522848060475,1622
17,2,0,166.0852781369548,19.93236888600508,1760
17,3,0,197.8292111400194,482.3531815441837,1873
17,4,0,185.163059153694,33.16753623642197,1945
17,5,0,199.651214254912,22.06545678508292,2127
17,6,0,200.9994084397212,22.68796823912815,2128
17,7,0,190.1949858182838,22.89604975938931,2010
17,8,0,194.1675236897308,41.03560335977205,2032
17,9,0,193.2785738080297,20.72095359410651,2107
17,10,0,182.3522491909207,19.68261059755967,1965
17,11,0,185.6292682909441,20.28523230111102,1998
17,12,0,194.4515577620505,21.51750637474083,2068
17,13,0,193.5086839082704,97.16544533059917,1988
17,14,0,197.6804192195158,21.7398859708873,2114
17,15,0,193.1527274144394,21.07675521713735,2073
17,16,0,181.1756066070811,19.92566904198646,1945
17,17,0,169.6536220674527,19.05084593230371,1826
17,18,0,147.3080618158624,15.93610053223058,1595
17,19,0,118.6989906493283,12.9238938479738,1271
18,0,0,104.1522632874845,54.86276024859486,1051
18,1,0,127.6040175397504,14.11798056053456,1373
18,2,0,159.2525876074899,125.811052933738,1573
18,3,0,162.0310947079509,19.97984396172392,1689
18,4,0,163.0762683826945,17.90334373776547,1743
18,5,0,162.9782891802857,17.49273730448033,1756
18,6,0,171.6364638341366,19.42367863257356,1806
18,7,0,164.2769907642721,17.31343454166407,1794
18,8,0,166.6647362063989,18.10109980626181,1789
18,9,0,164.6011950322493,19.88008294988204,1743
18,10,0,165.0110889937339,18.60264195304918,1761
18,11,0,157.2890818861577,16.92453186427384,1706
18,12,0,184.8768357299155,318.2945011782595,1801
18,13,0,179.0755749233524,164.8886884650255,1820
18,14,0,168.6530618760469,26.64515490123455,1800
18,15,0,161.7023498327416,17.64008744716775,1730
18,16,0,175.3922089926668,333.9148621051984,1671
18,17,0,152.6489772578541,16.75618433206589,1636
18,18,0,135.8907695116485,68.58878015624131,1400
18,19,0,111.008392241638,187.75334182597,1057
19,0,0,73.2387259295666,16.64178953715192,758
19,1,0,99.51452801758255,11.31297296655794,1063
19,2,0,111.872568294426,18.30506107763576,1175
19,3,0,124.9458521220266,40.83541989929146,1283
19,4,0,141.7274767511042,203.9340761752894,1396
19,5,0,132.1237722580998,20.61769258972921,1397
19,6,0,134.1044390118832,14.6628291058185,1439
19,7,0,135.5702372459786,14.72608923844005,1458
19,8,0,133.1527490162133,14.06213177652814,1461
19,9,0,132.8540028036617,14.19568668045594,1439
19,10,0,137.4909904349765,111.7955124278069,1395
19,11,0,130.0388225240157,14.22094662480704,1398
19,12,0,132.1847679276204,14.3052626395044,1430
19,13,0,138.0219275119814,79.94548786742943,1425
19,14,0,142.4327174053346,95.05937675896712,1424
19,15,0,132.4274353421308,50.33919049259588,1366
19,16,0,126.5906515064409,14.77671243375875,1351
19,17,0,110.7628437205202,11.88373762565205,1194
19,18,0,100.0525429941261,10.91039354962107,1079
19,19,0,75.77477311238107,8.187718101332042,814
