# mesh name: boxMesh_1
# primitive scorer name: doseScorer
# iX, iY, iZ, total(value) [MeV], total(val^2), entry
0,0,0,66.14821146010117,8.318940782325143,657
0,1,0,88.29145423074299,10.27831502557137,877
0,2,0,97.86987522286294,11.24089445735051,990
0,3,0,110.6556154380109,12.75559782356359,1106
0,4,0,118.0470550469371,13.23310584145531,1212
0,5,0,122.6894964600392,14.87069976893754,1227
0,6,0,122.8339413338576,13.75240516990019,1267
0,7,0,129.5835505387297,14.95822726620561,1329
0,8,0,135.1151928325204,15.74034524629278,1380
0,9,0,132.3203949274018,15.1175280375901,1360
0,10,0,134.5847235178957,22.40958003609923,1361
0,11,0,132.7244901445678,14.72817203738054,1400
0,12,0,131.2425192378402,14.71920991430542,1378
0,13,0,143.3878904255724,79.1601862216547,1395
0,14,0,132.9976625150588,35.3724624109113,1369
0,15,0,127.1078261683909,13.62657397836043,1365
0,16,0,119.0230774104387,12.8085488982327,1303
0,17,0,119.8358225471551,13.29756544288754,1278
0,18,0,106.2711062892088,12.19901009551867,1129
0,19,0,82.89186432363017,9.08526782076984,897
1,0,0,83.76926727481927,10.00002428158667,830
1,1,0,111.4893049641726,12.95064363727371,1123
1,2,0,115.1612002450916,13.27508392295043,1148
1,3,0,131.7543023264866,15.33319224361126,1320
1,4,0,150.8272590876802,17.37603669465895,1517
1,5,0,149.1455089809469,16.96440342957566,1514
1,6,0,158.6157045562572,18.3525873324836,1612
1,7,0,157.5498529454036,17.99702227254591,1619
1,8,0,182.4186528526584,747.6230257552266,1623
1,9,0,164.118253999551,50.19253734805037,1633
1,10,0,166.2442320114933,200.7592456982073,1609
1,11,0,164.1099424394887,19.16213108314803,1702
1,12,0,175.3674431511164,81.46635767770643,1744
1,13,0,157.6130265002004,27.70601548202589,1628
1,14,0,163.0125616216795,17.93614548967346,1740
1,15,0,157.4261469044577,17.79783319177898,1657
1,16,0,153.0926871135969,17.02462928085204,1639
1,17,0,154.1604645215598,17.52739673478288,1643
1,18,0,131.5448146367049,15.21364087604976,1397
1,19,0,105.0248217422552,19.85402915977354,1101
2,0,0,98.26412994191315,11.22763912317476,993
2,1,0,117.3351958576507,13.49929676391173,1180
2,2,0,142.7084938861502,16.765496358819,1417
2,3,0,163.1141313874955,60.62487474269492,1567
2,4,0,169.5820734495109,19.06558253573131,1727
2,5,0,186.9936479223476,227.2930520182351,1758
2,6,0,210.5025959101199,869.858982691889,1823
2,7,0,176.6917376372111,21.22816005553384,1792
2,8,0,186.9741303927283,28.38932446756379,1881
2,9,0,186.3616221425822,22.95994294733082,1921
2,10,0,184.4360807773219,21.01758908886681,1907
2,11,0,188.0549394515461,21.50773075453474,1970
2,12,0,185.3712565092042,20.62141017500175,1954
2,13,0,187.7670857526881,21.32313335242634,1977
2,14,0,198.9120852195215,82.61699623301384,2007
2,15,0,184.8085086016334,20.16645106941294,1978
2,16,0,177.7184018050884,19.46899272958522,1913
2,17,0,174.1069420676616,19.07241017355233,1866
2,18,0,140.8780989109447,15.49667364009343,1527
2,19,0,154.8018045036003,715.7685172561756,1244
3,0,0,106.9035982484058,12.51130526011048,1071
3,1,0,137.5882815545282,16.13899533013104,1359
3,2,0,172.1362705986929,133.3078413151037,1598
3,3,0,174.5182603895547,19.80642122271009,1762
3,4,0,190.3202628419656,22.21394378782089,1922
3,5,0,199.0747366177655,34.69278900782069,1967
3,6,0,188.7886653673496,22.04485691051298,1928
3,7,0,196.1229093409414,22.00653849223668,2018
3,8,0,195.8241270397366,21.65719838690761,2057
3,9,0,201.8892172653022,22.61065563383512,2093
3,10,0,210.2925506243477,24.20351357543467,2169
3,11,0,203.7876460134833,22.95625375794176,2126
3,12,0,208.9942023344071,29.21343542757419,2144
3,13,0,197.8870576515278,22.16231171795065,2100
3,14,0,242.7307299791601,1054.922989420161,2120
3,15,0,209.6925871821552,23.27468343701359,2229
3,16,0,207.1576447737569,104.1538159525313,2121
3,17,0,180.4664129456312,19.77765642680941,1930
3,18,0,157.5285682477342,16.95023665345311,1717
3,19,0,125.7580183110865,14.06245964504024,1367
4,0,0,116.2110736670261,13.69466119770323,1153
4,1,0,139.3558307022905,16.77682712702786,1364
4,2,0,169.1451433723358,38.86670259494602,1655
4,3,0,184.6663009669427,20.93085437950656,1878
4,4,0,192.8415429110616,21.58773477093513,1973
4,5,0,202.0294228640108,23.2458570637033,2054
4,6,0,206.9263195511471,24.0641513796233,2106
4,7,0,210.691986738144,24.2985720969004,2147
4,8,0,203.8114880008477,23.1632379977439,2096
4,9,0,209.4010502081779,23.06605875681882,2186
4,10,0,219.0475534058709,24.8619653245123,2288
4,11,0,236.2944471617485,836.2425706960777,2181
4,12,0,216.3046080429642,24.53644334777366,2263
4,13,0,218.2393953225019,50.6036624580012,2246
4,14,0,212.1452242326288,24.11248242731417,2226
4,15,0,218.9773519139362,24.92635869795685,2303
4,16,0,205.9206430469446,22.77571913502701,2187
4,17,0,200.1632650563226,54.45399823309748,2028
4,18,0,169.8401144545658,18.12039803587147,1839
4,19,0,133.8271314900995,15.12266678374309,1439
5,0,0,118.9090474974593,26.22171910900533,1148
5,1,0,147.2255522421022,22.54293267365295,1459
5,2,0,167.7413749445175,41.77921423094142,1645
5,3,0,190.8954169220399,33.67592692953324,1878
5,4,0,207.9387002747648,26.90838912943424,2097
5,5,0,242.3831091884127,684.0428357058845,2119
5,6,0,212.2959730526603,24.40917167970023,2145
5,7,0,219.3901001962953,25.54175671412102,2224
5,8,0,237.5482734915405,197.1990157966539,2280
5,9,0,220.7074329917717,25.34111147034787,2257
5,10,0,219.3475142844899,23.91569723100965,2312
5,11,0,219.8400025788894,29.25446290464518,2318
5,12,0,219.3983124164266,24.23632441826253,2314
5,13,0,225.3259780475377,31.45724198225872,2351
5,14,0,212.1229328932611,23.78791143057207,2243
5,15,0,216.4277513038752,23.9317253664225,2305
5,16,0,233.6216262283172,531.2620312149211,2278
5,17,0,224.7532966874786,569.8615661444497,2107
5,18,0,173.1048958626427,19.30809520378411,1865
5,19,0,130.6847478032147,13.99286367565204,1430
6,0,0,121.4562440616009,14.82900714713455,1201
6,1,0,150.8186790700813,18.75562116776153,1499
6,2,0,166.6852340666269,28.35764824537098,1643
6,3,0,200.5816816979107,104.1293435885574,1916
6,4,0,209.132784199642,32.20537081914333,2104
6,5,0,213.0484390602207,24.05109516446369,2185
6,6,0,228.8017927010763,88.27922188171382,2215
6,7,0,224.9622395741814,25.64316876217244,2302
6,8,0,225.5374042619237,26.04207228257114,2311
6,9,0,229.1910395097111,50.08677347752709,2296
6,10,0,217.8357481345719,24.02141392489526,2267
6,11,0,218.3100823042024,45.56216019104079,2263
6,12,0,232.4821989509937,88.90971668562563,2302
6,13,0,209.8621220349266,22.58348312749981,2253
6,14,0,222.8601017275972,25.28475132986932,2343
6,15,0,231.2833004520114,365.3888977214881,2274
6,16,0,215.0918997489526,39.42017116959815,2250
6,17,0,198.2706938677327,21.77342860508938,2126
6,18,0,170.7509028932682,19.85707738075285,1825
6,19,0,135.2607215698881,14.58159575304103,1469
7,0,0,129.2115426364796,56.6654252621455,1207
7,1,0,148.5864782006455,17.4367620365349,1479
7,2,0,171.8787890660662,20.18476170582567,1710
7,3,0,224.0440236072088,669.808665159509,1997
7,4,0,203.3434421689901,29.51777164717977,2049
7,5,0,261.6854725308033,820.4344129628731,2131
7,6,0,214.4052839418999,24.63068833829654,2184
7,7,0,223.0007155756062,25.67073456351557,2271
7,8,0,219.2330285151288,24.33302114433666,2278
7,9,0,230.3281554848188,36.41609591701867,2309
7,10,0,219.3997443950772,24.66649966515419,2291
7,11,0,226.8590434638374,25.51166779007228,2358
7,12,0,222.2369546464809,44.82187770833507,2274
7,13,0,224.8157805817177,24.94798564792035,2366
7,14,0,232.9234126900404,47.26298566747863,2393
7,15,0,225.320142560224,148.2711391820227,2284
7,16,0,216.8147766144843,23.85844122087626,2316
7,17,0,206.3203258390908,90.40615622675854,2142
7,18,0,179.645620016434,20.40465884577883,1916
7,19,0,134.4824296581512,14.59798912371037,1463
8,0,0,120.0982937184733,13.93854440558068,1208
8,1,0,145.7648273927419,17.01076438017958,1453
8,2,0,169.3675073773107,20.52296447564706,1675
8,3,0,194.9176659867762,21.91819882593303,1997
8,4,0,196.1414660442208,22.098952948055,1993
8,5,0,218.3473500534438,37.90763607450452,2185
8,6,0,221.0968612646836,25.88514625759529,2283
8,7,0,220.1927745797166,25.74488424527001,2226
8,8,0,220.8068575656916,24.61149466139705,2290
8,9,0,225.7067477180866,26.00803549504747,2329
8,10,0,236.3443817325353,247.128696943742,2254
8,11,0,218.1453567671667,23.82945283225795,2302
8,12,0,227.2667091902727,27.76838564645841,2387
8,13,0,214.6447343383354,26.8289755977564,2271
8,14,0,220.6139792398004,250.3679710965177,2198
8,15,0,228.4348814932949,87.86078789507113,2294
8,16,0,222.2686526651084,96.12442774021368,2266
8,17,0,219.0684492154864,350.8182966013165,2077
8,18,0,168.8217433179568,18.81076076891464,1796
8,19,0,140.6106624743183,15.22036651602445,1517
9,0,0,127.379908847484,21.60396156648401,1267
9,1,0,156.8685247451856,18.68038199407469,1564
9,2,0,177.1201540927607,20.59846454242403,1778
9,3,0,189.7316535543949,21.67335045897165,1906
9,4,0,227.479523876117,249.1946390862006,2134
9,5,0,221.3975425021354,25.64882533713772,2243
9,6,0,222.1052426250321,25.96763944250623,2226
9,7,0,225.021608761236,25.60722408432619,2307
9,8,0,222.8045396611271,155.313294258337,2198
9,9,0,215.9908668340904,23.89193078192334,2262
9,10,0,232.4754777479329,62.90438306491391,2346
9,11,0,226.3536880905361,25.22738518534203,2383
9,12,0,245.6960772132265,672.6271745862722,2316
9,13,0,224.2086837692273,51.33469434125956,2321
9,14,0,221.9536797864048,25.62377658799749,2332
9,15,0,220.8060639228096,39.79457776948092,2320
9,16,0,219.0325008365386,34.07903904687248,2272
9,17,0,205.7642286986866,30.78753556032215,2152
9,18,0,175.6682530957829,19.4044532642499,1883
9,19,0,139.611748514103,15.37761731969848,1507
10,0,0,130.1528496260292,15.51074799314951,1288
10,1,0,149.470793574217,17.79273864153942,1490
10,2,0,170.5020408159199,19.80291108059551,1716
10,3,0,196.7417584701523,23.86263625806114,1987
10,4,0,204.549687065434,23.19748810699324,2082
10,5,0,214.0578709502502,25.02444838962987,2145
10,6,0,254.1429089373318,1025.697656250134,2143
10,7,0,222.5632728438003,40.1588674527484,2223
10,8,0,237.6462563062758,60.34390661669475,2375
10,9,0,229.9824543199129,26.50418549287858,2373
10,10,0,220.0668885506369,24.32006289481864,2313
10,11,0,225.8618841266315,26.5298964053193,2328
10,12,0,250.9053408518778,703.5760132411914,2354
10,13,0,220.7939835217913,57.77792141175191,2293
10,14,0,225.6292325716073,30.3356188470387,2355
10,15,0,216.3042995678786,23.82824965561469,2308
10,16,0,209.1777084831189,22.49217193914196,2250
10,17,0,200.1777672056483,22.09832717711131,2140
10,18,0,175.8748387907302,19.65071175711478,1876
10,19,0,139.1048899138409,15.64959110904435,1478
11,0,0,124.1592076045476,14.67090068034589,1233
11,1,0,143.1520304309653,16.53451897540521,1433
11,2,0,180.8108691835254,21.79686064549191,1786
11,3,0,202.5025740400955,24.37033756217636,2016
11,4,0,206.7387867766368,24.24164556186645,2079
11,5,0,219.0080712194238,25.80958066430405,2186
11,6,0,212.7859172729706,24.32411233216603,2169
11,7,0,208.696136316346,23.32622058708552,2143
11,8,0,228.8890182241113,26.57035537125614,2318
11,9,0,241.4334524980786,122.1511004041646,2363
11,10,0,247.28279385849,876.2885485822012,2277
11,11,0,228.3344973821654,25.86866581161858,2372
11,12,0,229.8471380338362,36.45943153343036,2331
11,13,0,218.9358836098517,25.00504772776755,2298
11,14,0,230.0489813778672,25.74834467899228,2418
11,15,0,222.4871719487483,24.63510332999453,2350
11,16,0,212.9916140602198,23.37711122701283,2275
11,17,0,196.5858498948464,21.76719394749202,2107
11,18,0,169.3770545331168,18.59803093132899,1831
11,19,0,137.9505721778735,15.58047160456314,1488
12,0,0,125.6277903211725,14.99268861024384,1240
12,1,0,149.713943447541,17.99357223178198,1462
12,2,0,178.7187726986332,21.2215536850945,1774
12,3,0,185.0063651812147,21.17693318363769,1872
12,4,0,219.2780762274128,117.4127244921428,2109
12,5,0,217.502289008864,25.37962787735108,2187
12,6,0,215.3758963353461,23.7826637001858,2223
12,7,0,218.6880366017449,25.01202287589924,2237
12,8,0,218.6893193164372,50.38191338343602,2208
12,9,0,230.0906087474914,26.06750615483865,2370
12,10,0,228.6497850805803,60.24774143687159,2292
12,11,0,220.8820993876973,25.52288980822491,2289
12,12,0,245.4830322094039,116.9517586727307,2458
12,13,0,215.0474510343945,23.15312242508961,2297
12,14,0,221.952233851554,25.58819630049307,2324
12,15,0,225.4432067910121,25.83839167204298,2372
12,16,0,217.2473595752758,32.23484467188626,2295
12,17,0,201.5126335787661,37.0548170225507,2132
12,18,0,176.8250744865517,19.83634123059529,1894
12,19,0,134.8288728128525,14.70226958524511,1453
13,0,0,115.8928529238232,13.82504966630767,1149
13,1,0,146.6416728635768,17.35424731424945,1464
13,2,0,183.3170918599051,21.66169250360189,1818
13,3,0,185.9994749171155,21.42902633938198,1871
13,4,0,221.2640701095819,138.9645627181714,2069
13,5,0,227.2634877883673,177.7425756413674,2152
13,6,0,204.5732473334813,22.84777404183815,2121
13,7,0,217.9283040855631,30.19689882849865,2208
13,8,0,217.3434695021986,24.07766583749531,2248
13,9,0,220.7564576055661,24.52415544101896,2297
13,10,0,253.5563315310894,829.6936284254388,2303
13,11,0,217.6100590184385,24.79466233061337,2260
13,12,0,219.162384528889,25.42249101101632,2255
13,13,0,226.9101193021103,26.38333770468074,2366
13,14,0,212.6400061392841,23.41513939614778,2255
13,15,0,223.6957113240159,131.2075851413658,2316
13,16,0,212.4506828428743,22.97119898031985,2285
13,17,0,195.7165004404668,20.90963909657965,2129
13,18,0,166.1644829576561,17.74998733254727,1819
13,19,0,129.7436427206878,13.95056307266478,1397
14,0,0,117.9674555449563,13.1482889163584,1204
14,1,0,157.1264018054242,297.6270786336083,1397
14,2,0,178.9873397423966,36.29482216438675,1751
14,3,0,190.1380894457711,22.18647299505201,1897
14,4,0,206.3031196478646,24.48759037913887,2060
14,5,0,205.589694078926,38.73469079255608,2029
14,6,0,213.1662273125132,59.20235599306092,2138
14,7,0,223.9175154946793,47.12646414269918,2230
14,8,0,212.3884416533847,23.66904028483462,2199
14,9,0,219.195780341166,25.40522564395977,2240
14,10,0,221.5016631414842,25.65963869120262,2265
14,11,0,223.6795004260742,107.146025603507,2239
14,12,0,222.2095142472081,25.17399044613618,2309
14,13,0,251.9396529576284,607.3865993792687,2186
14,14,0,209.8987667601521,23.51232689406401,2208
14,15,0,213.7402608594788,23.68483240298895,2277
14,16,0,207.4326000753762,22.94178548207477,2209
14,17,0,207.1384952025702,23.00144899899193,2214
14,18,0,181.6916193091201,20.47164945053036,1919
14,19,0,135.9160019466401,14.90468819198512,1475
15,0,0,107.1598898784572,14.34778071550993,1066
15,1,0,147.8616295564657,17.98722693645741,1446
15,2,0,158.6432655705804,17.80666128348038,1614
15,3,0,176.474095243097,20.17836364196113,1784
15,4,0,190.8988737882158,21.69486854311001,1943
15,5,0,201.8998811727545,89.56218921649848,1974
15,6,0,203.1618889718532,28.98462059801488,2055
15,7,0,202.4459750515105,22.39807383886608,2118
15,8,0,205.2478899467429,22.75063086433174,2136
15,9,0,214.3595601651023,44.27081221331107,2155
15,10,0,224.7592424877033,193.2899772600173,2182
15,11,0,216.9799222957208,23.37844440385342,2311
15,12,0,210.7211166954989,23.18277135433961,2219
15,13,0,214.1008182542078,23.99344718045484,2260
15,14,0,213.7472847631996,23.32262570005413,2271
15,15,0,207.3797098732406,23.03097337028819,2203
15,16,0,211.3697170350996,22.92159237191654,2276
15,17,0,196.6880546501654,70.86369724664213,2035
15,18,0,169.5663833874904,31.11219092420811,1785
15,19,0,139.9821748529905,38.25517685748604,1482
16,0,0,109.5376097291072,17.02555025630404,1074
16,1,0,133.4336290829596,15.76059342626224,1327
16,2,0,155.1552349383288,17.75286404161526,1563
16,3,0,189.8741108321126,104.3595296138547,1750
16,4,0,184.3401381768163,21.25858384984465,1868
16,5,0,195.0050128981212,26.19451576760277,1970
16,6,0,225.1460116102927,698.1874660229234,2020
16,7,0,200.5665633304143,22.66248391888204,2065
16,8,0,196.0752720174515,21.57610401322625,2039
16,9,0,204.2964365814243,23.69474088220658,2080
16,10,0,195.901984142404,21.5747619993225,2058
16,11,0,195.3186993076845,22.3046812762281,2061
16,12,0,207.3740432470776,23.56731817770072,2155
16,13,0,197.3039854609717,22.15206886984211,2079
16,14,0,205.0333312102455,22.63910031978137,2181
16,15,0,204.4573274924946,21.85650561213494,2211
16,16,0,221.8476903586552,180.8713718341815,2185
16,17,0,179.9105043576489,19.62766451163838,1939
16,18,0,165.1766727707164,17.59337039856185,1779
16,19,0,140.5123542072742,115.8232198945227,1396
17,0,0,98.74547631899564,15.61210255770575,962
17,1,0,123.7292800862959,14.64147290221671,1224
17,2,0,150.552963408604,73.44267862020953,1423
17,3,0,147.3177280638734,16.88830482489237,1484
17,4,0,177.5172920633335,123.9458934668604,1704
17,5,0,170.3615046050625,19.11560191231911,1741
17,6,0,170.9523141004031,20.8049115177893,1719
17,7,0,174.3228084872273,19.25829357641101,1818
17,8,0,175.0790129876156,19.89650837951513,1812
17,9,0,189.2145999198454,21.86504375362865,1947
17,10,0,183.4871605162661,21.21131800063145,1894
17,11,0,195.5573791368309,60.19265028608092,1966
17,12,0,197.2451482059624,23.15207338273523,2048
17,13,0,193.3925499175778,57.82473711059915,1987
17,14,0,179.9958205418879,19.56909681089231,1924
17,15,0,201.5351768636048,351.1859009859526,1973
17,16,0,183.3819635365236,19.29269057683102,2003
17,17,0,171.3840956610819,18.51599914337339,1841
17,18,0,160.6431135848962,18.67524601145935,1682
17,19,0,153.1632320802821,417.079985708119,1284
18,0,0,84.7668096297478,19.78486021238981,836
18,1,0,108.9435772529255,13.31976819246444,1075
18,2,0,131.467878818595,93.25060754095723,1217
18,3,0,161.2637609713904,339.3450384716126,1355
18,4,0,143.6565604780174,16.25032813362544,1467
18,5,0,165.9304206913016,131.842311479277,1546
18,6,0,153.8747600751711,16.95436553638216,1598
18,7,0,157.8898362781153,18.14162144133219,1613
18,8,0,156.3295579045977,17.63715067342002,1612
18,9,0,155.116999178418,17.13783730199274,1634
18,10,0,157.7441768972863,17.74294356011286,1635
18,11,0,158.204741772799,17.39280941224124,1660
18,12,0,163.2019660749683,18.09430425522021,1721
18,13,0,163.7823117974309,18.54460906294682,1724
18,14,0,167.9870569414179,20.54518210670463,1785
18,15,0,164.3062296284861,51.72925174213785,1697
18,16,0,158.7098417343853,17.63505998433282,1696
18,17,0,149.8331840529478,16.42144148888086,1608
18,18,0,129.9421937694113,16.29924924000361,1393
18,19,0,103.645111797284,16.35121098980659,1089
19,0,0,78.27794680767752,131.4937915501326,683
19,1,0,84.00254360509199,10.63186670591337,829
19,2,0,100.6707048438069,11.68114767606733,1008
19,3,0,113.8356850688766,13.80981659513425,1128
19,4,0,116.6852282341278,13.72723687541537,1168
19,5,0,123.1792702232396,42.95171763689201,1189
19,6,0,134.3073349675957,15.67405722042451,1357
19,7,0,128.6742918341353,14.31385757180872,1340
19,8,0,127.5661907894358,17.4557027517896,1278
19,9,0,130.800841796367,14.47326819364963,1366
19,10,0,126.9698130338635,14.18832999996519,1332
19,11,0,129.5652191662598,16.09623574037279,1340
19,12,0,134.9648151811829,36.2861538280671,1384
19,13,0,124.269896454086,13.65441113924503,1317
19,14,0,135.4505603881241,32.31094880940206,1362
19,15,0,129.3864253816577,15.37122533192194,1365
19,16,0,114.3600984316244,12.48366049483847,1242
19,17,0,114.2002958285152,12.50401834580103,1226
19,18,0,100.9863256379546,11.1234425387242,1080
19,19,0,84.71440231306855,18.87918014075771,894
