# mesh name: boxMesh_1
# primitive scorer name: doseScorer
# iX, iY, iZ, total(value) [MeV], total(val^2), entry
0,0,0,65.81144377820328,7.440231176638695,680
0,1,0,82.83455656250308,13.2452255851123,824
0,2,0,119.8624151683275,157.0218960358126,1073
0,3,0,113.1650355600271,12.68643241587164,1178
0,4,0,118.4836881321614,13.37165791324184,1230
0,5,0,129.1914745474415,56.55573926188699,1275
0,6,0,136.4291615369148,54.70183611742252,1370
0,7,0,125.9623387343811,14.17887700866277,1328
0,8,0,124.845504080362,13.65324774340462,1323
0,9,0,128.1135474184385,13.70678493166398,1377
0,10,0,122.5529122401104,13.82616072622617,1291
0,11,0,131.7706052010311,14.84825782005797,1382
0,12,0,133.2639505298143,17.74982158908241,1380
0,13,0,132.3632259362299,14.7462106019393,1402
0,14,0,129.9352751998477,14.02359290330178,1407
0,15,0,123.7708930622172,13.19454794951778,1339
0,16,0,135.9333343364483,15.19204090987663,1443
0,17,0,121.286057630651,16.63213083416895,1301
0,18,0,105.6077209933736,11.55282194139136,1139
0,19,0,80.46590748992719,8.874074061605949,876
1,0,0,87.01081126014823,10.06174528533849,879
1,1,0,107.0458883405275,12.09707264362926,1106
1,2,0,131.9881509216627,16.70604780396857,1308
1,3,0,138.8220326390397,17.5102786525467,1407
1,4,0,149.7146553262119,16.63253802222229,1556
1,5,0,158.0587814255196,24.40776187769039,1633
1,6,0,167.4771543196886,69.01162445561499,1679
1,7,0,167.8050373850456,18.95781501997218,1739
1,8,0,165.355484814143,31.85150749272354,1680
1,9,0,159.5200923581703,17.94401062036754,1661
1,10,0,174.4680371815607,242.8664889167149,1668
1,11,0,171.7078475555863,19.66647279849134,1785
1,12,0,175.3131106411344,63.17932942070534,1773
1,13,0,164.7702884675335,19.34776829925261,1742
1,14,0,157.9400780840781,16.6438792876706,1717
1,15,0,157.3059151163666,16.5040642869599,1725
1,16,0,160.7288712383645,18.0642833122343,1738
1,17,0,161.5930794176688,76.08454625761169,1662
1,18,0,129.755131072651,14.25314497112286,1403
1,19,0,133.4025808168817,689.4162887607822,1153
2,0,0,104.0768719046928,12.05054220464916,1060
2,1,0,144.5996594051912,222.6715265533295,1326
2,2,0,155.2109715474245,85.77871180898514,1489
2,3,0,167.9496147288266,44.70708358181865,1682
2,4,0,171.7129195710524,19.35337455790107,1783
2,5,0,186.1508070729357,21.67250517733854,1888
2,6,0,182.1102345146961,20.84603680505182,1886
2,7,0,186.2780039990952,20.79357937325447,1949
2,8,0,179.5842231443494,19.76325640649321,1905
2,9,0,186.2072328331535,21.07078643796333,1952
2,10,0,188.6618648306979,21.05840441374434,1984
2,11,0,186.1269053643708,21.02662966957187,1949
2,12,0,194.3712103191732,21.71805182643591,2060
2,13,0,187.9085436835178,22.40472189049925,2017
2,14,0,197.0015649795882,22.28164409886405,2063
2,15,0,187.6655881358532,20.21333064208326,2027
2,16,0,191.8395676856146,22.25857397028113,2043
2,17,0,178.0484835872728,24.51356707696053,1911
2,18,0,157.8790231343994,164.0448415386353,1588
2,19,0,125.854582439911,41.48430037377416,1332
3,0,0,111.9752698243449,12.99888200064681,1136
3,1,0,143.2485605825313,27.51923105395883,1411
3,2,0,171.0465962099974,143.8309774400919,1594
3,3,0,180.1098449207776,20.00800510319318,1866
3,4,0,192.8787420027237,26.34543305472407,1974
3,5,0,198.7713614747553,22.69020021524454,2051
3,6,0,201.1655140930261,189.7227970717808,1976
3,7,0,200.321639447471,22.23627421034861,2101
3,8,0,207.9795633829723,22.75904508227592,2207
3,9,0,216.213900151347,24.85399234974212,2238
3,10,0,212.2680922323348,23.61673705496688,2252
3,11,0,236.3500887532295,760.913147434043,2171
3,12,0,208.0724628269044,23.27923636151526,2180
3,13,0,215.9635608951244,23.80600103329572,2298
3,14,0,198.6381302890045,21.23217895456295,2155
3,15,0,211.6839982866076,23.73599853176324,2244
3,16,0,201.159428263,25.75187132039735,2114
3,17,0,185.2627381889763,19.92412122301441,2016
3,18,0,162.4981201119585,17.03426425520428,1786
3,19,0,130.1887949810686,13.46965109678208,1455
4,0,0,120.0087981851199,27.91848823140144,1174
4,1,0,144.4280640731898,16.78740249117522,1461
4,2,0,175.5807085241069,20.38473906083878,1778
4,3,0,192.8839623675782,30.58148842162436,1949
4,4,0,213.5614125599016,64.47196260360109,2136
4,5,0,220.947135070995,158.3375751373847,2161
4,6,0,218.4013508268458,24.95419683852827,2252
4,7,0,219.9623506681274,101.2733700504551,2223
4,8,0,219.4897059349863,24.97797739567646,2278
4,9,0,210.8489909823637,23.60037996047887,2213
4,10,0,240.1371130161071,370.9521250122587,2279
4,11,0,215.7863603705801,33.20807543365583,2255
4,12,0,227.4206686974597,85.31321159981715,2325
4,13,0,218.0430629705835,23.71386959636009,2338
4,14,0,223.6670236529347,172.4736624607443,2258
4,15,0,222.2092235459097,24.74129095180124,2354
4,16,0,197.2977859854369,24.65184520981528,2136
4,17,0,195.7211187736757,22.34955767613589,2126
4,18,0,176.0216239690412,122.3420160203727,1830
4,19,0,135.4967028376592,14.40470678939069,1490
5,0,0,115.4787045121219,13.74775097428164,1161
5,1,0,164.9055119071089,219.3612511839963,1545
5,2,0,184.2092803772069,189.2017654018742,1701
5,3,0,194.4947467960355,22.62396592009582,1968
5,4,0,209.7267778873474,24.00969599507513,2149
5,5,0,207.4232044112227,23.97976690318317,2103
5,6,0,217.1613392721792,24.00481277478529,2262
5,7,0,227.445955811993,27.34700337550901,2315
5,8,0,220.5066657068568,25.18101445425302,2280
5,9,0,223.7581238735658,50.77157388769425,2322
5,10,0,226.3492564212544,25.78333016447475,2363
5,11,0,211.8582072815391,23.19569977585134,2259
5,12,0,217.5568711191473,23.44565294421598,2338
5,13,0,229.6370595763062,169.4801135042508,2320
5,14,0,232.4029066304086,189.5020881029014,2342
5,15,0,210.1283638861113,22.22077586575237,2295
5,16,0,206.5079944358648,21.99293653660021,2260
5,17,0,202.5647036555156,21.9730391779384,2206
5,18,0,171.4384512007785,18.70430430877015,1844
5,19,0,137.3339488940577,32.45116610293888,1464
6,0,0,143.7024082278078,196.3279165831104,1290
6,1,0,152.5074776490144,17.59434027291481,1552
6,2,0,184.2124548037966,21.58774399131709,1880
6,3,0,193.8198783558931,22.91885193525377,1955
6,4,0,212.0041146495994,58.92596917078916,2102
6,5,0,206.2813973617222,22.77476663919765,2152
6,6,0,211.8350821677419,24.27170832049923,2193
6,7,0,228.3141770876908,41.70656101643333,2295
6,8,0,228.6586434358939,117.8825750633911,2280
6,9,0,223.3355028499454,24.68763156916864,2359
6,10,0,222.2089241185917,24.4249148384739,2341
6,11,0,226.1931707177753,27.64458774110371,2347
6,12,0,216.0409502151371,24.04067710433471,2294
6,13,0,219.5901089917772,24.40475346834536,2345
6,14,0,215.4382956055239,23.47221195358976,2310
6,15,0,231.3271289528033,152.9242810865819,2307
6,16,0,222.4937494064391,23.63010678703808,2416
6,17,0,200.8683932432374,21.91409929498362,2175
6,18,0,172.4051001611041,28.07220158825787,1836
6,19,0,139.0842074761113,17.43579664973927,1474
7,0,0,142.1032469436703,167.6670068166727,1280
7,1,0,198.429636200099,1675.918845088653,1598
7,2,0,178.869803287519,20.71988694234718,1806
7,3,0,196.1036069565325,22.57845254399802,2002
7,4,0,218.6695902327168,128.8369522535099,2147
7,5,0,220.1552801154869,26.56689785593069,2214
7,6,0,228.4552737348228,33.74044982628745,2331
7,7,0,224.2356574614095,37.52939038646268,2271
7,8,0,224.8363617072151,29.86617962952713,2318
7,9,0,228.7142046812452,26.38839524555397,2371
7,10,0,229.3633664527105,49.86854572375398,2358
7,11,0,216.1620257545405,23.72369818338276,2295
7,12,0,224.4219989949869,25.90661589137913,2326
7,13,0,220.4579593411151,23.58170627600823,2379
7,14,0,226.0760238563732,142.9459498708961,2309
7,15,0,233.9821275601564,120.4175606612863,2407
7,16,0,219.0033587201099,23.81182316941929,2354
7,17,0,199.0714736060669,21.84210381453287,2138
7,18,0,181.2423602644927,47.80636572706702,1873
7,19,0,135.1439922854291,14.37102142514736,1482
8,0,0,125.473276287061,15.12052555841404,1254
8,1,0,160.3005485651487,18.41122992072881,1630
8,2,0,184.4769482740466,20.62785060000676,1882
8,3,0,205.4442731212448,52.98309872675094,1991
8,4,0,204.2096182824513,22.98285759476127,2093
8,5,0,221.5066136800275,25.57116576467969,2275
8,6,0,255.5195648935077,1347.200396811205,2276
8,7,0,206.7957161097717,22.80675636146796,2187
8,8,0,216.6583119461097,24.8439571069569,2237
8,9,0,223.4129726623769,23.92912675383404,2394
8,10,0,222.9833039308199,24.91891234842726,2323
8,11,0,224.5195197787189,25.7780367877375,2359
8,12,0,216.7373750634307,43.12726576935885,2246
8,13,0,225.7191006301144,125.5417764618985,2310
8,14,0,220.792206422586,62.38505397902005,2310
8,15,0,224.1728144109142,25.18375197046576,2375
8,16,0,218.5796145803581,23.51465117756237,2375
8,17,0,199.3580834750314,21.86423159710898,2165
8,18,0,178.2255008631425,20.20569981803829,1904
8,19,0,132.2622510160155,14.2870793421529,1442
9,0,0,118.5549851394281,13.41951578623334,1215
9,1,0,152.6129865984867,17.61180386068111,1542
9,2,0,176.3500864841815,22.21845397001676,1795
9,3,0,196.3333985913834,23.78703493786807,2005
9,4,0,213.3675729370561,24.64433144694467,2185
9,5,0,237.9200379041413,144.0831738446592,2316
9,6,0,217.3639387011406,25.00791479112839,2241
9,7,0,226.5764861709991,105.6005918794108,2273
9,8,0,214.0665306386685,22.94457625935508,2274
9,9,0,221.5322798870062,26.70321762785405,2309
9,10,0,231.9191735754642,105.7108529335593,2348
9,11,0,226.0301854362139,24.98217570198913,2414
9,12,0,231.1894721556139,134.5505746495917,2296
9,13,0,271.2003104785401,1158.081262441201,2354
9,14,0,225.1619969068651,24.45563055699282,2427
9,15,0,215.9892580567911,42.59386956178509,2289
9,16,0,229.1643859968284,48.24057143870707,2394
9,17,0,199.970230096152,21.44161252507749,2168
9,18,0,166.4229331433978,18.02265347864558,1801
9,19,0,127.2521733674558,13.5121801737738,1397
10,0,0,125.844078129015,14.66199753115893,1279
10,1,0,152.0688768679844,17.62974602820611,1544
10,2,0,193.4581181595715,96.2532103801399,1814
10,3,0,192.3390432335856,21.80728353157638,1989
10,4,0,211.4976339686834,55.63752666901956,2090
10,5,0,211.3634276779015,23.5301122060176,2199
10,6,0,224.4828412931357,34.21361862358246,2276
10,7,0,225.9900870438805,45.45527236691152,2296
10,8,0,227.1865610722203,49.94588366069993,2313
10,9,0,225.7498860489367,52.47469852944222,2316
10,10,0,218.2180948564309,24.6359881613211,2284
10,11,0,233.9619498112554,26.14433091930941,2449
10,12,0,218.7952110607945,24.62659660647447,2302
10,13,0,222.9536622821333,24.12648828279606,2397
10,14,0,224.6436481589411,28.52696589172098,2380
10,15,0,216.7774559866794,23.27450632110997,2360
10,16,0,221.4182658908679,24.9591759514371,2370
10,17,0,197.2035875235819,21.28006723586585,2140
10,18,0,166.759059922456,18.33190039098235,1791
10,19,0,141.3773499598926,15.73987318267787,1531
11,0,0,114.8243894933862,12.56254456051665,1206
11,1,0,158.34293076352,31.8867156667507,1576
11,2,0,175.9282988236356,20.0968358433319,1821
11,3,0,193.6352075067011,22.57219672660465,1973
11,4,0,206.3104111428901,22.97627974647482,2137
11,5,0,210.6553938377683,22.76952422091432,2232
11,6,0,214.2461879263896,39.98398378782648,2174
11,7,0,219.9713470856241,24.42710540066489,2280
11,8,0,255.288481761655,486.7590846370838,2381
11,9,0,228.4442589747824,31.7370538091192,2364
11,10,0,221.8105701229059,25.54548010393234,2309
11,11,0,229.4606287487236,26.16361647834383,2405
11,12,0,229.4298810887185,38.72249530893819,2394
11,13,0,221.7075616510814,24.40302314728691,2365
11,14,0,218.5564043749505,24.73691464851546,2342
11,15,0,223.3753151058731,24.46358643547885,2389
11,16,0,217.518338073978,32.76673947569834,2340
11,17,0,208.5995726872055,112.5009245567619,2169
11,18,0,183.5436212224017,39.05722235834132,1944
11,19,0,137.3736600571859,20.46400805902413,1480
12,0,0,118.2986201069027,15.54197643013364,1188
12,1,0,150.5775028110669,17.3119764205385,1541
12,2,0,174.1203207367334,19.63059452509826,1802
12,3,0,194.4834869722148,22.31238793833399,1994
12,4,0,219.3132397736959,183.7167653799251,2119
12,5,0,224.90754507734,52.73080176294067,2242
12,6,0,214.6749720961587,24.26551275455883,2236
12,7,0,218.3136351380621,23.70201142994751,2306
12,8,0,229.0578461081024,30.67597398425842,2357
12,9,0,226.1801813957476,25.08079380388142,2384
12,10,0,228.4130088248631,25.24318629517408,2415
12,11,0,222.7377997134371,39.49542559995399,2322
12,12,0,246.2093331565259,447.1620581820596,2397
12,13,0,216.9348571046745,23.7338614480388,2329
12,14,0,266.2264486657319,1327.897000331473,2379
12,15,0,221.1717478702084,25.01278082812521,2367
12,16,0,206.0428814375541,22.53236939170823,2204
12,17,0,207.0995094763027,39.43992889980019,2177
12,18,0,178.5915918127007,84.49231998185321,1866
12,19,0,138.0053167386928,31.22888636913173,1459
13,0,0,117.8496749080756,13.80648449076661,1201
13,1,0,154.9472178861297,17.53966154047148,1588
13,2,0,178.1031510744485,20.46509314070893,1814
13,3,0,194.5507182875299,22.67964510884049,1958
13,4,0,225.3078297133315,557.7878225639796,2097
13,5,0,213.1434042843023,25.06342374090001,2163
13,6,0,227.1155480431226,271.3295894916154,2217
13,7,0,217.1847224845934,24.42588190069886,2274
13,8,0,243.3891242580202,236.7914421599256,2351
13,9,0,221.3133494284984,24.3219746912341,2347
13,10,0,225.7059965674339,28.71903407751759,2363
13,11,0,251.2575636581751,718.5047328365329,2376
13,12,0,242.7563816338061,468.740640115952,2357
13,13,0,222.9660416533117,33.80959251578273,2337
13,14,0,218.3168652962039,40.91722953349436,2304
13,15,0,220.6699185759782,53.301048701654,2338
13,16,0,218.9750765950494,62.31683339224385,2322
13,17,0,193.8172486582964,20.64020999910267,2108
13,18,0,173.2484559326948,21.54502732670105,1869
13,19,0,135.1059127826844,14.6059893530574,1468
14,0,0,117.5089305038356,13.7575545164445,1193
14,1,0,153.0091924517978,17.3142069407241,1571
14,2,0,187.1047405356628,124.9473582656418,1785
14,3,0,194.1533409771947,22.18075525564771,1975
14,4,0,203.9992909466818,22.68782328916767,2106
14,5,0,213.4047844998333,63.67213186792521,2151
14,6,0,221.0637750146262,33.26372393633827,2251
14,7,0,226.9119366822341,26.60324109237255,2314
14,8,0,222.0645768670701,44.40397042214455,2266
14,9,0,211.3022858738742,23.79689329459767,2200
14,10,0,213.2422574299875,23.2446140870421,2274
14,11,0,221.8787715049542,25.44962525380599,2328
14,12,0,241.405845696857,285.3855895238599,2326
14,13,0,224.3526245611579,28.25409817678973,2360
14,14,0,229.5525469126956,64.6028693028311,2340
14,15,0,213.4847979786532,24.11262269672075,2260
14,16,0,215.1568659230686,23.22368359409485,2319
14,17,0,211.0544151480578,23.60570413828878,2270
14,18,0,165.8738259357251,18.9311247243718,1786
14,19,0,134.7495789480551,14.02371513521204,1501
15,0,0,116.7432287085162,13.67068908830449,1193
15,1,0,145.8739677984008,16.73114028394161,1491
15,2,0,178.9668217844865,23.74721151825926,1793
15,3,0,185.1341601467001,20.81029268136736,1916
15,4,0,213.318683275853,53.02579344917366,2114
15,5,0,198.535779077198,22.03607610751372,2061
15,6,0,205.6257555703832,23.3293832585947,2123
15,7,0,211.3901727084293,26.50799419885669,2170
15,8,0,228.5327969056571,352.6940456067697,2203
15,9,0,219.3883537218423,24.41461977816761,2305
15,10,0,228.2197292102009,76.84912720273999,2318
15,11,0,217.8974958819355,28.22432279090987,2302
15,12,0,214.3451006890348,24.23264156169395,2271
15,13,0,214.1980035073817,23.26892401771348,2298
15,14,0,212.728406478233,22.27194515078268,2320
15,15,0,223.4237072007842,129.9537460952125,2256
15,16,0,208.561633207096,22.58001297222953,2272
15,17,0,197.1059635205936,21.71993368423297,2101
15,18,0,184.8983499755608,230.7403247873781,1842
15,19,0,127.6935819564458,13.73744936902764,1397
16,0,0,112.7947659953073,13.42928029715936,1127
16,1,0,135.0354778339257,15.04070996618589,1385
16,2,0,159.5046251660133,18.54551629275715,1629
16,3,0,180.6672404280173,37.11704548210665,1801
16,4,0,197.3991628064055,88.38328865677821,1944
16,5,0,190.699066555811,21.24506400611019,1976
16,6,0,190.9376327304291,20.97461294981411,2006
16,7,0,204.5645100597313,23.45196966992361,2117
16,8,0,204.1422813962143,23.09917648666212,2142
16,9,0,205.8098987374017,23.79168819852437,2122
16,10,0,197.9285075415064,22.4480851143718,2066
16,11,0,203.7682321445841,22.50088946556127,2161
16,12,0,212.4368339507259,79.13942975142133,2209
16,13,0,204.5218978116543,22.1991325406729,2192
16,14,0,210.0967052623448,22.77303983069479,2269
16,15,0,211.2298514545769,29.00039927086656,2247
16,16,0,197.7652245769223,21.49494484097012,2131
16,17,0,189.3083671602184,30.96693621203365,2033
16,18,0,165.1634078064952,20.66814516874032,1786
16,19,0,135.5378255280128,14.07805359402458,1502
17,0,0,96.30906561417208,11.10055943905995,981
17,1,0,132.080447356283,66.73430642109902,1259
17,2,0,144.4696768648269,19.87559884370711,1444
17,3,0,157.4103463286546,18.03794116008948,1606
17,4,0,174.890143020203,20.04518612215448,1783
17,5,0,171.5952695714991,19.34018944980622,1779
17,6,0,191.4238089251593,105.8339498480912,1863
17,7,0,180.6374344064226,23.37706049026394,1865
17,8,0,186.8078775649765,20.28462098952856,1982
17,9,0,188.300201861091,21.3773071098237,1949
17,10,0,183.618467475638,21.00573671614021,1921
17,11,0,184.3654364051189,20.83217765444686,1940
17,12,0,199.1350885247609,70.70224645706273,2048
17,13,0,209.8270078529504,205.2780403499578,2088
17,14,0,187.7044299973477,20.42787533202887,2022
17,15,0,182.5530555336489,19.97037974613755,1970
17,16,0,190.8313130818346,20.57694236600403,2068
17,17,0,175.4443915313431,18.78677336563152,1912
17,18,0,154.3260321674899,16.57355154885146,1682
17,19,0,121.6729933216731,13.25665793693849,1325
18,0,0,91.77957686735037,18.97748778189171,900
18,1,0,112.149193123239,15.07841991198788,1125
18,2,0,137.6997014935426,83.31925744307644,1338
18,3,0,135.4517893357068,15.25798037919939,1396
18,4,0,160.1214404272547,73.3615030043708,1559
18,5,0,160.7174020570683,17.78377765580061,1663
18,6,0,167.4724594441559,54.70356534310115,1681
18,7,0,158.7823155759292,17.26967352782659,1683
18,8,0,166.6358777927733,18.60979231148684,1748
18,9,0,161.0073151201219,18.25045757906592,1685
18,10,0,160.981545129818,20.39172664143799,1686
18,11,0,160.1678989118967,17.92795576816076,1695
18,12,0,175.4885316316643,108.047506874682,1749
18,13,0,162.5135813941959,17.87334878005718,1734
18,14,0,167.4153264006363,18.25875148167006,1795
18,15,0,154.1748287750982,19.86745316425253,1666
18,16,0,166.7241594396063,18.06432558684562,1810
18,17,0,157.1268668474362,17.01621261626139,1703
18,18,0,132.3689568470881,15.14563614235798,1409
18,19,0,103.4240170984431,11.66388384549626,1103
19,0,0,68.28545423582425,8.341792716961649,698
19,1,0,81.4000898558573,9.285238035652426,839
19,2,0,100.390334146596,11.49430341901668,1028
19,3,0,116.5254232524383,14.15829068115955,1163
19,4,0,123.9246096145927,13.83592305426525,1285
19,5,0,121.7618699999394,14.40268981741542,1240
19,6,0,143.8763730336516,359.0841855659739,1290
19,7,0,135.3178182222923,15.14697895661501,1415
19,8,0,125.3774854361913,13.80110600277884,1328
19,9,0,128.4171346238873,14.40232246114197,1355
19,10,0,125.5631623137166,13.91115666458503,1318
19,11,0,126.8013851928166,13.56118165784977,1366
19,12,0,130.0092649674572,14.44779806795637,1379
19,13,0,130.7057312822414,14.3544353154053,1399
19,14,0,129.5207223214316,14.62286790318717,1385
19,15,0,129.4835445392623,13.65113460131547,1420
19,16,0,151.2882023247543,598.4739566518958,1395
19,17,0,115.9772577391899,12.40686443652021,1263
19,18,0,104.1919925176972,11.36707246276893,1121
19,19,0,79.87502116358165,8.418398585180535,880
