# mesh name: boxMesh_1
# primitive scorer name: doseScorer
# iX, iY, iZ, total(value) [MeV], total(val^2), entry
0,0,0,80.67209315260037,13.02701814677999,847
0,1,0,95.93595988294128,10.04044126960891,1052
0,2,0,117.2658751369333,13.06607078566569,1249
0,3,0,119.1225540153304,12.90826509861846,1288
0,4,0,122.9543387842568,13.11451172602317,1351
0,5,0,150.3208033489013,355.1180102663492,1423
0,6,0,140.8959485564471,31.57708825158231,1474
0,7,0,130.5135966167106,13.91032185252959,1425
0,8,0,126.8715968748707,13.53489094038248,1405
0,9,0,135.5578396732682,14.97964916821021,1475
0,10,0,138.5429762581911,15.17757112833253,1508
0,11,0,143.8783357502773,22.56222760183151,1548
0,12,0,131.9352282043073,13.90482352834178,1461
0,13,0,148.0787856079128,36.96222865356066,1544
0,14,0,159.194583006028,739.2734748345966,1437
0,15,0,137.0601062013351,15.07619903907787,1496
0,16,0,144.6406606341154,86.06755101116606,1505
0,17,0,128.9743717636189,14.04105934360396,1426
0,18,0,117.7718078152864,15.37411302960688,1271
0,19,0,90.39603011372191,9.252490680577374,1020
1,0,0,90.23938033079317,9.628581124344555,986
1,1,0,130.1730843400128,50.13713968393301,1360
1,2,0,145.6814133761011,15.60568294733553,1585
1,3,0,162.2115019951912,28.0246105090186,1683
1,4,0,165.2979484072662,17.78507694859639,1785
1,5,0,169.9061718525332,18.40940644367859,1834
1,6,0,168.0041865879032,18.36744259162998,1819
1,7,0,187.1912667817,165.9516789785448,1897
1,8,0,167.0591416151435,22.221540695882,1803
1,9,0,182.8970892005929,38.37184081663192,1949
1,10,0,171.9513427948939,19.06621931593555,1888
1,11,0,173.071268675923,23.1788435919402,1862
1,12,0,175.9191785415568,19.10006673882458,1907
1,13,0,173.4380684678021,18.89523840701031,1891
1,14,0,196.401413479294,402.6946683392102,1907
1,15,0,180.4216932035106,19.31332232950625,2008
1,16,0,176.3888590639133,34.27785753844887,1933
1,17,0,172.1220448450373,19.39594536210537,1909
1,18,0,147.4996916844916,14.91633362188207,1667
1,19,0,115.8069280458242,31.26134773831887,1257
2,0,0,113.5740506066173,12.04944784782213,1234
2,1,0,155.5243423265453,57.88612547883055,1599
2,2,0,167.5297218104313,17.60977652853321,1838
2,3,0,197.3244097048454,61.07105209207388,2022
2,4,0,189.8299712254597,20.87345471125423,2045
2,5,0,194.5431018710252,20.74389882884137,2123
2,6,0,209.6394423922454,105.5248168214983,2167
2,7,0,199.5065682432874,22.14681557983099,2149
2,8,0,213.3043200499362,187.3559686308318,2175
2,9,0,195.10863171016,20.937518239684,2154
2,10,0,193.325444238742,22.60167277388985,2081
2,11,0,198.4695384092533,26.84459537168393,2163
2,12,0,207.2964766462958,31.74023221886799,2210
2,13,0,211.6228074690673,33.20546416180214,2300
2,14,0,211.7392590012435,73.38399941122105,2263
2,15,0,213.8698479453784,75.19370748910073,2263
2,16,0,198.9619095132188,20.76382894769349,2222
2,17,0,195.655694268288,21.03468191475475,2139
2,18,0,168.9780898584453,19.93263573541044,1856
2,19,0,128.5279586069208,13.10448494660885,1455
3,0,0,126.3507594449131,14.50973661226359,1346
3,1,0,156.8546725545419,17.35840174228661,1679
3,2,0,194.3913520983025,23.76143940259638,2048
3,3,0,200.94412112337,25.05133019874946,2181
3,4,0,201.7182258803564,22.01911012971796,2170
3,5,0,221.6101026109458,26.69625659970916,2352
3,6,0,242.3543136931961,972.3864628537585,2268
3,7,0,207.2322679519132,22.13693161620971,2266
3,8,0,212.0845066839863,22.17503082325392,2336
3,9,0,227.016906357907,147.3748447896424,2344
3,10,0,216.8452329768151,74.62496939520871,2284
3,11,0,220.9062217355289,120.8755624578472,2307
3,12,0,209.6406072329509,26.04176496183174,2266
3,13,0,208.3793742590293,21.99669844407246,2303
3,14,0,213.4960368532413,30.22550104136233,2345
3,15,0,213.5444822004041,22.42000059618909,2390
3,16,0,209.1902360287752,21.91029494012895,2336
3,17,0,195.2359737593582,20.72952258369437,2173
3,18,0,179.4935914196615,38.57693189157058,1938
3,19,0,145.6352151908009,15.3897516834083,1603
4,0,0,130.645717771231,14.38885015726244,1408
4,1,0,159.6716115759601,17.40489239880723,1722
4,2,0,190.2946732804387,20.67695523860137,2058
4,3,0,204.2705037485559,21.99515206882362,2211
4,4,0,205.4215457596948,21.86310591795111,2236
4,5,0,218.2634206238062,23.17252754907009,2382
4,6,0,221.8591971989826,44.91229372266029,2329
4,7,0,229.0881982483399,29.1167564249747,2443
4,8,0,227.5774318764417,25.50734797388666,2445
4,9,0,220.2862829860656,24.15421315114835,2391
4,10,0,228.8407965081189,79.0532414015708,2429
4,11,0,223.3467555591377,48.24258104859172,2382
4,12,0,233.947820140516,319.2011133921134,2384
4,13,0,218.6264689295177,23.42327948722387,2398
4,14,0,234.8607374802266,480.8273477430105,2359
4,15,0,227.2104854948194,63.95562242002451,2461
4,16,0,211.600407454583,21.82745361097296,2390
4,17,0,218.4901083342768,114.7258519751541,2293
4,18,0,177.8317798157514,20.48345138276229,1997
4,19,0,138.0944774451112,14.69748125888367,1539
5,0,0,161.7264098564563,1111.944477367524,1390
5,1,0,163.072274724046,73.47262654281121,1683
5,2,0,194.5212630859305,61.2798229248303,2001
5,3,0,229.4944673627106,582.148098448418,2224
5,4,0,211.8848105130516,23.0103232172691,2302
5,5,0,214.6454299195057,23.24526370816169,2332
5,6,0,229.4171294612495,35.73074534557691,2444
5,7,0,215.4910086896382,23.40176507028673,2339
5,8,0,229.2657958013263,85.26035360997204,2432
5,9,0,231.6614534795361,139.2850850186577,2387
5,10,0,258.5238592768524,647.5862373603869,2411
5,11,0,240.4232977919463,706.6604850551192,2347
5,12,0,216.632567382382,28.56639419981541,2360
5,13,0,219.052442152093,23.0647532400375,2444
5,14,0,239.698051820826,277.8583946986145,2427
5,15,0,221.8535163848974,23.56143776808587,2442
5,16,0,220.3968958384013,24.07800268508779,2419
5,17,0,201.3485100987475,21.24790291953697,2248
5,18,0,180.8070357679379,19.26505973996966,2001
5,19,0,146.1144457047659,16.05855419678518,1610
6,0,0,136.4883088117308,34.32847422046946,1405
6,1,0,166.3535462615236,63.30469686538552,1717
6,2,0,189.5983682455409,20.68103777990853,2048
6,3,0,208.0617293197547,24.0528757830925,2221
6,4,0,222.9186322088534,24.91481020562982,2381
6,5,0,209.6631720758002,22.76522375537929,2273
6,6,0,220.3243010318702,96.47268370855612,2281
6,7,0,222.9905081223177,23.80344920679013,2444
6,8,0,214.2387504397105,25.81348599955255,2317
6,9,0,217.7861920151885,22.98395537853573,2408
6,10,0,219.0048097974503,24.08778440674768,2374
6,11,0,226.2054037993691,24.62667695640457,2462
6,12,0,216.950017349508,23.05359397613113,2386
6,13,0,218.0982821240152,23.43671250449551,2408
6,14,0,223.8723535899299,26.00659030912429,2471
6,15,0,215.3658437896023,22.64164532673526,2385
6,16,0,216.8532993164739,22.61891556319733,2408
6,17,0,207.4526661342576,25.2558068670818,2311
6,18,0,187.6609317993121,20.50142991459303,2059
6,19,0,159.6950034607798,217.7297360381642,1616
7,0,0,139.7195299470681,63.73536728010892,1434
7,1,0,168.4928127226909,18.19056275966247,1821
7,2,0,197.1173605034525,21.48920590441122,2121
7,3,0,217.9878465704038,27.8373313521791,2323
7,4,0,211.6032298883954,22.43954662106902,2315
7,5,0,237.0376655267298,165.6870656100564,2427
7,6,0,229.0261654404097,124.0612008453341,2340
7,7,0,220.0322729231009,24.18066433997393,2387
7,8,0,222.2661123806638,24.48342129831745,2397
7,9,0,213.2206960509786,22.42290524528431,2345
7,10,0,225.5258334248844,23.88139395744982,2482
7,11,0,232.6363009083941,225.8130404832729,2334
7,12,0,231.0373763068997,43.6355137188079,2459
7,13,0,210.5386967922576,22.13868993999198,2342
7,14,0,216.782483799256,23.17469031690715,2389
7,15,0,216.5861979875386,23.93804637888337,2362
7,16,0,226.5023486319126,24.29852234195227,2498
7,17,0,205.3443842537828,21.69361659733771,2282
7,18,0,182.7067463813498,19.65502166650688,2019
7,19,0,134.6587557771422,14.53193604168323,1490
8,0,0,128.4000183914555,14.47338241168472,1367
8,1,0,155.8538090246922,16.76321281146031,1702
8,2,0,193.9419602373342,20.7995392667898,2116
8,3,0,209.2569196137688,22.37112339221288,2265
8,4,0,215.1647792721469,23.15263414208003,2344
8,5,0,216.6123872166135,23.8946668415187,2329
8,6,0,237.3710554153894,351.6709727306612,2401
8,7,0,217.4182059241759,25.5495812181665,2348
8,8,0,233.4492351449277,30.23661106063026,2514
8,9,0,220.2494690075423,24.59078539581861,2387
8,10,0,238.2902646286392,239.968052083444,2407
8,11,0,213.9120475116594,29.87413274620672,2305
8,12,0,237.1506697649411,118.4966355955979,2477
8,13,0,215.8629533165403,22.69991519487968,2380
8,14,0,211.2477381074277,22.50668211787612,2326
8,15,0,218.8217472377858,33.94068996682256,2412
8,16,0,222.1447381802589,55.6197252864288,2421
8,17,0,216.5806133892876,79.73845398523417,2310
8,18,0,185.7248471730818,19.73269245596218,2061
8,19,0,142.229843009293,14.79830378229179,1597
9,0,0,127.2095226909548,14.10570996077118,1364
9,1,0,164.3599383729941,18.08118209467723,1752
9,2,0,188.4983411352478,37.56948564233285,1955
9,3,0,207.2536331053138,22.87647670548964,2212
9,4,0,211.0490515585116,22.24455615196628,2321
9,5,0,238.4577975080815,331.6014153869219,2400
9,6,0,220.2286270719717,31.562017983943,2343
9,7,0,213.3784359026105,22.87060690637204,2345
9,8,0,232.4585938520809,275.5289458513214,2381
9,9,0,226.6197076524093,24.99791457562677,2443
9,10,0,238.8964418811041,118.4069901536654,2480
9,11,0,225.0637348450897,24.78178596946346,2446
9,12,0,238.0615950947534,140.2110157129428,2460
9,13,0,224.0664184140542,24.27310548011092,2461
9,14,0,231.854559976079,27.01863871896058,2539
9,15,0,225.4626152557584,49.04356657916567,2433
9,16,0,214.8169071971188,22.58800964203915,2402
9,17,0,221.5057116534493,32.1408596920033,2405
9,18,0,178.8261520876542,19.43889422842093,1969
9,19,0,134.4907450322105,13.90974752297152,1517
10,0,0,132.6755820548128,14.28517065186103,1439
10,1,0,158.0202104282531,42.61813467859808,1685
10,2,0,195.6167298844862,21.46863400887804,2101
10,3,0,209.2210241570901,22.66832845589017,2261
10,4,0,220.7997799409454,43.51306566487277,2309
10,5,0,214.3773060604688,23.44575723730544,2314
10,6,0,215.803446821723,23.90703522729198,2334
10,7,0,221.25304003394,32.04227243886736,2375
10,8,0,217.4317737735376,24.72911532891585,2333
10,9,0,238.9009880785948,89.41400994673951,2517
10,10,0,218.8653764243117,24.00229220722309,2380
10,11,0,214.1109408758358,22.93406907419273,2353
10,12,0,217.7067243610495,23.56749713627024,2405
10,13,0,227.5966121187921,44.49839771083943,2469
10,14,0,214.4520565114144,22.80795678238378,2369
10,15,0,213.1487266562779,22.45957238476373,2359
10,16,0,217.5851289378081,23.24284737929272,2402
10,17,0,230.8031101703967,396.7315671728325,2342
10,18,0,188.8482637554666,20.81308495204329,2104
10,19,0,144.1155275087423,42.16922305548614,1521
11,0,0,124.58632850851,13.9315757923375,1324
11,1,0,180.3839091474352,113.7068061988922,1837
11,2,0,216.3408522351726,510.7721092811946,2079
11,3,0,197.4816808141211,21.70515275110247,2120
11,4,0,218.4593713914726,48.46395074761969,2322
11,5,0,222.1906334601244,23.86763400504483,2407
11,6,0,226.5710426628985,26.32798725510672,2448
11,7,0,249.6369052742512,512.8727352411396,2333
11,8,0,251.8647356105272,761.0348187493216,2415
11,9,0,218.3361281956069,23.96208950405742,2363
11,10,0,228.3638255346565,29.65440925634377,2506
11,11,0,213.222449367031,26.50210382198163,2303
11,12,0,225.4413257092104,120.6012059431266,2382
11,13,0,214.3672103806802,25.14538311404063,2342
11,14,0,225.6194316337552,31.8360757929867,2439
11,15,0,215.8501263018381,29.06407139221004,2344
11,16,0,213.4983729711091,22.95985634445967,2359
11,17,0,214.6213032257733,56.77601340757033,2305
11,18,0,195.6768547395961,112.7444975237484,2017
11,19,0,143.5813901915682,15.26416409668115,1599
12,0,0,129.4894383961383,15.63818892782145,1367
12,1,0,162.8953901851179,17.95348953046753,1740
12,2,0,189.6790236119019,20.42221065613946,2051
12,3,0,203.9277664358175,22.16184370730345,2216
12,4,0,228.3179023858673,128.5939444035766,2326
12,5,0,221.6493732354789,23.72154199644167,2411
12,6,0,216.4002852451013,23.62701802359523,2340
12,7,0,228.176039046989,60.42396178253544,2383
12,8,0,226.2514465516855,26.55001308128391,2436
12,9,0,216.5398468527758,23.06519345039824,2360
12,10,0,226.0413861833871,25.30224563704545,2452
12,11,0,216.1694414496974,23.4076267056637,2355
12,12,0,225.2517360657232,23.65255376124807,2488
12,13,0,232.3563083766292,83.0979173967051,2470
12,14,0,221.5475158450088,23.98839093026648,2425
12,15,0,221.4046743691322,24.0973644791186,2427
12,16,0,222.1998446480157,24.1967527986287,2427
12,17,0,206.7045491406869,34.87471648554205,2248
12,18,0,181.9846037917908,19.66837365527224,2000
12,19,0,151.8205967316995,362.5515872735492,1496
13,0,0,154.7723453882106,283.0284350428149,1390
13,1,0,162.3230448480767,17.27194373890098,1765
13,2,0,195.3996889988548,81.02019907210797,2042
13,3,0,223.6084940415713,260.6276312027402,2226
13,4,0,221.5885406314431,24.95397115240297,2371
13,5,0,214.3285126331388,49.39930638448035,2291
13,6,0,217.1346064134475,23.2733042179022,2372
13,7,0,224.4821968540298,26.05924803386013,2374
13,8,0,217.6781926726628,25.43456139802233,2352
13,9,0,231.9012905177166,40.13749022455588,2477
13,10,0,209.9931546408251,21.91494580543037,2327
13,11,0,221.2997357732896,26.01920747441918,2410
13,12,0,231.3492324855356,88.75160136857103,2450
13,13,0,222.9430454070286,24.49282933250558,2424
13,14,0,227.7083824883744,129.8007459433883,2384
13,15,0,230.2013039233664,112.6020522125884,2465
13,16,0,242.4870068720071,309.9744609474824,2437
13,17,0,202.4346251059123,21.42943816008674,2242
13,18,0,175.6061263096398,18.15789421114469,1972
13,19,0,142.3094723650883,15.38732158694083,1593
14,0,0,128.4383574390613,22.22295449059348,1378
14,1,0,161.3313287367748,16.99259089853934,1770
14,2,0,206.3697779696398,122.5037761974166,2073
14,3,0,212.1899517111269,23.47831031865928,2279
14,4,0,213.936977890546,27.78380509592148,2271
14,5,0,213.4507267647965,23.52705356043628,2314
14,6,0,215.6837574175369,24.02969213406644,2323
14,7,0,226.3214829875692,27.16241758888037,2420
14,8,0,219.9669533673011,24.34882673080898,2387
14,9,0,228.6845759687234,25.69181862228431,2488
14,10,0,215.3089253612641,23.70118318818511,2349
14,11,0,221.3517874294344,23.89869135172796,2431
14,12,0,224.7658092994203,40.00950677935207,2438
14,13,0,242.8124244632085,387.7292325597805,2360
14,14,0,229.0026392211813,100.1107233967772,2439
14,15,0,211.6516428528415,21.63503926908781,2384
14,16,0,220.0505980025711,112.7453959960133,2356
14,17,0,205.4455080535054,21.58950712520749,2296
14,18,0,182.4063231907256,32.92712907689747,1967
14,19,0,139.0432388715918,14.91317947326843,1539
15,0,0,120.3695662475121,12.96136511923147,1301
15,1,0,162.1043006775328,56.98018233697711,1708
15,2,0,189.2872922425865,20.46747579019778,2036
15,3,0,209.2115718399814,27.49617304660453,2237
15,4,0,218.5499349913761,40.72485080497426,2297
15,5,0,219.1827459878305,28.51387031474833,2325
15,6,0,221.3533085010883,26.04828603151901,2365
15,7,0,216.3273353047992,91.75332726181209,2287
15,8,0,219.7954238484125,31.38833208625343,2350
15,9,0,211.8084111451108,50.94518959740007,2247
15,10,0,229.191337472764,28.82443982524073,2452
15,11,0,223.0052361067099,25.18791730316041,2430
15,12,0,221.5116583383933,23.96298805317451,2432
15,13,0,223.8362889486104,37.93099653897514,2413
15,14,0,223.3595961102895,70.78190351256812,2409
15,15,0,215.9972865608354,24.63350091066382,2366
15,16,0,212.4127892533932,22.57334534011887,2358
15,17,0,206.5482124716965,22.19051788382929,2281
15,18,0,182.688543629742,19.41272232691887,2031
15,19,0,140.2139239341092,14.94321547161532,1560
16,0,0,118.8205619576121,12.63755315612869,1296
16,1,0,176.9723803183348,386.4340410651452,1681
16,2,0,174.4814000450882,18.98338732146622,1892
16,3,0,200.6737520191492,24.91595918495563,2138
16,4,0,237.9281547742489,879.5792658575843,2239
16,5,0,201.0898808249436,21.26377856588513,2201
16,6,0,228.7933478450164,310.4777312381124,2276
16,7,0,213.0860134399997,43.76293321672891,2253
16,8,0,211.1044283450555,22.96820609235597,2290
16,9,0,206.0588283935479,22.12934715252946,2243
16,10,0,217.5286026209088,25.23776245666161,2348
16,11,0,209.7113361106647,22.19555251478874,2316
16,12,0,217.0662242409429,193.5426894591725,2240
16,13,0,226.6551004792044,341.6448239021058,2274
16,14,0,223.0016893336832,56.94274458508187,2366
16,15,0,213.6585722064466,23.07566984104798,2340
16,16,0,215.319759859698,85.52685495584119,2327
16,17,0,209.2074521161138,24.69821697310136,2293
16,18,0,199.5868199270943,343.0009626270848,1974
16,19,0,143.2898935112531,39.67312468586989,1535
17,0,0,114.6779977134118,12.21271935864538,1241
17,1,0,145.8044751430538,15.71729067688321,1568
17,2,0,170.4388359493626,18.63006409675532,1843
17,3,0,174.7861976981256,18.97224871173022,1895
17,4,0,180.7303095080291,19.26939297529746,1971
17,5,0,195.2383732406271,21.07457144534026,2118
17,6,0,192.7504590393677,20.57935165540208,2116
17,7,0,205.3777052012302,192.5447945666646,2104
17,8,0,201.3992354249229,22.73977005481237,2147
17,9,0,195.2488936541622,20.67705880876629,2157
17,10,0,200.8683921618899,22.25443246098397,2166
17,11,0,199.5144591919943,21.02449567928426,2204
17,12,0,201.7732347485935,21.37605777426435,2222
17,13,0,192.0043415601151,20.53216981185107,2113
17,14,0,209.7510695082914,22.81471643699854,2287
17,15,0,197.8298850142873,21.20537928706191,2184
17,16,0,199.0378111351243,21.51869111692737,2203
17,17,0,205.9001534130887,114.956434098413,2154
17,18,0,171.1920290082583,20.16758332923548,1874
17,19,0,133.2189765471305,17.82778195822754,1450
18,0,0,98.86803638462672,11.00036634677208,1053
18,1,0,122.5103829432037,12.93907757055024,1328
18,2,0,153.5631093825568,42.45503121430867,1615
18,3,0,170.2174670475868,25.53630382649716,1811
18,4,0,165.8626849047889,17.54534729481576,1816
18,5,0,174.6287187654976,25.68530455761092,1841
18,6,0,176.1242321094212,65.13082715892872,1820
18,7,0,172.4874440336818,21.34628322176298,1851
18,8,0,169.5968285819634,18.42900040005996,1852
18,9,0,166.9278616496812,17.36736626827899,1849
18,10,0,180.8816181755585,53.40131710470145,1887
18,11,0,169.3086580178627,17.83647094942917,1865
18,12,0,176.3338808674622,19.01727640213549,1921
18,13,0,178.7620893137124,19.14225384932872,1961
18,14,0,176.4495392293867,18.21789530378373,1975
18,15,0,174.5845658249239,18.58210452769348,1924
18,16,0,173.1008481727963,18.07135896192873,1926
18,17,0,176.1310303340381,18.68365402475163,1952
18,18,0,150.3885996418529,16.11403212385632,1660
18,19,0,110.6114360366061,11.86287927198301,1222
19,0,0,75.78095471511753,8.20362154929693,812
19,1,0,95.89898474938535,10.29339316623455,1036
19,2,0,110.6123649293283,12.2886315410558,1198
19,3,0,118.4021100537014,12.86857647840641,1280
19,4,0,132.1426854074467,13.90763589430281,1448
19,5,0,141.3390771698233,48.47007052472862,1440
19,6,0,143.2759000559421,162.1941879406274,1428
19,7,0,138.8490690246026,19.74668995658818,1473
19,8,0,135.0127029433638,14.70041052079539,1472
19,9,0,130.374191259519,14.2167906006225,1414
19,10,0,129.1275295554274,13.736680665742,1427
19,11,0,139.2027853520295,234.2956557370304,1369
19,12,0,130.8005635936024,14.03472585459771,1445
19,13,0,135.7912063128958,38.91984651370828,1463
19,14,0,138.7921285695874,15.10173713915009,1510
19,15,0,140.3585322722863,15.08770232775484,1556
19,16,0,126.0031694300801,13.02910897924684,1428
19,17,0,126.5678260777719,14.02501177736773,1393
19,18,0,109.8211758800453,11.42057068176003,1233
19,19,0,91.70490407679434,9.46173999821864,1034
