# mesh name: boxMesh_1
# primitive scorer name: doseScorer
# iX, iY, iZ, total(value) [MeV], total(val^2), entry
0,0,0,67.52748469462026,7.895154252638375,693
0,1,0,84.60616048713239,9.415854748499722,875
0,2,0,106.1079715577441,26.6016070270748,1052
0,3,0,115.9500672794803,13.1202576552588,1197
0,4,0,116.8258247752498,13.37640468974351,1207
0,5,0,131.9790713565076,29.79216243058904,1322
0,6,0,139.6258362062822,118.6531502892565,1345
0,7,0,131.5262538713882,14.56337366084556,1391
0,8,0,129.9850211855716,15.08816218668076,1348
0,9,0,128.3627794648936,14.19160146263837,1355
0,10,0,129.3822668481334,14.13166972691048,1380
0,11,0,129.8548174868017,14.94708915954877,1360
0,12,0,131.8622696251012,14.2593381715967,1421
0,13,0,131.6333481925754,14.40383568119373,1418
0,14,0,129.0298362072918,14.24060540807504,1397
0,15,0,139.8090549772255,241.7274289030528,1346
0,16,0,133.1225207684529,14.91837795339244,1412
0,17,0,121.6367571997004,13.18269547332068,1325
0,18,0,102.4011044021837,10.66651501933966,1128
0,19,0,81.04109679508592,15.34866955972942,868
1,0,0,84.58733946806944,9.797371241809156,851
1,1,0,107.2126598831018,12.27453903242972,1095
1,2,0,134.0639124666483,22.01081126678632,1343
1,3,0,157.5865203860187,369.575108824948,1437
1,4,0,168.2467693885073,210.0998121225489,1582
1,5,0,162.4118393958337,47.15787504934915,1626
1,6,0,180.5583588657602,641.7141959958132,1615
1,7,0,163.357935497779,18.75860570275815,1678
1,8,0,160.4266731255076,53.99523311284136,1633
1,9,0,170.9067804815177,45.55676175173738,1728
1,10,0,165.4910675157967,22.81825054538542,1722
1,11,0,184.1510506976574,119.7766453932981,1788
1,12,0,178.9808104690134,112.2233791693134,1755
1,13,0,173.048935683226,82.98734246424384,1742
1,14,0,157.5453261618103,16.82249786554657,1712
1,15,0,188.9376478036353,593.3119057177565,1732
1,16,0,158.3464996987844,17.38384192969177,1722
1,17,0,158.6301933179505,18.10576539916717,1678
1,18,0,138.3251127245048,20.57936603208278,1453
1,19,0,106.9649093721317,11.47331693924968,1160
2,0,0,104.4303493465674,11.96357819667865,1064
2,1,0,128.5992589833326,14.9435065905696,1302
2,2,0,143.633581048117,16.34757721709714,1469
2,3,0,164.2957745514803,18.77281137377591,1693
2,4,0,179.2169287442459,20.78143661765258,1830
2,5,0,182.1132045913504,20.27139839950615,1887
2,6,0,203.6266396396107,93.48769957051043,1991
2,7,0,191.7069055639077,21.4674925962116,1999
2,8,0,213.3336378792293,897.8980422616911,1941
2,9,0,181.0997586485655,19.67980322510964,1927
2,10,0,184.3075275266776,20.49962062505761,1933
2,11,0,179.7665399552067,20.65652768376848,1882
2,12,0,195.3880776764713,21.68603071327433,2074
2,13,0,192.4927505654651,20.78568782911853,2066
2,14,0,194.8518569131378,22.04637641953236,2053
2,15,0,194.6376787161615,21.58984758378024,2091
2,16,0,185.6802752930143,19.97166544218491,2021
2,17,0,183.6224967848369,70.13728147858112,1925
2,18,0,150.7397323089821,21.40082523408521,1603
2,19,0,118.2762820624377,12.05270884436924,1323
3,0,0,110.0892187758997,12.27941621701917,1141
3,1,0,143.6871969656283,29.05594890141962,1417
3,2,0,159.891222092042,18.11842363528429,1642
3,3,0,187.0776099567694,21.28307837684774,1917
3,4,0,180.8073788133729,20.21436382401728,1877
3,5,0,196.766392498338,22.1238124352163,2041
3,6,0,194.1226330610231,21.49660211185622,2034
3,7,0,221.2921095478148,180.7640160920896,2079
3,8,0,208.2646511678031,23.19830048284274,2184
3,9,0,213.6418564647754,24.02145253237349,2236
3,10,0,210.2232526503903,24.00084852960579,2206
3,11,0,206.0656714691213,23.0426741304031,2171
3,12,0,205.0314514796128,22.69204321169355,2176
3,13,0,214.6207195917106,23.60534614106076,2295
3,14,0,202.0586504857006,22.50938042043441,2173
3,15,0,217.5475129632037,102.9233917914098,2261
3,16,0,198.1998915403386,21.44158960219117,2133
3,17,0,189.6096589063939,20.83897750630306,2055
3,18,0,163.2000630136814,17.79720678961111,1760
3,19,0,148.8374127276479,70.81742725713023,1510
4,0,0,117.0939937962536,16.60045517422799,1176
4,1,0,139.1224146518507,15.46014151176026,1446
4,2,0,195.2404724426204,374.4290664156084,1781
4,3,0,189.5585029304163,20.85564597821216,1978
4,4,0,202.4966035732912,22.81216092516551,2092
4,5,0,215.7065355184236,66.07534453110844,2131
4,6,0,233.5847882898578,183.2564958401154,2239
4,7,0,208.0298273784525,23.2107503175066,2182
4,8,0,216.3472760865059,24.19730049643058,2256
4,9,0,208.0371362370281,22.73247534870172,2206
4,10,0,222.7055631673958,43.23409516346771,2320
4,11,0,216.8314605111477,24.22014499941803,2292
4,12,0,218.380411157905,23.89017616679008,2325
4,13,0,218.7900376180822,23.58666478107166,2349
4,14,0,225.6580830134893,165.4857231416544,2279
4,15,0,223.247699758926,24.9077751706778,2360
4,16,0,201.6670781342131,21.91467858951139,2183
4,17,0,190.2798525411951,20.02563601862365,2114
4,18,0,177.915468768444,20.05565515218702,1926
4,19,0,133.5851620475393,14.85955884415575,1465
5,0,0,117.3449259267301,13.29647948369826,1200
5,1,0,152.8072852173287,17.62981414336079,1547
5,2,0,166.7759336051875,18.94838160016304,1706
5,3,0,194.1085785591778,22.80173091820276,1948
5,4,0,207.0207212388461,23.52938012625624,2128
5,5,0,214.8413804532605,35.81047921084718,2152
5,6,0,221.244857077462,37.59082628194904,2241
5,7,0,219.4241787802418,26.65315666825632,2258
5,8,0,222.3776363598958,25.81893089878558,2279
5,9,0,235.8314380530042,208.4268480627273,2368
5,10,0,228.2502357747402,36.99531958139308,2343
5,11,0,213.0699748087247,23.26061447021777,2277
5,12,0,223.2430992663892,23.92215642636498,2416
5,13,0,219.0916609784885,26.34102153134517,2350
5,14,0,216.434600785015,23.66985865983395,2339
5,15,0,219.7222926879281,109.1278101887932,2277
5,16,0,214.8536991483175,23.12298612727398,2338
5,17,0,198.9531945180476,21.19431359464027,2163
5,18,0,166.7970072468362,17.32217687797555,1841
5,19,0,137.3311838240371,15.50245568169044,1507
6,0,0,148.3105659158945,443.2901487567643,1275
6,1,0,164.710836909338,214.8940451354761,1542
6,2,0,182.062896915396,23.138014169524,1854
6,3,0,199.851819335517,133.8291364387385,1940
6,4,0,210.4151162705746,23.87765874105451,2167
6,5,0,267.7611473159398,636.3641843431585,2299
6,6,0,211.0336280166997,24.70943938953756,2179
6,7,0,227.490844752724,26.55378833865104,2334
6,8,0,216.8294221810447,25.69516695316977,2269
6,9,0,222.6697301318767,25.10221019878023,2351
6,10,0,231.8757937049247,89.32169432986908,2312
6,11,0,216.4230856250425,23.59128193949043,2309
6,12,0,228.9422689615127,136.7183008044208,2302
6,13,0,218.6504821259813,24.05914679636842,2333
6,14,0,209.7205054772879,22.43422248982147,2289
6,15,0,219.6663849825393,24.01781925437142,2365
6,16,0,220.2850537961724,29.71196871832753,2324
6,17,0,207.1336320425362,24.97683405162193,2215
6,18,0,168.9221937144613,18.37561472034767,1827
6,19,0,137.5915862067214,14.86642644715295,1494
7,0,0,123.1735354910599,22.56033788759917,1233
7,1,0,159.0360678605975,19.94987003849342,1618
7,2,0,184.1412215042751,44.47766924881723,1795
7,3,0,204.1662316812696,23.13351105707504,2096
7,4,0,201.9881834215355,22.55425544508051,2101
7,5,0,212.8850435075226,24.75247323296747,2183
7,6,0,229.8361054355385,37.78798229546574,2346
7,7,0,224.9771241542132,25.47331240375742,2344
7,8,0,220.2632320440004,24.30687804780917,2323
7,9,0,228.4861304391811,25.42939062663851,2422
7,10,0,225.6361553403786,25.58920632216535,2366
7,11,0,219.8457746459393,23.6340952857834,2360
7,12,0,216.511016451385,24.29831127373194,2293
7,13,0,220.8189258297331,23.66439062676616,2389
7,14,0,237.4584058129351,131.4641015821161,2374
7,15,0,226.014710689759,30.63239547620874,2402
7,16,0,216.3163102436969,25.80364908177172,2315
7,17,0,193.7766354080143,20.40175514230411,2123
7,18,0,180.7293514428991,19.96162941126926,1941
7,19,0,140.2830789773659,16.03137285331898,1495
8,0,0,130.1077483877711,14.92208630662611,1330
8,1,0,161.2352281342209,18.04273720582617,1650
8,2,0,177.5175783918364,20.00172405216393,1809
8,3,0,201.3625582159837,57.85994069895393,2006
8,4,0,202.8449662149242,23.33391078580384,2064
8,5,0,217.1614735772122,24.98848779027413,2231
8,6,0,218.3770389142599,25.1587662867523,2266
8,7,0,215.1408307231878,23.7029531839919,2253
8,8,0,229.6309288701348,45.46643023034738,2359
8,9,0,240.1129283919281,162.0972590042359,2436
8,10,0,229.3964323395455,31.93261818058417,2405
8,11,0,240.3727882356262,632.0279603829779,2302
8,12,0,217.1640707416655,23.76889093015927,2321
8,13,0,222.6666816139174,24.43674583588648,2383
8,14,0,210.7028383647411,22.81391591096962,2265
8,15,0,257.999544436963,895.0607819275464,2449
8,16,0,219.4536057896732,24.04030197495263,2359
8,17,0,201.3280022904887,22.63614667197019,2170
8,18,0,180.2262611423597,20.89967083209671,1930
8,19,0,131.3057604889763,14.10464236190144,1418
9,0,0,116.7776709717692,13.77168294065791,1187
9,1,0,148.1748679814488,16.71854566685787,1511
9,2,0,183.8953564495148,207.3405471537277,1732
9,3,0,209.0833193488566,100.8709484352982,2005
9,4,0,213.3334124518658,24.10311729435731,2201
9,5,0,238.0761388858545,114.7213314270495,2309
9,6,0,218.0865120196348,25.2720337523072,2237
9,7,0,218.9320265603566,24.28487994976617,2295
9,8,0,225.2255085849295,24.97450712294679,2377
9,9,0,220.3506739446118,24.95545549416933,2295
9,10,0,235.226900703244,88.54842653896428,2370
9,11,0,220.4337611755412,23.90066591798711,2364
9,12,0,215.7982351494591,24.03563983821623,2294
9,13,0,219.7613287661269,26.98191067120992,2354
9,14,0,225.7809094807217,25.17963993075096,2412
9,15,0,216.3545652473166,51.87872480893747,2261
9,16,0,216.9309244369371,24.02028417606418,2328
9,17,0,199.2277147623518,27.61186881567489,2134
9,18,0,170.8837702820103,19.0218532652951,1828
9,19,0,139.7368815593946,15.64699598611732,1515
10,0,0,137.3630322570441,133.3367577883439,1287
10,1,0,155.4764885835065,18.51383770661666,1555
10,2,0,174.4558653314581,20.1598341283428,1773
10,3,0,194.7431426324855,26.61603909039999,1999
10,4,0,204.804907036342,32.1996558007338,2093
10,5,0,220.9278514202349,24.77929125150163,2275
10,6,0,224.6560441992056,25.70569870155044,2312
10,7,0,217.644997563782,24.51629873545248,2263
10,8,0,227.0838593876727,69.94326149276333,2296
10,9,0,235.5641750001435,208.0074151108433,2346
10,10,0,232.202601464367,150.0131885384892,2311
10,11,0,232.7132943841188,25.15112507028671,2491
10,12,0,222.1052520020613,24.35996360835779,2373
10,13,0,221.5404643994033,24.46165414302756,2366
10,14,0,225.2823601302995,24.51954481048784,2420
10,15,0,220.7588240188416,33.07990937406485,2383
10,16,0,217.3782407545718,23.66384794327281,2343
10,17,0,200.7362110354733,21.92629916901048,2175
10,18,0,166.5697279475064,18.45538531389791,1795
10,19,0,140.4670083803039,15.10599391106189,1532
11,0,0,119.0061316361991,13.17067370442111,1235
11,1,0,157.4946543141872,18.05813832092097,1606
11,2,0,176.1293534313229,20.55684943319805,1785
11,3,0,194.893397752624,32.19800942242259,1949
11,4,0,209.3337324275877,23.9915207935844,2132
11,5,0,208.9789544423667,23.02814510566858,2187
11,6,0,211.5886170246786,23.7833345610513,2201
11,7,0,225.1248108846142,34.25066238336652,2303
11,8,0,229.4797652965105,26.08895312267751,2410
11,9,0,223.5876459103003,25.88381985028533,2317
11,10,0,212.0229744427443,23.10812632748792,2252
11,11,0,226.4644892666512,25.01830711481895,2392
11,12,0,229.6711886497681,25.95503382208227,2408
11,13,0,251.2929003725276,1116.264473826455,2344
11,14,0,222.106662812365,25.9953760665503,2360
11,15,0,252.6485639411552,725.3573525365222,2430
11,16,0,219.9247971754924,40.55456533238929,2345
11,17,0,207.5497829998303,42.06026078422391,2182
11,18,0,176.2433852003732,19.51103837593403,1890
11,19,0,140.862221162942,15.23364214699417,1521
12,0,0,118.9355311071561,13.55429531117414,1217
12,1,0,147.3275083110237,17.08565178792762,1496
12,2,0,173.9283704990462,19.38123262736559,1797
12,3,0,199.5980755559675,22.46354510942394,2057
12,4,0,236.851550094753,662.3099090984406,2158
12,5,0,215.4698164389985,24.4142685109576,2230
12,6,0,211.4142871665188,23.55698798712763,2214
12,7,0,219.8102406015514,25.06379462723602,2257
12,8,0,225.743726221267,25.63897539152119,2340
12,9,0,232.731255115381,143.1500598821453,2313
12,10,0,232.9964367709594,49.95929796050302,2389
12,11,0,231.0448655876314,27.93258552646151,2427
12,12,0,230.9529943193529,29.64762900985718,2413
12,13,0,229.1227178893137,315.9613930714621,2301
12,14,0,220.3816282235235,26.32357337686012,2373
12,15,0,243.8390685077249,219.7693329293736,2419
12,16,0,210.5393387126795,23.65287716849003,2276
12,17,0,201.6132300498413,22.00757084836806,2175
12,18,0,177.3676834535977,64.23772189072396,1865
12,19,0,137.5386786145474,18.73969062569614,1468
13,0,0,114.5777342851551,12.79673354313586,1180
13,1,0,148.0264314216221,16.49131092330985,1527
13,2,0,178.0396996211111,20.99746686704364,1820
13,3,0,197.5553160243461,23.09853977206625,1995
13,4,0,207.1863131445512,23.88210990803021,2124
13,5,0,217.9331669625396,24.92029236832748,2235
13,6,0,223.2176715850409,43.09576274482399,2272
13,7,0,224.8376825543203,43.03342852284646,2314
13,8,0,218.6017493452695,25.15592414524357,2246
13,9,0,223.03927580181,24.52939987098339,2349
13,10,0,220.8042228583125,24.40239404821176,2350
13,11,0,220.604964338226,25.09112299035265,2334
13,12,0,246.7026147483491,402.8873227888677,2402
13,13,0,216.9332838827712,23.73277660802832,2326
13,14,0,218.1481634335467,121.2270721022479,2263
13,15,0,230.417812849082,95.48035151952804,2407
13,16,0,221.9633278413197,104.6210080090057,2307
13,17,0,194.4047056968729,20.76081383344384,2111
13,18,0,182.9786324048303,181.3625678488737,1849
13,19,0,157.6647154106857,480.0146772779309,1455
14,0,0,127.3221631500417,41.47656707026061,1235
14,1,0,148.5955651571429,16.33806226853177,1538
14,2,0,191.5425393663827,57.27768526435303,1864
14,3,0,192.0180554855678,21.8316289505802,1956
14,4,0,211.5549760975651,57.85853817072913,2116
14,5,0,213.139399553173,134.2903008787591,2100
14,6,0,219.9636754103154,25.22238482843201,2275
14,7,0,227.0393330646941,26.45435529905486,2318
14,8,0,221.2433401388597,24.98561807598985,2311
14,9,0,216.7825738060457,25.29038198352245,2234
14,10,0,217.7821306776728,26.02479952748362,2302
14,11,0,223.5350874600703,25.08109174580861,2350
14,12,0,211.1488976714435,22.62576044783833,2273
14,13,0,215.8830430244777,24.19394904884873,2288
14,14,0,221.4040273727196,24.58623552359502,2364
14,15,0,227.3474592345383,328.8136741531221,2239
14,16,0,215.189733638614,23.05408130195225,2335
14,17,0,216.5377016160004,93.44032236938266,2211
14,18,0,190.0563598784107,530.0752876261789,1840
14,19,0,135.5379335402659,14.2161606010626,1501
15,0,0,125.5489512884961,89.45927491798648,1190
15,1,0,146.2344792477485,16.63569927789176,1495
15,2,0,170.2288424662688,19.52439399495843,1730
15,3,0,186.6608034073908,21.8178641646108,1899
15,4,0,222.0703596735188,154.6766189546454,2122
15,5,0,209.6988368740026,92.81831671888565,2072
15,6,0,211.0546063467781,23.83599456948631,2200
15,7,0,213.8522134656227,24.08401222449076,2219
15,8,0,210.0309599788175,23.29643617168226,2211
15,9,0,223.495045186875,62.70768297376583,2242
15,10,0,229.5312021862552,161.5635200282819,2293
15,11,0,221.8782849371135,31.41518424734667,2315
15,12,0,210.9000939457086,22.87307413049072,2255
15,13,0,213.8020838240954,23.64275255912257,2279
15,14,0,222.9789493891262,24.35166813172701,2380
15,15,0,216.4274966858841,23.97893562282131,2318
15,16,0,215.8240591842515,83.9000660747531,2242
15,17,0,217.545152568018,587.5732296604365,2059
15,18,0,167.8762327591075,18.31242935214503,1839
15,19,0,132.7240607211932,14.76251777947267,1433
16,0,0,124.5087047967754,117.62610902833,1122
16,1,0,136.0690964721191,37.40202646526764,1345
16,2,0,165.7942155595807,26.32043155565387,1660
16,3,0,174.1744942845797,20.00189747530851,1785
16,4,0,192.1789103959977,38.38819427498163,1940
16,5,0,203.251458288267,69.92744154823117,1994
16,6,0,195.4348330233227,46.03970705231773,2015
16,7,0,198.0314280868924,22.26860206344225,2066
16,8,0,206.5773724150132,25.13708731147121,2161
16,9,0,208.2272598895655,23.28574256442677,2167
16,10,0,198.6657696637677,22.87144761776062,2059
16,11,0,213.6247590119552,76.70222597840558,2159
16,12,0,205.2478696037788,22.60397346475497,2188
16,13,0,205.4943630175597,22.21097343242752,2209
16,14,0,210.409560466542,23.28904495179875,2247
16,15,0,204.8135277320624,22.5930445965094,2204
16,16,0,198.1549463764999,21.67557532531367,2132
16,17,0,188.8794433723683,20.1945779795944,2056
16,18,0,169.5922564743441,18.39191542085426,1840
16,19,0,131.5527220147193,14.24467357907218,1445
17,0,0,97.43626843299833,11.52232277913528,982
17,1,0,125.9070139064514,14.81916565816264,1272
17,2,0,150.1045258367566,17.04314968755045,1532
17,3,0,156.0490051998069,17.65389726470245,1600
17,4,0,177.2818271604465,20.07441393032128,1828
17,5,0,171.6917287623342,19.41540590577868,1770
17,6,0,179.0993592147505,19.62509446248476,1886
17,7,0,209.688074479501,363.0907879354061,1944
17,8,0,189.105032822061,21.33760418934523,1976
17,9,0,183.2562910190982,20.69860081980059,1911
17,10,0,184.7734562696791,20.34189366984229,1972
17,11,0,186.4314544629184,21.28762488194027,1970
17,12,0,196.400437338868,41.49737676710011,2035
17,13,0,213.3893861616666,324.9440752703666,2113
17,14,0,187.9506849775804,20.64187802372868,2019
17,15,0,189.8135769660134,44.16085693222167,1977
17,16,0,192.3416727029184,20.53791525087478,2111
17,17,0,179.8296382977647,19.2917614482707,1956
17,18,0,148.8448702522173,16.00412616896867,1626
17,19,0,124.0615496848606,13.45722441789072,1351
18,0,0,86.29166837103558,9.831730113427016,882
18,1,0,104.8770910974325,11.69192670050357,1093
18,2,0,129.0522549618389,15.02942311955141,1304
18,3,0,140.6173274299356,15.93219935892113,1445
18,4,0,150.9665574328497,17.33185565029216,1534
18,5,0,171.6432072656217,221.2369016909973,1638
18,6,0,158.7038736133703,19.81489181516252,1641
18,7,0,158.1838576577039,17.37535024415857,1661
18,8,0,180.7428079965498,388.9798252811736,1701
18,9,0,159.7095350467545,18.1529791458697,1657
18,10,0,160.489050773338,18.46156542418943,1686
18,11,0,183.8170344623707,495.5058457523664,1728
18,12,0,168.4684934623735,18.85403035838409,1772
18,13,0,179.0447887788004,94.52093824139972,1790
18,14,0,180.3504028687941,266.6585576428203,1754
18,15,0,159.4286591226094,17.36995112436724,1708
18,16,0,172.7971522204095,21.06739258544444,1826
18,17,0,197.7871985964975,1650.99994462415,1708
18,18,0,151.7089206135278,101.9471520334899,1449
18,19,0,105.2980656805248,11.84403689665892,1128
19,0,0,64.381657515029,7.137155457236945,660
19,1,0,84.64929258789407,9.806095029474545,869
19,2,0,102.6156009187496,11.68805140970873,1048
19,3,0,131.1232207502937,272.908203521575,1164
19,4,0,129.8060510603283,91.04552044685013,1249
19,5,0,119.5506168334745,13.71390520666081,1244
19,6,0,126.183479946656,14.49228870139691,1311
19,7,0,134.955245711713,15.33723782839352,1402
19,8,0,121.9189515489968,12.92154485587362,1315
19,9,0,128.8568948570463,14.38394548854819,1356
19,10,0,127.1690073006995,14.08537352441535,1342
19,11,0,123.9779291482466,12.81553963595155,1360
19,12,0,127.3456545925462,13.99696732211392,1356
19,13,0,127.0920901297176,13.08137887625276,1407
19,14,0,140.8586272051254,124.1987408891385,1403
19,15,0,130.8232257832883,14.12978611098773,1425
19,16,0,126.8452947144778,24.16209586807266,1366
19,17,0,114.1693145289626,12.09951612530126,1251
19,18,0,110.7039978650923,12.69156166559434,1171
19,19,0,81.79380008534167,8.710236357083419,891
