# mesh name: boxMesh_1
# primitive scorer name: doseScorer
# iX, iY, iZ, total(value) [MeV], total(val^2), entry
0,0,0,74.69777300070086,8.01774709638798,804
0,1,0,94.63747398280057,9.917038666195674,1030
0,2,0,117.5764795081948,12.57331911362525,1268
0,3,0,123.6266226898988,13.62533528962042,1336
0,4,0,129.2511800186577,14.45682235920598,1380
0,5,0,151.8167974182034,260.0938013970152,1393
0,6,0,142.4711221809388,16.21557402790252,1521
0,7,0,139.8197431311313,88.85046013598792,1438
0,8,0,133.5985240884161,32.1946528093877,1435
0,9,0,147.2972269651851,26.39324448417256,1571
0,10,0,142.0201491809858,23.44368944023914,1559
0,11,0,160.2817662795617,664.4813751517398,1515
0,12,0,136.6704594704455,13.97091494866897,1556
0,13,0,136.3896094128359,14.77073722842781,1518
0,14,0,142.5321167913227,19.52233664467975,1587
0,15,0,136.7320182530203,14.78835665264217,1527
0,16,0,144.3506192145175,15.17794244477593,1625
0,17,0,148.0261665798261,15.81125263564797,1656
0,18,0,165.847026984064,69.61576436283659,1799
0,19,0,132.9822640435064,16.72958530923782,1478
1,0,0,94.4721092312263,10.15622209639891,1027
1,1,0,124.9403571840552,13.56436125200553,1336
1,2,0,147.9053506809899,16.69695985914723,1576
1,3,0,161.3364512762969,18.34224577438986,1709
1,4,0,170.2671489408933,18.92943836266881,1826
1,5,0,176.2433034298088,19.84481491501806,1882
1,6,0,175.8068464975502,27.30903918047624,1882
1,7,0,176.2605904819895,23.73536363587444,1902
1,8,0,181.2232795264417,42.28508640887831,1934
1,9,0,177.5685169545799,18.76734159351442,1971
1,10,0,179.6511462918378,40.83445575194326,1959
1,11,0,177.461324302916,27.32973979057411,1941
1,12,0,177.1777794577001,18.80230807873651,1991
1,13,0,192.7870612308779,149.626804672614,2041
1,14,0,192.3268574328702,21.25500124467024,2143
1,15,0,208.7610373253316,94.79654703242676,2240
1,16,0,196.1403897283411,20.30535768078691,2214
1,17,0,199.9340628230169,21.14002645165623,2251
1,18,0,216.3760926553855,121.8920246593226,2304
1,19,0,175.4060450114925,19.6740272514416,1979
2,0,0,109.337214467593,11.9724901538146,1178
2,1,0,145.2305281006562,23.06371648279803,1553
2,2,0,167.3358750888022,18.1367981714739,1818
2,3,0,186.9341700807949,24.55067252335372,1980
2,4,0,199.9713685163837,183.935993399781,2029
2,5,0,184.6713642847369,18.92052495483732,2051
2,6,0,219.0202180770609,416.2443544376389,2188
2,7,0,203.8544159303053,21.73932986822146,2233
2,8,0,207.9993276338793,210.1181095855312,2187
2,9,0,206.1102661564929,50.15043628300586,2224
2,10,0,195.0270764595709,20.34664146392395,2186
2,11,0,202.3246942615429,21.03126403016094,2278
2,12,0,207.3518488458645,55.2191458798557,2289
2,13,0,209.972887401218,27.58669690232569,2341
2,14,0,222.9653665029723,25.30610597585012,2466
2,15,0,208.9860101100414,22.08903610111707,2344
2,16,0,211.5504059179088,21.940714710536,2399
2,17,0,216.032645546515,22.69585754038291,2430
2,18,0,215.3326993488029,33.11159849049609,2398
2,19,0,176.6577239486753,18.39475517150332,2016
3,0,0,125.1084915040038,14.42109461831852,1299
3,1,0,157.0797640575911,17.84670635987449,1655
3,2,0,184.2389473062764,20.01345507980441,1972
3,3,0,210.8529334989067,107.3215800447243,2134
3,4,0,209.364942572383,59.66511772251507,2152
3,5,0,252.8209535539547,854.6678498319358,2360
3,6,0,212.038807676317,24.20247915894237,2319
3,7,0,223.6838974454976,126.3807101106691,2364
3,8,0,210.4731322288448,23.87936098441716,2290
3,9,0,209.5758693350877,22.37913265213041,2324
3,10,0,225.9877623832386,61.58829917445765,2370
3,11,0,217.9421087711252,22.2921506292019,2449
3,12,0,212.9768343311103,33.22224247974122,2317
3,13,0,233.4976128748093,107.6685583438494,2529
3,14,0,235.7003272782491,129.0689080119033,2482
3,15,0,222.5179984161936,27.3394788711319,2495
3,16,0,218.61138455882,22.78441449180358,2493
3,17,0,222.2042149708018,23.04427822312314,2518
3,18,0,216.5105374991213,22.16498723542543,2468
3,19,0,177.1458490441531,18.46349497848317,2024
4,0,0,142.2195422418533,369.5690631972448,1326
4,1,0,160.7627950927833,18.3020830574528,1686
4,2,0,190.9359623718051,20.51107104808038,2055
4,3,0,206.0338779735202,22.38756024772366,2218
4,4,0,202.5797545588668,21.78443065951655,2207
4,5,0,219.7633510974125,94.34493574174402,2325
4,6,0,218.254163930909,42.57538484130782,2330
4,7,0,219.2703909732105,32.38289215352459,2368
4,8,0,237.7454080830427,79.91776849821656,2431
4,9,0,236.2460064907071,130.6587849714745,2423
4,10,0,223.4222432993625,24.28041227971928,2489
4,11,0,246.3402132923115,810.9298913942137,2443
4,12,0,212.6622897887449,22.45203890239933,2363
4,13,0,230.8568411963677,82.69530542328086,2476
4,14,0,209.4888153776054,21.8526712342219,2359
4,15,0,218.102479656411,22.85660458914456,2465
4,16,0,213.6156791544941,22.58293562922096,2398
4,17,0,218.7722783871328,23.22839832514391,2463
4,18,0,233.663700602655,354.9544253439196,2402
4,19,0,208.6136500995293,770.2599782002452,2052
5,0,0,135.2426683909262,78.76311397312566,1357
5,1,0,165.4193672232732,18.6890896448025,1742
5,2,0,189.6406504925678,23.0834885312124,2005
5,3,0,208.4133549034015,29.1403624327333,2218
5,4,0,215.7364747163977,60.36051318629759,2276
5,5,0,220.6151770193422,24.15876343947,2388
5,6,0,226.8101534880144,24.57762774243867,2462
5,7,0,207.584677317789,21.80358643384796,2309
5,8,0,222.3359300000984,24.30804540438271,2427
5,9,0,237.7392388319862,449.4575176316505,2380
5,10,0,214.0715727386682,22.44727429690336,2385
5,11,0,214.4242307083379,22.83763839031298,2372
5,12,0,220.3735968579657,23.36466069851337,2451
5,13,0,220.4398649377403,24.22916566727131,2420
5,14,0,233.1824993628003,225.9661740039998,2482
5,15,0,225.3933801738576,23.65912036429811,2538
5,16,0,214.7578237123406,21.90573320464746,2460
5,17,0,214.7271182646825,21.11975312055903,2512
5,18,0,217.9376704320077,23.04676284274274,2463
5,19,0,184.0427214758142,19.75732278805503,2056
6,0,0,130.3206357285979,14.69263499781874,1384
6,1,0,172.944526027805,63.17575546004335,1763
6,2,0,195.6592678886978,23.93553358705701,2081
6,3,0,212.9197879218356,42.13588492601364,2214
6,4,0,225.601877901192,132.191092333362,2342
6,5,0,214.2052062995812,23.30330641871213,2317
6,6,0,226.2236933577406,160.2815829413969,2313
6,7,0,216.9934942048468,23.96428485246396,2348
6,8,0,208.4907776345157,21.7424712008454,2342
6,9,0,223.4520073250236,23.12717086771533,2499
6,10,0,243.0077660786542,161.9279525958798,2482
6,11,0,219.4945287743489,59.29171465380738,2413
6,12,0,219.9828278841236,22.85218473865067,2473
6,13,0,212.9441699562701,22.37581322673105,2389
6,14,0,218.8318254854433,22.81625667679287,2470
6,15,0,220.5084568573412,22.83456048992119,2495
6,16,0,225.3689456134815,23.26573811908687,2554
6,17,0,216.592882201349,22.77894791069955,2458
6,18,0,220.0385371340307,23.07292004623561,2491
6,19,0,188.677789811889,29.41671668717111,2145
7,0,0,124.2642938251063,13.36812662058805,1348
7,1,0,166.298377461334,18.24410095664308,1784
7,2,0,184.318063191339,19.26822994569591,2020
7,3,0,227.108866709901,320.4757443328335,2259
7,4,0,217.475588778927,24.54938408601055,2336
7,5,0,231.0427513306066,55.50252901347493,2423
7,6,0,223.6634823535384,31.2608584874087,2356
7,7,0,217.9571501140698,24.31852297835056,2353
7,8,0,221.9102554625154,23.89767520350047,2415
7,9,0,228.6940634026973,62.95763156448989,2443
7,10,0,231.1779018326972,95.36087310750531,2457
7,11,0,215.0988323801169,23.35909403493534,2385
7,12,0,213.4842057589589,22.7090330308392,2380
7,13,0,222.0111571110541,23.17725898881648,2503
7,14,0,210.3565065765126,21.68060833469326,2368
7,15,0,218.230668313851,22.23476790941999,2466
7,16,0,219.0000446113062,23.21845981141816,2455
7,17,0,219.4061064440226,23.01057634174522,2480
7,18,0,214.4767567839091,21.51265713018836,2463
7,19,0,186.7576288567484,20.07814419351871,2107
8,0,0,130.3600502759153,14.44298156812897,1390
8,1,0,155.9447987006572,16.769134970548,1683
8,2,0,199.1514749656594,22.60748875419042,2109
8,3,0,207.2432160156387,22.43621757128842,2224
8,4,0,216.9679448326084,23.29005011245844,2356
8,5,0,222.9225792196308,42.97849238470577,2361
8,6,0,219.2831513987701,32.25254845821385,2368
8,7,0,244.0741972951162,306.9934425674884,2426
8,8,0,227.8975551787611,24.1821974410827,2505
8,9,0,227.7912026330033,44.6897871091641,2433
8,10,0,224.6791003344017,63.11286019536526,2419
8,11,0,216.6122453152121,23.60550928333543,2370
8,12,0,219.7414033304592,23.14542414684949,2475
8,13,0,217.17690512715,23.94718762075287,2397
8,14,0,222.9893197955913,24.45133659315638,2481
8,15,0,229.9656839912914,43.5100416762931,2527
8,16,0,226.6879552049032,29.07322281662285,2553
8,17,0,217.6093502576186,23.08843672124027,2467
8,18,0,219.324981934881,125.6104145598383,2412
8,19,0,181.4500811638373,18.51907403612937,2089
9,0,0,121.1391209687548,13.22839457272872,1305
9,1,0,167.9087152894295,18.84385884016377,1764
9,2,0,185.9968523787618,20.39453779699054,1991
9,3,0,200.7686223639778,21.7869740511493,2171
9,4,0,217.0067085921995,23.71163579498673,2350
9,5,0,214.2693376444524,34.57764133917342,2331
9,6,0,235.6335012899419,273.7218602864484,2386
9,7,0,213.0859362096932,23.52922284384666,2309
9,8,0,215.7604876077771,23.67386222598826,2359
9,9,0,228.6215863455824,25.67366645679555,2490
9,10,0,256.9612562310957,368.6481188012145,2514
9,11,0,217.8217592540481,23.19575359966284,2409
9,12,0,225.3122408978436,25.49298020484231,2479
9,13,0,233.8295940118089,211.2944383436904,2473
9,14,0,232.1325753135556,150.2951392521858,2465
9,15,0,228.3713891738072,89.51373419315071,2482
9,16,0,222.8743323475493,79.89787571452553,2438
9,17,0,214.5395149781274,22.77648576009828,2413
9,18,0,231.3356607825254,194.8901634200719,2424
9,19,0,176.1295509370087,18.16781144106775,2032
10,0,0,129.1209005500554,14.11166394660467,1400
10,1,0,156.0853609383251,17.60049463116543,1653
10,2,0,183.3890337764203,19.65299749246619,1987
10,3,0,213.2667790586231,23.55153390017017,2289
10,4,0,225.7938948625462,114.8979143521233,2342
10,5,0,220.7044548628838,60.08922862694577,2297
10,6,0,235.9433718115305,255.6210781196203,2363
10,7,0,230.4717441746189,399.2551875857553,2286
10,8,0,222.3037231565119,34.76416963497694,2400
10,9,0,220.4526405944053,23.47947729132119,2426
10,10,0,227.4255291970759,29.31509693034344,2491
10,11,0,223.1907815106895,23.7586144416899,2474
10,12,0,216.4394806138065,22.80035188567379,2407
10,13,0,208.5626090907382,21.68121670124895,2356
10,14,0,228.0416762462458,39.14007012086464,2514
10,15,0,223.4964172659334,23.63156304113425,2494
10,16,0,221.4925752623971,22.91051731227256,2520
10,17,0,220.2676986308596,23.17421428133684,2479
10,18,0,222.2134182920243,24.17670954483477,2489
10,19,0,216.7052073702707,893.4973316427177,2056
11,0,0,127.0656677015305,14.15463172769484,1334
11,1,0,166.6168703213964,18.55858175696557,1766
11,2,0,190.5152330054461,43.45327069235139,2028
11,3,0,207.5247209615439,26.76197218830779,2218
11,4,0,210.865117103727,22.70418374852485,2298
11,5,0,212.9092420687276,22.949347224155,2333
11,6,0,214.7726108311372,22.88313526554165,2352
11,7,0,223.1264899657396,24.67388104660111,2420
11,8,0,223.6008097764638,35.6483604251722,2424
11,9,0,221.0740413573073,28.77343668471142,2393
11,10,0,246.0075793908644,792.8190983213437,2406
11,11,0,217.8134230309489,22.81635263348315,2421
11,12,0,227.2564643319762,24.07715030171836,2540
11,13,0,213.7881063094626,22.37899521960006,2408
11,14,0,222.8669644321084,23.25671853689575,2523
11,15,0,236.6335099491508,200.8642731294196,2446
11,16,0,214.3570441904451,36.61442592213056,2360
11,17,0,223.0487788909035,45.18270085007288,2484
11,18,0,224.5155132315996,24.81662363791777,2480
11,19,0,176.0417774234448,18.02441890869809,2025
12,0,0,125.2679850207608,13.91327048189672,1346
12,1,0,164.6268895676903,18.90664388378984,1734
12,2,0,196.8155007146223,22.59120361734545,2086
12,3,0,211.9326530790074,36.01487356359149,2229
12,4,0,217.4024583220937,23.45261566446183,2362
12,5,0,223.4698258278771,24.03326986329223,2417
12,6,0,217.007478625025,23.26719898278112,2382
12,7,0,219.1114209194003,24.2960252280152,2391
12,8,0,233.4344098139603,112.5090691436806,2448
12,9,0,214.5784997153067,23.36791604255605,2387
12,10,0,224.0696634787856,24.36656117096485,2457
12,11,0,216.4068270866992,22.8202349934147,2417
12,12,0,218.0592285363271,22.94493659412079,2449
12,13,0,220.4423517614764,53.0267458694932,2398
12,14,0,229.0930789507537,42.1429158559286,2512
12,15,0,215.3315633923556,22.37006389080149,2461
12,16,0,216.8999142260739,21.99357542344746,2476
12,17,0,215.0683982710668,21.83721722655866,2468
12,18,0,233.2201264424345,25.1253384733702,2609
12,19,0,180.8877495633115,18.65348716806571,2064
13,0,0,121.9933835321395,12.80463302034936,1327
13,1,0,159.4615284208509,17.23820121684561,1718
13,2,0,192.8507473461241,21.55181027496079,2059
13,3,0,203.1891937687198,68.87116659628006,2115
13,4,0,222.4107890705228,92.26658463269877,2328
13,5,0,219.0673916873351,23.6613903577489,2388
13,6,0,212.5771688232782,22.87369610080844,2330
13,7,0,228.892946142462,26.10762666633331,2469
13,8,0,227.9027517628124,196.9911148065529,2372
13,9,0,222.2561451564996,24.76872966438786,2402
13,10,0,220.1656320034384,26.32636280772131,2407
13,11,0,219.9185139730599,23.51458973671313,2438
13,12,0,226.1548949264914,26.00271443725055,2505
13,13,0,219.353588327238,22.96648306292857,2495
13,14,0,220.1336689627556,23.05737883132642,2467
13,15,0,229.997199812653,89.92197807733393,2484
13,16,0,213.3558451034058,22.00186354292141,2433
13,17,0,230.6049162811819,167.9867172143993,2449
13,18,0,222.8647275216027,73.88132153904409,2459
13,19,0,194.8819218684045,136.5650265244762,2035
14,0,0,125.9333442325615,13.91844023756773,1353
14,1,0,157.5090491399517,17.57092486781799,1692
14,2,0,182.215859006949,19.20581042516748,1979
14,3,0,209.734974769831,22.94952947304695,2246
14,4,0,221.0994069531622,24.99365811168448,2363
14,5,0,231.3879290394498,217.4807846374447,2347
14,6,0,236.4516774602266,329.2204236654785,2375
14,7,0,223.7993829845292,23.91451884327875,2453
14,8,0,221.1473219021047,65.30581965002153,2371
14,9,0,215.0220695942203,22.65366398659371,2380
14,10,0,226.2542591663331,24.75669117672104,2460
14,11,0,228.8765178138664,26.77135709984423,2508
14,12,0,229.6255077519814,271.9007064551217,2408
14,13,0,213.4422865427229,22.59736606965995,2396
14,14,0,213.179893445639,22.19655792531796,2414
14,15,0,223.8458055933979,86.81177871448577,2467
14,16,0,211.2659805997561,21.45962786661923,2410
14,17,0,218.9394315874846,23.00602651182487,2489
14,18,0,215.9265752157766,21.62390882367146,2497
14,19,0,176.9626211046907,18.35702302014118,2024
15,0,0,124.5624374371838,13.88999654025543,1325
15,1,0,155.0301977114697,16.55703046614769,1682
15,2,0,183.4359676205324,19.96730715215086,1973
15,3,0,200.9107160105325,21.9696814787293,2141
15,4,0,221.888128735037,24.84217115254429,2384
15,5,0,212.206712836671,23.09166411770224,2297
15,6,0,221.5667028638683,154.7887487769433,2289
15,7,0,218.8924832618921,24.66001468793541,2376
15,8,0,219.3675069254382,25.7656098363174,2381
15,9,0,228.8721652265342,54.89586396277095,2494
15,10,0,213.9697743862558,27.6682083516755,2358
15,11,0,220.4098402656402,37.54466645485347,2441
15,12,0,234.3745219594344,64.95478213177495,2511
15,13,0,212.3763306933811,22.0707781087887,2378
15,14,0,220.4761577884946,31.62086151321309,2408
15,15,0,224.9962298958408,25.20372580232118,2527
15,16,0,229.3421411206134,24.88199400247149,2540
15,17,0,216.5621740894742,22.72662194527343,2447
15,18,0,235.0217527028837,131.7514109252963,2470
15,19,0,191.2403228518412,44.41967518274402,2084
16,0,0,136.4701825573316,40.87938075826995,1382
16,1,0,154.2289692863699,17.18815138572561,1651
16,2,0,199.7845347413373,499.5003364668989,1897
16,3,0,199.024026442519,22.19435729942454,2123
16,4,0,200.7690981968822,22.33700269157313,2159
16,5,0,204.6683128862471,21.67634027675845,2245
16,6,0,216.2931982582732,23.41685494969835,2362
16,7,0,203.6757686430929,21.9295674274616,2228
16,8,0,226.4354316363495,314.8566015975865,2312
16,9,0,218.8851621696425,23.04895980541705,2416
16,10,0,212.6490952720103,22.73536077186451,2359
16,11,0,202.3071686510832,20.756081754777,2274
16,12,0,223.5347736534696,28.9659515175526,2464
16,13,0,230.8163137993166,378.3027892369027,2324
16,14,0,216.4167350858004,23.02107700786075,2427
16,15,0,214.1884657973481,23.09814441600907,2364
16,16,0,225.2619307230883,109.2215090661729,2423
16,17,0,219.3863490771144,23.38090514341068,2460
16,18,0,208.9171932036062,21.71049598069105,2375
16,19,0,202.8337217101275,306.8385936679403,2097
17,0,0,110.2757679910684,12.13811536597189,1169
17,1,0,147.1540131579764,18.76549843250259,1547
17,2,0,163.0429004212984,17.36588362041688,1758
17,3,0,181.744084957051,19.38111337142777,1978
17,4,0,192.3577958656775,20.69574712835632,2082
17,5,0,196.447035089728,21.33984880948054,2129
17,6,0,194.0376223062451,20.45680488838784,2138
17,7,0,195.2829543345796,21.32207791109181,2123
17,8,0,196.6562583135774,21.1789846796179,2165
17,9,0,203.0642180450856,22.18242704709361,2201
17,10,0,196.1282806738292,20.54509940499756,2191
17,11,0,204.054416760732,21.4111497475539,2276
17,12,0,214.9266884548844,113.9367861540639,2296
17,13,0,211.5249562720372,22.63855165185019,2360
17,14,0,221.1110808678897,37.53936866161386,2428
17,15,0,223.8095442811603,24.35435940772617,2481
17,16,0,227.2447790538276,36.89642428938757,2507
17,17,0,218.4420180577875,22.30660628064996,2475
17,18,0,216.1151944422157,23.83221309331387,2398
17,19,0,180.584930589499,27.44537600004681,2010
18,0,0,100.5848202880728,10.84975271064648,1079
18,1,0,124.8890816112441,13.4995597237931,1349
18,2,0,163.0881429539306,124.634444483477,1629
18,3,0,161.2497903360364,17.17528851861015,1757
18,4,0,168.1419831622186,39.55210048255629,1756
18,5,0,172.3968591528825,18.49133603155176,1872
18,6,0,168.606151155543,18.16809792931229,1839
18,7,0,171.7378004403578,18.28977281816769,1875
18,8,0,186.0578055547475,28.0751729990076,1971
18,9,0,187.4562994107549,43.25210922210033,1985
18,10,0,193.8240761974763,158.4361277926388,1995
18,11,0,185.1913701325533,19.22302039163059,2076
18,12,0,187.48167296363,108.8380312998695,2003
18,13,0,185.7170576273423,19.26134583157732,2100
18,14,0,191.5701265831177,19.86224429921501,2168
18,15,0,200.8920421109444,210.9406075905322,2116
18,16,0,195.6215338318983,23.61705235794343,2188
18,17,0,208.8764437782417,22.09482913434729,2366
18,18,0,200.2902885069142,20.47224366396386,2300
18,19,0,170.5902417378078,17.54651361368047,1955
19,0,0,76.83585409860071,8.580173414296583,816
19,1,0,98.03618027472668,10.71530441537403,1052
19,2,0,107.5508941339499,15.62027103330407,1134
19,3,0,128.3651241853723,14.96003745292744,1353
19,4,0,133.0287589664663,14.59946709392198,1429
19,5,0,126.0065502132779,13.63006245721714,1366
19,6,0,131.6440504991212,13.71813154379588,1455
19,7,0,137.9842584756907,14.83227607798171,1520
19,8,0,126.5450727210208,13.99902826900787,1393
19,9,0,129.7889539670336,14.18648967511357,1423
19,10,0,142.9797064502428,131.0500724041426,1452
19,11,0,135.5306838487102,48.3275245771413,1448
19,12,0,134.4838996339241,14.03215029123166,1519
19,13,0,138.0193350176012,14.72649040845661,1553
19,14,0,146.4734730453369,24.91913458478615,1622
19,15,0,149.8092290806035,16.55991552642939,1664
19,16,0,140.7819116990179,14.49725308952254,1599
19,17,0,154.9465369726113,15.88701368838528,1766
19,18,0,155.7974254981619,16.20994815919519,1779
19,19,0,129.8640430026223,13.77664704587633,1480
