# mesh name: boxMesh_1
# primitive scorer name: doseScorer
# iX, iY, iZ, total(value) [MeV], total(val^2), entry
0,0,0,76.81774384520703,8.217466284891323,834
0,1,0,107.5648205869813,64.54109153428799,1090
0,2,0,118.8811410153514,12.83576969801066,1301
0,3,0,134.8786015745697,95.04956065185058,1388
0,4,0,138.7520514798784,59.31823679433296,1429
0,5,0,137.0979777992053,15.1728713859969,1490
0,6,0,138.8256223479901,15.24707572951454,1518
0,7,0,138.9134926968854,15.23998158277097,1492
0,8,0,131.5586761912588,14.49578220280612,1442
0,9,0,136.0655132324518,14.56179433367559,1493
0,10,0,135.7698722485498,20.67327596216782,1499
0,11,0,139.7571322017046,15.41883973417723,1547
0,12,0,135.0828494185434,14.2533758704647,1501
0,13,0,135.9671416122669,15.02097307010907,1483
0,14,0,134.9381686591989,14.07283585495935,1513
0,15,0,145.3970728414267,95.09241287205398,1499
0,16,0,135.9008211388355,13.82099169766147,1544
0,17,0,126.8796829863929,13.7423149213912,1408
0,18,0,115.2986048119467,12.24520785613748,1292
0,19,0,91.06746065116853,20.38562983244414,1002
1,0,0,98.13890421015853,10.872072766194,1053
1,1,0,133.6670662206695,14.5239005161544,1455
1,2,0,158.7651844604051,17.06966120211973,1740
1,3,0,169.2947265024868,18.02637644661974,1843
1,4,0,169.7051485609947,43.83697069564643,1764
1,5,0,180.9692959694253,19.90350390997275,1952
1,6,0,173.194497714133,19.06407846156217,1882
1,7,0,179.5135760931381,19.36610647815343,1953
1,8,0,170.3400257662406,17.41106942751045,1916
1,9,0,171.8997926723235,21.97506773353152,1881
1,10,0,236.4160315230727,1790.231470157853,1950
1,11,0,172.4086948677575,21.63171616149209,1859
1,12,0,195.9597048653578,189.7556156243133,1991
1,13,0,184.4624131189956,42.85838415242644,1975
1,14,0,177.8937049263992,18.71536032956477,1973
1,15,0,182.9956313900307,19.67765158455307,2026
1,16,0,183.4955858733466,24.97871507607759,2024
1,17,0,171.0931413125601,18.34304382295345,1905
1,18,0,153.2063824338163,16.09640693074793,1694
1,19,0,118.2836268480541,12.39689986625565,1328
2,0,0,119.3353045647792,12.96352346045533,1298
2,1,0,146.7760225020464,15.64869912771741,1608
2,2,0,176.1015095446942,19.68514761910614,1897
2,3,0,186.8324970433522,20.38696181760548,2016
2,4,0,194.5905419259953,29.9846060440876,2080
2,5,0,198.1427058865065,31.5017124196124,2151
2,6,0,211.2809863426376,195.117547376335,2206
2,7,0,213.1298212206889,40.76904948806949,2265
2,8,0,200.0709483399535,41.467101837941,2175
2,9,0,196.2374997146422,22.23056126712109,2183
2,10,0,198.9542039854396,21.71641966461435,2155
2,11,0,194.0130644476165,20.13663412578905,2173
2,12,0,205.0172049968109,21.86212777723382,2264
2,13,0,229.2827559492117,185.687917562419,2346
2,14,0,211.0667288098765,33.08531329469616,2320
2,15,0,212.8323939727831,22.64762862389748,2359
2,16,0,205.5487786621432,22.23874492335748,2266
2,17,0,196.648938434634,20.97912638098799,2184
2,18,0,174.2787641651211,18.0535431976439,1958
2,19,0,131.2939570857942,13.7636412455304,1464
3,0,0,127.4658503177526,14.09996921508993,1374
3,1,0,166.2523787628655,21.90524569327252,1777
3,2,0,203.7528359079015,103.4404814911877,2101
3,3,0,203.8033294658607,22.40295238049113,2195
3,4,0,206.1663537620453,22.65450899272805,2231
3,5,0,219.7597082547982,61.28556623807098,2350
3,6,0,216.3343062952985,36.97224897360105,2295
3,7,0,218.7404836190769,242.5398102792037,2276
3,8,0,217.9988257039305,24.19127398119139,2375
3,9,0,217.9086669557594,67.17356096705078,2324
3,10,0,226.6286479621936,204.4907911418467,2379
3,11,0,215.1567652443442,27.65716572022598,2366
3,12,0,216.472022656733,22.83625892916817,2402
3,13,0,207.6075858488238,21.74835633873372,2308
3,14,0,209.484017068022,22.26891077753165,2333
3,15,0,222.5744349472817,56.47897760518233,2400
3,16,0,219.943776526149,94.24625681249063,2361
3,17,0,202.250262936881,21.98121313843556,2244
3,18,0,181.7002230318639,18.91648084037375,2027
3,19,0,135.2784599769195,13.53438165015089,1530
4,0,0,141.816875126542,26.29189572720734,1489
4,1,0,192.0997932645642,459.0580642857491,1840
4,2,0,192.7340530428957,22.19854035505611,2102
4,3,0,212.2125168757193,23.42099706351971,2292
4,4,0,207.6286539487799,22.40171903638409,2263
4,5,0,216.5152218451209,24.30353775363643,2350
4,6,0,223.0444008696369,24.47263309574051,2425
4,7,0,216.1474996634593,23.02203494180997,2385
4,8,0,227.7356484580899,25.251983867321,2470
4,9,0,211.3432982152925,22.08819666273299,2359
4,10,0,235.1165029490284,46.23802263639759,2538
4,11,0,213.3044297911556,22.93061057333662,2337
4,12,0,227.7752142346277,97.32464173978067,2447
4,13,0,219.7055100540708,23.38495597608443,2424
4,14,0,219.2901743510574,22.95251416291934,2464
4,15,0,226.6470300225148,26.52453891159409,2462
4,16,0,222.7527474097436,115.1956074926418,2382
4,17,0,207.0463512236105,22.00374615649058,2307
4,18,0,185.1903017393259,20.29535267521424,2029
4,19,0,139.2702476089072,14.56015367022912,1552
5,0,0,129.168574804284,13.53536736137819,1432
5,1,0,166.4246630682633,51.21959725826138,1739
5,2,0,207.7428861139718,156.6495193892438,2159
5,3,0,211.9340270261397,22.92781065289789,2306
5,4,0,205.2149343528845,28.08050759640894,2203
5,5,0,223.4235030573975,49.47645125869814,2366
5,6,0,220.6683205286644,23.43905420353171,2445
5,7,0,212.3185277410167,22.61585453661267,2344
5,8,0,218.1554750214146,23.16062404082382,2397
5,9,0,235.6005923915294,189.0030277558092,2449
5,10,0,213.3940466775741,22.61032422693374,2372
5,11,0,217.2157632487147,23.82438027821705,2356
5,12,0,217.4370568019472,23.56489047454007,2380
5,13,0,222.8517514899218,23.72276036497991,2474
5,14,0,215.7072551868805,22.97414005908592,2394
5,15,0,217.1759690766388,22.53291108372784,2429
5,16,0,221.830846247441,23.52736854036119,2446
5,17,0,210.1760025435983,22.29011941665718,2335
5,18,0,202.1940133393796,262.5668390414664,2073
5,19,0,139.6632790953769,14.38176039989754,1579
6,0,0,129.6941915342266,14.26035940007268,1410
6,1,0,172.5896909121452,19.1912895894596,1859
6,2,0,202.9676931628853,37.50709689947137,2149
6,3,0,214.7821569559258,49.26081890464311,2274
6,4,0,217.9526394236028,30.33956636287652,2351
6,5,0,238.8689656833257,754.208736080684,2347
6,6,0,222.9834520736102,115.4302785354051,2357
6,7,0,233.020347090654,60.39973421998016,2470
6,8,0,215.5179806962344,23.4867764067001,2343
6,9,0,229.0637227009845,88.08685325501855,2479
6,10,0,221.5669641180907,24.08693863421886,2420
6,11,0,213.5237623900275,22.24666644299179,2380
6,12,0,221.2622480632621,24.03701751938915,2434
6,13,0,218.3875245235504,22.88766039015074,2445
6,14,0,230.1881159398339,26.03439682902759,2525
6,15,0,238.6179328953785,385.8053056266992,2467
6,16,0,221.1054450837878,24.12469606407915,2426
6,17,0,208.6960713779487,23.69196401208597,2342
6,18,0,191.7675804237225,24.67929270362448,2123
6,19,0,138.6760875651547,14.82208653751252,1550
7,0,0,128.1899274394198,35.34418619768569,1347
7,1,0,165.8550553443219,17.33540328313552,1823
7,2,0,199.395724484944,21.77158836683761,2174
7,3,0,213.5114007820575,23.03634443550123,2343
7,4,0,212.9230274616876,23.18322556406396,2309
7,5,0,221.7310606293532,23.39295726450379,2437
7,6,0,231.2413417837059,137.7549424326089,2422
7,7,0,227.4284497832122,79.08264777154116,2403
7,8,0,232.1191263604883,27.02544284546122,2559
7,9,0,229.0773575937237,25.52713545792823,2480
7,10,0,223.4305801364212,25.66332009975109,2437
7,11,0,226.1216668561213,94.50324775895442,2350
7,12,0,224.3020788230059,23.90658372058258,2482
7,13,0,244.9265133813057,257.6199393273529,2450
7,14,0,231.2073269775842,316.2864554619628,2378
7,15,0,222.3625705165556,24.41323338502582,2434
7,16,0,223.4923828612528,23.51146239543245,2490
7,17,0,213.3742651702623,26.71818097500412,2317
7,18,0,203.3271948055482,588.4806217566672,1987
7,19,0,137.734404069687,14.60758569970583,1540
8,0,0,134.0284745889701,15.29023451832075,1431
8,1,0,165.8546382049894,18.40387490747631,1791
8,2,0,208.1836208951237,22.52146294841977,2257
8,3,0,208.9507081550696,22.53873500186425,2286
8,4,0,212.9099404545197,22.23595271796943,2357
8,5,0,223.3595563775299,54.58954253453318,2398
8,6,0,229.8739565590469,176.8955782221911,2358
8,7,0,222.4334129400009,23.68654961067808,2448
8,8,0,226.3725612239782,24.32931190801909,2478
8,9,0,222.7791384062576,24.19704685064229,2417
8,10,0,217.4318808951862,23.7754559571499,2378
8,11,0,224.0495507871448,33.07779716642672,2428
8,12,0,220.2490017786226,28.24063809066072,2407
8,13,0,224.619912331277,55.67474402112605,2398
8,14,0,211.4847999226716,22.17045103206808,2348
8,15,0,219.1374167579624,27.53372603500785,2430
8,16,0,213.5698466948009,23.25052125629304,2351
8,17,0,210.4560022788255,22.58779502862516,2315
8,18,0,178.7439358053162,18.65692980095555,2011
8,19,0,140.2039488865413,14.24679624054026,1595
9,0,0,130.896053921339,14.41889255414834,1418
9,1,0,166.3054152544255,17.88131606150748,1810
9,2,0,191.5066541019331,21.16602517196211,2072
9,3,0,210.5899774904968,22.14051226455588,2320
9,4,0,216.8510443573572,23.14859151394724,2377
9,5,0,209.8420837941181,22.09088892605953,2325
9,6,0,221.9614238848954,23.36154440074621,2457
9,7,0,217.3148149984843,23.13059206389293,2398
9,8,0,221.6850682922729,31.38507967854471,2432
9,9,0,222.481124531458,23.64044448101649,2451
9,10,0,258.3072483948154,771.7425917696584,2545
9,11,0,224.3561591213438,24.26650095785146,2480
9,12,0,224.5313683774696,25.28242071430667,2436
9,13,0,222.7154115485007,23.48322805934995,2471
9,14,0,215.7907885983967,23.24267212962392,2393
9,15,0,245.9896834921676,442.863024776701,2462
9,16,0,218.3693018860656,22.85293424864225,2436
9,17,0,216.7081846618966,25.27594981349471,2372
9,18,0,178.1627184381182,18.56975744592579,1999
9,19,0,137.5339492015224,13.55932954757107,1577
10,0,0,133.4046100470344,13.63667462191253,1481
10,1,0,163.7552894364092,17.2045696471222,1796
10,2,0,204.4636691431099,39.95486195672769,2189
10,3,0,218.717185868118,41.48818895683894,2297
10,4,0,234.967013937302,415.3860042472159,2347
10,5,0,216.8848049163695,23.04583708699884,2397
10,6,0,213.3248023216493,22.8940470884772,2353
10,7,0,209.5103653878606,22.48339632250081,2296
10,8,0,215.4422027734269,22.8215982987467,2372
10,9,0,233.0959496484011,25.86432742287141,2539
10,10,0,218.8216830158624,23.58271497740806,2406
10,11,0,233.940110341282,240.8559306577584,2392
10,12,0,264.1908272269371,1663.223356075223,2288
10,13,0,215.3449834065073,22.49118003577773,2403
10,14,0,213.0800032134341,23.06401761981612,2326
10,15,0,220.6857307165959,23.17342126562862,2469
10,16,0,214.789613795467,22.4986388131607,2401
10,17,0,233.6247321931262,424.3246491608668,2372
10,18,0,179.1671654353246,18.7842410832912,2000
10,19,0,142.1523970843826,14.92885529299806,1585
11,0,0,127.9892938810941,14.65807064950955,1349
11,1,0,167.4061704849134,18.37295259287576,1799
11,2,0,207.8207014274611,64.39260134564245,2189
11,3,0,235.068776124403,695.2964066411082,2275
11,4,0,210.0222573720765,22.54345735137931,2301
11,5,0,208.8508247291101,22.03407885392504,2306
11,6,0,219.9544071971256,23.98229287227906,2399
11,7,0,225.320975594306,24.2793782229994,2464
11,8,0,223.2798141103867,24.69536775235644,2436
11,9,0,222.7044800802077,38.64055812343064,2410
11,10,0,232.8456264080741,175.52420244654,2437
11,11,0,213.8081273680333,22.1602230313278,2384
11,12,0,229.6701368599545,25.38074430297104,2533
11,13,0,217.9132238688512,23.16629821759843,2424
11,14,0,212.1559681975522,22.54420629326575,2357
11,15,0,219.4108796758112,23.43845023260811,2427
11,16,0,219.9332068822424,23.35851580484691,2438
11,17,0,218.2625129412927,23.67381560448257,2401
11,18,0,194.5095861072523,21.1467008527354,2151
11,19,0,150.2630163368844,34.97488198067638,1617
12,0,0,131.2454050633204,14.22935569191674,1419
12,1,0,179.6752463515415,75.63686161405028,1826
12,2,0,193.4446477064249,20.72932362711845,2116
12,3,0,202.7412659420743,21.14101549158136,2239
12,4,0,224.803401240094,24.51156372540395,2439
12,5,0,224.7829721840206,29.51655456810304,2460
12,6,0,230.8969831672989,49.78559665735558,2493
12,7,0,217.3600248699675,28.13851611652092,2351
12,8,0,222.67519278908,23.81296729112886,2454
12,9,0,215.6293773131629,22.73047082701389,2395
12,10,0,232.6876901139976,93.26957028780609,2447
12,11,0,222.8621065358407,23.53245029375962,2481
12,12,0,223.9241431152242,76.91180073692961,2413
12,13,0,211.6374573511952,22.33603431584025,2369
12,14,0,223.6113148777769,24.04836125122394,2483
12,15,0,210.6081712922488,22.19702252316973,2355
12,16,0,233.2069974601544,191.6370612012465,2402
12,17,0,197.2771383144878,21.09101360520875,2208
12,18,0,186.9309959018695,20.18324948067399,2076
12,19,0,149.5847285085559,22.07124412071635,1631
13,0,0,154.4862071986741,581.1523016646956,1434
13,1,0,169.595653802093,18.2964838403281,1845
13,2,0,196.6612682450394,21.48353811841215,2129
13,3,0,215.2095228401952,23.26244906104479,2344
13,4,0,231.2418483697597,93.23893805584007,2417
13,5,0,223.5772168812914,36.42915896889776,2375
13,6,0,211.7004003743718,22.56649985705444,2328
13,7,0,220.8830242024197,24.13571392768395,2397
13,8,0,224.5437725920547,24.36433203297416,2466
13,9,0,220.6875770206032,24.35539916971744,2400
13,10,0,215.3493349335514,22.72002192122538,2367
13,11,0,221.2197321863735,23.73465981457412,2430
13,12,0,229.5317144672819,24.589498413027,2531
13,13,0,218.3538473845809,23.07117875356203,2424
13,14,0,219.0439416953091,23.54552256677028,2423
13,15,0,221.2136762123681,23.05449460146801,2478
13,16,0,211.4267079115168,22.15471954348186,2351
13,17,0,207.4452539982815,22.05228063352242,2309
13,18,0,195.8475622270876,81.43389590846506,2089
13,19,0,135.983350462643,14.14306496872443,1539
14,0,0,139.8341355687864,107.5337095560066,1417
14,1,0,163.2195160760651,17.86347689198839,1765
14,2,0,183.6311379254123,20.26795693856661,1976
14,3,0,225.885770472783,171.7987075539429,2260
14,4,0,220.0950581586838,32.50771755386909,2328
14,5,0,213.4925179159001,23.55138785904013,2315
14,6,0,242.719399221573,319.547159421568,2414
14,7,0,225.0607284976219,27.15032163113987,2444
14,8,0,215.6407984027858,37.27569391381432,2359
14,9,0,219.824693582119,29.44489303507996,2389
14,10,0,213.8866704570473,23.36489202915362,2340
14,11,0,233.9273117891778,118.5026768630766,2476
14,12,0,214.2744276853697,22.75124199401267,2380
14,13,0,221.2100749795083,23.33315231475493,2447
14,14,0,220.1566125279033,37.78382430726266,2368
14,15,0,217.5273230528662,22.83323027010852,2438
14,16,0,211.940581365967,22.65310003760193,2365
14,17,0,212.9344129467919,33.54005351013625,2322
14,18,0,189.5971986020228,26.25771463235229,2087
14,19,0,139.5095051417104,14.75144719732777,1549
15,0,0,133.6652483410521,15.29515753044581,1418
15,1,0,160.4500665857063,17.13722059366198,1764
15,2,0,190.6719111007968,21.19770273819986,2088
15,3,0,212.1778104874291,30.54152841154243,2259
15,4,0,227.1707043192274,68.4202625096583,2416
15,5,0,228.2016808686278,25.70623424509963,2455
15,6,0,216.3351234458908,24.41826342817661,2312
15,7,0,221.327275165159,54.53892281496145,2370
15,8,0,248.7013765852257,1098.007751178752,2346
15,9,0,221.3355633671329,54.10852659150414,2385
15,10,0,223.05456652673,45.2001077036735,2427
15,11,0,217.9243763138965,22.95834765338011,2425
15,12,0,221.4293046988817,23.45916253324505,2454
15,13,0,218.3998947194501,24.38467975204163,2425
15,14,0,219.4877878948042,39.85687721927412,2380
15,15,0,213.800119985066,22.3370837350346,2380
15,16,0,220.5083200329647,38.72908929499415,2404
15,17,0,225.3603881941312,166.6794905287903,2380
15,18,0,193.4096574485047,83.00616894829508,2075
15,19,0,136.9179614773074,14.64140393023519,1528
16,0,0,123.4072636193458,13.05261680129507,1362
16,1,0,159.4123223924308,17.49209351729083,1736
16,2,0,184.3263005032312,19.35634661166306,2027
16,3,0,203.6419622943276,22.08550208997607,2208
16,4,0,208.6278621627662,21.97488594868098,2303
16,5,0,208.256570655958,23.10744662732545,2247
16,6,0,212.7807692274777,22.94715924329653,2326
16,7,0,204.211129151499,21.26624823651139,2276
16,8,0,235.4888497681248,608.4715317096658,2310
16,9,0,207.9185752442928,22.67160353100704,2290
16,10,0,230.8345580045595,141.7749703890862,2326
16,11,0,212.914928567608,27.13842884802222,2349
16,12,0,218.4610950262355,22.9687095325608,2426
16,13,0,211.0562629540163,21.95660079302025,2358
16,14,0,213.4671100701828,37.01437451379945,2343
16,15,0,238.6803552298327,284.7484986905808,2405
16,16,0,203.7549831305527,33.6583207724827,2262
16,17,0,210.1916173136266,70.97858876532369,2241
16,18,0,187.335404127548,25.15730275785546,2030
16,19,0,142.5493512839267,16.66385121009109,1563
17,0,0,116.2414352717515,12.42186869314006,1271
17,1,0,149.1414125833633,15.97140529235648,1638
17,2,0,176.1098205354432,64.21073199461675,1816
17,3,0,187.4569582360834,20.24241837542635,2051
17,4,0,200.9041893193811,74.81841882400542,2080
17,5,0,203.1747224818172,25.5881793645136,2226
17,6,0,205.0251511237738,67.82024288911644,2144
17,7,0,196.6529457756343,21.02902193779658,2147
17,8,0,198.7714359280992,21.82862523609574,2165
17,9,0,210.1260512850911,56.01435711405544,2231
17,10,0,198.937986050158,23.67854120752116,2168
17,11,0,204.3147524126913,22.04673670313477,2246
17,12,0,199.7175247537593,20.29301038186043,2242
17,13,0,202.1280133370572,21.46053064715171,2255
17,14,0,222.1934260289401,111.9564979157912,2347
17,15,0,221.0014911788943,109.6545522044855,2307
17,16,0,199.339234873364,21.00343832725475,2231
17,17,0,203.8761448835407,27.85723241254376,2214
17,18,0,177.4053935967256,18.94858914181185,1974
17,19,0,138.3397909612351,15.75789268533749,1499
18,0,0,108.5302375325534,11.63395924428863,1184
18,1,0,137.2375312880332,14.78730765252439,1502
18,2,0,154.2366333657719,17.07387446325053,1674
18,3,0,172.5415688268099,30.46811551126274,1831
18,4,0,174.2454173578853,30.9276505730211,1892
18,5,0,180.2098268965919,61.40778725645028,1885
18,6,0,173.2566160453874,18.57421137613307,1913
18,7,0,171.6583631729075,18.59728855284933,1869
18,8,0,177.4456969876789,19.75077873922952,1920
18,9,0,199.347677974875,267.7498179586392,1977
18,10,0,183.6385901312245,68.24670671676743,1939
18,11,0,202.1416804917074,154.5974324869839,2023
18,12,0,176.4385125268606,19.07067853184602,1947
18,13,0,184.9480385041772,57.44257341482497,2016
18,14,0,184.8962849777873,20.67417959526082,2028
18,15,0,179.9535521032342,20.24717154120198,1969
18,16,0,176.1228207069381,18.16612999170351,1978
18,17,0,178.358402801885,18.82449084246867,1982
18,18,0,155.3027757512135,16.58056713786533,1723
18,19,0,118.6683990863989,13.33457779365552,1293
19,0,0,74.42032732063583,8.382412103399581,795
19,1,0,112.2607448915592,12.79722017871684,1200
19,2,0,115.1276941166925,12.08344991555192,1271
19,3,0,126.2685079583462,13.50008954760074,1387
19,4,0,132.0515454593484,13.87490591846615,1453
19,5,0,131.3779898426005,14.37656574890691,1421
19,6,0,132.0331385096345,13.99149986512784,1459
19,7,0,141.0575669096006,14.80715026793158,1557
19,8,0,128.9268570251369,13.53638389146657,1438
19,9,0,132.3692897655139,14.14154993715075,1455
19,10,0,131.4777629693165,14.13843209954681,1456
19,11,0,127.4650042190431,13.98083553831502,1398
19,12,0,130.5975198389782,13.34961233204783,1473
19,13,0,129.4265007327783,13.52944188857768,1440
19,14,0,137.9761943786499,14.2053550611046,1551
19,15,0,138.4608232774183,17.32103671042803,1524
19,16,0,132.2976915849231,14.06773490335605,1483
19,17,0,130.1673868614836,13.4010451683709,1466
19,18,0,115.5767352060924,12.33646000989616,1296
19,19,0,86.34806239313605,8.841644484761797,976
