# mesh name: boxMesh_1
# primitive scorer name: doseScorer
# iX, iY, iZ, total(value) [MeV], total(val^2), entry
0,0,0,74.09916304885606,8.479359911783556,763
0,1,0,89.60533728499229,10.06660711742225,933
0,2,0,103.380740942653,10.98154647681395,1100
0,3,0,127.605162463327,60.75673835482447,1273
0,4,0,123.7129436815718,14.58351122973848,1265
0,5,0,130.2163975550762,14.28716358017607,1387
0,6,0,131.7581450445991,14.34884615203737,1395
0,7,0,128.2536550793138,14.22377873163835,1357
0,8,0,135.6583918722132,54.29919223301394,1395
0,9,0,147.8041124959456,82.13556611859364,1464
0,10,0,131.7777169231321,14.66640021777165,1419
0,11,0,135.9824966697607,121.3699179517075,1355
0,12,0,142.8407394181877,135.1436421807297,1417
0,13,0,138.9561894431666,15.11452563958902,1525
0,14,0,129.5593689886992,14.48771538957189,1388
0,15,0,150.1856047655247,374.9933446829916,1429
0,16,0,146.2900731200345,208.8375306401909,1454
0,17,0,135.5509549134398,59.07366153841227,1425
0,18,0,128.795984555933,204.8778979882853,1223
0,19,0,93.29622188540246,10.30211538580509,1024
1,0,0,89.94898633982062,10.37982522424268,911
1,1,0,108.675856855566,12.84946950561144,1109
1,2,0,129.7373357645886,14.41345761039793,1356
1,3,0,150.5026028040157,17.3650912834467,1549
1,4,0,152.7219873832552,17.21706950704228,1603
1,5,0,178.2834330546791,75.87127691568276,1781
1,6,0,166.0390748459267,18.79685231487798,1723
1,7,0,172.6809626151602,42.18826348649245,1792
1,8,0,171.3063169082232,55.7729143020856,1771
1,9,0,180.6760365041986,211.564213524535,1791
1,10,0,166.0696858769662,18.63156030610448,1763
1,11,0,158.2645112235362,17.01747193286227,1704
1,12,0,170.1343055677675,18.51395960886675,1828
1,13,0,171.1814948053352,18.95289103836791,1840
1,14,0,209.7083281904588,634.8401547642864,1884
1,15,0,178.2174974340245,20.19305818568268,1920
1,16,0,202.0455360516188,857.0397909552734,1884
1,17,0,169.2043562222862,18.64232846979487,1841
1,18,0,149.0393389239589,16.17762482719449,1662
1,19,0,119.504344354061,12.98590725378505,1311
2,0,0,103.2326881915397,11.51684139591885,1085
2,1,0,138.0239051339022,27.55166435293237,1394
2,2,0,154.5881550973829,17.59729004109029,1605
2,3,0,158.8755625604145,17.71498022658506,1676
2,4,0,176.4615281981742,19.61071198573973,1849
2,5,0,185.3465138478893,23.83996931287272,1956
2,6,0,177.2117370315959,20.36273660647849,1858
2,7,0,198.3990222945646,22.11707079786756,2084
2,8,0,203.1969913055252,70.57833142867376,2082
2,9,0,197.0222550918919,40.85386661988512,2031
2,10,0,185.2290219985813,20.45412970432147,1978
2,11,0,195.8134503078216,21.79670860607765,2082
2,12,0,212.7872652296855,208.8891167245155,2096
2,13,0,192.1976364120727,20.86179850185039,2086
2,14,0,198.9543954936977,22.18658217540341,2143
2,15,0,194.4411439755714,20.43162165281272,2142
2,16,0,207.0737203645,29.38737213106605,2228
2,17,0,187.5009474443694,19.71822412935061,2086
2,18,0,163.0076290993475,17.51986316431483,1796
2,19,0,131.1988065959807,21.67086933944136,1451
3,0,0,113.4501550382204,12.37785853138665,1202
3,1,0,160.3380499510789,208.977177887589,1495
3,2,0,172.3639798508624,28.19490109489508,1754
3,3,0,186.1366564041926,27.52064289457207,1936
3,4,0,189.1581420534431,27.64586412094653,1956
3,5,0,215.6344594315921,270.7417512353235,2106
3,6,0,203.3643632892195,32.46869661735821,2145
3,7,0,211.9910927555048,23.59921637900443,2227
3,8,0,203.0466167474317,22.56471329595712,2141
3,9,0,214.5293559440447,37.20267842679858,2247
3,10,0,217.2023085352718,75.84560993016332,2210
3,11,0,212.3485563816896,32.68731090677976,2274
3,12,0,207.4534544444858,22.43503472019123,2250
3,13,0,223.9167501664695,42.36137133328851,2371
3,14,0,211.8449497890688,25.92050515201928,2316
3,15,0,208.4850775200937,22.66048945218092,2280
3,16,0,208.7022767403487,23.15928681807423,2314
3,17,0,198.037656510598,20.55115175578876,2208
3,18,0,174.7439388698297,18.27691966495393,1946
3,19,0,146.2751844396467,16.02010611029487,1594
4,0,0,128.8691492535144,100.9388512143799,1216
4,1,0,141.8923764673945,15.94166520928123,1475
4,2,0,166.6430201400611,18.59966272164321,1741
4,3,0,209.4484618700471,230.2427559462596,2037
4,4,0,203.0618890439685,23.92334068065366,2118
4,5,0,208.3977362780574,31.59849026775208,2152
4,6,0,212.0434392978604,145.4013284045331,2101
4,7,0,218.8388584668279,24.46980467721127,2304
4,8,0,211.8997811574762,23.74562227269052,2249
4,9,0,214.8147743459998,42.77335387274888,2283
4,10,0,223.7258379355603,126.5739515092218,2309
4,11,0,215.6371513275304,24.28322616546637,2303
4,12,0,249.0038725448437,953.9904693784171,2343
4,13,0,219.329297111375,23.79533001844938,2400
4,14,0,221.5360338854116,24.53259108347153,2397
4,15,0,221.2492377218472,24.04945269710984,2435
4,16,0,246.1321703328922,541.1363276856886,2399
4,17,0,205.7950892272123,22.49007600745634,2246
4,18,0,176.960205126518,18.21390190697085,1991
4,19,0,147.7096793738827,15.18099829483579,1661
5,0,0,128.702800666684,97.75699411248203,1204
5,1,0,153.5213558978702,16.80657504206803,1600
5,2,0,183.0910236369667,20.52297459518937,1900
5,3,0,203.0795939459588,23.95938438982434,2074
5,4,0,219.480563400397,34.43343876749383,2256
5,5,0,208.797891262312,23.37382368511206,2194
5,6,0,230.032528277747,183.8061211186131,2246
5,7,0,225.9995846015693,27.23543722567826,2393
5,8,0,232.7347910295983,54.1051496566601,2408
5,9,0,221.0318709916887,53.99130086410644,2332
5,10,0,217.7203851462659,23.89531794508919,2339
5,11,0,216.8561731091569,23.77708028978228,2316
5,12,0,225.8209457056651,30.35811997926393,2390
5,13,0,215.2129262220704,22.80525919894659,2354
5,14,0,238.9553773787808,166.7653379100598,2494
5,15,0,235.0363354738667,153.5879633116334,2395
5,16,0,222.9787634452483,23.68336379574269,2436
5,17,0,209.7259680590823,22.66211009540015,2313
5,18,0,192.3575650617396,22.74592409525165,2119
5,19,0,139.5874230595777,14.4190751409617,1573
6,0,0,130.2264386079111,17.57206803560829,1323
6,1,0,161.020284578843,19.02239110128135,1655
6,2,0,195.2220013681773,316.1190309381171,1861
6,3,0,205.3433785866345,31.30776132354285,2086
6,4,0,224.1254027385319,38.95469496790304,2293
6,5,0,223.1441831399572,58.03431479393688,2301
6,6,0,223.1891833190324,26.56473570913214,2339
6,7,0,218.2518329827805,24.53747750307673,2296
6,8,0,232.8746213277605,114.8307111381257,2372
6,9,0,217.1148710224409,26.99801828940398,2350
6,10,0,222.3950562690488,24.85612674029128,2355
6,11,0,222.66665175369,24.85202081486427,2367
6,12,0,215.9867290591333,23.24356875058035,2364
6,13,0,212.8915551165876,22.82414379191341,2337
6,14,0,217.5317408609943,23.09922614243228,2396
6,15,0,226.4725162578161,196.5650787016244,2351
6,16,0,224.9587805640185,85.53917179982528,2381
6,17,0,206.8993806398474,23.54558759032319,2283
6,18,0,184.1385663920072,19.83333389887736,2044
6,19,0,145.7675285329035,15.58838107048836,1615
7,0,0,127.067396176979,15.50679257005305,1309
7,1,0,170.4910202916428,64.80106425701155,1696
7,2,0,178.1434773283277,21.97511390216442,1862
7,3,0,221.2290388663759,275.460640153662,2115
7,4,0,208.5759356084843,23.3453050376475,2201
7,5,0,213.8790946082898,26.51467482572061,2244
7,6,0,230.4737967581859,346.7035295472758,2236
7,7,0,219.6136303272915,23.96521847600786,2337
7,8,0,222.7923314071406,44.51496127129241,2352
7,9,0,237.6517833431757,165.7156223038237,2404
7,10,0,218.9990410669294,23.99244639110653,2348
7,11,0,224.2384347094995,24.24013401902253,2430
7,12,0,228.4064291791946,112.6171551159344,2381
7,13,0,233.7998370209556,133.8846209845283,2443
7,14,0,205.6825551612935,22.15473844467781,2252
7,15,0,222.5897786592149,26.41514782248817,2397
7,16,0,210.9223143432746,22.73362061310695,2309
7,17,0,220.3163928938652,47.38005957287194,2378
7,18,0,193.9737319477636,30.47295816730683,2092
7,19,0,143.9587601331831,15.8765014000203,1583
8,0,0,128.8593188204893,21.767793535404,1310
8,1,0,154.1998097271644,17.42735237158374,1594
8,2,0,197.1027870100967,22.93535823036628,2005
8,3,0,196.9145839357074,21.57469480974132,2070
8,4,0,201.3513801579612,22.45397059065762,2113
8,5,0,227.225052568652,157.5208516258818,2279
8,6,0,223.5630617963306,25.91516558180578,2326
8,7,0,222.5835611015081,24.54343604418371,2363
8,8,0,222.9086276569555,48.45978083044416,2313
8,9,0,235.1941690343381,152.3221736504621,2377
8,10,0,224.0662205975447,24.46381617584281,2419
8,11,0,228.8106786110561,27.04274811335008,2438
8,12,0,225.3655427036102,24.70095197579586,2413
8,13,0,215.5529306477031,23.28974476107958,2357
8,14,0,206.2383161647816,21.82722512647086,2296
8,15,0,216.8771228238438,50.88793564399013,2338
8,16,0,220.7177298554788,83.49153082272367,2361
8,17,0,220.8361809153074,162.5154960786921,2313
8,18,0,189.4753941412829,19.57015922993429,2132
8,19,0,144.561852952232,15.52334849222595,1614
9,0,0,119.8466401336521,13.1982200621318,1255
9,1,0,163.2044970304349,131.277269139844,1567
9,2,0,172.7150111104374,19.71006073048146,1804
9,3,0,213.9884792348981,238.7302367414899,2073
9,4,0,222.0319072403789,24.07192979408249,2351
9,5,0,226.5671793336257,27.63315220235607,2355
9,6,0,227.3440062439599,74.27434830477235,2316
9,7,0,224.5802811530348,51.26352440985043,2353
9,8,0,223.0450670351914,24.7819609134255,2357
9,9,0,224.4652399210366,24.7144621131598,2393
9,10,0,220.076636331978,23.67581136685619,2378
9,11,0,227.7332296100304,41.12397159531452,2419
9,12,0,225.1126815652075,24.97267457238771,2411
9,13,0,216.4779778725386,25.60818767136768,2312
9,14,0,225.7506546950829,23.6055474577126,2485
9,15,0,222.1245975147422,23.3496729556467,2464
9,16,0,227.9563595877777,25.38235772129042,2501
9,17,0,219.0866263206823,23.92886260445541,2401
9,18,0,187.9391909671477,24.72740990054256,2021
9,19,0,143.9297743536805,35.93104008998231,1560
10,0,0,131.1527111224317,102.1873115548712,1270
10,1,0,156.7244752477276,17.29770599469673,1640
10,2,0,184.5564414455254,20.8775718811042,1915
10,3,0,204.3581419480369,23.02222528211377,2116
10,4,0,225.7926778681006,173.5133941512109,2245
10,5,0,214.5435545006085,24.38107295143346,2231
10,6,0,228.2502018816441,25.83151172400923,2384
10,7,0,213.6378897813114,23.51267416595937,2272
10,8,0,220.6233305901515,23.50771475550495,2392
10,9,0,222.9053056471001,24.09828906686606,2399
10,10,0,228.1877770458905,76.03743329126164,2381
10,11,0,238.3021297462601,207.4629744813548,2324
10,12,0,228.349956547264,24.62500743290992,2489
10,13,0,218.2417329563819,43.94830718478752,2316
10,14,0,223.9765414280112,24.06021055734297,2456
10,15,0,237.0051070994271,318.8952611460656,2425
10,16,0,214.9601903074838,23.39172604002871,2348
10,17,0,212.6016766213429,22.26423651899362,2362
10,18,0,181.3819581367798,19.16148352912348,2008
10,19,0,144.6455573958877,15.99266463950416,1597
11,0,0,125.537665127393,14.73023160979344,1293
11,1,0,156.4803623866978,17.63010614921654,1629
11,2,0,176.8508159626973,20.46026392536653,1816
11,3,0,200.3961995519448,23.13727821584962,2066
11,4,0,206.8942061824973,22.99573794908817,2162
11,5,0,213.9206108131589,23.95156994506394,2247
11,6,0,216.102639812758,23.39386105542909,2312
11,7,0,226.0370779500316,24.76920748968563,2392
11,8,0,228.8710405718297,112.3846602937848,2344
11,9,0,222.4198848489045,32.81986552355865,2316
11,10,0,207.118338874627,22.96681614219301,2232
11,11,0,224.162162227046,24.64197884399962,2395
11,12,0,219.2098334027823,23.27115177208428,2389
11,13,0,223.3126315709482,24.71287457730688,2410
11,14,0,223.817144049762,34.44928164545507,2394
11,15,0,220.162737755727,23.70888281863984,2402
11,16,0,222.9557263075393,41.27657277197503,2421
11,17,0,208.124191944641,22.66286948542199,2293
11,18,0,184.3812509557269,19.69730487027147,2041
11,19,0,144.8826657847487,15.69139610880335,1592
12,0,0,129.5946587474253,15.06036333698543,1315
12,1,0,150.1980857288375,17.12869438140261,1543
12,2,0,177.3373575976017,20.08068416360067,1845
12,3,0,199.003726287004,22.51612072308118,2054
12,4,0,217.0503300202879,24.55040979359073,2272
12,5,0,210.0356657100299,22.83792506221354,2241
12,6,0,220.5405180083365,61.16575164600851,2248
12,7,0,213.1339438105754,23.49295996097377,2260
12,8,0,229.2293270937568,136.0394334239698,2328
12,9,0,229.8970648335278,25.29110479048519,2460
12,10,0,236.3661034716183,91.71961122352184,2447
12,11,0,221.120791607404,24.26042374595477,2376
12,12,0,218.5900637261795,39.31332256714749,2337
12,13,0,215.6813961988314,23.33765054029045,2360
12,14,0,216.6434201773101,23.53149734086161,2378
12,15,0,237.8688512740245,52.27093234376468,2557
12,16,0,235.9820251182097,132.6821036692575,2418
12,17,0,205.7094570742117,47.78421483939427,2231
12,18,0,185.9251155372653,20.4792368650964,2036
12,19,0,155.9852354299965,152.8974671307226,1584
13,0,0,116.3004020959847,13.29252694956495,1205
13,1,0,193.3220003185628,704.2702973555829,1614
13,2,0,182.432096215046,20.34752639158839,1903
13,3,0,191.2965572522176,21.78319654223345,1990
13,4,0,215.0346329214723,133.78802592669,2138
13,5,0,220.2884085854166,24.14024322572723,2337
13,6,0,218.2540201534574,92.3124366162201,2215
13,7,0,211.3302188177071,23.11348954597592,2249
13,8,0,224.2826620045409,25.63016773371404,2380
13,9,0,225.3176697600221,24.70761589043202,2406
13,10,0,218.2472579498576,24.07005326946576,2335
13,11,0,232.9530461301416,74.98777787664112,2392
13,12,0,224.7259164222814,24.52598319568903,2429
13,13,0,213.689142180011,22.80063575511637,2349
13,14,0,220.1512194914248,44.10641632042974,2335
13,15,0,222.5427405735252,24.48502062435632,2438
13,16,0,240.0653550216565,238.7558057894013,2389
13,17,0,231.1247413113519,301.0212043301261,2328
13,18,0,181.0793955266466,18.95022957703458,2022
13,19,0,145.1445205839524,15.23543858120556,1619
14,0,0,130.3977758569135,16.43501638049243,1316
14,1,0,155.9387809914781,33.52280234508448,1586
14,2,0,172.7294307659908,19.95376344558115,1777
14,3,0,211.607752990453,158.0211360520534,2102
14,4,0,215.1224666469445,100.1088857504666,2151
14,5,0,211.9676474851055,24.16525143069922,2221
14,6,0,216.2226661337675,23.72951814563639,2284
14,7,0,217.4710228880665,24.88159687101221,2264
14,8,0,216.4422393071833,24.9216193953,2280
14,9,0,239.687440043827,158.6258717542694,2398
14,10,0,214.6626015318843,22.52035134612831,2354
14,11,0,226.8112645594747,25.05197305834293,2438
14,12,0,210.5517002725009,22.64059589478332,2301
14,13,0,218.6259506139135,24.34518432893601,2350
14,14,0,234.932320678583,245.8288085093031,2392
14,15,0,213.8391059350797,22.94532581249851,2345
14,16,0,214.6159433222082,23.02180607548175,2372
14,17,0,215.5574369527942,23.715182585769,2342
14,18,0,189.0100167828553,20.43293653034956,2090
14,19,0,166.0876629389944,490.6030557930044,1594
15,0,0,116.3737450209764,12.4457331905632,1232
15,1,0,151.6296655749285,17.18985252905217,1569
15,2,0,175.3703322592472,32.70689050603589,1788
15,3,0,200.1883437518228,81.04993954927738,2006
15,4,0,193.8294216171317,21.30390880890253,2050
15,5,0,221.5372218419247,24.82029968469136,2313
15,6,0,215.4436554083534,43.12232272027587,2233
15,7,0,207.6375236863381,22.60802808384984,2212
15,8,0,213.4765386201892,23.20803897044951,2293
15,9,0,212.9916085116603,23.50603756510333,2265
15,10,0,210.4576712382566,23.89434156210424,2221
15,11,0,224.2207950772405,64.31702408940275,2344
15,12,0,230.3187673255644,205.7049764858028,2342
15,13,0,219.713208807697,23.94388085927438,2387
15,14,0,224.0416284788219,112.4210990859863,2329
15,15,0,205.4100984048125,36.44756703547997,2229
15,16,0,219.3400238486848,38.75850370463409,2383
15,17,0,205.7316029873222,22.17876152485571,2259
15,18,0,180.7058148911923,19.15777613303684,2001
15,19,0,143.2282308320984,15.35482662280929,1584
16,0,0,117.8599869480647,13.63822278880208,1204
16,1,0,149.3326766760049,56.19408223879197,1429
16,2,0,162.3109053845027,18.15896320286667,1679
16,3,0,186.6685242480973,21.00316241954004,1968
16,4,0,189.2702038907655,21.54079702287439,1981
16,5,0,214.7861044995512,310.6602463036043,2035
16,6,0,199.2733954653274,21.8786688213994,2127
16,7,0,206.1339164891718,22.99982078576643,2179
16,8,0,205.081519989196,22.75090017344942,2173
16,9,0,201.9134130679193,21.87223139988246,2167
16,10,0,206.8758032621786,22.64894579494474,2221
16,11,0,204.5548560492541,21.58092968744801,2242
16,12,0,211.4725786719587,22.92335198528017,2297
16,13,0,211.991561991631,27.721870726486,2290
16,14,0,210.3186398454316,22.77856981202458,2299
16,15,0,230.2524000418137,405.3045313623143,2296
16,16,0,234.490768049263,748.1796082140728,2291
16,17,0,219.6158981665697,232.8541674607768,2288
16,18,0,188.6711843269849,20.74401532382934,2050
16,19,0,137.0028971346527,14.96675747603347,1505
17,0,0,117.0880058809586,111.7221595535807,1107
17,1,0,148.6718488030718,288.5217803754515,1353
17,2,0,152.9405121880088,28.76573973399859,1533
17,3,0,161.3310491631466,17.80918386291264,1692
17,4,0,185.5951266448886,93.86082010679038,1844
17,5,0,190.1780663772074,30.30220583061858,1947
17,6,0,184.8338494062997,20.73261781057382,1946
17,7,0,191.6152682531233,21.9075213695222,2012
17,8,0,187.8062517273821,26.95116395558989,1955
17,9,0,192.622218922837,20.8876354383842,2079
17,10,0,188.1535102125106,20.41958712980631,2037
17,11,0,187.150944563487,21.7568597746123,1993
17,12,0,193.8658092735151,20.76845284385287,2109
17,13,0,191.1871028545094,21.07042082605514,2073
17,14,0,209.6511402887753,106.705267117031,2200
17,15,0,207.0281480016524,110.0275892263125,2187
17,16,0,197.1617106499274,24.73220537945519,2137
17,17,0,189.6445417325079,20.46482793422289,2109
17,18,0,181.222669853525,208.4645476575282,1859
17,19,0,132.7290265112095,14.66738225614634,1455
18,0,0,88.79820217216835,10.57513868211571,891
18,1,0,114.1000787531997,12.96412860301422,1170
18,2,0,133.2278063767026,15.14260735669337,1383
18,3,0,148.3308294313532,17.20105313027777,1513
18,4,0,154.7480042917609,16.90801920618431,1628
18,5,0,160.2545316295525,33.8640311590121,1641
18,6,0,168.6167531649008,19.0187792511931,1757
18,7,0,163.9389169663783,17.59312849860575,1765
18,8,0,165.205034935867,17.82749930584601,1773
18,9,0,153.0525675202073,17.19891341943969,1623
18,10,0,167.7094261644017,18.67918208972386,1787
18,11,0,191.6169135360874,409.9361856303329,1812
18,12,0,171.4605109773824,18.73095483964657,1863
18,13,0,173.3042259729291,18.86587911329309,1876
18,14,0,172.9234141153809,18.79565216180569,1879
18,15,0,173.8141336924271,19.74398049553655,1909
18,16,0,173.6292959100839,18.12208290053868,1933
18,17,0,177.5375202111807,19.29794306258088,1933
18,18,0,145.7130253415922,16.0873296680844,1589
18,19,0,116.6366012657505,12.13776353498051,1306
19,0,0,74.36683235620723,8.38443279924916,774
19,1,0,89.15662300843023,9.948255912777322,926
19,2,0,128.7735385912093,507.6744783281987,1117
19,3,0,113.5845567927844,12.74515340832088,1189
19,4,0,116.247140995328,12.66954496583596,1230
19,5,0,129.6142562335084,13.8688817286472,1376
19,6,0,128.0155035542578,14.31444617942464,1337
19,7,0,131.7252441967294,14.79295562832519,1382
19,8,0,129.2889388056353,13.73813540222031,1400
19,9,0,138.5224731944297,22.75762995174103,1452
19,10,0,121.8011013365336,12.40908363222287,1353
19,11,0,134.9011766715779,27.2469394342188,1408
19,12,0,131.888642460046,14.84162681364535,1413
19,13,0,135.5239714453097,14.61693895108961,1477
19,14,0,133.2021265263733,14.32737673302262,1459
19,15,0,135.0105502438045,14.67631247424531,1469
19,16,0,132.4753850831869,14.72067942300649,1452
19,17,0,123.7634617864693,12.76977401182241,1389
19,18,0,115.6713285754457,13.09166007247339,1246
19,19,0,87.97595206689505,9.328139743508151,988
