# mesh name: boxMesh_1
# primitive scorer name: doseScorer
# iX, iY, iZ, total(value) [MeV], total(val^2), entry
0,0,0,69.76323606944285,7.753378752763046,727
0,1,0,88.51634829402389,9.941570600462455,924
0,2,0,102.8258481416089,11.06480164359669,1080
0,3,0,118.238092156715,13.18518323174389,1242
0,4,0,136.2186637993823,257.1535090167533,1250
0,5,0,126.7082957559604,13.98526061784736,1338
0,6,0,131.1864704502933,14.50820426396241,1391
0,7,0,132.9810370158938,14.93552496773372,1406
0,8,0,133.3183597048359,17.69591482196074,1406
0,9,0,137.6505863367952,16.19464444399809,1447
0,10,0,130.5167744396547,14.73714984275539,1393
0,11,0,138.401382665605,77.70514037561297,1408
0,12,0,131.0732641446055,14.65109630708185,1404
0,13,0,139.360259425664,15.13819922171969,1514
0,14,0,131.7363530412984,14.49013178315185,1438
0,15,0,141.466969422743,141.7158543693687,1409
0,16,0,138.6564141645714,41.48762518127078,1465
0,17,0,125.1451736216159,13.39497332101268,1387
0,18,0,117.5021307904305,85.61950463392311,1224
0,19,0,103.4638097013222,188.6676607668164,983
1,0,0,87.23679237683235,9.832850700567306,899
1,1,0,105.823129959422,12.26166518439497,1096
1,2,0,128.1381335174188,14.10690329905473,1349
1,3,0,162.5696935660866,106.7354458778914,1557
1,4,0,151.8126359414411,17.03141896227563,1591
1,5,0,166.2066650190338,18.47903104400178,1750
1,6,0,164.5130381187541,18.59542568471883,1707
1,7,0,166.4681121027782,17.88190494559544,1788
1,8,0,168.9548582943758,18.4898089779246,1801
1,9,0,168.4007055156596,20.12938684003405,1792
1,10,0,161.526129354401,17.58781203637907,1737
1,11,0,159.5640491629945,17.30154776121511,1730
1,12,0,165.6514963022144,17.57069491423089,1811
1,13,0,169.5771934908449,18.4759400455838,1823
1,14,0,173.8688579468442,68.38272865437771,1826
1,15,0,176.3596711087759,19.78367988901102,1899
1,16,0,171.5177188453041,18.77673097503077,1866
1,17,0,168.9057305200854,18.62386857587052,1831
1,18,0,154.1384913063839,16.38861551809666,1697
1,19,0,112.6364798123443,12.08820992344505,1239
2,0,0,109.9851708987548,12.836769888205,1130
2,1,0,134.0197203802212,15.00264237727912,1400
2,2,0,151.6205490356146,16.59872273056514,1600
2,3,0,164.6442849175975,47.34784504936543,1679
2,4,0,185.4711869383979,58.42782252308113,1872
2,5,0,186.6916906102838,20.17550301939972,2004
2,6,0,178.3523552732989,19.97324350388295,1877
2,7,0,200.9279645126131,22.39149243276673,2112
2,8,0,196.7152203977793,26.44506878958438,2081
2,9,0,215.5277627472168,649.9118110900806,2026
2,10,0,188.6705077341832,23.11851512120369,2008
2,11,0,208.7842107935005,65.5020382320473,2133
2,12,0,203.2858693067036,56.17820866424953,2111
2,13,0,191.546615713407,27.06148895032715,2058
2,14,0,196.8837622704976,21.64904510581615,2125
2,15,0,201.9114634803352,43.31457450657103,2139
2,16,0,203.603380303947,22.25219263341647,2221
2,17,0,191.7037166535425,92.2395744529672,2042
2,18,0,190.5054018897964,1007.686617777532,1770
2,19,0,129.2127950269887,12.94925698007651,1471
3,0,0,112.9792179899403,12.4679404793456,1170
3,1,0,155.0855659791496,76.55125852375879,1538
3,2,0,172.6146665012073,19.98686646737151,1782
3,3,0,179.9089724009108,19.85235243132523,1891
3,4,0,184.8140321603498,20.79929527411078,1935
3,5,0,204.0376888188756,39.4529510371079,2116
3,6,0,208.9685962669194,23.90577484353741,2192
3,7,0,208.2962798311879,22.76112365705372,2213
3,8,0,203.4290154902774,22.31544042281706,2164
3,9,0,211.5452997024846,23.93612015954885,2233
3,10,0,205.1819366671869,22.19660418719059,2213
3,11,0,211.2693825993184,23.30264947860459,2287
3,12,0,212.5010962352794,26.92941688031047,2287
3,13,0,217.7723253868913,23.965297744299,2369
3,14,0,210.1741958826143,22.25645720788292,2313
3,15,0,208.6018113396988,24.84942431020654,2249
3,16,0,207.9020741555213,21.77029589665376,2298
3,17,0,200.8867702364791,21.17618161592549,2233
3,18,0,174.0037956387823,18.38503629659508,1922
3,19,0,138.9000973140851,15.00718480960378,1526
4,0,0,116.1442902189833,13.02108202216169,1206
4,1,0,141.4925905323083,15.96901129957603,1471
4,2,0,167.2600746980076,18.80925021238942,1737
4,3,0,209.2821603902892,229.9161607717688,2036
4,4,0,208.5642571955975,63.80679479760897,2130
4,5,0,202.265102174382,23.07365546229848,2110
4,6,0,200.1604729996027,21.75931106736882,2129
4,7,0,211.4880194066764,23.62009411082842,2233
4,8,0,215.5497909953131,23.70972946284395,2302
4,9,0,211.0572346082181,22.71617102355537,2295
4,10,0,214.3809407690542,22.85923421074457,2326
4,11,0,213.7165745417314,23.86560951134337,2279
4,12,0,216.9234119789118,31.01643123906715,2345
4,13,0,216.5253365440703,23.88549095087542,2344
4,14,0,249.5874792051358,397.4140879215789,2415
4,15,0,239.5364363745434,210.9355448497047,2412
4,16,0,218.6983614611092,28.36117073107649,2351
4,17,0,195.9319627499744,20.63929016879792,2183
4,18,0,180.659064560561,28.17076421224888,1982
4,19,0,148.3833377142714,15.12610235084314,1686
5,0,0,123.7252584621005,14.36750701645274,1259
5,1,0,155.7456799617995,17.48443243420745,1620
5,2,0,183.8871399371412,20.62927589580789,1912
5,3,0,213.5894154127929,201.6401688685271,2090
5,4,0,215.0530837624702,24.46724978833374,2231
5,5,0,207.7158140491842,23.01852272619678,2195
5,6,0,225.9511221798844,153.4388261393578,2243
5,7,0,240.3240362771106,222.1303279477439,2394
5,8,0,224.7656912073458,24.89788213701036,2381
5,9,0,218.380895001423,39.95807123702092,2306
5,10,0,223.1375319482709,25.83301177166047,2378
5,11,0,209.5484639867517,22.67457201722582,2254
5,12,0,229.3311338403093,29.31471040141732,2449
5,13,0,219.2988579486554,33.57573923112179,2336
5,14,0,234.0622340855828,25.88442282272618,2534
5,15,0,215.396821623946,22.50139398834123,2389
5,16,0,223.4988890507832,48.32801466065838,2366
5,17,0,214.0084950817017,69.68617647484007,2290
5,18,0,193.0930698671547,32.02785886016289,2090
5,19,0,138.2404518603738,14.32310413221489,1551
6,0,0,128.3415942477,15.13807920802526,1306
6,1,0,157.747026850897,17.56784984089348,1648
6,2,0,185.5480384625902,22.16903490143907,1932
6,3,0,200.9727723535201,23.50318829592939,2059
6,4,0,221.7996086915063,27.10879645414867,2296
6,5,0,210.3893948938414,23.87405091032159,2211
6,6,0,223.9711239723694,159.3783197640312,2262
6,7,0,218.6973710012412,25.84182781983521,2308
6,8,0,230.7205113702755,119.5823844786453,2356
6,9,0,220.6531814938932,23.94954689451552,2383
6,10,0,225.322047223333,29.29065113532242,2374
6,11,0,223.5400014992672,29.93283247234185,2379
6,12,0,217.7580999114118,24.10366299256984,2356
6,13,0,213.3388575820715,23.12801640078314,2345
6,14,0,218.1330050704533,23.19224374432335,2395
6,15,0,214.7375441252253,22.95030583129417,2369
6,16,0,216.2216791593274,22.76986499027577,2400
6,17,0,202.2037055784581,20.75658466012491,2270
6,18,0,185.8782370652025,20.65878396716394,2019
6,19,0,143.1739438025909,14.96814515738166,1598
7,0,0,122.6838844737202,13.74797771631509,1272
7,1,0,160.9908861344129,18.51448092908692,1650
7,2,0,181.8113130340836,20.68016220850378,1892
7,3,0,206.373849645418,23.40323613646272,2126
7,4,0,207.4180605754573,23.26669452129162,2171
7,5,0,219.264912254373,24.44754570165582,2304
7,6,0,239.9671212586607,309.2841849781734,2272
7,7,0,238.6047472948986,472.1805016593527,2290
7,8,0,230.9290500932097,239.4438376834158,2293
7,9,0,222.8006167734492,24.36103744357277,2382
7,10,0,221.225627408907,24.00936725547852,2393
7,11,0,235.2594264696863,250.0553410574048,2383
7,12,0,218.0354149038136,22.87453668612041,2400
7,13,0,214.1727863296317,22.18059296955016,2364
7,14,0,214.6985867283511,23.23973170114057,2327
7,15,0,229.6076395284324,128.6459316621223,2401
7,16,0,233.616473755976,548.5555177260012,2321
7,17,0,217.2591164930209,83.63331487450726,2296
7,18,0,186.4928714214406,23.26821315263679,2042
7,19,0,142.583000896091,15.78086049682468,1567
8,0,0,127.9621114112266,14.69863452859046,1319
8,1,0,159.9174949889946,20.46103848535531,1618
8,2,0,189.8673531921915,21.6324847130731,1955
8,3,0,198.1569195438913,21.7879974177371,2068
8,4,0,204.9712716594145,23.06043893415388,2148
8,5,0,219.7357983612043,24.72415469215071,2297
8,6,0,252.5668597367,937.7779826357289,2337
8,7,0,220.7285754685518,28.11967980731216,2336
8,8,0,224.2051531160824,25.06224079405015,2382
8,9,0,222.6843412264274,24.82281385693613,2375
8,10,0,223.7146365181437,24.14695297917907,2422
8,11,0,221.4323985560794,24.59844448168053,2367
8,12,0,219.5560156866306,23.96711116748726,2370
8,13,0,212.0617720598427,22.31458811342793,2331
8,14,0,214.2527799981856,45.19377755273388,2299
8,15,0,214.8509125364698,22.89192702217368,2370
8,16,0,212.6684542411994,25.48946631819691,2337
8,17,0,228.56650444971,407.1670918197125,2308
8,18,0,187.3448122553617,19.29563317448521,2111
8,19,0,144.2159811164798,15.34218974999039,1609
9,0,0,114.1155482264291,12.53712324613543,1193
9,1,0,149.8841424388362,16.6336623884055,1561
9,2,0,174.6684834889764,32.84988938093122,1793
9,3,0,193.2650293928468,20.94973818018435,2045
9,4,0,219.9749589641442,23.99748393449223,2339
9,5,0,227.2800022460467,25.70739571899076,2365
9,6,0,216.0810560952503,23.68017224478128,2296
9,7,0,224.6348471338085,25.65784192252602,2380
9,8,0,227.0827196248269,25.59056104917874,2384
9,9,0,224.6791104737186,24.31187599430998,2415
9,10,0,224.1302870550037,24.39977171506491,2414
9,11,0,223.0480685659086,24.32183955167183,2405
9,12,0,221.2565810686591,32.13461477631607,2369
9,13,0,218.3519768122765,24.14757144132455,2348
9,14,0,239.8745040922165,53.2126864151976,2510
9,15,0,226.96438384401,35.90596262124296,2480
9,16,0,217.3736290980126,22.95369561119607,2399
9,17,0,213.9810461116394,23.63199514144061,2341
9,18,0,175.4965414454434,18.78870242360613,1953
9,19,0,142.5791727806038,15.31240960706069,1573
10,0,0,125.6880758356441,13.35648214540165,1330
10,1,0,162.8862456806226,18.46072418178793,1688
10,2,0,183.8910855667828,21.08288371999838,1902
10,3,0,204.1085344745812,27.52581487093223,2078
10,4,0,221.3727343324896,116.4004322103928,2216
10,5,0,230.1624080700574,194.7932787921564,2225
10,6,0,230.3878137278531,25.97246622209867,2400
10,7,0,212.3141675838232,23.83482683009489,2264
10,8,0,222.4393560979265,24.16943276507815,2384
10,9,0,224.4992999418708,24.91165686744878,2402
10,10,0,233.6066724470828,158.5745506268093,2375
10,11,0,219.5842736462964,24.13543484962782,2371
10,12,0,216.9225148204237,22.97809976937128,2391
10,13,0,216.602402342972,23.54440258133497,2363
10,14,0,222.4563843668733,23.48322688317841,2454
10,15,0,219.2505657231987,22.65403591728757,2432
10,16,0,225.9169920723077,96.40063641723394,2366
10,17,0,254.8094273293513,1561.165126089113,2380
10,18,0,182.7748369945791,22.36114991384009,2010
10,19,0,146.9114881829279,23.22197797933391,1617
11,0,0,127.9470124004494,15.60888781762697,1299
11,1,0,153.6028138701812,17.30244890560081,1593
11,2,0,175.8105354628085,20.86812476704616,1793
11,3,0,199.8456951259735,22.71882164700918,2068
11,4,0,214.0962777073453,61.73382846087652,2167
11,5,0,216.1720757812705,24.2572896139756,2267
11,6,0,222.1520263822613,29.0060555161404,2339
11,7,0,226.1627304907413,24.61845074902884,2404
11,8,0,239.507254943404,444.9740891723588,2357
11,9,0,226.7053525882335,56.66486309884255,2375
11,10,0,218.4355830708955,102.5228281128677,2258
11,11,0,233.7629493466361,154.9247957626508,2402
11,12,0,224.603677185755,24.02309501751027,2456
11,13,0,222.2659573928931,24.26639207438082,2415
11,14,0,217.2073986140704,22.98281258566496,2382
11,15,0,229.5221848813781,64.72667313585825,2394
11,16,0,215.0625936414694,22.73308844519208,2388
11,17,0,211.9098713535023,43.87702024230818,2285
11,18,0,186.2767098951421,20.39380534785278,2033
11,19,0,161.6251668376518,344.1650667294252,1592
12,0,0,172.7021669874325,1657.379665329623,1344
12,1,0,150.228411621885,17.05239651325037,1551
12,2,0,178.2851120457947,20.44557210873685,1857
12,3,0,195.2648834982669,21.77695886210909,2044
12,4,0,210.8637779211004,23.80782510930574,2204
12,5,0,216.1657213359088,55.53283901811027,2227
12,6,0,214.4472582524273,26.57405003855204,2227
12,7,0,239.7043113638862,443.6099545566697,2238
12,8,0,222.1125662275577,25.51123906670253,2329
12,9,0,227.2311635068776,25.21870434914423,2433
12,10,0,227.0872656400627,25.41651467148726,2419
12,11,0,233.9680737620081,176.0978018618316,2364
12,12,0,213.7454551171129,25.77624301842932,2307
12,13,0,218.3935436584522,23.67452947759461,2379
12,14,0,218.6896787939277,27.25813676909566,2396
12,15,0,249.6046702077274,183.3971311621221,2512
12,16,0,231.5540035412032,236.5529643050151,2349
12,17,0,232.2197032306161,250.0913520362119,2289
12,18,0,184.4033422242173,20.25765185018777,2031
12,19,0,146.5325101809386,41.56114354190343,1589
13,0,0,120.0130193341533,14.20271655072448,1221
13,1,0,160.9283781553317,49.57956039911954,1587
13,2,0,184.9250195658854,20.58126033082553,1925
13,3,0,199.1165562745616,23.4286523148763,2034
13,4,0,225.0077011045497,214.5504487339419,2192
13,5,0,227.2569038667452,154.7872014711362,2294
13,6,0,213.7911363554615,23.66528838706046,2264
13,7,0,214.9669150024718,29.31628522944541,2278
13,8,0,228.6757750571332,50.13325291586151,2370
13,9,0,222.5127747971665,24.467932429996,2379
13,10,0,221.956552044542,42.66431102962325,2357
13,11,0,226.818251895652,25.55554871216586,2422
13,12,0,223.7070942482905,24.24756265867913,2410
13,13,0,219.0245859825799,26.62257073900355,2357
13,14,0,211.6691222330684,22.79848150254038,2308
13,15,0,223.9807981660652,24.2769769093833,2447
13,16,0,219.5941734820906,28.76685750982468,2378
13,17,0,208.6270873766718,22.2902129243662,2299
13,18,0,181.2561526350325,19.05410854165829,2005
13,19,0,143.2533826025966,15.30761437713453,1592
14,0,0,136.1629735156211,58.44630178594196,1318
14,1,0,155.9067700855386,17.61527491653591,1622
14,2,0,173.3042802535359,19.31310132180207,1805
14,3,0,199.8112160502409,22.32440666551006,2077
14,4,0,204.3383480012113,23.19165518755885,2136
14,5,0,210.447804806872,23.66629003050296,2201
14,6,0,215.5171593277533,24.90181688506311,2285
14,7,0,221.7558507265982,25.44385842331305,2316
14,8,0,215.8968035139663,24.5440431691139,2291
14,9,0,220.0228227519986,23.77554734350651,2365
14,10,0,224.2068206484543,24.10862353781994,2415
14,11,0,221.7964403430963,24.46371390422976,2383
14,12,0,221.3409235438601,46.1753970832326,2343
14,13,0,226.7607143189919,69.40377915757841,2385
14,14,0,222.4012844513433,23.9731739002654,2435
14,15,0,209.7188159892129,22.47808233970725,2308
14,16,0,213.4102367021453,28.67261240802734,2322
14,17,0,208.3447786902779,28.36853155683903,2267
14,18,0,188.573792634104,21.01131451502951,2045
14,19,0,153.0369465480531,154.9340677573105,1566
15,0,0,131.7663899250247,285.3582507357743,1219
15,1,0,151.6530007551966,17.02234341775649,1568
15,2,0,185.7653847014648,336.1037841833916,1747
15,3,0,192.6560230020922,21.70022227224151,1986
15,4,0,203.0712498545346,22.28284692713059,2138
15,5,0,215.6152602429015,23.87157111170297,2266
15,6,0,216.6892588178833,36.88441550734679,2251
15,7,0,212.4426125370493,29.72725360250101,2206
15,8,0,213.1345842586557,23.94371711753581,2258
15,9,0,211.1204044451888,22.96312843590924,2268
15,10,0,217.1223228254816,24.82901194953514,2284
15,11,0,219.2105075244045,24.20285846945466,2349
15,12,0,214.0766846862057,23.08905776389594,2327
15,13,0,216.7112936393928,23.22867228579783,2356
15,14,0,208.8597304775548,21.99613107316948,2309
15,15,0,211.8085275378719,22.27105877478226,2337
15,16,0,212.4298806552441,21.7793349490428,2376
15,17,0,215.0632138382007,78.52898619630696,2253
15,18,0,179.9032697649739,18.75495989398658,2008
15,19,0,138.4720803702015,14.71985889239005,1527
16,0,0,116.1947624827354,13.30010053791856,1179
16,1,0,166.6625684021924,690.764718568013,1427
16,2,0,164.2537420309149,18.84166118914674,1702
16,3,0,185.2883062348235,20.86927835807354,1939
16,4,0,192.5566448357583,21.4536389461361,2027
16,5,0,197.7572874723705,24.66988125058099,2047
16,6,0,193.5353523457122,20.73826634459098,2075
16,7,0,217.2776949842965,132.8851989409454,2187
16,8,0,207.2965578284171,25.00005868451739,2206
16,9,0,205.7100355959984,26.65425368953865,2178
16,10,0,209.0048022224682,35.02121479974098,2212
16,11,0,220.2655614059213,191.3608266454472,2205
16,12,0,216.5814467118073,23.62275610574846,2342
16,13,0,213.4260614891951,22.98239803156144,2318
16,14,0,210.527740807833,23.12042238934379,2279
16,15,0,209.8786585860207,25.00830635279423,2258
16,16,0,216.0565432284915,61.62693413128446,2336
16,17,0,205.6708717516888,22.05017860957108,2277
16,18,0,188.5434045113012,52.98491524205131,2022
16,19,0,134.2068267253818,14.53911747195087,1483
17,0,0,114.7503297231061,25.32491681740314,1127
17,1,0,142.5003936027362,123.0900134178043,1352
17,2,0,150.2288324963554,16.86583283760627,1565
17,3,0,175.4179282562274,89.69384262781625,1719
17,4,0,216.5339409678183,444.184237973745,1856
17,5,0,187.0676507202052,20.83007590311695,1962
17,6,0,184.4346036280376,20.52466871986659,1956
17,7,0,196.9139664893789,61.62624984786871,1995
17,8,0,187.95083258943,34.91864502887878,1958
17,9,0,192.9987617337471,21.20630612267215,2064
17,10,0,190.1980879942088,20.70541154756187,2044
17,11,0,205.4191171785579,327.317241593253,1997
17,12,0,199.5100540001702,43.71739031486128,2112
17,13,0,196.6529495650042,21.6237913822682,2132
17,14,0,198.8120460173444,21.56794944251032,2171
17,15,0,205.8838723242366,103.724028825065,2167
17,16,0,205.3564248063075,199.3197786147292,2091
17,17,0,189.4970689431343,20.42723440030555,2073
17,18,0,169.3321111323251,21.62082730680925,1865
17,19,0,131.5354359530843,45.61811800823735,1382
18,0,0,89.73111498517568,10.69491430171744,899
18,1,0,116.9360459567486,14.25010834653464,1191
18,2,0,131.3919163103679,14.750274785456,1372
18,3,0,151.2269000307983,17.60734039209825,1543
18,4,0,159.5767695893486,55.9461422209412,1618
18,5,0,159.7845821673995,18.08536018477555,1673
18,6,0,182.9958672053788,223.3274278115257,1750
18,7,0,161.3900266239785,16.92979514194273,1755
18,8,0,160.8439437569976,17.37619663724107,1732
18,9,0,157.7343705764335,17.90908972264506,1661
18,10,0,171.6728811749507,70.11668044501563,1762
18,11,0,163.7168312017655,17.45831388646848,1781
18,12,0,180.0731853073845,74.71307730219254,1858
18,13,0,170.5040209080844,23.00644372956089,1839
18,14,0,173.0675382658204,29.56541599568037,1835
18,15,0,176.6967592851673,21.8651610626009,1922
18,16,0,179.7860222049304,59.70187936322615,1905
18,17,0,173.1988966256301,18.77338453083703,1891
18,18,0,142.3346980949956,15.68092582420456,1552
18,19,0,121.8705552893635,12.95915773914311,1364
19,0,0,73.80995358036813,8.319894826984108,772
19,1,0,91.81324411594032,10.24699133467319,956
19,2,0,118.7878582283061,152.9724050109005,1086
19,3,0,116.4140092146714,14.64894084122754,1210
19,4,0,119.6227519123135,13.46911868768723,1244
19,5,0,129.3410117235696,13.96876388881864,1364
19,6,0,130.2792501485148,14.67715387192028,1351
19,7,0,131.4653832958969,17.5683558134356,1358
19,8,0,131.0207211682843,14.24964578369347,1401
19,9,0,133.4933773327872,14.54822525131157,1433
19,10,0,123.3421815559696,19.01291017079423,1335
19,11,0,132.1017439957459,13.98869726133039,1442
19,12,0,128.5108967197712,14.19910753926706,1388
19,13,0,135.383155097626,14.56809082427162,1471
19,14,0,130.9521282579809,13.81420497180381,1441
19,15,0,135.3072982596697,26.47147436287916,1441
19,16,0,132.0170265657291,14.68402866757926,1429
19,17,0,123.3879247782695,14.05089342546915,1369
19,18,0,114.1572348134059,12.56482120956261,1252
19,19,0,94.49120890170309,15.22713872341199,1024
