# mesh name: boxMesh_1
# primitive scorer name: doseScorer
# iX, iY, iZ, total(value) [MeV], total(val^2), entry
0,0,0,77.38674140415257,8.307739327617476,857
0,1,0,93.72711730276176,10.11455155519665,1040
0,2,0,118.8479531951469,48.39388142794658,1242
0,3,0,116.9770443583608,11.77324497149112,1346
0,4,0,123.746737418045,12.62590590901316,1419
0,5,0,129.8318073104388,13.58278715110781,1465
0,6,0,135.2777935302483,14.65580459492676,1506
0,7,0,124.5567255013016,12.60159145397319,1434
0,8,0,132.5357397386933,14.20339630032842,1488
0,9,0,127.5830782921602,12.99616014424524,1471
0,10,0,126.494978059757,12.83110942165914,1457
0,11,0,131.9715218935192,13.93479032235346,1507
0,12,0,136.8022046708578,14.46460510956723,1566
0,13,0,135.8335977067003,14.22343134684383,1553
0,14,0,134.8279053392484,13.93819831671912,1543
0,15,0,131.600234575955,13.14880546122305,1532
0,16,0,143.6941103897231,77.71754576235256,1573
0,17,0,141.8923470298503,30.2010763789132,1583
0,18,0,126.2252602019926,12.61441859942135,1495
0,19,0,95.78245873019564,9.653469629362439,1127
1,0,0,100.9452739296743,155.4892089883724,1001
1,1,0,124.023615174496,12.59094836927642,1406
1,2,0,149.0013415828207,27.84293962394164,1636
1,3,0,157.8090488863235,16.71261932290253,1750
1,4,0,161.5491075761455,16.81366457284687,1818
1,5,0,181.6347598899186,135.1195940454915,1848
1,6,0,197.4317474436999,940.5377214052146,1881
1,7,0,169.0728138385636,17.63221577422329,1910
1,8,0,175.8475257462393,30.24157833567719,1965
1,9,0,177.947772487091,30.77305835239864,1991
1,10,0,165.087357586187,16.81488895794828,1909
1,11,0,175.7211001494672,19.36584735858397,2017
1,12,0,171.239835690633,17.40560377856438,1994
1,13,0,181.4682405045639,19.43019254311718,2068
1,14,0,198.9940167723863,397.1109419055569,2026
1,15,0,180.3633534978493,18.31523968907177,2103
1,16,0,179.5606889163384,18.9603814583513,2099
1,17,0,184.7662828424402,62.65360784787248,2081
1,18,0,174.370392339071,18.62767950601151,2000
1,19,0,141.5638289435668,55.61276778833989,1582
2,0,0,112.0234387806585,11.72346044268218,1253
2,1,0,148.5978750400926,44.99821333239579,1592
2,2,0,201.6085737136988,668.6566279131379,1859
2,3,0,185.33962294295,38.7458895327653,2009
2,4,0,187.3638339979606,20.25567683480314,2086
2,5,0,196.6680350218741,37.39193925559962,2170
2,6,0,185.2210212288531,22.60821817854494,2125
2,7,0,201.8053369461903,21.48406931862693,2266
2,8,0,194.411164191412,40.68333213700573,2164
2,9,0,190.6794163124659,19.56847397267576,2182
2,10,0,217.8706860441416,487.4791418872144,2226
2,11,0,197.3948673441962,21.28496481172244,2241
2,12,0,208.353429356183,22.45668903719488,2370
2,13,0,204.616050517435,59.17671148331965,2306
2,14,0,208.8156014424493,22.41880901838271,2408
2,15,0,200.8059190845279,19.77698375487515,2368
2,16,0,203.7401760585946,20.45201289880346,2385
2,17,0,204.8885321270083,21.46920962419367,2374
2,18,0,185.3142511955239,18.4903020441175,2158
2,19,0,149.3076664700041,15.44425940269578,1739
3,0,0,125.1776193213831,13.63293159491212,1367
3,1,0,190.1278289224933,766.0521936450723,1751
3,2,0,196.4354068539809,195.4240999130755,2007
3,3,0,197.562099339944,20.82306752771973,2209
3,4,0,209.1199676812789,57.09976007840243,2258
3,5,0,207.3817855442931,21.92644967129811,2337
3,6,0,205.4084544355877,22.08872921552287,2304
3,7,0,197.9973348532258,20.3371642180566,2250
3,8,0,210.0984440746172,44.93188777224803,2346
3,9,0,209.0444775384125,22.2150283747509,2350
3,10,0,207.7021697680376,26.05731266222931,2383
3,11,0,201.694335919562,20.58449598711066,2321
3,12,0,216.8442405140287,222.6010297208211,2349
3,13,0,222.1157992459555,118.4741626119471,2430
3,14,0,204.2871909149166,20.96171841551981,2380
3,15,0,212.2220207532592,21.59309093771071,2467
3,16,0,209.6749457045673,21.29663021310715,2435
3,17,0,205.9460275937485,21.52319654087792,2375
3,18,0,197.8213966974267,20.26149381502871,2298
3,19,0,140.8962209528848,13.91630946885562,1666
4,0,0,124.813864838017,25.65334600918145,1348
4,1,0,156.3639265901035,18.52421238738772,1741
4,2,0,183.9052508640108,19.42640526243664,2054
4,3,0,200.2292717067122,22.08636549043912,2220
4,4,0,199.6482779057498,20.83647993309229,2233
4,5,0,209.0917117413843,21.45931214076515,2373
4,6,0,207.316719284163,33.55012247710928,2309
4,7,0,227.4888686447066,318.717487849924,2355
4,8,0,212.2748526127957,23.1126986376558,2380
4,9,0,225.1167747601889,275.1331275201587,2386
4,10,0,210.7666564485932,21.28357515103389,2429
4,11,0,218.2018707364457,50.04250903670076,2445
4,12,0,224.2192693401706,50.37794812611663,2502
4,13,0,213.3185671237358,21.76763670022476,2465
4,14,0,207.8370398242803,20.99730265438983,2406
4,15,0,210.7191552972443,21.43730269994795,2451
4,16,0,200.6655774687851,20.3396096574457,2350
4,17,0,219.574244256858,95.54093268069781,2475
4,18,0,202.0868054187441,76.38764238327192,2292
4,19,0,152.2128817410736,16.34249317950044,1771
5,0,0,116.101354585817,12.04362502859987,1313
5,1,0,176.5036229992417,263.5258446069672,1791
5,2,0,203.7933159314104,415.4729199660779,2016
5,3,0,207.7562862158823,26.78206506802578,2263
5,4,0,211.4743395383515,53.04202943667649,2289
5,5,0,214.0330014396623,23.00910316583496,2389
5,6,0,216.4764945190317,23.45454098520145,2397
5,7,0,215.6991814767938,46.97595282124943,2404
5,8,0,211.40882328493,22.01957915367673,2387
5,9,0,229.49099295269,98.53035184511441,2498
5,10,0,210.4619418092336,21.81038342099982,2403
5,11,0,209.7338083163488,22.29272623512921,2362
5,12,0,208.7978749182463,22.24939625198044,2403
5,13,0,211.1215974224664,21.39982938515731,2427
5,14,0,206.9392665996562,20.496649479588,2408
5,15,0,214.1980816633772,57.46876671929654,2432
5,16,0,215.4669140284668,24.28874987599133,2481
5,17,0,216.9757774580654,22.13580158507422,2522
5,18,0,189.7550403647001,19.12007876290502,2237
5,19,0,149.8276239648892,15.46677494365318,1733
6,0,0,135.6081086077303,181.1550869124588,1371
6,1,0,154.1145581520891,16.36660824773472,1709
6,2,0,183.8724309399622,19.22907203577502,2044
6,3,0,203.4145911022701,54.3976548662162,2216
6,4,0,201.6144871603177,21.52555116759679,2251
6,5,0,208.3845719004246,21.01893596616913,2396
6,6,0,208.8694865411559,21.68149388461898,2373
6,7,0,207.0843956154463,21.26974962686329,2372
6,8,0,207.367423323963,21.114202617842,2388
6,9,0,204.5725314679912,20.66245507327166,2364
6,10,0,216.4176483083263,22.75278240325879,2478
6,11,0,209.389421556607,21.61372564780297,2411
6,12,0,206.8127207055719,20.52744309144025,2430
6,13,0,222.8456890041018,232.7854215600141,2409
6,14,0,221.9653182161096,32.68701910830952,2525
6,15,0,212.3404666294637,29.84285309963747,2402
6,16,0,214.2311127727575,22.28767075315758,2476
6,17,0,231.0315374816782,376.732786152179,2448
6,18,0,200.7091369901515,20.82465450022813,2328
6,19,0,159.5910466721099,16.57487171466517,1848
7,0,0,125.3254643706231,70.35922631782014,1318
7,1,0,167.0634578986458,17.47490949844497,1872
7,2,0,190.1472028106262,46.65436680392298,2076
7,3,0,208.2790435409598,27.56642941900601,2319
7,4,0,213.9167221420689,40.32922840078259,2341
7,5,0,226.9220627239719,153.1013418018242,2428
7,6,0,209.5883303070198,23.88938530069508,2387
7,7,0,210.9495499391104,22.03388351613584,2402
7,8,0,211.7768161873897,21.60837017165643,2432
7,9,0,211.9038704602939,21.75614918699959,2429
7,10,0,215.4498029107329,22.57398099629642,2447
7,11,0,217.4324904161839,23.31321110822591,2467
7,12,0,210.1676991242482,20.75991021541374,2473
7,13,0,209.0826846273262,20.79250262467944,2449
7,14,0,205.317701224807,20.88421242556518,2372
7,15,0,212.2325105349464,21.96102352317058,2465
7,16,0,217.4015799140469,22.88010489040781,2495
7,17,0,214.9761647402244,37.55422390530188,2450
7,18,0,190.8913339087723,19.10764343737857,2235
7,19,0,152.2797634982193,15.23865170810952,1803
8,0,0,121.3668839440607,12.81620346241259,1361
8,1,0,150.2193289899315,15.72225756582621,1695
8,2,0,188.8774041625749,20.59512787645481,2084
8,3,0,199.9569023608013,21.35055682165867,2236
8,4,0,211.4568702278883,22.19915871967774,2383
8,5,0,217.7379271511545,80.86304649154935,2317
8,6,0,209.8983764693055,22.0035977743366,2363
8,7,0,216.9853846593015,22.65829186729905,2460
8,8,0,216.2336035783837,23.85408335840227,2412
8,9,0,211.0286567754481,22.15441197609043,2396
8,10,0,204.0318584207241,20.45879764582394,2349
8,11,0,208.811492533351,21.86162651918707,2378
8,12,0,213.0644409652448,22.34825708060505,2442
8,13,0,211.5150174478053,22.03242006311802,2424
8,14,0,206.856644613124,26.99679997752555,2354
8,15,0,209.5932246817206,30.5895676583035,2344
8,16,0,215.6066931067665,30.64917516872889,2455
8,17,0,210.7046936849417,21.64754334146333,2464
8,18,0,197.7430882801902,20.82360754148404,2289
8,19,0,155.0727374518208,15.69839285025824,1816
9,0,0,123.5163004014566,12.7711583689044,1379
9,1,0,158.2190684997954,16.95793177263838,1758
9,2,0,175.516592109247,18.11541102359447,1998
9,3,0,198.0408023148856,20.58317102071637,2231
9,4,0,205.7939323025919,21.76810147227348,2303
9,5,0,212.0576585896802,21.73990835303596,2417
9,6,0,230.6261574837114,204.9329012780975,2473
9,7,0,223.871507758353,191.3401101544955,2360
9,8,0,211.4670420741478,29.75508708844762,2377
9,9,0,214.7501162587062,24.2115186773055,2442
9,10,0,217.1624832915544,22.85199783537418,2463
9,11,0,221.2921788911215,22.94769860811007,2544
9,12,0,221.8146810297832,48.8040880743128,2490
9,13,0,210.5344119127643,21.94636800918859,2416
9,14,0,219.7111520708693,22.73695919182188,2523
9,15,0,232.7430555047884,316.0693489564315,2439
9,16,0,209.242367079148,25.85280308304373,2411
9,17,0,218.2892928634926,102.8439990605582,2411
9,18,0,190.6613912294687,32.73730451785097,2182
9,19,0,148.9017992252951,15.00153488044289,1747
10,0,0,126.382419267822,15.92082504830167,1390
10,1,0,158.7426941319177,27.61504835033429,1735
10,2,0,194.6468227640972,90.14756648283142,2065
10,3,0,225.1042799517357,432.3689949761728,2266
10,4,0,208.8168849496091,81.01358156283547,2276
10,5,0,206.4250363825676,21.60145712266412,2350
10,6,0,261.1583991743912,780.2541510287771,2380
10,7,0,228.2958435328361,480.2592272102818,2346
10,8,0,202.40355540182,20.90984385508962,2314
10,9,0,236.7911293353257,143.4646716253674,2525
10,10,0,242.6115705614001,484.6304365160693,2501
10,11,0,203.1122468251329,21.30774857632257,2313
10,12,0,227.3593731604411,683.7489140768539,2339
10,13,0,210.1987295923567,21.37740749880784,2427
10,14,0,209.3007404265492,22.32077866131803,2440
10,15,0,216.2631056554136,22.2563080252731,2501
10,16,0,211.0289819972016,22.02304177639677,2441
10,17,0,213.5794378917306,21.96025102909012,2475
10,18,0,206.1190698320837,46.96147140780099,2327
10,19,0,149.5729434943496,15.04194456067788,1754
11,0,0,126.3971421016911,17.8258758036732,1370
11,1,0,165.3493406605322,17.28859852308858,1856
11,2,0,195.5407460352478,156.424024509315,2061
11,3,0,192.4287012494202,19.93286857181194,2170
11,4,0,205.2956158571923,21.38595418824569,2299
11,5,0,202.4466350052405,20.55285493260382,2316
11,6,0,209.3722219781668,21.43005849203096,2392
11,7,0,256.1564948900157,757.17002378521,2414
11,8,0,217.1537845480976,52.36400132632838,2380
11,9,0,203.9605839152194,21.66974254445865,2301
11,10,0,223.6481548795135,23.82780602336592,2508
11,11,0,207.796461335329,21.82344307226316,2372
11,12,0,214.9490585029265,22.50251705968178,2452
11,13,0,229.4756209698638,121.5615739932935,2548
11,14,0,207.65913377231,21.17112807879342,2393
11,15,0,213.5850133117724,39.79717126994582,2426
11,16,0,211.5174938474216,22.30316054457235,2421
11,17,0,208.8539711040019,20.95813701500879,2433
11,18,0,205.0700824637542,87.31327124117408,2295
11,19,0,154.9577002378429,77.38895806037331,1736
12,0,0,121.6303765449926,12.3739745413547,1388
12,1,0,166.4739698680815,18.6994605956136,1814
12,2,0,183.187386021328,47.01381251546628,1995
12,3,0,203.0076888541628,31.99301927281136,2233
12,4,0,203.0370085567453,21.38489655023968,2266
12,5,0,220.2196695108157,125.337277907587,2381
12,6,0,225.5343797013162,87.04688731728987,2403
12,7,0,231.1789956716656,253.1039285973618,2424
12,8,0,217.8735370113509,23.25566021982562,2453
12,9,0,212.1167353632052,22.15387755596536,2406
12,10,0,216.9470139109328,22.47666222786595,2491
12,11,0,214.4655498458683,22.21761518244872,2447
12,12,0,220.8995557672108,23.2190904523269,2518
12,13,0,223.72586350085,116.4657184550515,2457
12,14,0,214.1532418253392,23.84289399510361,2444
12,15,0,206.941154949446,20.58352597116947,2427
12,16,0,210.7352254200879,21.99379585262897,2422
12,17,0,209.5113961552624,124.2494149978899,2357
12,18,0,206.7608455258049,190.9217887016284,2278
12,19,0,149.0391779984648,14.64039952904106,1777
13,0,0,123.3246221807298,13.24807588093363,1382
13,1,0,151.6039756230164,15.24783338588313,1725
13,2,0,177.2114638764555,18.38984906426105,1986
13,3,0,205.1243192564905,21.39332939111452,2290
13,4,0,216.1395473811109,61.51127925730061,2364
13,5,0,209.7668517773521,58.38643545401834,2343
13,6,0,208.4015293630894,35.40413930109345,2313
13,7,0,236.8252604757588,272.8575079471269,2430
13,8,0,218.2721341356897,35.26469305800816,2447
13,9,0,244.0131441605215,1324.873812832187,2358
13,10,0,224.3289579864265,93.95099088541427,2425
13,11,0,253.0395987357501,888.4283751879924,2512
13,12,0,216.4842421701153,40.66391488169474,2437
13,13,0,216.5717086561531,23.35679492904938,2445
13,14,0,240.5117232283222,882.2117518334557,2455
13,15,0,213.1418859195783,45.73191907747142,2417
13,16,0,216.598805524009,35.30396570050399,2463
13,17,0,214.2293802654377,28.09375406114273,2487
13,18,0,195.7177591976109,35.2457587441204,2268
13,19,0,155.8067352781288,23.07165086472418,1793
14,0,0,123.7296479383592,12.96747369794658,1397
14,1,0,156.0061876957774,34.0158579668579,1712
14,2,0,184.8351170379102,19.59548342249569,2059
14,3,0,200.0712806809179,20.62745117784683,2257
14,4,0,204.3579687025985,21.82754413806967,2309
14,5,0,209.0385891491909,21.93714466676431,2347
14,6,0,209.6204276584285,31.30113154439483,2342
14,7,0,208.0602339977558,22.24212252859159,2347
14,8,0,210.573721451268,49.24351347733972,2307
14,9,0,221.4068260353236,23.22791216816366,2501
14,10,0,207.7733048484931,21.44429703530119,2375
14,11,0,217.7322126774096,24.07375515365413,2457
14,12,0,215.7864980738689,22.33490024730282,2475
14,13,0,214.6709227315893,22.07811315946248,2497
14,14,0,210.4092687219371,21.84835385753184,2414
14,15,0,207.1772418533696,20.80347783806923,2416
14,16,0,211.5207010387941,21.32188769390094,2456
14,17,0,217.6682252366874,23.09841325795367,2482
14,18,0,184.7589818983693,18.73206842897187,2155
14,19,0,145.8037223272098,14.7274909356441,1710
15,0,0,121.0910132171909,13.06422562984515,1342
15,1,0,159.9527010793166,16.64914858524173,1787
15,2,0,174.6313964143698,18.14877100307558,1953
15,3,0,202.837026657066,30.97430243367312,2236
15,4,0,224.8019516097972,173.4389363233874,2296
15,5,0,208.7752847645533,27.40907088280157,2335
15,6,0,209.8620491614259,22.46385371305272,2353
15,7,0,207.0368773116139,22.17932874311946,2321
15,8,0,219.2518264114021,48.11113382226492,2416
15,9,0,215.4830580841686,32.66801084042552,2408
15,10,0,220.784067063828,92.82756650830787,2404
15,11,0,211.9937811444984,22.58243670334731,2403
15,12,0,213.1794308228875,23.31624780761404,2446
15,13,0,220.7398727964317,26.44419796090098,2498
15,14,0,227.2565196629696,510.052812080155,2366
15,15,0,201.4734757922483,19.97443152776694,2369
15,16,0,211.4204638665443,21.94189283563746,2481
15,17,0,209.4582256203367,34.57294218561638,2383
15,18,0,200.5471670891386,20.24183397190446,2330
15,19,0,147.4466945010116,14.93661589395671,1736
16,0,0,116.7859227336341,12.17949284333128,1313
16,1,0,149.8502651603031,15.86815718505886,1677
16,2,0,180.3386892492233,94.56841005241945,1921
16,3,0,197.5201821193641,20.97852497727827,2193
16,4,0,202.2840783969221,21.02217756525937,2272
16,5,0,198.5122438386725,25.908587554189,2236
16,6,0,235.7439514907973,622.3945226035033,2266
16,7,0,206.2002147519794,46.55452832607681,2306
16,8,0,202.9456634729467,69.50507787487035,2251
16,9,0,202.3221186852876,20.59709148628951,2322
16,10,0,208.4453844386757,22.01313849084277,2377
16,11,0,207.0846305608447,20.54468176262496,2407
16,12,0,211.9733303988706,22.90383501342536,2399
16,13,0,203.7136885377286,36.6392036784073,2333
16,14,0,203.4168694648897,20.9507903523625,2354
16,15,0,210.2102353507175,21.46322761510514,2438
16,16,0,204.9055695768333,20.81028202447584,2391
16,17,0,216.5598090111829,21.915327293245,2526
16,18,0,201.3811702294113,78.78947146869137,2254
16,19,0,148.3121428778778,16.91906314337836,1730
17,0,0,114.5050413646212,12.20320827931481,1281
17,1,0,157.141643626337,72.70434461177285,1666
17,2,0,161.6879382412783,22.08161152896286,1765
17,3,0,184.6968158890165,27.52697809664593,2019
17,4,0,186.5925559861294,19.16935917413459,2105
17,5,0,192.6204747457512,20.50868946202201,2176
17,6,0,197.8093286329426,25.30264178077314,2192
17,7,0,188.6619120051707,19.38326710626372,2138
17,8,0,196.4042689343183,20.97907725333998,2199
17,9,0,192.1682321660104,20.01445336471686,2183
17,10,0,190.2601831735063,19.71154876552158,2180
17,11,0,194.9654072215895,20.04160478704746,2242
17,12,0,202.3363036511171,21.25480703301135,2296
17,13,0,204.430875013322,21.43384209253734,2338
17,14,0,207.8274544012121,21.48858977688234,2373
17,15,0,196.7828124835017,20.03332732603978,2285
17,16,0,208.8213877045251,22.26157832383828,2393
17,17,0,211.9831109737056,190.4796976639723,2320
17,18,0,191.9189061169487,20.13619726547069,2226
17,19,0,139.5524332429703,14.44685999933461,1621
18,0,0,97.04583761580794,10.2038441276145,1081
18,1,0,120.8936875596725,12.81374179652993,1346
18,2,0,198.2261403088413,1689.734101886745,1576
18,3,0,156.839763834321,16.92612111573592,1759
18,4,0,181.7146902803278,349.8996766452006,1809
18,5,0,167.0100172988034,17.5368003065818,1892
18,6,0,162.7179258868973,16.94015501238438,1834
18,7,0,167.3479131727175,41.50619971323123,1835
18,8,0,173.829804804101,18.66295830350298,1951
18,9,0,162.6315889774134,16.26554693230355,1885
18,10,0,176.2192824788701,18.53808886842225,2004
18,11,0,176.7252378112364,49.6761923764995,1948
18,12,0,170.7462286756456,34.4751020941255,1919
18,13,0,172.4666902165392,18.06779288078291,1967
18,14,0,179.3265748113166,18.49685704999293,2065
18,15,0,177.1981208594395,17.45790692772265,2084
18,16,0,193.9673345356564,62.597682677736,2206
18,17,0,184.1658156972961,18.36234218286383,2168
18,18,0,174.4111623872407,17.95887150626234,2036
18,19,0,148.7308775654882,129.5105327598046,1591
19,0,0,73.84675261930647,7.751466203291326,827
19,1,0,95.77702982106597,10.47959422222738,1062
19,2,0,123.5343858207531,324.3264739535686,1189
19,3,0,121.675438966133,13.13454234580371,1339
19,4,0,123.5636324723019,12.29671222084723,1413
19,5,0,131.4799503443619,14.2259889714644,1469
19,6,0,120.7715900170056,12.45702103228695,1375
19,7,0,128.8003800544582,13.17374283982441,1485
19,8,0,131.9898759167917,13.73793018799524,1505
19,9,0,145.2897469571495,272.8855545130445,1473
19,10,0,133.4387595755035,82.36519483653836,1428
19,11,0,126.9885608609831,13.05685779818641,1477
19,12,0,151.1970312170406,162.5695954920653,1506
19,13,0,132.7333617527981,13.73958677978471,1529
19,14,0,144.9173084034308,134.2959907051036,1566
19,15,0,146.3153185547008,58.46606934651586,1600
19,16,0,134.2128109408108,13.57552849316516,1567
19,17,0,129.3001094479071,13.18143161206657,1509
19,18,0,128.4016283457421,13.2789196730274,1500
19,19,0,105.9987898982632,11.72128108245858,1197
