# mesh name: boxMesh_1
# primitive scorer name: doseScorer
# iX, iY, iZ, total(value) [MeV], total(val^2), entry
0,0,0,61.67524788475017,7.995561917064181,541
0,1,0,76.10865888557564,9.652267178909543,685
0,2,0,86.23111182881478,11.04275153406454,773
0,3,0,113.7283893719341,453.4073145543297,831
0,4,0,100.9144154463817,12.63481819870318,931
0,5,0,137.6654792986302,557.0266414119346,1019
0,6,0,118.602999193731,15.11343952850019,1101
0,7,0,109.3930580670479,12.7974530627842,1072
0,8,0,122.6734084640514,14.82079589130024,1195
0,9,0,118.2038126564583,13.94451282530163,1168
0,10,0,116.4772626871285,13.39977398301449,1168
0,11,0,114.3135596845378,13.09909787164536,1167
0,12,0,118.438050211392,13.37422833923787,1231
0,13,0,116.4308745767332,13.71100173901922,1202
0,14,0,121.1373315026877,13.10993470442631,1289
0,15,0,116.8076257918757,12.92496084791526,1240
0,16,0,116.6633358557052,12.43728828337809,1261
0,17,0,109.7129079431057,11.58644301273154,1210
0,18,0,99.48206932965893,10.90431856187654,1086
0,19,0,85.17146835143899,9.460655029361625,923
1,0,0,73.59526859379972,9.879462684238973,629
1,1,0,92.9487680070954,12.11508892851121,825
1,2,0,107.9104145842111,14.13499517306401,946
1,3,0,108.9664714431659,13.81393933234399,979
1,4,0,126.2072066694461,15.5918634993042,1165
1,5,0,142.9444873204466,65.27366996596191,1284
1,6,0,138.0743867387183,16.20162394759971,1337
1,7,0,142.3833640379035,17.03513208915839,1365
1,8,0,146.1762721687845,16.95522901346416,1443
1,9,0,141.360116718513,17.24944774983844,1383
1,10,0,143.4637112082333,17.08608870225028,1426
1,11,0,147.4020011493694,17.03935309044215,1488
1,12,0,144.0114916421029,16.17222818466483,1484
1,13,0,147.1672009085984,17.07969459245752,1526
1,14,0,145.4784413587195,16.36585293072159,1534
1,15,0,142.6245428438536,14.91150640723217,1552
1,16,0,143.8657657478145,15.72909044956087,1547
1,17,0,136.6774054249006,14.60220645862385,1502
1,18,0,118.4045702351575,15.53980896807834,1273
1,19,0,97.40242627642142,10.42370567447931,1077
2,0,0,94.18961122591742,63.92807732473029,777
2,1,0,103.9282515534514,13.539280492042,910
2,2,0,124.7687860832987,16.03886245769415,1113
2,3,0,130.93687060793,17.21711426465655,1194
2,4,0,144.9475169350602,18.42080260550669,1318
2,5,0,156.8620208469045,42.1958507733121,1414
2,6,0,156.5211942817029,25.34833624188179,1445
2,7,0,158.4592855476245,19.6806034534751,1508
2,8,0,165.374074758662,19.68582023494907,1605
2,9,0,166.632020002424,19.07202397155522,1660
2,10,0,180.8957944419662,95.54502120174419,1709
2,11,0,171.6959866052553,22.34812001015719,1733
2,12,0,172.6657668205773,19.30029630127616,1788
2,13,0,172.2458260241261,81.19829960974423,1707
2,14,0,177.5729809445361,135.0240927690794,1758
2,15,0,158.1758479893891,18.79511195693676,1696
2,16,0,161.758652569718,17.28029336511705,1772
2,17,0,156.6165410540634,24.24612462202333,1645
2,18,0,137.899349742023,14.50761962227576,1528
2,19,0,122.1534307733784,27.10025971774616,1293
3,0,0,98.52606335325343,13.64193482603855,831
3,1,0,122.706064776904,16.4270102782118,1074
3,2,0,130.8938376526295,16.77904855698483,1175
3,3,0,146.7888410362601,18.35842966275863,1341
3,4,0,160.3967566773617,20.27567305730077,1468
3,5,0,183.5472910185074,229.1925205438463,1589
3,6,0,169.6830456553681,20.89848052587789,1605
3,7,0,174.0752258349744,21.78446773907386,1648
3,8,0,189.729404801123,48.75231879859425,1787
3,9,0,181.2633029033809,21.17492393489711,1801
3,10,0,183.0360080668612,21.25592068322875,1832
3,11,0,184.8343004459246,30.51481090892766,1849
3,12,0,189.9969780666661,38.78991730080571,1853
3,13,0,204.6677978114975,323.1150198776145,1921
3,14,0,182.1862051846951,20.25820081113521,1934
3,15,0,188.2368076150047,21.0551223751432,2006
3,16,0,181.2021340767777,20.12853275293106,1942
3,17,0,170.3812648172122,20.80481641529137,1857
3,18,0,151.603993806964,16.54015706831881,1659
3,19,0,120.3160550196503,12.66825001710098,1326
4,0,0,103.8906714013662,14.27973628266126,879
4,1,0,119.4290671310074,15.74333213830906,1052
4,2,0,154.6306252216431,36.14027523512564,1303
4,3,0,158.7967122185686,20.25284705146241,1454
4,4,0,170.9312748551625,23.37196715861779,1561
4,5,0,178.9478193093859,22.88445983411789,1637
4,6,0,180.6943546645513,22.28242907026649,1684
4,7,0,194.1887893945861,23.38595705425874,1866
4,8,0,192.0044853994504,23.26265429316919,1841
4,9,0,197.8090003154603,38.28518335664192,1916
4,10,0,190.3229812085559,22.45128962498979,1889
4,11,0,194.2812304446595,25.46325200511779,1971
4,12,0,202.3564371817661,23.42936653899147,2089
4,13,0,197.8485191768994,47.004415360948,2020
4,14,0,200.9481574941389,70.61929073587282,2039
4,15,0,213.6202139672214,230.2837498478361,2082
4,16,0,188.3001193582738,21.30245347679682,1997
4,17,0,178.0588092057725,19.76039699270571,1911
4,18,0,176.9821315110783,42.74333835669864,1859
4,19,0,133.2650938338099,14.41481273387107,1466
5,0,0,106.6555735975854,13.91538512575017,947
5,1,0,125.5810842356534,16.45366188690737,1103
5,2,0,145.271159545,19.02715457562498,1296
5,3,0,173.0453404132844,22.49936314668576,1541
5,4,0,170.4148891579864,21.16449254066004,1581
5,5,0,197.9971602386409,53.78700055079695,1812
5,6,0,210.3051953691894,165.8179960396028,1863
5,7,0,197.3131292340074,23.84199928114377,1894
5,8,0,204.4624142036039,36.08189801339071,1957
5,9,0,208.4323253306538,147.3895780299921,1875
5,10,0,199.7265166327487,23.23504945008134,1995
5,11,0,201.8112489632807,23.64044348920846,2023
5,12,0,209.9454995519562,24.43151810869708,2133
5,13,0,227.9695461183748,422.289667981115,2045
5,14,0,208.5144702508772,31.40711203261063,2198
5,15,0,200.7387194186742,22.37958707542435,2142
5,16,0,190.9373697209286,20.70108132826492,2070
5,17,0,178.388411428031,19.66992836969033,1937
5,18,0,166.7288550797442,19.14216746396063,1783
5,19,0,137.7235688596637,14.97662137328533,1506
6,0,0,113.3006821007922,15.2179968842052,971
6,1,0,133.5477706080158,20.64173050919816,1150
6,2,0,151.4651388537417,19.68752656558948,1344
6,3,0,164.1123616088047,21.27366152847655,1482
6,4,0,182.7608137437991,23.67103888785854,1655
6,5,0,198.0972811347111,24.51436203338506,1842
6,6,0,190.0450851668751,22.49848373827589,1824
6,7,0,206.4447141505681,24.46733861965404,1997
6,8,0,227.7684469910259,533.2405089963049,1969
6,9,0,208.9548035473102,48.86110716643994,1987
6,10,0,203.0576617931839,23.87195887119535,2038
6,11,0,212.8074721223787,31.35105768720986,2156
6,12,0,201.967425203095,22.48357905604073,2086
6,13,0,226.2479904406766,387.106039139387,2127
6,14,0,207.061512445862,24.08475530210609,2182
6,15,0,219.1738593299172,58.12378544878336,2258
6,16,0,199.3421503216779,22.04459213982716,2141
6,17,0,191.239818693726,51.37551782707448,2012
6,18,0,174.861968074265,19.35104623349725,1907
6,19,0,143.9532691554808,37.7508955876938,1525
7,0,0,112.8960899873236,15.15011252024219,980
7,1,0,157.3733161830688,444.5550501068676,1196
7,2,0,155.8539355759791,19.93922700583834,1396
7,3,0,171.3245254197867,21.55905990144671,1561
7,4,0,188.5165336486852,23.78227699013533,1733
7,5,0,192.375725230716,23.81021889358687,1792
7,6,0,210.0360871735578,26.29900616804122,1976
7,7,0,212.3884402205248,55.38802187788751,2015
7,8,0,216.4466675231402,33.58684310790358,2054
7,9,0,219.1710885007976,59.02822620591411,2114
7,10,0,214.3347866008124,30.84034052021912,2109
7,11,0,203.6966084029154,24.51678978176471,2023
7,12,0,236.8389974098646,402.4548205624651,2211
7,13,0,236.0153824490702,207.0257934282494,2297
7,14,0,232.551145630641,144.4781011567221,2292
7,15,0,206.5784227732894,22.6870630481962,2209
7,16,0,206.0046691887729,23.61609608988078,2201
7,17,0,188.4272424531835,20.44082479366362,2053
7,18,0,169.3984574303202,18.73757505817196,1822
7,19,0,139.5533538287928,15.01843860495405,1531
8,0,0,113.2609761377446,23.13754138616529,957
8,1,0,140.7862656650089,18.71461563319406,1222
8,2,0,165.5547979825698,21.44050402295247,1473
8,3,0,174.24205392501,22.73246191327314,1550
8,4,0,185.2527513640724,22.67363742097309,1724
8,5,0,206.7422429520693,39.06186592755225,1859
8,6,0,203.8168403663211,24.73280616013745,1939
8,7,0,217.1766626894589,25.98150688794901,2075
8,8,0,212.669820449441,26.11316524800215,2051
8,9,0,212.8104436902108,32.31265546533174,2106
8,10,0,203.3290329649358,24.18791910494054,2004
8,11,0,207.7889921608296,32.86347889038803,2092
8,12,0,211.2926682931199,23.37465328646313,2191
8,13,0,215.0009331812574,23.6981338114445,2261
8,14,0,219.5230386050181,84.50039041491681,2187
8,15,0,236.3405252578978,838.8940248074947,2184
8,16,0,197.8036498230764,21.50703359495603,2142
8,17,0,197.4426888396942,21.42683139536814,2133
8,18,0,165.2551336701761,17.85835868372175,1802
8,19,0,166.1170624711935,665.0991773210651,1514
9,0,0,109.9815905901272,14.20171232854939,967
9,1,0,133.7049137072901,17.30011940846518,1194
9,2,0,159.602007958641,28.17253391153253,1391
9,3,0,172.648786581806,21.74974214632601,1571
9,4,0,214.457539932752,642.1212967065893,1737
9,5,0,200.5200888223645,25.09839214306198,1873
9,6,0,203.8947478565969,26.67208029097632,1905
9,7,0,248.9018457131648,919.7006234222416,2032
9,8,0,203.328773097943,23.94559032568717,1992
9,9,0,239.4392385438683,533.2912499438611,2096
9,10,0,213.5440226449416,24.66302174277525,2145
9,11,0,217.727150881348,66.00021599022247,2123
9,12,0,210.4575415296605,30.1707377214687,2133
9,13,0,212.3997194990698,23.64594249049919,2210
9,14,0,217.1043693914232,35.9986273285747,2252
9,15,0,205.5276767960073,23.58164348984604,2155
9,16,0,210.9524350746064,22.75162340467944,2279
9,17,0,192.739146347538,38.48190984559581,2068
9,18,0,168.7882661280381,19.45064190313517,1799
9,19,0,141.6934583116119,35.15446490348757,1503
10,0,0,111.5336921095469,14.5838670255614,982
10,1,0,138.7372105087541,18.89667468493739,1205
10,2,0,157.9706554559673,20.87350276047741,1400
10,3,0,185.8415242165016,24.13316280805485,1669
10,4,0,185.071168374858,23.35870502954644,1696
10,5,0,200.3154176002052,25.70999054917489,1836
10,6,0,217.7102459615875,27.65756254068166,2039
10,7,0,215.245072752144,26.77660468236416,2038
10,8,0,211.8685941682433,25.21261080143629,2070
10,9,0,210.5694861678412,24.44860378051035,2086
10,10,0,216.7386347943626,55.31086859190877,2123
10,11,0,224.7132248380965,26.9494765064353,2235
10,12,0,219.5614586757195,25.12642967676067,2249
10,13,0,211.5655592546095,23.13243760504048,2234
10,14,0,219.9056798902845,55.17472871114659,2273
10,15,0,213.5643893358234,23.33451726449116,2283
10,16,0,200.7222222941537,21.83269676723757,2178
10,17,0,193.762925162286,22.59502671501835,2069
10,18,0,164.58217602932,18.72834902644961,1790
10,19,0,146.9454670524817,53.17647253328706,1533
11,0,0,115.016908338197,16.11260664759251,988
11,1,0,135.5940543618815,17.90260257917248,1191
11,2,0,161.976370428389,20.19737539128457,1461
11,3,0,179.6580770757693,23.84914246007043,1603
11,4,0,193.3726850683748,34.16859061675456,1749
11,5,0,198.8209672648792,25.24174031472664,1824
11,6,0,205.976817058599,24.91686274417757,1953
11,7,0,211.2983900217954,34.46089984782607,1998
11,8,0,208.7281648910945,26.8177404030158,1994
11,9,0,221.4668802175788,35.29388697647782,2147
11,10,0,219.3945268244632,100.6409162129033,2106
11,11,0,200.5313180025009,22.7729624876518,2052
11,12,0,207.516421999837,23.44415000744591,2142
11,13,0,207.0331828146281,53.251253005203,2120
11,14,0,208.7136607561222,23.33156836843504,2184
11,15,0,205.3980475007643,23.60015891813365,2163
11,16,0,203.4117567172073,23.94208566276798,2157
11,17,0,184.3341129664649,19.48334482249089,2010
11,18,0,166.8753681981776,19.59840916163222,1804
11,19,0,124.6818428575252,13.34553358859842,1383
12,0,0,104.1975088870974,13.58974935427194,912
12,1,0,141.0980826036341,18.46192929841423,1240
12,2,0,203.2100114514044,2631.089443008819,1341
12,3,0,170.2242121686112,21.38267455753416,1542
12,4,0,184.9976365412757,23.8284756311262,1695
12,5,0,203.2567733146548,85.95839282637611,1832
12,6,0,196.7199216197938,24.65606987841665,1839
12,7,0,200.5867511977238,23.57429335006885,1949
12,8,0,215.7613585719564,29.61433611577871,2073
12,9,0,210.5266929386553,74.37664691445997,2020
12,10,0,204.3576848970797,23.65723880849978,2048
12,11,0,216.2955026271433,64.87083880413711,2120
12,12,0,203.8572411272135,22.58208140613124,2121
12,13,0,219.8493464573864,24.45459532913471,2289
12,14,0,211.5639794865248,23.15307821289242,2256
12,15,0,209.515029843063,23.68128126576525,2202
12,16,0,209.4171305809926,22.99679624529309,2252
12,17,0,180.0993249358594,21.18485349410655,1960
12,18,0,168.708525932294,18.35753982861098,1838
12,19,0,148.107588374899,48.73186431779032,1574
13,0,0,103.0055084518573,13.62333367525666,898
13,1,0,134.3699168196533,17.22959466652111,1212
13,2,0,156.3770497796252,26.94061655789091,1395
13,3,0,171.6193503012142,22.20341086180852,1540
13,4,0,179.6793400122437,22.45875369573224,1655
13,5,0,191.25265475796,24.09458228619329,1770
13,6,0,195.2216988899059,23.85623491082487,1851
13,7,0,201.6365293107063,24.79693057637722,1931
13,8,0,215.5828041731348,64.44425236467929,2029
13,9,0,200.4184796169773,24.52330514028476,1957
13,10,0,208.8879119146464,24.98644713895382,2072
13,11,0,210.5303657873851,23.63040218999257,2157
13,12,0,209.9759502174857,23.69670897772301,2154
13,13,0,212.5884763735086,23.38629460723512,2239
13,14,0,206.9615718123399,22.59243041998775,2204
13,15,0,196.9203783448062,21.35320970582685,2104
13,16,0,194.2876189544538,20.61465228858205,2119
13,17,0,187.58581878789,20.05103121593829,2053
13,18,0,174.8880854383281,63.29007156288128,1803
13,19,0,166.4965501949762,316.4070148279729,1542
14,0,0,109.2195364972162,13.93625904011366,959
14,1,0,129.0575596019892,17.47495144285006,1123
14,2,0,150.3575266240192,19.98344165317104,1332
14,3,0,164.9262423098991,21.21453954199462,1481
14,4,0,184.7383130133869,38.77266418831615,1653
14,5,0,199.678734501909,131.3589070960723,1709
14,6,0,195.4684073442479,25.12973017062891,1786
14,7,0,200.4567787003815,24.00680333252991,1931
14,8,0,192.4839480260861,23.33127729417039,1873
14,9,0,197.7253318169197,23.54046251690131,1947
14,10,0,204.7788178826053,24.03690246980904,2040
14,11,0,196.9800085498497,22.30833580970751,2009
14,12,0,201.4922885426813,22.5411981067259,2090
14,13,0,201.0065204068549,22.42477135014587,2109
14,14,0,203.9725124041497,22.85564230465601,2141
14,15,0,197.3139273723177,21.31657103113165,2123
14,16,0,192.0507424434625,20.95770041548883,2052
14,17,0,184.1039048452887,25.41198590777232,1970
14,18,0,170.4046296265254,37.92256877508305,1799
14,19,0,135.0738978910004,15.61444989658428,1476
15,0,0,102.7702868657194,13.16565236904464,903
15,1,0,123.7355537391801,16.09664208307578,1086
15,2,0,146.9162241169025,20.5845620378492,1290
15,3,0,162.7548228115946,55.98616259589534,1425
15,4,0,169.581453750403,21.06697552729698,1557
15,5,0,194.9335658248397,481.722607903959,1604
15,6,0,187.1742788141723,25.3704916089818,1784
15,7,0,210.0953228844047,187.9043411513437,1863
15,8,0,207.2124900604953,78.46179369640694,1932
15,9,0,195.9467601936726,22.86775449785629,1944
15,10,0,190.7808258222097,21.11699819041052,1962
15,11,0,190.6298738799451,22.74153344836899,1914
15,12,0,195.3744671000354,21.74086411760419,2024
15,13,0,198.2513834611625,25.3889298637076,2034
15,14,0,198.2444840218802,22.50368950333435,2071
15,15,0,195.7822045400598,21.41375026835951,2097
15,16,0,196.4317147598744,21.39568995313895,2119
15,17,0,185.0028362341515,32.26867362513127,1993
15,18,0,171.5253210182816,69.6176935140286,1793
15,19,0,142.4330179342857,55.82624908782083,1484
16,0,0,91.92415366926413,11.48645144865134,826
16,1,0,110.2816279843809,14.43970607585923,984
16,2,0,129.1598490368617,16.43941487038309,1158
16,3,0,141.7072984309281,20.13287859394633,1279
16,4,0,149.3328749703166,18.97388388075845,1366
16,5,0,161.322236298883,20.19424809364095,1494
16,6,0,159.4115801856755,18.99478217569156,1527
16,7,0,179.0696047131764,20.89404812514841,1752
16,8,0,185.3712031299524,22.30488837438979,1806
16,9,0,178.8290495691416,20.44932094128988,1791
16,10,0,189.1028694672088,63.43028109057553,1828
16,11,0,169.3725437178358,19.51186058452861,1729
16,12,0,181.7504048249002,20.97143525357648,1853
16,13,0,188.0772437677171,20.79350233658592,1965
16,14,0,184.8595798484012,20.78224216987565,1942
16,15,0,181.5613072866357,19.59241097707561,1950
16,16,0,184.816714978699,36.91312725314456,1949
16,17,0,169.0896837111244,18.09378805676451,1844
16,18,0,157.2599350694226,27.24642598485253,1695
16,19,0,116.4226254888299,11.60853426982287,1325
17,0,0,109.1668794803687,709.5705908409029,748
17,1,0,106.9673894144809,14.18856132420649,926
17,2,0,118.0653416675177,15.4866160193193,1038
17,3,0,134.1421778418714,20.2090880312369,1182
17,4,0,143.3798785952599,17.90060321151234,1318
17,5,0,151.0633000458681,20.06372572054329,1382
17,6,0,156.3118865252168,19.81048048750934,1472
17,7,0,157.0919872843418,19.49560456289859,1486
17,8,0,166.1553096501268,22.53555864978103,1603
17,9,0,178.9312239767827,205.3189240921023,1634
17,10,0,160.7661486375285,18.32133616237765,1634
17,11,0,166.3433218646404,18.88817210390994,1705
17,12,0,179.1551159029669,285.339575189815,1669
17,13,0,165.6572203499859,19.09254279916636,1707
17,14,0,167.4295605146243,19.17268265452129,1735
17,15,0,173.4685616933896,19.73570212282127,1823
17,16,0,172.5950531267003,29.21857415984606,1812
17,17,0,150.2546517648645,15.94801302056895,1653
17,18,0,140.0920933811225,19.91230096127056,1515
17,19,0,118.5706981447709,12.93978105623915,1302
18,0,0,71.06040650070915,9.502726834708902,613
18,1,0,87.37024691298036,11.9922846873241,753
18,2,0,104.6940184783141,13.6846393651756,932
18,3,0,118.8131850536518,17.99030423828071,1052
18,4,0,124.8681510680668,15.6255373518801,1147
18,5,0,134.6232327370583,17.32741244688764,1251
18,6,0,144.6723769312407,18.26765906589535,1341
18,7,0,146.0504322297981,18.2725434330541,1383
18,8,0,143.7052929606412,17.56533518079735,1388
18,9,0,144.1388712693441,20.788700481669,1405
18,10,0,145.4147144041468,17.33454888707317,1432
18,11,0,144.3663712021354,16.46704225879711,1479
18,12,0,196.0467231741368,562.5368099491021,1570
18,13,0,147.0424481834873,17.25557389456099,1505
18,14,0,138.2746544708359,14.96788661326565,1474
18,15,0,148.5902412115483,16.70238050194712,1571
18,16,0,142.7761350964797,15.50882237449665,1531
18,17,0,131.0086929618647,14.18891189169474,1422
18,18,0,123.5536421219028,13.58506073541004,1352
18,19,0,95.01873805152584,9.945192811083498,1060
19,0,0,66.06321100983013,9.087811494082775,568
19,1,0,78.86802088563074,11.00389255879413,671
19,2,0,81.78820477582816,10.29118825047186,731
19,3,0,89.12429579948781,11.60437258479144,816
19,4,0,108.9699834338964,14.4724439441824,979
19,5,0,114.6828862197769,34.83182244787372,1023
19,6,0,107.146238205289,13.17228148660046,1007
19,7,0,111.5178522414303,13.11342079276987,1097
19,8,0,123.4681432062251,15.62882426323131,1179
19,9,0,119.2227183726867,20.07258166274443,1161
19,10,0,122.1181182495198,14.68216187634792,1199
19,11,0,122.005747063534,14.19875175533613,1227
19,12,0,162.2593296043229,707.759290371831,1313
19,13,0,130.9237989371113,69.89308032942685,1263
19,14,0,122.8436503306999,14.31047254886005,1260
19,15,0,115.5616870379654,12.48604658890961,1234
19,16,0,113.1485608676306,13.17596222731013,1179
19,17,0,142.56359689978,703.3041900308996,1249
19,18,0,99.53889019174734,10.70094698303782,1084
19,19,0,76.16782853626651,8.012622198760788,841
