# mesh name: boxMesh_1
# primitive scorer name: doseScorer
# iX, iY, iZ, total(value) [MeV], total(val^2), entry
0,0,0,68.45159602555663,7.658627347505795,732
0,1,0,90.43609654572781,9.978107139272273,967
0,2,0,115.5301167229795,100.1760868924549,1144
0,3,0,125.7052219388985,38.75557890585412,1289
0,4,0,136.5314562579873,695.9830897048035,1212
0,5,0,136.4693873483857,188.1741870980067,1346
0,6,0,157.7600038865215,535.6604457930315,1429
0,7,0,132.7499389137192,89.29664194371625,1377
0,8,0,122.7290613233551,16.68678115608909,1345
0,9,0,133.7881046545685,24.50507787365771,1413
0,10,0,133.8613293351006,55.70090388211865,1394
0,11,0,123.2399507177648,13.08459004849125,1374
0,12,0,130.6681560507816,13.49161426746396,1473
0,13,0,129.9280320551324,13.67068927318609,1459
0,14,0,125.9534240868007,13.69105704452325,1398
0,15,0,119.3315735327638,12.03801414678112,1365
0,16,0,124.9252964202439,13.08624480562042,1413
0,17,0,122.7848432905336,12.69992324993081,1402
0,18,0,102.6675923122824,10.50827900518892,1172
0,19,0,85.99018285024906,8.977262623624181,980
1,0,0,83.46867240753994,9.111586954485331,898
1,1,0,106.3917600568812,11.6827209086087,1136
1,2,0,128.892393169732,13.65017444442327,1397
1,3,0,133.4955542477028,14.20696309391167,1449
1,4,0,149.3078000832988,16.37325610353004,1609
1,5,0,152.5052879275285,16.64184844936527,1639
1,6,0,156.5232645345238,17.17084438975953,1701
1,7,0,162.2520384055838,24.21311909773349,1729
1,8,0,159.6255786733047,23.25739057608128,1714
1,9,0,163.4162448158281,17.42569954727635,1820
1,10,0,161.8937477453622,45.10592320389718,1729
1,11,0,166.5752138581591,18.36989803624267,1820
1,12,0,157.8543146255672,16.87599432823573,1746
1,13,0,167.8146212021778,18.02183338354913,1867
1,14,0,171.8036975086131,32.1771274978084,1865
1,15,0,169.2889917647039,17.87069279245009,1888
1,16,0,151.5281697020172,15.49949956227622,1744
1,17,0,158.4381330229446,17.16148118320292,1764
1,18,0,143.1813453236377,16.69751725895166,1603
1,19,0,108.5289845120149,11.14464434149555,1244
2,0,0,102.8801614628649,26.57724696682572,1068
2,1,0,129.8724368736674,19.47410320460994,1372
2,2,0,152.6899833078899,49.76688233419679,1576
2,3,0,170.7311584315183,72.73780932439519,1755
2,4,0,181.7785798600791,20.24176604042677,1948
2,5,0,172.946852029794,18.13487593901823,1913
2,6,0,188.7828185068253,20.35012905375419,2058
2,7,0,183.4508628084332,20.17831351881925,1993
2,8,0,177.9949796589964,18.7228131285201,1979
2,9,0,188.48933747161,52.72206238781322,2008
2,10,0,181.3953126472601,19.15640526890211,2015
2,11,0,187.9421040240664,20.01806347163973,2075
2,12,0,188.6151646148526,19.96812631396883,2118
2,13,0,192.8328346656613,20.02002383537448,2168
2,14,0,190.716974399864,20.04349369892577,2153
2,15,0,178.2902756953569,18.40989621176416,2016
2,16,0,183.5719682843825,19.06164123427263,2090
2,17,0,175.852941285216,21.56845695128332,1986
2,18,0,163.7206292161949,17.81379152791629,1813
2,19,0,121.2989191110283,13.57398700550881,1389
3,0,0,133.4276146627422,425.733745571749,1211
3,1,0,161.8355591182694,281.762842390046,1491
3,2,0,166.1107394874395,18.29696768005845,1786
3,3,0,185.7269322078716,56.31261126783041,1958
3,4,0,188.4098106829585,20.55053528968395,2040
3,5,0,201.642011736878,22.09503503443326,2158
3,6,0,220.88763911332,131.1990093197955,2198
3,7,0,205.5109453575111,35.15669978550709,2188
3,8,0,196.7973059547762,20.60122679534383,2178
3,9,0,196.8622361398091,20.99829116065902,2169
3,10,0,203.2193640712864,21.3398240608185,2268
3,11,0,200.4660296153257,21.91056055880996,2193
3,12,0,201.7642649878999,22.60056952109812,2235
3,13,0,199.4753757028413,20.7114476624398,2245
3,14,0,199.0310183131322,20.8720882835181,2241
3,15,0,207.5618613757269,21.97959252355266,2335
3,16,0,201.9768712535785,20.69353939948644,2302
3,17,0,181.1603255680677,18.94900368677477,2073
3,18,0,165.6817567253334,17.00735925799603,1896
3,19,0,127.4003840859071,13.0411377749129,1470
4,0,0,116.1803761316806,13.25303911312562,1215
4,1,0,145.0890177335509,16.222306911451,1547
4,2,0,182.0465229910713,115.564869565542,1858
4,3,0,185.9434526635017,20.68546968956627,2003
4,4,0,202.3975896461453,63.41415730874887,2086
4,5,0,217.001365732016,127.9328583751563,2197
4,6,0,224.6571728885768,152.1738153944971,2288
4,7,0,206.0737089296701,22.78739608194343,2234
4,8,0,200.7243806713707,20.68099903504888,2240
4,9,0,209.2290457027165,22.28043379360173,2321
4,10,0,218.3439869644641,45.06712530045206,2375
4,11,0,210.5401539367161,61.36043291291723,2266
4,12,0,211.0144245499522,22.42660848386974,2342
4,13,0,211.1697234239408,21.78404929594906,2376
4,14,0,202.1638403266617,20.35189769898167,2313
4,15,0,205.5337660596166,21.49796453498183,2337
4,16,0,203.9344032936589,21.13306804119832,2326
4,17,0,198.0985653507186,24.31486293919508,2228
4,18,0,173.8873114479443,18.60282569133146,1982
4,19,0,132.3984895088095,13.15381366042335,1535
5,0,0,113.9490288746347,11.85339394480248,1253
5,1,0,149.1869751459103,16.44630139886998,1612
5,2,0,174.5712479233648,18.92253662230619,1876
5,3,0,194.8339729195525,21.57166195614618,2097
5,4,0,200.6097733926795,22.02172405240206,2160
5,5,0,202.7030235183531,21.75833070835731,2201
5,6,0,207.9310858090101,22.0259233372563,2271
5,7,0,226.4978859463145,176.3756601857766,2286
5,8,0,217.6088601421857,37.79514511282336,2338
5,9,0,209.3234554020033,21.98224194266149,2332
5,10,0,225.3291527463408,25.18230959149398,2451
5,11,0,211.8318633746294,22.33065025005957,2363
5,12,0,214.1231772552958,55.14644549224543,2339
5,13,0,218.3784878450617,23.62890572814696,2432
5,14,0,207.6249644767948,22.18671460110612,2324
5,15,0,222.6065568699273,270.7517473218512,2322
5,16,0,210.9548305133654,22.10454315197223,2383
5,17,0,199.2238894217604,20.78640764567036,2267
5,18,0,172.5628471759983,18.21688811258685,1946
5,19,0,133.5665075641961,13.73233174803932,1528
6,0,0,125.6021574849133,14.15295888807231,1346
6,1,0,155.4303209993699,138.1154091550402,1558
6,2,0,180.158051980278,34.27086272849377,1899
6,3,0,192.8921253326621,21.37341695732295,2060
6,4,0,199.6931109243658,21.63626425654159,2170
6,5,0,209.2908410204583,22.81949481118219,2256
6,6,0,201.5942047694357,21.63122508769201,2208
6,7,0,212.4674405971562,25.00247410300647,2296
6,8,0,208.2429158970923,22.16788519050577,2295
6,9,0,255.3250931569013,830.2784623893192,2377
6,10,0,249.1317613296463,795.7178522234428,2342
6,11,0,226.3876553134949,149.705105345321,2403
6,12,0,208.4886470525988,31.3402984466075,2313
6,13,0,205.2628680477063,22.12481620307076,2273
6,14,0,232.0722460364684,249.1325348213655,2362
6,15,0,206.7343676543131,32.90793255748431,2296
6,16,0,220.1897539097074,23.43890905409917,2466
6,17,0,216.3831015793212,337.5060608057668,2274
6,18,0,178.1715393638096,19.08321954136723,2014
6,19,0,135.610977332591,45.49316475115702,1476
7,0,0,120.0200527609079,13.47809859060207,1278
7,1,0,168.2006980270882,157.9547623761747,1665
7,2,0,175.4653714986625,24.38989869754214,1829
7,3,0,194.7623465219986,58.86642439130654,2036
7,4,0,205.5058253558443,21.91031877028317,2234
7,5,0,208.2649286940356,22.17329295216477,2275
7,6,0,221.9788064935373,68.99049651752003,2356
7,7,0,216.39183291548,37.43991170910039,2340
7,8,0,212.6396175392514,23.2081456951712,2338
7,9,0,216.3486851999753,22.50490133463534,2404
7,10,0,221.1563655148075,56.6382327743603,2376
7,11,0,217.0959957172577,24.04819353212389,2377
7,12,0,216.0503628585128,81.79377525728103,2364
7,13,0,225.9388921017745,197.6797111421666,2385
7,14,0,210.1315981002425,22.23066907683502,2341
7,15,0,204.6419796011248,21.79286195616897,2297
7,16,0,213.8829184498295,22.75194052772179,2403
7,17,0,195.472285404148,21.04658473793484,2190
7,18,0,178.7118222744876,18.93642017490014,1999
7,19,0,137.6515073485173,14.27761999725888,1588
8,0,0,117.56974269119,12.82449350759104,1258
8,1,0,152.8587378314425,16.70778241245477,1629
8,2,0,175.5942657542533,19.56616392071964,1880
8,3,0,197.6104961073649,47.16586816270289,2069
8,4,0,202.5038533170236,22.76560901755579,2168
8,5,0,224.2679657879176,118.099817869456,2320
8,6,0,212.8682357034187,23.07494138259508,2316
8,7,0,207.1874201449413,22.98459034917672,2229
8,8,0,211.9512268134978,22.51512164102641,2349
8,9,0,203.0519344381543,21.36081979288899,2265
8,10,0,221.0560707058438,23.85969393634526,2427
8,11,0,218.1272182691934,24.45073463853435,2402
8,12,0,208.1798791944783,21.90549792522522,2326
8,13,0,205.0056814548049,21.42949381989917,2318
8,14,0,209.3461731851144,22.27519751013039,2340
8,15,0,211.6037627726027,22.49450846585087,2368
8,16,0,204.8592398798862,22.97402234139176,2369
8,17,0,196.8141573932889,20.32918592758953,2244
8,18,0,175.3162557833792,19.66439193048835,1997
8,19,0,132.691061945759,13.60949542941581,1518
9,0,0,116.0660505129833,12.77574230767964,1240
9,1,0,147.4284714733003,21.097194433855,1576
9,2,0,183.7360313995897,22.16073029887511,1959
9,3,0,193.3162213381976,33.21370277487599,2094
9,4,0,209.1314481636404,22.31636165895841,2294
9,5,0,216.8502685229582,23.70081269509014,2352
9,6,0,208.4213853755967,22.03640354766569,2288
9,7,0,218.5842268409164,37.13712832839369,2341
9,8,0,217.8122568054326,32.27005149455067,2353
9,9,0,213.6396676157477,21.69861412514249,2414
9,10,0,214.6960147141621,106.4597069371949,2282
9,11,0,214.8317116377045,22.60497836945651,2387
9,12,0,232.2279068074522,430.771586513322,2345
9,13,0,219.2488766064971,169.8269223380188,2300
9,14,0,215.2491862397464,22.60542008415923,2436
9,15,0,204.643430988628,20.54859124606347,2368
9,16,0,224.2333921301331,65.77019068740647,2410
9,17,0,201.9404887074483,41.23666328704346,2224
9,18,0,161.1075047255626,17.05554697015426,1838
9,19,0,132.7875775479635,14.0970805511822,1497
10,0,0,116.7774931519235,13.09684537011949,1244
10,1,0,156.3373997501947,17.62716808177798,1637
10,2,0,171.4806061306365,19.166927253112,1859
10,3,0,214.4433197086354,285.4375601592177,2109
10,4,0,195.4961152326614,23.16665579597467,2117
10,5,0,208.3655843088225,22.48377744847481,2257
10,6,0,209.4312320274982,22.96120603438524,2278
10,7,0,210.226134277537,22.8084370751053,2289
10,8,0,227.3694177809248,227.7328354729054,2338
10,9,0,216.8013468777651,22.60959887637968,2429
10,10,0,211.2663025415232,22.76463070726444,2323
10,11,0,214.5302263743969,23.41170790601189,2381
10,12,0,217.4123976923434,55.12879030742434,2377
10,13,0,226.7550435448803,60.51351674559743,2467
10,14,0,211.2165566346789,21.90625553556976,2398
10,15,0,215.3215776950467,35.89203230154752,2417
10,16,0,216.7462077071082,28.00326670772326,2403
10,17,0,197.7781975046469,20.34482351345645,2257
10,18,0,173.5961611377507,18.4144508333361,1952
10,19,0,137.3085437663361,18.00199815934674,1527
11,0,0,114.9009126074706,12.29022430735403,1243
11,1,0,151.2788863055162,16.64363814665651,1636
11,2,0,175.8322249604679,27.7894311822182,1841
11,3,0,183.1756028778444,18.81107874665857,2041
11,4,0,201.8061135436988,22.30055957310982,2170
11,5,0,215.7116451585761,173.0488223534404,2221
11,6,0,209.2454864518697,31.47557942357895,2251
11,7,0,204.3823091270839,22.02038979964907,2243
11,8,0,225.4726166376483,35.87936647005216,2409
11,9,0,215.4732680922262,31.51669815182893,2334
11,10,0,216.3066362403828,49.21229373208859,2304
11,11,0,232.269212629316,131.4865091225728,2446
11,12,0,221.4002085758441,23.94433759924972,2438
11,13,0,218.0136871182402,50.68766751356478,2394
11,14,0,205.7722617010289,21.34621739076744,2336
11,15,0,249.5953118084586,1044.088525954677,2460
11,16,0,238.1636496882711,523.4919158724229,2429
11,17,0,203.2039902491125,21.01445162031746,2295
11,18,0,169.3876060431157,17.9127416654352,1924
11,19,0,131.5478374767874,13.26135604744863,1527
12,0,0,117.2394752333516,13.37759841662739,1239
12,1,0,149.3487222011655,71.08535471101341,1524
12,2,0,176.5251900036831,20.71144634432682,1857
12,3,0,187.5673777955548,20.68875483226888,2017
12,4,0,203.3240572659292,22.09971018530446,2191
12,5,0,216.5564533392561,23.33164341632478,2341
12,6,0,212.9425552871696,23.46452165427716,2307
12,7,0,213.0107121307306,23.23217859466987,2328
12,8,0,210.8040744951587,26.16726608165411,2326
12,9,0,217.7867662065975,26.97282027552278,2372
12,10,0,215.57074622031,22.53647889684086,2400
12,11,0,213.162836920802,22.08877490312943,2392
12,12,0,221.7445894048222,24.13055565707764,2447
12,13,0,213.7827224835171,25.4205257467873,2368
12,14,0,196.8904567708542,19.73604846176625,2268
12,15,0,211.3299442461262,21.97953002157115,2394
12,16,0,204.5049854598952,21.43535335591806,2315
12,17,0,190.7715123106064,19.81065154756842,2169
12,18,0,174.4717916020099,18.33793388993186,1998
12,19,0,133.8602060756817,13.78376962683807,1525
13,0,0,112.655010345434,11.63059923285374,1246
13,1,0,142.401218407004,15.32338333526944,1545
13,2,0,181.2780694236938,20.26265659115679,1927
13,3,0,196.0609705929214,21.57195071372063,2108
13,4,0,194.2318930663423,21.46468507017053,2091
13,5,0,202.4389676014187,21.56629270935563,2213
13,6,0,197.7550762500723,20.25243343832008,2207
13,7,0,210.8816297178207,22.93994518406693,2307
13,8,0,206.2060859132601,21.76651347725793,2281
13,9,0,223.3844140086695,132.1737903259776,2389
13,10,0,237.1512761714623,434.2968196748814,2351
13,11,0,226.9090364615533,180.3822185362828,2368
13,12,0,231.3184528044048,227.2311215063603,2419
13,13,0,213.3178421227887,99.06283650459089,2315
13,14,0,204.1558059033827,25.59604678994565,2280
13,15,0,206.513142881494,20.57684897944198,2387
13,16,0,211.8620741822086,21.81789686640911,2405
13,17,0,194.5430042277529,31.83300977037962,2214
13,18,0,173.335253018243,18.62309012245787,1939
13,19,0,135.2030475017426,13.95215518430757,1549
14,0,0,120.3897081518601,13.02565899144687,1301
14,1,0,150.2689964749849,15.96664371876266,1622
14,2,0,176.5718575820895,19.73518157120709,1884
14,3,0,185.2539942506191,50.36087862400523,1968
14,4,0,210.4143761443323,88.91947824992906,2208
14,5,0,204.4808500580154,21.1858969829426,2251
14,6,0,233.7414250434724,388.7163445426543,2329
14,7,0,227.7008627843982,293.9234317832268,2280
14,8,0,212.7650203563196,22.42597142430432,2336
14,9,0,210.08792005082,22.93085702072587,2311
14,10,0,203.7477953008508,21.29730843881203,2281
14,11,0,215.9181333987574,23.39450756341268,2371
14,12,0,210.4243427711845,24.42535604533036,2298
14,13,0,220.8981397342044,23.97829625929012,2442
14,14,0,218.1823092543474,92.34728457187968,2380
14,15,0,208.614312343589,22.34204024962263,2340
14,16,0,197.019958182429,21.77058130423919,2237
14,17,0,242.7584791086512,712.4843015360418,2313
14,18,0,175.2092894119775,18.00320818676797,2007
14,19,0,136.2670402894026,35.24900035776597,1511
15,0,0,118.7078371531267,12.77045788299155,1287
15,1,0,146.5675744885073,16.17825992264743,1571
15,2,0,169.0032845763151,18.44357809213715,1813
15,3,0,185.4145176702718,20.83914417204051,1966
15,4,0,210.8662086911329,161.8014644597804,2081
15,5,0,201.5018771018536,47.12791851641985,2148
15,6,0,198.3078322231337,21.26378961213554,2172
15,7,0,210.2946773973781,24.13905039091437,2273
15,8,0,210.6909485268426,23.26413481987342,2274
15,9,0,206.9948407854635,22.27022383753573,2279
15,10,0,197.5097881784435,21.21015007393715,2184
15,11,0,204.2905512550946,21.47561958916912,2288
15,12,0,226.3357213398438,237.7120786360905,2298
15,13,0,210.9945346067957,22.90596962201482,2368
15,14,0,210.2056985395641,25.36315053503166,2380
15,15,0,214.8502509444568,63.51765923093966,2347
15,16,0,202.998571623758,22.10904598028727,2307
15,17,0,190.7676684380588,20.49329250811551,2155
15,18,0,170.0649614226415,17.33599282446399,1944
15,19,0,138.8655200641065,14.8315436041431,1571
16,0,0,117.4509249326098,45.26290315873521,1189
16,1,0,135.7101893974012,14.98031463567601,1445
16,2,0,159.1558193331047,38.3416383829049,1657
16,3,0,174.5848302012934,18.82909912186233,1895
16,4,0,185.8816172934979,19.92023606710274,2013
16,5,0,195.2935294719417,22.40403704462123,2131
16,6,0,201.6603581864057,21.16536245395834,2214
16,7,0,202.7334117469029,22.99782620406412,2215
16,8,0,198.5716693431884,20.89786817944885,2191
16,9,0,198.9931444676908,22.1684531226009,2146
16,10,0,215.0823355817022,210.7849763001602,2237
16,11,0,196.560883947926,24.74297334511562,2190
16,12,0,205.3064063764524,25.46335020476096,2288
16,13,0,204.1952580546892,21.65943670741887,2283
16,14,0,198.731369897711,21.77000188336937,2228
16,15,0,206.2065325292049,54.13163191658666,2220
16,16,0,202.2814791766195,21.62886885414673,2269
16,17,0,183.9910875577042,18.66105977789802,2114
16,18,0,181.228638435598,102.938243353236,1923
16,19,0,128.1971644478008,13.52971083160649,1449
17,0,0,98.29838258699014,11.05335378684929,1037
17,1,0,132.488969175018,15.07354426843445,1386
17,2,0,144.670400341648,15.47672708385891,1571
17,3,0,161.3708130943463,41.34834213605946,1699
17,4,0,176.1401207940046,22.06910199612103,1880
17,5,0,173.7738129214074,20.17226555740051,1866
17,6,0,176.2168970024883,18.93912747933455,1933
17,7,0,189.4277289283796,87.4821223943048,1999
17,8,0,185.2913131715029,28.26221065946348,2004
17,9,0,185.7020108534209,25.23986367738053,2048
17,10,0,181.8934533949626,20.69900203124206,2012
17,11,0,185.7533101344607,19.58480790766686,2080
17,12,0,191.2867051858682,25.70111224425627,2095
17,13,0,189.3626481504499,20.37448532289365,2105
17,14,0,193.0419562092617,20.64235670770857,2169
17,15,0,194.0037256813398,40.58042669414906,2165
17,16,0,189.4235562050937,20.92521540565023,2139
17,17,0,181.3836201813237,19.82882566527005,2054
17,18,0,153.2049593299321,15.48544840998828,1755
17,19,0,137.9676300307592,319.1691033942302,1373
18,0,0,88.20714724636719,9.453573131539114,954
18,1,0,110.0914126762295,12.22223704668856,1159
18,2,0,121.9113649168551,12.5568958052315,1344
18,3,0,146.1358590170507,16.07693858675059,1576
18,4,0,151.5699720217886,21.92262521668386,1608
18,5,0,159.8244234219001,44.43221749920457,1657
18,6,0,165.4523334053552,31.4265094977153,1723
18,7,0,167.2634995477997,100.2971118616157,1738
18,8,0,163.8119223495564,17.24607511898326,1805
18,9,0,150.5315151820884,15.72552039686056,1686
18,10,0,161.099610609016,73.78022847278579,1714
18,11,0,161.4022085456258,17.15545766663463,1795
18,12,0,167.3214403797373,22.02866982787052,1812
18,13,0,164.4630616865393,17.22077180665717,1844
18,14,0,163.1251760972539,17.23664757760569,1828
18,15,0,157.4757592129822,16.52165366258311,1773
18,16,0,164.4492671909296,17.13382264361246,1868
18,17,0,164.8864429749813,31.5229426807045,1801
18,18,0,137.0900443900759,14.31373901561895,1558
18,19,0,108.7535895357662,11.26974936216705,1234
19,0,0,66.28707142303459,7.262730215331214,716
19,1,0,91.9392229972692,41.32373892221747,935
19,2,0,101.3130359456127,10.99007788525638,1101
19,3,0,105.2771522725498,11.31999988449309,1155
19,4,0,129.2175015994019,66.33125312647302,1294
19,5,0,122.5569054382241,50.32917183792304,1285
19,6,0,123.6498573181818,12.92324389938785,1365
19,7,0,122.2060181774721,25.14594066245635,1321
19,8,0,122.4166783274605,12.8902912261847,1365
19,9,0,130.7692649917666,42.63440317397897,1385
19,10,0,123.1800415453984,13.58351155548377,1331
19,11,0,126.4478982470445,16.53274617796926,1403
19,12,0,131.7302800697315,14.35506011065486,1452
19,13,0,121.9717056571802,12.82383826719952,1364
19,14,0,130.8862856305616,13.88491680082211,1465
19,15,0,121.6482971315039,12.46690831936949,1404
19,16,0,123.213962158003,12.64926842016548,1412
19,17,0,125.3524104338408,20.96685624590702,1378
19,18,0,102.051543405422,10.39337498923971,1164
19,19,0,81.04753277762691,8.581085323116167,918
