# mesh name: boxMesh_1
# primitive scorer name: doseScorer
# iX, iY, iZ, total(value) [MeV], total(val^2), entry
0,0,0,72.63290024400331,7.920333659757172,796
0,1,0,89.66534981978253,9.909179313312809,995
0,2,0,109.9252499725394,23.8683037630386,1178
0,3,0,114.0051471750291,11.39931788075964,1298
0,4,0,129.5114225696015,86.15830790820876,1361
0,5,0,129.5670075526747,13.84661490076885,1441
0,6,0,139.6741215322007,116.6519503925487,1443
0,7,0,128.5136753420605,14.07543746771256,1411
0,8,0,130.5321480082096,14.00259993626378,1456
0,9,0,137.3041932718292,74.76321104896913,1448
0,10,0,130.8910781509078,22.85419454370133,1413
0,11,0,136.6734316722558,43.89658222233498,1455
0,12,0,127.76488501321,13.35870975543567,1427
0,13,0,131.1013397247887,14.93425768874769,1453
0,14,0,137.4573820655583,136.8794899292448,1439
0,15,0,140.2574512574152,203.8625108331676,1454
0,16,0,131.2623122073812,28.13981712967392,1437
0,17,0,114.4632288110626,27.07820300534965,1249
0,18,0,101.8401161474957,11.42827851730382,1152
0,19,0,75.30254257393037,8.859468800005809,836
1,0,0,90.05606017047762,10.24408068078441,983
1,1,0,137.6291274012056,284.6303679231656,1340
1,2,0,137.7838635472501,14.73522615827108,1508
1,3,0,150.3036250775795,15.75364155579587,1686
1,4,0,155.0406428748334,28.26871908931113,1703
1,5,0,159.5176071331302,16.64304213478618,1777
1,6,0,161.5854238395556,17.27031715913247,1790
1,7,0,159.1870921119394,17.46271856168821,1769
1,8,0,163.409980401436,30.30296378294156,1773
1,9,0,177.5753073959681,137.7399299740717,1823
1,10,0,165.5309388543872,22.75954883705266,1821
1,11,0,163.7686219343481,17.45007645587025,1831
1,12,0,165.0160189790411,17.44942591345645,1842
1,13,0,164.028239374486,16.95527015614024,1850
1,14,0,184.0165773559677,412.4893064914575,1824
1,15,0,171.1999301173301,57.46636691307572,1821
1,16,0,157.4524874642914,16.52811247836247,1774
1,17,0,151.5828182389487,16.05382112991424,1702
1,18,0,128.4267631623624,13.33074944225611,1468
1,19,0,98.24152693470208,9.822869448587742,1125
2,0,0,108.8215205090025,11.50680450825911,1211
2,1,0,132.8808329115563,14.88271272489272,1459
2,2,0,162.5170419297947,16.95434186978354,1814
2,3,0,179.5801180121265,21.17467654618774,1964
2,4,0,188.9444712196697,28.5235999807272,2089
2,5,0,188.6277370124877,19.75390862448457,2100
2,6,0,183.1113988234271,19.22869228216663,2042
2,7,0,199.7819317261694,21.98194973463358,2205
2,8,0,189.7476581358805,44.23737102351219,2064
2,9,0,197.0752160225856,112.7341703141166,2099
2,10,0,223.7696725091763,584.6401254617628,2151
2,11,0,191.027456909927,23.17127045851907,2108
2,12,0,194.1097203223858,55.81642047411643,2137
2,13,0,217.1035968713059,584.3729411228335,2105
2,14,0,187.316844774229,19.16239721376103,2139
2,15,0,183.3369816278023,19.36359553882323,2065
2,16,0,199.4325690992874,277.1664131906135,2073
2,17,0,167.1858365900754,17.56897816899662,1881
2,18,0,145.5407375662153,14.9343893308717,1638
2,19,0,119.3713521787166,19.92300365210119,1317
3,0,0,122.3126971022009,23.61728099436738,1333
3,1,0,174.7327290863792,329.3684497112757,1730
3,2,0,183.5128731107226,30.42488055062613,1981
3,3,0,192.4415722982196,20.61896144591463,2130
3,4,0,195.0434150742124,21.0208481844551,2139
3,5,0,203.7450566944486,21.28911516831127,2272
3,6,0,201.5184564233383,42.33130662075423,2188
3,7,0,205.9284867741855,27.61365383046403,2257
3,8,0,201.5036926026498,21.0568489913383,2241
3,9,0,198.5021147949499,21.05463449107476,2199
3,10,0,209.4361416329433,25.68551267731247,2316
3,11,0,210.4335682069695,147.2623742601251,2259
3,12,0,195.6273273293719,20.66846128590807,2183
3,13,0,220.2485205583853,91.19575683356948,2335
3,14,0,200.4429203012184,20.60941430725417,2270
3,15,0,199.7094000527827,19.99216997343024,2301
3,16,0,192.7509502828388,20.58210369466735,2153
3,17,0,181.9953551535087,18.93358860125108,2042
3,18,0,157.3598041966779,16.27594488794797,1797
3,19,0,125.6229616981557,13.17756238890659,1432
4,0,0,118.9751916086389,12.62169876377992,1315
4,1,0,155.1360443534333,16.40306246517543,1718
4,2,0,182.2347968701821,33.19181503809597,2002
4,3,0,195.7365834669598,21.2761815442001,2159
4,4,0,201.0880098204811,41.33475979722483,2181
4,5,0,205.4917668865089,83.45933279383503,2232
4,6,0,200.5270972548418,20.79407270664229,2263
4,7,0,219.4504730119571,30.46479642674805,2394
4,8,0,206.4401402117022,21.62428628401744,2306
4,9,0,207.0315699071842,22.0580662651673,2302
4,10,0,206.2461014399771,23.61251656668939,2318
4,11,0,211.4550270699024,22.71404406469119,2345
4,12,0,207.4327641195804,21.92482548596424,2320
4,13,0,209.8172868069775,23.91759662358673,2345
4,14,0,205.2399674441427,22.26374780873741,2282
4,15,0,211.3867482030232,22.69555875091229,2351
4,16,0,210.3616465428692,36.77201519959806,2332
4,17,0,208.826419499488,377.9175963491369,2151
4,18,0,170.1338069924041,52.96671613569425,1840
4,19,0,151.1434534165085,469.1942325061613,1448
5,0,0,127.7883706660291,13.36320227715029,1426
5,1,0,157.5757786979831,17.14572770022275,1727
5,2,0,189.7885785921512,21.56348450047378,2043
5,3,0,204.7252306991562,21.35272437211149,2287
5,4,0,222.7025399597504,154.1153025349754,2330
5,5,0,198.6630167726239,21.37704740697594,2203
5,6,0,211.1583560646022,120.1511271012714,2261
5,7,0,204.9432381955861,21.74482865040686,2289
5,8,0,214.996800482582,23.35019540472764,2402
5,9,0,228.378263670919,196.5515942017426,2432
5,10,0,215.6378650933386,23.24045537031177,2387
5,11,0,211.8288647002758,34.54126300824498,2353
5,12,0,219.3103806406218,25.78334115993066,2411
5,13,0,209.3539898998199,22.0668519414921,2368
5,14,0,211.9776190783321,23.8303960207697,2356
5,15,0,227.8879099812884,276.7676050797798,2381
5,16,0,205.4842835636047,81.97557465962348,2245
5,17,0,200.3912220564701,39.58230802820368,2184
5,18,0,157.9758325779115,42.8458145365245,1768
5,19,0,149.0929459987325,132.0209536865798,1508
6,0,0,123.9856705807723,13.52644633699485,1355
6,1,0,157.4477511321366,17.96623927192095,1711
6,2,0,187.4473010645314,19.99960427364905,2064
6,3,0,203.641297968645,22.58605886296673,2249
6,4,0,201.3224530977058,21.17497997890689,2253
6,5,0,216.301293197156,23.24483346809956,2393
6,6,0,220.1222844857547,119.8599396141654,2295
6,7,0,226.4972573969108,146.7882404493289,2400
6,8,0,210.0856620416136,22.53611703593674,2318
6,9,0,219.1640126303793,23.17568177250868,2445
6,10,0,203.2633593185057,20.89069158193739,2297
6,11,0,221.8372889922735,74.05848873412353,2379
6,12,0,213.534915882792,25.02085604634797,2340
6,13,0,207.6457235081974,21.80488978052221,2345
6,14,0,220.8116818684223,114.2080033740478,2366
6,15,0,219.3043034909974,231.9111046878495,2272
6,16,0,209.152593993461,23.39939968897777,2333
6,17,0,189.0588229945152,20.84328779243519,2145
6,18,0,174.3949957085199,107.5729727193055,1847
6,19,0,127.7804900655173,13.7759272201941,1426
7,0,0,130.9711131219562,14.13135538334658,1440
7,1,0,164.5488400083765,37.3799142662167,1747
7,2,0,189.3137744042412,32.34743018443407,2056
7,3,0,193.2059276571759,20.19312716422362,2172
7,4,0,207.7639820822285,23.12807386455072,2275
7,5,0,221.6430073812426,23.3398891393027,2478
7,6,0,198.0901753844966,21.284094478275,2230
7,7,0,212.8897063958546,27.96580899609185,2376
7,8,0,212.8619607436251,22.73248670643779,2369
7,9,0,214.5900692817606,22.94917669222568,2370
7,10,0,218.4419160205254,23.45852454334005,2406
7,11,0,214.5417960943606,22.74962807487949,2404
7,12,0,213.8257497116942,22.31059364622451,2414
7,13,0,208.7452406723453,21.94614284618821,2331
7,14,0,214.1755453934053,72.40123279493604,2362
7,15,0,205.9611019600774,20.75294244411863,2358
7,16,0,204.6970345089141,21.4400369076534,2331
7,17,0,197.5749337971871,23.75591571069027,2213
7,18,0,174.7929897405119,115.1372375059877,1875
7,19,0,129.3722242135966,14.39514376400558,1442
8,0,0,119.855101524413,12.5467028332055,1338
8,1,0,163.0061536844122,60.36119659771122,1713
8,2,0,182.4083338559572,19.23999157770252,2021
8,3,0,195.0532763406612,20.70089401934527,2158
8,4,0,210.9215268405365,22.71808069454672,2319
8,5,0,212.8162259505817,22.62963583421014,2374
8,6,0,213.2092757142248,22.98939667132568,2353
8,7,0,220.5083719333451,69.0788402308892,2375
8,8,0,217.1966441038157,23.20560056061764,2415
8,9,0,219.07431674734,23.18906280993579,2449
8,10,0,220.2713847315115,23.30505498038366,2463
8,11,0,216.7192604326563,24.36155310259769,2387
8,12,0,217.6757101085836,22.62626726211658,2456
8,13,0,209.3964294946011,45.82733587118953,2309
8,14,0,208.6234841607816,22.21541818732801,2341
8,15,0,218.6369173664259,29.56638628063572,2411
8,16,0,206.2077701595863,26.45387650425881,2324
8,17,0,192.4406023254651,21.9859433122718,2164
8,18,0,174.5329082660316,18.34992983093635,1960
8,19,0,125.863887912656,12.81672576790581,1445
9,0,0,124.1070365637098,13.22744500541437,1376
9,1,0,154.4198092977693,18.40316670912791,1684
9,2,0,185.2840465272901,29.13847946623888,2012
9,3,0,190.8535119804791,19.92314016421825,2145
9,4,0,216.6286590166231,22.99372441822039,2408
9,5,0,223.7615920365343,85.23992038822213,2399
9,6,0,205.1483366910267,21.69779663342777,2289
9,7,0,207.0199638723656,22.80725275010368,2280
9,8,0,216.605738028314,50.94454459253322,2361
9,9,0,216.1952100694088,23.62451759833544,2380
9,10,0,209.3702879373888,22.0279297067287,2349
9,11,0,218.8323697299924,23.31030121107592,2435
9,12,0,218.8838366237066,24.05186902749933,2429
9,13,0,209.9225813263376,22.18883638808349,2351
9,14,0,223.6619427426153,23.70840808750992,2482
9,15,0,206.8158432180701,21.02085731321431,2354
9,16,0,214.354590616268,23.94715658602576,2405
9,17,0,199.0128934548376,26.20706129418319,2210
9,18,0,167.5991594052877,17.48257158129428,1886
9,19,0,123.8400538716949,12.70661467704435,1423
10,0,0,119.7413889377171,12.57626286324397,1329
10,1,0,161.7126559633051,17.14193717743315,1781
10,2,0,189.7365069900747,99.12426207408672,2009
10,3,0,196.5452394721419,22.0569234491204,2152
10,4,0,211.2611362069441,23.14963443731699,2343
10,5,0,215.0411926244496,25.07786375656266,2437
10,6,0,209.0567767340445,22.31719567874312,2332
10,7,0,208.0893107882521,21.88051282596755,2331
10,8,0,210.6151297586853,21.59470426909262,2379
10,9,0,212.517184650362,21.53165880615008,2410
10,10,0,209.8609328249474,21.91299124957483,2372
10,11,0,223.9937678497789,99.92960684300432,2427
10,12,0,212.3891624859266,21.79612350025115,2398
10,13,0,222.5509763788254,249.6954980816711,2326
10,14,0,211.9557279241126,22.33459022982542,2383
10,15,0,224.6260681028058,86.30074283220951,2411
10,16,0,210.9838832681622,21.77746522068989,2402
10,17,0,193.4439774365628,20.3739774595047,2182
10,18,0,168.0534358708705,35.8118671437981,1839
10,19,0,133.8348636648817,23.05853370497845,1502
11,0,0,122.2336253683104,13.29252452614553,1349
11,1,0,161.2258589700089,19.25600218947354,1774
11,2,0,194.0428080377677,186.7565121471944,2019
11,3,0,198.3230802247967,21.66816911873549,2173
11,4,0,208.6914889718384,21.9832888290675,2316
11,5,0,212.1938302705397,23.01677689783988,2345
11,6,0,213.971692175654,23.54988990156026,2352
11,7,0,225.9102460773381,29.80445375469517,2462
11,8,0,216.1657902311094,48.39774622936662,2322
11,9,0,215.1793674438245,27.78958826397181,2364
11,10,0,216.4487778991317,24.21402750337224,2395
11,11,0,229.8199997673376,148.1726982506275,2426
11,12,0,217.3237813090064,22.52024886462656,2452
11,13,0,214.4705345206114,22.73679687663853,2389
11,14,0,208.630613318722,22.3831809931199,2332
11,15,0,217.2815622448007,52.67584602395684,2370
11,16,0,202.5311383984344,20.43634652813238,2321
11,17,0,209.5366754320654,186.9588814690869,2201
11,18,0,170.1810564572011,17.98518906138563,1926
11,19,0,133.5414555856457,14.39946224651075,1490
12,0,0,113.7784473291909,11.10772649897746,1309
12,1,0,160.1747463449347,31.8586463500914,1736
12,2,0,175.9762842472209,18.34725431387628,1952
12,3,0,204.5959357823245,22.5927219020626,2232
12,4,0,203.0379437813045,20.79052854709503,2286
12,5,0,222.5835281689487,174.7047229680236,2324
12,6,0,209.3448676096673,28.06345855862159,2279
12,7,0,213.6866628384717,61.80642651617802,2279
12,8,0,214.9743851593385,35.04457649685935,2388
12,9,0,216.173526232441,22.78245356085005,2419
12,10,0,222.0680093781925,45.54764338011969,2429
12,11,0,209.9413586890676,22.08801963547793,2358
12,12,0,217.5820750646239,31.92790962433053,2391
12,13,0,210.6411086541919,21.8620401399725,2395
12,14,0,205.7535311318411,22.30431663462401,2295
12,15,0,215.0913008453047,90.09217098294667,2351
12,16,0,209.3813480445364,22.18837034754463,2351
12,17,0,189.7090258343754,29.50591921111754,2113
12,18,0,177.4399193116839,98.78903309759684,1873
12,19,0,129.0809018643924,13.38587808213195,1470
13,0,0,118.4593502473197,12.40838483308181,1335
13,1,0,170.209006943253,130.3542722392988,1724
13,2,0,186.6249154094714,29.27700075716314,1998
13,3,0,201.2493981259279,21.89751872361071,2201
13,4,0,208.9856549988667,22.35983318920133,2305
13,5,0,217.5653542400543,87.8500124532039,2289
13,6,0,211.0813972598025,22.63206862846872,2338
13,7,0,215.387515518185,50.66489929018876,2302
13,8,0,218.0716445303177,68.67374817285192,2316
13,9,0,231.9462941161649,65.94288464453751,2499
13,10,0,232.3713020891097,282.4713292515294,2437
13,11,0,216.70721811741,23.0179648385933,2401
13,12,0,219.8234844218778,27.94472973311776,2412
13,13,0,222.1040203926574,59.9763530604268,2392
13,14,0,206.4052381197353,22.15582723803254,2306
13,15,0,215.2512086354085,22.90892268848294,2421
13,16,0,203.2950820899682,20.96538508647515,2288
13,17,0,196.2372400193346,37.47463691474768,2128
13,18,0,171.8385984686724,166.2090003855473,1784
13,19,0,128.0633403025734,13.62638970258397,1445
14,0,0,123.4147821290191,13.12027221222982,1362
14,1,0,169.0420677488015,130.0312286186937,1717
14,2,0,180.5387948088907,67.9656319899856,1933
14,3,0,195.4227297059643,20.29588032737085,2180
14,4,0,210.5150260107814,22.8580905458113,2326
14,5,0,207.1956769917641,36.44866093763258,2248
14,6,0,212.1835126885252,22.07830535451668,2369
14,7,0,217.2191266206571,25.73798004839125,2402
14,8,0,200.9513315003893,21.15762387235508,2243
14,9,0,215.2951952633294,26.81201659112479,2369
14,10,0,209.28965592347,22.51002186949165,2322
14,11,0,219.8829140734754,38.3247177986466,2410
14,12,0,210.1095112852346,30.91105047904754,2328
14,13,0,212.4854481831073,22.4598580074044,2387
14,14,0,211.0204944961681,24.61530112759964,2342
14,15,0,210.7840039839301,23.08886270153266,2329
14,16,0,197.517935573829,20.68556792381412,2205
14,17,0,191.7469668210415,20.68474928321969,2159
14,18,0,165.9265828780102,17.42960893477186,1860
14,19,0,130.4028278374182,13.37872559782297,1491
15,0,0,126.0517670960982,35.00962158999918,1367
15,1,0,158.0010579180511,39.92936924942045,1701
15,2,0,179.2515575932636,19.04961815942031,1978
15,3,0,203.2784939103146,71.5685695474392,2163
15,4,0,201.3468242360942,21.55333303754582,2240
15,5,0,211.8327300202652,31.7604019223789,2333
15,6,0,200.0194066092923,20.99308611486192,2242
15,7,0,200.4131986828469,21.0172465363338,2242
15,8,0,213.7644221992112,24.41391128060978,2341
15,9,0,209.0396900985707,21.71460097841968,2361
15,10,0,212.2761842796787,22.33692978787235,2366
15,11,0,204.6691825011779,21.06234991337078,2317
15,12,0,209.5216528733496,48.24976571158152,2284
15,13,0,207.4752110044982,21.72324108701872,2333
15,14,0,204.7092238719453,21.25661655807193,2315
15,15,0,201.8041452732507,21.61978994149203,2271
15,16,0,198.8571163264361,20.67156415339693,2252
15,17,0,203.0908799712375,111.2935970766931,2132
15,18,0,164.8569158258589,17.35708157083879,1850
15,19,0,128.1960738004759,13.0698027608451,1466
16,0,0,137.4109601857913,385.7512607447495,1307
16,1,0,158.6025011753214,113.7102386967953,1659
16,2,0,173.5736567448141,18.66558186379856,1910
16,3,0,194.9324189420769,24.47463523151967,2089
16,4,0,196.1306296385873,21.25273103222174,2149
16,5,0,187.8331680958174,19.41394574460377,2119
16,6,0,190.385437681633,19.5259299075457,2143
16,7,0,214.1901002813993,112.7526538031746,2242
16,8,0,193.7473093903997,19.75948121024666,2207
16,9,0,206.8049877618468,27.16980627831913,2256
16,10,0,204.8042346152984,21.56956717752974,2298
16,11,0,200.4010176455788,20.9674592633065,2265
16,12,0,207.6908910334764,68.10376724291771,2255
16,13,0,217.1549785264549,198.7167960110263,2296
16,14,0,194.6306812004426,20.27172245456935,2200
16,15,0,197.8194752008903,21.20633342189323,2221
16,16,0,193.6948843576017,20.10213529316074,2193
16,17,0,190.1423793285209,30.16609106443101,2104
16,18,0,162.0903956717655,17.05529547099558,1816
16,19,0,118.3265918630529,11.4054755974386,1384
17,0,0,112.5828010901479,12.17979666053638,1235
17,1,0,137.9408783485138,14.55912490643256,1529
17,2,0,163.4621335042084,30.37944124203738,1776
17,3,0,192.7642603122375,280.7247245685147,1936
17,4,0,171.1427008405741,18.34325944051747,1897
17,5,0,189.8592593444764,21.10252752580961,2059
17,6,0,188.7677371618904,19.81828149754595,2110
17,7,0,198.1940148046425,50.08360821008729,2135
17,8,0,186.891273709859,20.47552216067183,2085
17,9,0,190.4945533015245,19.92025154560718,2136
17,10,0,177.515655855541,18.2436424795341,2028
17,11,0,178.6051595627049,18.30594290828605,2025
17,12,0,186.1010662594816,18.99738797812191,2119
17,13,0,203.2377214893842,138.0264936949663,2175
17,14,0,202.4996993573805,153.2987376235805,2133
17,15,0,191.7012807011363,37.33781700393246,2125
17,16,0,196.70671978327,149.7061164371275,2082
17,17,0,174.9075914997173,25.64093735437326,1962
17,18,0,147.1397679871313,15.47556777331141,1671
17,19,0,116.5625433799667,12.55734868589708,1305
18,0,0,101.2047433642222,56.76437949896884,1045
18,1,0,126.5413652693957,99.30524507111865,1324
18,2,0,155.9607981507597,205.04854955541,1532
18,3,0,150.6241080774615,15.89517789539986,1678
18,4,0,158.9178559526408,16.29686927550858,1792
18,5,0,158.2543468945595,26.11424002056217,1756
18,6,0,162.1538307772603,17.25050789819853,1808
18,7,0,165.0819794934719,17.71902973188396,1845
18,8,0,165.07668509412,26.6319931464222,1809
18,9,0,174.252625562223,143.2125782060126,1803
18,10,0,176.6904346488919,225.0936753348178,1822
18,11,0,163.391698445845,17.95541395570839,1812
18,12,0,167.2012101462372,17.81369433030765,1851
18,13,0,177.2206682033844,119.4404855503591,1885
18,14,0,172.1938084984204,26.44047989466403,1913
18,15,0,161.1378520606306,17.41238034266584,1826
18,16,0,155.5613092215958,16.15155624281333,1764
18,17,0,160.6016740634427,22.8008223087446,1771
18,18,0,123.7113809569385,12.99850272510896,1392
18,19,0,106.2619658231287,18.63027329755747,1163
19,0,0,64.40764213631864,6.792367091794065,727
19,1,0,93.24025619584954,10.1325872007809,1040
19,2,0,108.2498868578168,19.85867692398294,1137
19,3,0,121.285900486767,12.64836099497777,1352
19,4,0,123.9435395536008,12.61417402570311,1398
19,5,0,128.8400868660261,20.16332182954179,1414
19,6,0,126.6245219432977,38.19361759497866,1329
19,7,0,128.2714047826824,13.63223700369311,1425
19,8,0,128.0946258668664,13.68271324454897,1413
19,9,0,128.3491667152485,13.77517277808015,1420
19,10,0,121.5127796863787,13.27781637796392,1352
19,11,0,123.7029486269344,12.76298710451121,1410
19,12,0,128.1476081333158,13.57891447072403,1445
19,13,0,128.689142759955,12.99923779690344,1470
19,14,0,141.5957481247575,210.1732091005024,1421
19,15,0,152.9404479955131,555.664609000945,1460
19,16,0,131.8979176906483,15.37936061924028,1452
19,17,0,120.316524081305,106.5230086690302,1242
19,18,0,114.5028200244031,218.8760271022965,1138
19,19,0,79.65284728769539,12.79974425709616,876
