# mesh name: boxMesh_1
# primitive scorer name: doseScorer
# iX, iY, iZ, total(value) [MeV], total(val^2), entry
0,0,0,66.12186387104551,7.821108598524327,687
0,1,0,84.08005232628308,9.859048347883242,858
0,2,0,93.51980684816976,10.4589253737688,982
0,3,0,107.925844333093,13.38135737729544,1125
0,4,0,118.8300160166184,19.5449407515888,1235
0,5,0,120.4889499719423,13.61782401886488,1270
0,6,0,120.0744056253784,13.19245596368999,1286
0,7,0,128.5993721782893,14.06179183640213,1385
0,8,0,123.5810569495796,13.50480666602778,1334
0,9,0,130.0741084135454,14.47954188865659,1403
0,10,0,119.5116119007859,12.70972274399979,1342
0,11,0,124.8409978089805,12.96920121434303,1390
0,12,0,131.5094020713658,13.6546850929714,1470
0,13,0,136.2451577850496,16.10255340007035,1509
0,14,0,123.3653379906344,12.83808374766859,1409
0,15,0,126.3939038366072,12.86534779792973,1446
0,16,0,130.7584384536044,13.56117025786308,1501
0,17,0,129.3276495720231,13.642261414623,1469
0,18,0,129.6041964046388,38.94096696129786,1461
0,19,0,89.62110856774301,8.873487651509979,1055
1,0,0,84.17502378057203,10.12585834836602,847
1,1,0,101.8858855273816,11.25219007103886,1074
1,2,0,122.3860725743647,14.15717335641594,1249
1,3,0,130.0206903905581,14.37887955612172,1365
1,4,0,145.6614157280894,16.31175953412549,1550
1,5,0,142.9869407072402,15.67601720523746,1533
1,6,0,152.2573475255104,16.56048550763112,1626
1,7,0,160.549296124047,54.60496768393312,1652
1,8,0,157.5641894578268,17.08032265698603,1711
1,9,0,153.8935933681886,16.58664085589079,1683
1,10,0,158.2612001567528,17.58169017932709,1719
1,11,0,167.4145308718094,17.70131608028508,1853
1,12,0,155.6054158361273,16.45537044852161,1735
1,13,0,162.5702137068043,65.44548104990893,1781
1,14,0,174.6772672070325,163.8787802195507,1807
1,15,0,182.8638794745257,133.9778152557593,1904
1,16,0,188.3939238068999,203.6473656701339,1866
1,17,0,174.3650532808417,17.36057027453912,2027
1,18,0,165.5768760812678,25.54178939800427,1867
1,19,0,132.9729964099396,13.56398312773867,1538
2,0,0,94.02822940669351,11.03731718357528,963
2,1,0,119.9293346575035,13.30715629719917,1253
2,2,0,146.6057551804937,60.94982083322969,1492
2,3,0,149.6594132789469,16.14646325495184,1602
2,4,0,191.2434828645726,315.972957483949,1767
2,5,0,165.8035076295218,18.00905349894752,1769
2,6,0,179.3410244014237,28.50524175947471,1887
2,7,0,179.1955285252154,19.03083362959584,1952
2,8,0,181.3620979766006,35.35306891870675,1947
2,9,0,181.6611301079726,27.36216036828259,1960
2,10,0,182.0785466588861,19.27180170469119,1995
2,11,0,188.7445778704887,20.32901591316371,2072
2,12,0,185.6297823014704,19.22045543913086,2097
2,13,0,190.0502564792007,79.85985151789158,2044
2,14,0,193.4172350323423,21.04132675278514,2168
2,15,0,187.402734438884,19.64784469388193,2127
2,16,0,216.3228835437091,558.7055633193809,2193
2,17,0,186.7922039927045,18.92750210190112,2156
2,18,0,187.7291660278959,136.8424126843038,2073
2,19,0,136.6846991769969,14.16935149904538,1577
3,0,0,99.66629703798296,11.38366091367953,1032
3,1,0,134.6728699604288,22.00801515955926,1371
3,2,0,155.0572826622993,16.84118046613452,1638
3,3,0,172.9678709761232,18.86737808005741,1828
3,4,0,180.5172289261592,19.82773662672737,1917
3,5,0,193.5229537666544,21.77503322458888,2037
3,6,0,186.2759063505613,20.58663700465488,1984
3,7,0,200.645441516257,78.68493393298775,2042
3,8,0,203.049677816222,29.96312759471841,2164
3,9,0,201.3249735710086,106.7594315749922,2075
3,10,0,203.5681932126115,21.66784170487866,2232
3,11,0,204.8376062760631,56.5986331044165,2198
3,12,0,202.5175983871096,22.7532123511353,2229
3,13,0,206.2906373894763,22.11980956883195,2286
3,14,0,195.9104657680261,19.93919663778907,2240
3,15,0,223.5085074314112,233.0527916187583,2392
3,16,0,205.6423686651684,21.60032341773032,2339
3,17,0,204.4916336843764,21.84878342517793,2322
3,18,0,188.0035596920289,19.37224049798626,2178
3,19,0,141.7255455831967,16.39975070474531,1627
4,0,0,116.2129271378969,13.36472222395887,1199
4,1,0,137.4422491000005,15.84875579477076,1419
4,2,0,165.9214200199849,18.43423083360392,1746
4,3,0,180.9536016962365,25.61913993300534,1890
4,4,0,191.1738390931876,20.96945671387122,2032
4,5,0,198.8001034031815,22.40056467015286,2087
4,6,0,205.0152461566232,22.3739606693594,2183
4,7,0,206.8780571467158,57.37960134832593,2170
4,8,0,197.0530086916567,22.16480504276525,2153
4,9,0,213.4679867355289,50.92059560636014,2286
4,10,0,209.2526639022911,29.70941021566527,2269
4,11,0,202.1111692454428,21.51609735825225,2251
4,12,0,210.718131895759,22.82362856701216,2313
4,13,0,206.251865918658,22.06766968114039,2300
4,14,0,218.8338168488958,153.8201583314485,2378
4,15,0,204.2196660730501,21.07013804585436,2339
4,16,0,208.9488731687148,21.39248316636812,2396
4,17,0,241.8107988198426,1302.822797966527,2350
4,18,0,212.2394955657281,359.0546753280682,2193
4,19,0,145.8802068364876,15.30905708548088,1695
5,0,0,134.838735756434,462.9116143242788,1159
5,1,0,144.969174362189,24.70569791459148,1486
5,2,0,162.6967483844952,18.30709424872253,1704
5,3,0,191.2651941358118,57.28585265126686,1932
5,4,0,205.421337795748,87.55297955428635,2076
5,5,0,201.3065117225649,21.8779592043425,2162
5,6,0,203.4387916029436,22.46509205080543,2177
5,7,0,207.5589483809037,23.36963266662707,2198
5,8,0,206.3644133381918,22.13190468224919,2251
5,9,0,232.3060052140199,343.7341002778235,2339
5,10,0,209.8616163488408,22.52551814258016,2305
5,11,0,214.5661044798241,27.74726276644286,2365
5,12,0,205.7927624247356,23.13420916649495,2286
5,13,0,215.9963075012199,22.13961559512456,2429
5,14,0,207.0604268463445,22.25410346130779,2323
5,15,0,214.6784193629723,21.69016738652606,2454
5,16,0,209.4405906296205,26.87592501581253,2363
5,17,0,218.2157890115087,121.0210032407688,2398
5,18,0,196.475232316515,19.89625597299477,2277
5,19,0,147.067278542944,14.70976440536882,1717
6,0,0,107.3800700111327,15.95225675574694,1088
6,1,0,147.3324289763966,16.53036853848522,1543
6,2,0,171.0245458486443,19.19306766216793,1795
6,3,0,182.2323792693771,20.0310384074768,1924
6,4,0,193.8496836415185,21.11503397678342,2077
6,5,0,202.5974251994756,23.46300510815021,2137
6,6,0,208.1271002935651,22.75163041352465,2207
6,7,0,232.7860127347796,353.9249919162228,2302
6,8,0,219.5215473424323,80.4572860070943,2313
6,9,0,215.8350929750202,26.78941699004514,2329
6,10,0,214.2006293112736,111.0863338950838,2287
6,11,0,217.122615921763,22.58505395308467,2425
6,12,0,212.1093435035888,83.11746593387512,2256
6,13,0,223.5122432714579,167.0012670613922,2338
6,14,0,208.3447937476944,24.26055177082519,2342
6,15,0,212.9712749439858,24.49519281373657,2403
6,16,0,223.9256484808419,25.8765428556353,2543
6,17,0,213.6444566132955,33.27118642074041,2410
6,18,0,199.2444336011739,20.55399967017515,2287
6,19,0,149.7700334407723,15.11652614511652,1752
7,0,0,116.9577358826449,13.63604038805696,1193
7,1,0,149.7652775273997,84.33082209857083,1477
7,2,0,162.2062374682435,17.477269628536,1726
7,3,0,176.6559617960881,27.23360866026483,1837
7,4,0,216.8299732344697,273.4498101139376,2090
7,5,0,215.5069924425181,104.1665567870353,2203
7,6,0,217.6044701583836,32.46954836936473,2310
7,7,0,209.5410110009226,25.3970173836831,2227
7,8,0,214.8276670425811,23.44459815051964,2338
7,9,0,220.4029567859477,23.94882290118555,2396
7,10,0,221.9414310355866,34.3153443780287,2398
7,11,0,215.6830926354493,22.9557834811175,2392
7,12,0,204.9384333441295,21.36111429221953,2314
7,13,0,215.1611513226081,41.23068902953357,2376
7,14,0,232.8042281372305,269.3996339358403,2441
7,15,0,213.3600709582357,37.80834805571386,2345
7,16,0,208.3645327688254,21.82152613886594,2360
7,17,0,197.2572881292351,20.10968565270719,2282
7,18,0,197.8029684276306,20.87255468848581,2251
7,19,0,154.3731973656525,16.25446129850576,1769
8,0,0,120.1749265726965,14.12457841425877,1218
8,1,0,151.2590045124326,17.95652303058895,1529
8,2,0,173.2370707611943,68.44176295626629,1726
8,3,0,198.4541376228208,47.63375482918704,2037
8,4,0,211.4286012034894,468.7581700092026,2034
8,5,0,227.6748899736141,255.7044937943531,2228
8,6,0,204.9094522806511,22.6378128933298,2182
8,7,0,257.0628830958606,1227.503658902515,2224
8,8,0,216.3452751300311,23.19545798495166,2368
8,9,0,208.7822522809614,22.71680202595467,2268
8,10,0,219.3317163344081,26.66398799581184,2413
8,11,0,215.0416994436047,73.0477640963971,2304
8,12,0,215.6088157421015,23.2624752403506,2378
8,13,0,207.9785521290642,22.3261486479051,2314
8,14,0,208.2613690500645,23.72471354193729,2323
8,15,0,208.7155679348108,22.3620445440813,2350
8,16,0,204.8572972504008,21.52252208108516,2307
8,17,0,193.3409206894462,18.97965226906024,2272
8,18,0,195.9431567218407,19.4063806911247,2280
8,19,0,156.0426980762331,15.99901039845849,1819
9,0,0,120.1957771136315,13.87856401507464,1233
9,1,0,140.4849690497456,15.57527429837572,1475
9,2,0,167.947530662624,20.53934968478466,1755
9,3,0,205.7147034434452,145.57791823336,2041
9,4,0,204.077809487678,23.72715708837245,2117
9,5,0,212.3301090397406,29.52553605983716,2225
9,6,0,237.2173241057635,339.0900374525941,2222
9,7,0,206.0180671064703,21.73725202746839,2260
9,8,0,225.1708774305424,227.1533446970022,2293
9,9,0,211.3570237596381,22.86686227102865,2328
9,10,0,219.9316428489489,38.55291028427818,2377
9,11,0,235.0186888958358,69.56662379165645,2470
9,12,0,209.0179363078834,22.73256025113298,2320
9,13,0,209.0427660122061,22.16388514369891,2340
9,14,0,219.2986688701293,23.36364811223932,2456
9,15,0,210.5561144465019,21.53880956056116,2416
9,16,0,228.1847809527484,350.8120583422057,2418
9,17,0,215.1535980456724,46.81401577845266,2403
9,18,0,204.5287801412635,49.16014514019222,2277
9,19,0,143.8451779106897,14.95104595901633,1669
10,0,0,128.3889569667599,33.91361105837814,1285
10,1,0,150.4528735802903,16.64908605415132,1573
10,2,0,176.2031147545284,93.02132866884564,1757
10,3,0,199.8957550204159,192.4361241591828,1958
10,4,0,202.296223568118,45.57681058463687,2089
10,5,0,200.7410730069446,21.90149921545577,2159
10,6,0,236.7104698850304,583.6360520046516,2248
10,7,0,215.8287787538916,24.1170283094948,2281
10,8,0,217.6759483357913,24.30585601542545,2327
10,9,0,215.3213387805611,22.73006954192163,2371
10,10,0,211.9620193789971,22.64324138354063,2335
10,11,0,213.1655844232518,23.34254589759928,2351
10,12,0,210.4059602613661,22.58740206734716,2320
10,13,0,220.6179465325687,105.4955250458149,2399
10,14,0,225.5998348532763,150.6455668040272,2388
10,15,0,208.6906641966125,21.50409694308333,2386
10,16,0,210.3399553738847,21.79608270522063,2402
10,17,0,245.9448825189383,826.7325629044184,2519
10,18,0,194.7677703480775,20.60608086321683,2215
10,19,0,157.4687537394111,16.31962355356461,1807
11,0,0,109.318646165412,12.20548246512839,1128
11,1,0,150.6381063480682,19.13581769254068,1542
11,2,0,171.0668294244926,20.06077523439305,1769
11,3,0,186.2534794973071,20.77761365923469,1945
11,4,0,196.7740991448854,22.25222193808612,2063
11,5,0,216.304926454823,86.53196754655207,2224
11,6,0,214.5570671883947,71.56915548671667,2208
11,7,0,211.2474640302739,22.99368411013261,2266
11,8,0,234.2758595782749,190.8887292347953,2348
11,9,0,214.8374809164118,23.24653676714957,2343
11,10,0,212.7776043563664,43.68060525465817,2284
11,11,0,213.594274625968,23.14050422490249,2382
11,12,0,210.2016170639931,22.37732032478744,2331
11,13,0,210.7206969944722,22.58790706497815,2349
11,14,0,210.2069006798145,21.84108176696813,2384
11,15,0,212.1907512805321,22.06250867411761,2426
11,16,0,237.6088773237552,723.8208728072123,2435
11,17,0,210.4109116710541,21.75428705199394,2411
11,18,0,188.3979830529306,19.22022739536678,2180
11,19,0,152.3429936146196,16.02789150400099,1748
12,0,0,114.5840911113302,12.96348183435297,1190
12,1,0,150.2630692783677,91.69535383684359,1476
12,2,0,173.0636460556519,95.30758823033507,1731
12,3,0,181.7319005317788,20.34583575667321,1903
12,4,0,207.8783509426094,71.81639835751297,2115
12,5,0,212.3551547207018,39.63525499888639,2196
12,6,0,211.0460501523874,23.4387914719568,2269
12,7,0,212.2414477074318,23.91521664720993,2262
12,8,0,212.8860289390828,29.54134121288039,2278
12,9,0,214.9115907646049,23.90879724870041,2355
12,10,0,213.1973108434822,24.4999924297382,2318
12,11,0,210.2859733299827,22.06767631660349,2344
12,12,0,219.37397473699,23.81340740941538,2411
12,13,0,218.5100207993493,68.39099344692326,2386
12,14,0,228.2992649421041,281.3101112292636,2440
12,15,0,208.2451347841759,21.60334419725201,2369
12,16,0,220.5247794113608,128.965204366513,2377
12,17,0,199.9339529234238,20.35241545325802,2311
12,18,0,194.9336802515175,20.93282391529839,2224
12,19,0,148.4669634530556,17.0466372026227,1702
13,0,0,110.2888431293092,12.33855467682799,1159
13,1,0,151.6059145147155,117.1350195542804,1480
13,2,0,170.7437932981326,19.36221158241537,1782
13,3,0,203.6308253944993,238.8671917879213,1944
13,4,0,198.8328113643482,37.58233803588585,2061
13,5,0,206.8659443537644,23.35911350221788,2186
13,6,0,199.2385441366871,22.16351856802634,2148
13,7,0,209.4231115466681,23.62904213345051,2233
13,8,0,222.5573670686156,241.1737219053261,2221
13,9,0,226.6924099430455,136.6327937867311,2308
13,10,0,218.1843795285936,24.16696587741834,2371
13,11,0,210.0337279047967,22.3478496871457,2323
13,12,0,213.4519175891918,23.29105009192645,2370
13,13,0,220.4474746529731,281.0505368350408,2304
13,14,0,206.5046250312216,20.8034965276102,2359
13,15,0,205.8747764573494,21.47338112923672,2349
13,16,0,217.2506485812332,28.44943448832463,2469
13,17,0,212.8103208942523,136.8907984644818,2339
13,18,0,196.2602236983215,124.3715246090279,2156
13,19,0,159.2384539947093,40.50046298249686,1757
14,0,0,117.6655628692107,59.71155044397666,1187
14,1,0,134.2197345094591,15.27324949169049,1378
14,2,0,170.4267012674455,19.20572666069867,1784
14,3,0,183.3687978409797,20.37742990347142,1928
14,4,0,193.0461645291298,25.06227064657475,2017
14,5,0,200.6345782573182,21.56164780233156,2158
14,6,0,242.1417223657988,1167.909490068829,2233
14,7,0,205.5632101278647,22.34722922755689,2222
14,8,0,221.0465069827846,39.00492012040822,2353
14,9,0,210.9874478691053,22.50121535970293,2306
14,10,0,204.5507409374853,21.38787137328378,2285
14,11,0,211.5763543714577,22.34235752141847,2337
14,12,0,209.4694834863469,22.24935913644444,2335
14,13,0,212.9582036284545,23.04820914488107,2358
14,14,0,213.8057246192837,23.07144964674768,2371
14,15,0,204.4120548386648,21.27083518539886,2320
14,16,0,218.3299336654038,116.2589289264456,2402
14,17,0,209.9059255247915,21.7621623912952,2415
14,18,0,188.8342370894458,19.78723889253447,2162
14,19,0,157.0264213863179,24.83498030807238,1779
15,0,0,107.3604917829956,12.15876791931008,1112
15,1,0,137.4926035074989,16.09323087763359,1410
15,2,0,162.4412514749195,18.25143200757642,1705
15,3,0,178.0943774703022,25.91291364424405,1853
15,4,0,183.6878726703042,20.11933919702179,1946
15,5,0,195.1198668270199,38.51077039707111,2067
15,6,0,197.4860232957374,21.76801799148955,2114
15,7,0,202.279511859483,22.2100414060087,2194
15,8,0,215.6914952088295,74.22113479195657,2281
15,9,0,209.5797878709064,22.52458154842792,2305
15,10,0,206.8359739911836,22.75231997068915,2247
15,11,0,201.2951352002109,21.11793345876756,2262
15,12,0,205.3138636070032,24.20088770934069,2287
15,13,0,205.9337686593976,22.88297403311812,2310
15,14,0,214.3073717387945,77.84728658676431,2317
15,15,0,206.6459011862318,22.18037527856163,2305
15,16,0,232.4743503966394,748.4341982151233,2374
15,17,0,212.6869688349928,22.9896195004859,2430
15,18,0,193.9081885083746,20.34288488652637,2228
15,19,0,162.9860439596863,283.8731067941097,1719
16,0,0,97.10503160127566,10.66754344811949,1030
16,1,0,126.8591126553136,14.24623437461917,1316
16,2,0,146.7319296058715,15.91679902597082,1551
16,3,0,177.9852733072706,20.8325831661963,1839
16,4,0,177.4030081770649,19.57461136217777,1879
16,5,0,196.1365306568443,77.55762968686633,1997
16,6,0,189.3568529829511,20.90810516733393,2022
16,7,0,235.8751993169616,1210.828407083623,2130
16,8,0,191.8820952888496,20.78659921013472,2087
16,9,0,194.8956378041984,21.19599479193499,2138
16,10,0,193.6892229532265,20.2948639507534,2164
16,11,0,193.9897046208661,20.19920513705079,2166
16,12,0,204.9144231044817,70.471629866399,2223
16,13,0,194.9428731076685,20.44183777985567,2216
16,14,0,207.0278301514804,22.168924120288,2322
16,15,0,203.7761689714839,22.30421339841585,2329
16,16,0,204.835757643572,22.65831660425741,2351
16,17,0,213.5258229723884,63.8580848297783,2345
16,18,0,203.687460862071,165.1506844829878,2161
16,19,0,149.3088879975251,28.27773202788685,1685
17,0,0,93.16439068359198,10.2047168306748,981
17,1,0,128.6237005020903,289.1899470021194,1162
17,2,0,139.7569335489668,15.85322942509688,1445
17,3,0,158.0248037066893,20.6825384863796,1631
17,4,0,167.8068887168131,18.66663173103423,1773
17,5,0,172.0939851705053,18.76639229346015,1847
17,6,0,171.9689445506347,17.91723921250236,1886
17,7,0,177.7138788524732,19.26660752934914,1932
17,8,0,174.8760873422721,19.02308658452279,1893
17,9,0,186.0637484189178,62.95360995081713,1988
17,10,0,179.3341454943643,19.48162169954723,1972
17,11,0,187.9377359867197,20.1274129525052,2054
17,12,0,186.1749396677686,19.9128306958652,2075
17,13,0,192.0291258542008,20.59891418327198,2150
17,14,0,185.7424036024635,19.473837047388,2085
17,15,0,194.0440436460355,20.29541498035142,2194
17,16,0,196.4798890750146,20.74933985702411,2221
17,17,0,209.7756789357628,199.5950776301077,2215
17,18,0,181.5451418504878,20.62582630701231,2065
17,19,0,154.1838408665169,182.0594484090739,1652
18,0,0,85.19598077276883,9.798556080287405,883
18,1,0,105.2380314724513,14.65376744254723,1078
18,2,0,118.0595053693607,12.89409612231028,1242
18,3,0,135.0394249593944,15.26680231572697,1415
18,4,0,141.1147385074086,20.41618713532648,1463
18,5,0,147.4023581432722,16.22152367761284,1573
18,6,0,159.2479693680299,17.66620358187754,1686
18,7,0,157.5924136674111,18.16714929322582,1650
18,8,0,154.8683862543379,27.63029842159422,1659
18,9,0,168.6132286000899,291.161142465503,1672
18,10,0,163.0421284490681,23.87228245100571,1782
18,11,0,155.6247262068948,16.72209267044696,1723
18,12,0,159.8543891921952,17.01179215712937,1777
18,13,0,165.0180168054497,37.7634861614397,1787
18,14,0,167.0302970205364,17.16233623768273,1925
18,15,0,163.0149670101115,16.57195358990668,1888
18,16,0,172.2041324125194,18.30785376040186,1941
18,17,0,172.1567095889131,42.94581341886256,1888
18,18,0,168.4028912601264,17.38688486426458,1929
18,19,0,133.6510689061923,13.87231873333297,1542
19,0,0,63.852432167834,7.627466378031285,651
19,1,0,81.30267351456659,9.020508943956383,857
19,2,0,90.98477631982395,11.80605794706818,950
19,3,0,108.4830469393281,47.86797682049746,1071
19,4,0,115.534522787811,13.20875762868012,1199
19,5,0,115.1824017531153,12.98921652029156,1220
19,6,0,122.0902434890812,15.51287039542027,1293
19,7,0,129.7838155703171,13.88771341252323,1422
19,8,0,121.7931223568297,12.74156371991301,1350
19,9,0,123.9945444200286,13.28821787894061,1362
19,10,0,121.0725066105978,12.55546350599543,1339
19,11,0,123.717089346985,12.98971818524893,1374
19,12,0,131.7143618416698,14.17819106937523,1458
19,13,0,129.4627348147363,13.83575553930866,1445
19,14,0,130.6969912050332,14.39632375659019,1444
19,15,0,126.0242728710853,13.09050445802575,1430
19,16,0,121.6424135552704,12.77418597286372,1401
19,17,0,128.5915589873846,13.39440069495502,1476
19,18,0,113.3796005808238,11.44488210520817,1327
19,19,0,92.3348710976057,9.348445297341511,1077
