# mesh name: boxMesh_1
# primitive scorer name: doseScorer
# iX, iY, iZ, total(value) [MeV], total(val^2), entry
0,0,0,95.15864645477451,434.0040028136524,811
0,1,0,115.7078900928133,367.780060693684,1090
0,2,0,109.6612109285182,11.48262873459167,1234
0,3,0,120.4171492413108,13.8240993526315,1349
0,4,0,134.1902219947933,64.39467332045675,1419
0,5,0,126.7701104024384,13.10060193944249,1443
0,6,0,130.481857281085,13.11208575061182,1488
0,7,0,129.325325080064,13.0970059804002,1475
0,8,0,122.9652998681038,12.82475246533045,1400
0,9,0,127.6349838536141,13.37144332659886,1451
0,10,0,129.8954056552911,18.75873406947811,1440
0,11,0,131.0027966914542,37.26755532083387,1440
0,12,0,129.4198193591556,13.5142781451918,1462
0,13,0,133.4211915195293,14.13817348623994,1509
0,14,0,128.2138398099741,13.26629860847417,1477
0,15,0,123.4797741719001,12.10019287212158,1439
0,16,0,125.7853232576266,12.93805914287706,1432
0,17,0,124.781897440517,25.64342621206239,1373
0,18,0,103.9104538173517,12.15002408100362,1176
0,19,0,84.15923079629155,9.056644973840722,950
1,0,0,92.62439450883944,9.797175248372721,1016
1,1,0,125.1175840997841,20.90252244916977,1346
1,2,0,143.9087089335103,15.83411866867713,1582
1,3,0,153.2198257004939,16.2245849384129,1711
1,4,0,154.6499672355133,15.90210015288111,1752
1,5,0,167.4449070144304,17.59118128071927,1867
1,6,0,173.5736480774982,18.39490147713846,1931
1,7,0,162.0874338054532,16.78197662598599,1828
1,8,0,163.0606567030876,17.34894628302895,1837
1,9,0,178.4769855730916,52.87280983838048,1930
1,10,0,162.742347450241,21.72001876332737,1805
1,11,0,166.7350085320626,55.34241988709294,1856
1,12,0,167.1477703420717,16.93924959157331,1915
1,13,0,180.9520130029353,100.6282178309629,1954
1,14,0,165.4389986308917,16.63971082679048,1908
1,15,0,180.1744827811795,92.34797007977463,1946
1,16,0,178.2615015172986,109.8535236109081,1928
1,17,0,157.813747349695,16.69027901166237,1790
1,18,0,153.218471602938,65.66764592298723,1679
1,19,0,104.6066381151081,11.23191676234726,1176
2,0,0,109.532516077904,11.4374677362803,1235
2,1,0,134.5402261100723,14.82300029582809,1464
2,2,0,166.1333068260282,53.32749189899948,1793
2,3,0,176.3183290573245,19.44906751311789,1935
2,4,0,181.8036498705545,18.35298709363863,2067
2,5,0,188.3964242577112,19.62674043047731,2127
2,6,0,182.2038722719164,18.73173650890053,2070
2,7,0,199.0352882685062,48.61231563312222,2179
2,8,0,190.9860015643646,20.28825488374388,2148
2,9,0,195.1325985498215,26.68333293145479,2200
2,10,0,194.1031095797856,20.83307562984381,2154
2,11,0,190.9027370015026,20.16994363323671,2161
2,12,0,244.4708637633663,1226.536178515804,2210
2,13,0,193.3735683761241,20.14937843131588,2180
2,14,0,196.2237789992403,20.19907517909639,2247
2,15,0,195.2200607501435,20.70096721541574,2202
2,16,0,194.8972859835264,26.10680005502221,2178
2,17,0,179.917374439411,18.88386197303283,2027
2,18,0,157.3678190118951,16.25767532406728,1806
2,19,0,118.2113382402246,12.14481099624453,1366
3,0,0,120.4649969950253,12.53912508077143,1344
3,1,0,154.5520723219282,19.70884365444777,1684
3,2,0,183.6483809858063,19.87480283462984,2035
3,3,0,195.2727573900617,24.22277851243738,2162
3,4,0,195.6577317498695,20.67532395931836,2186
3,5,0,204.862091948203,20.82005570501514,2321
3,6,0,201.2532732576203,21.83657920993737,2234
3,7,0,242.5696979979881,1124.398861571896,2256
3,8,0,196.15593205134,20.10393903326032,2226
3,9,0,201.2884867527734,63.1211101756092,2211
3,10,0,205.7334884223645,79.44623127965839,2253
3,11,0,201.08094072883,20.97032303306534,2269
3,12,0,214.6595027736604,64.33926088673924,2369
3,13,0,206.5128780441131,22.82839666283355,2338
3,14,0,203.9762835754575,20.72848356358335,2349
3,15,0,205.1510528875455,21.48360374555953,2332
3,16,0,205.8828343850884,21.09180003743207,2354
3,17,0,188.8013793664268,19.58342475444834,2162
3,18,0,163.8506076916104,18.09745365225413,1884
3,19,0,133.5500975250551,13.76057815425194,1536
4,0,0,119.0750410243054,12.25810136511962,1348
4,1,0,153.839893548615,16.0257799596425,1725
4,2,0,181.1546792009412,20.81142243922957,2005
4,3,0,201.6392951562384,67.14207247876092,2158
4,4,0,205.3737358737131,30.02396077538359,2289
4,5,0,205.9025562760625,21.475004141779,2303
4,6,0,213.3910595579192,70.91568799988374,2292
4,7,0,218.9061220525048,22.99573896521547,2453
4,8,0,221.1699489815346,39.78547925200859,2429
4,9,0,233.1113984879854,216.41633031054,2336
4,10,0,210.7608633451133,22.92697259756517,2370
4,11,0,207.0862592121477,21.10879771938348,2358
4,12,0,215.7675381932517,45.5723316189999,2358
4,13,0,210.5651540167176,22.46545855136674,2349
4,14,0,215.6636411917528,155.6269596013371,2315
4,15,0,214.6083012256064,49.00884994516852,2422
4,16,0,207.0653132487503,22.18352164434749,2344
4,17,0,193.8692730826483,19.80795711036843,2233
4,18,0,179.7171991299535,191.1167959330561,1926
4,19,0,141.0057137104249,43.19968629547865,1579
5,0,0,126.7447805057317,13.66528313166836,1393
5,1,0,160.9470559896231,17.02716545690614,1787
5,2,0,199.5939118174924,206.5689372146721,2045
5,3,0,195.9677022604301,20.37334306119379,2195
5,4,0,218.0115462567042,185.1742446303279,2293
5,5,0,207.6007931677382,22.05142317290563,2315
5,6,0,199.4298470364708,20.61056825687809,2248
5,7,0,203.5181630291403,22.39513134469489,2287
5,8,0,239.3818469559642,368.5314077362517,2515
5,9,0,215.1328417904788,28.37271948543331,2368
5,10,0,216.124862504186,57.49966788350108,2378
5,11,0,210.199804313228,26.39089680060755,2366
5,12,0,229.9714671142435,60.76052807025013,2490
5,13,0,230.6047559835174,157.0432664090914,2430
5,14,0,213.2622464813871,21.83593063453244,2439
5,15,0,210.4163953126581,21.17116658810768,2423
5,16,0,208.2835660088822,22.05966468191974,2372
5,17,0,200.8090834200779,80.24862844273315,2227
5,18,0,176.5444403588095,18.29400814070872,2028
5,19,0,144.4553881421443,146.9525514962577,1553
6,0,0,120.5051583339155,22.27546129899049,1301
6,1,0,156.2022900506853,17.09231517472214,1708
6,2,0,193.2586306895787,20.65859968415804,2131
6,3,0,208.4111827562789,62.47316699957034,2244
6,4,0,217.7295338216963,43.83902225206275,2391
6,5,0,209.5377815239486,22.11915448420796,2350
6,6,0,213.4143347160127,24.58584854774545,2357
6,7,0,212.3104865246053,22.84407679459031,2390
6,8,0,216.8635142130359,52.04063006154778,2361
6,9,0,215.8323323590393,36.78826079780058,2388
6,10,0,233.5186937524192,575.5358071375383,2362
6,11,0,211.9427871185662,41.21145448404728,2350
6,12,0,222.3434311059943,35.14182080952041,2476
6,13,0,219.7647424101597,139.4915026793688,2357
6,14,0,212.955690858372,23.1770689755792,2444
6,15,0,216.5928526507319,22.13413694983367,2501
6,16,0,198.7924364145745,20.81372536073885,2264
6,17,0,200.0982960391938,20.33821493646586,2298
6,18,0,173.535981574934,18.16286189832945,1977
6,19,0,131.852274726102,13.9252624303471,1512
7,0,0,125.3527068923555,13.02827031713278,1405
7,1,0,166.9982476466538,18.10198172307789,1847
7,2,0,191.513821268284,20.745456728834,2127
7,3,0,198.025174046978,29.16345679533728,2189
7,4,0,203.7982299730312,21.7218407737533,2280
7,5,0,219.0607121564918,22.41049380737379,2473
7,6,0,204.9482168153748,20.77375959835122,2343
7,7,0,213.4103007897025,39.11709434192066,2321
7,8,0,218.484719565118,28.26255307018761,2417
7,9,0,221.0676172861458,57.49662815723824,2437
7,10,0,213.6791574623489,22.52377489731499,2414
7,11,0,213.7071131332819,39.78180859127487,2381
7,12,0,220.8676445759781,77.14527448714773,2439
7,13,0,206.5590125552291,21.98348328508157,2338
7,14,0,210.6761232929882,62.30306033035435,2289
7,15,0,226.6998885710096,492.6278132054659,2364
7,16,0,222.4236087645513,119.0010705109848,2438
7,17,0,194.0826103645001,22.53781144967144,2220
7,18,0,170.9423637190392,18.10384761934721,1936
7,19,0,133.1384014449489,18.97579777403019,1515
8,0,0,123.4382259296855,12.78528146007651,1390
8,1,0,153.2147760467878,16.25953146117047,1706
8,2,0,184.8525261798433,19.84664557273408,2036
8,3,0,208.5506904246144,26.73912198598588,2279
8,4,0,265.5826624473742,1049.194724781175,2402
8,5,0,225.7999455869828,168.71600215773,2356
8,6,0,217.3415130601941,23.66265424713538,2405
8,7,0,222.1596209536246,54.69447604976477,2426
8,8,0,251.2338988500568,1163.701925094697,2446
8,9,0,215.2573373510128,22.91859050595773,2400
8,10,0,215.6209739948366,22.96491921674014,2436
8,11,0,229.0473521997224,87.79852889085167,2451
8,12,0,215.3997817097444,22.69791586283318,2432
8,13,0,201.607947586934,20.67427086568327,2308
8,14,0,210.1165775786578,50.63383461295217,2310
8,15,0,213.0205305197082,44.46486194982231,2373
8,16,0,203.3170246396005,20.99514254446637,2310
8,17,0,201.3268573657156,21.70982116683332,2274
8,18,0,175.9600597899506,18.60283266352977,2004
8,19,0,136.1392938818326,13.94011588665195,1577
9,0,0,120.7238902486846,12.17196204833826,1369
9,1,0,158.7897965301262,17.3315464128119,1742
9,2,0,229.9150951831754,2515.840900681978,2048
9,3,0,201.6922869069658,21.83722037320542,2244
9,4,0,214.5620558298025,47.79440840243171,2335
9,5,0,209.2591190567706,23.22940818119063,2274
9,6,0,214.2832543142142,22.70419943332487,2397
9,7,0,214.7634374070573,23.89558658117041,2395
9,8,0,212.1626378485122,27.78659831123895,2370
9,9,0,213.9086425637549,22.33292545652306,2447
9,10,0,218.2045108744275,97.61832311301382,2375
9,11,0,218.8380578617142,27.69011072168577,2459
9,12,0,220.4487959180404,23.11677358970879,2486
9,13,0,218.808738639629,77.0742725484287,2416
9,14,0,217.3670291587057,23.85103376504605,2444
9,15,0,220.614071669365,28.01415801813232,2484
9,16,0,222.7679992564569,52.01650424060006,2450
9,17,0,205.3683406340888,40.20787185099658,2332
9,18,0,169.5404373463771,18.78042985548326,1927
9,19,0,135.134084955622,20.67318598358489,1521
10,0,0,123.1714538413174,20.49160981357576,1342
10,1,0,158.0654251535449,16.19007918108158,1776
10,2,0,191.6728189961292,174.0799768514126,1995
10,3,0,198.672203685133,21.32387554137413,2174
10,4,0,229.8909769900736,166.9643845236243,2358
10,5,0,207.3314611061031,21.57584903362186,2324
10,6,0,202.2799911423517,22.91351074042099,2253
10,7,0,208.692287473751,23.47026222658593,2314
10,8,0,210.7180571623739,31.73533672413038,2363
10,9,0,222.557721787052,24.85866084873181,2513
10,10,0,228.3621381787914,135.9365551740546,2440
10,11,0,210.2582391639476,41.78976448891851,2318
10,12,0,218.7963655227798,42.53323064584617,2416
10,13,0,214.0971752174956,36.78496684790944,2373
10,14,0,227.2699247125846,84.54777450618303,2460
10,15,0,212.341636254897,22.22553322689267,2424
10,16,0,224.2683648199738,230.825597352332,2381
10,17,0,192.198205350024,19.49849967667715,2220
10,18,0,166.3878652457601,17.40347039041244,1906
10,19,0,136.6748027214667,14.1377899334257,1567
11,0,0,120.3997816376058,12.5481980047677,1340
11,1,0,162.3333625845328,58.02641482869448,1714
11,2,0,195.1283837968003,207.4765281908611,2027
11,3,0,193.4493402625439,20.40455626894927,2139
11,4,0,206.8465768686184,21.82975560492276,2310
11,5,0,212.0466628482057,99.47115070207796,2250
11,6,0,212.6221587472631,21.9999953474112,2402
11,7,0,218.6474233582037,109.2583846827378,2315
11,8,0,209.352995702809,22.3145272845529,2329
11,9,0,229.1678714656639,224.2981974092277,2447
11,10,0,223.551877766272,214.1926462743371,2371
11,11,0,207.1451709612031,21.41183419936453,2357
11,12,0,230.1381280755991,470.4315134844852,2369
11,13,0,209.4622949120094,21.77389035115186,2383
11,14,0,213.6189513581279,22.71046599866257,2388
11,15,0,228.5414571913654,535.5518621951308,2361
11,16,0,206.2769537997578,21.25163892565585,2377
11,17,0,196.5643435046747,20.65931608452125,2252
11,18,0,207.0775599058263,342.3831652844398,2079
11,19,0,131.9036562338061,13.53722379989832,1523
12,0,0,123.8035164775771,12.58848162820649,1389
12,1,0,165.5981816209725,46.15304242176942,1775
12,2,0,208.8501860957385,569.7646866742916,2027
12,3,0,212.1596488961621,30.64041892694084,2278
12,4,0,204.338205881806,21.45710353361854,2280
12,5,0,228.6501455296749,260.1964961070154,2403
12,6,0,210.2731725841091,22.89194235291419,2326
12,7,0,212.2713537640703,22.01382520247186,2416
12,8,0,261.158558317548,1882.075295077112,2371
12,9,0,222.769238538176,52.01230009080332,2449
12,10,0,212.6439028823251,22.17013226073382,2410
12,11,0,210.8829077962129,27.95043211719095,2395
12,12,0,216.0928611829021,23.57661797840427,2433
12,13,0,212.0051155839751,22.03951109777692,2414
12,14,0,216.2457828872235,22.74722716482087,2440
12,15,0,215.452566204046,22.34721667843696,2464
12,16,0,212.7892225821552,21.64743627998811,2442
12,17,0,192.2083794604558,20.02747128735605,2193
12,18,0,169.9847462702029,23.02051609882265,1954
12,19,0,136.614967819033,14.12169249125515,1554
13,0,0,121.6670567347149,23.21305424421175,1322
13,1,0,152.8175033992261,16.05741205995732,1703
13,2,0,181.6188881250818,19.25850256359409,2048
13,3,0,208.0965792169037,48.93078793261242,2224
13,4,0,215.2768400751271,37.44088002232998,2353
13,5,0,207.5271700041884,22.69169236582898,2297
13,6,0,203.7782237878406,24.28005604363474,2273
13,7,0,232.3690980913066,774.2690378208238,2304
13,8,0,216.5150068524597,23.54547712133659,2410
13,9,0,229.3223828899831,46.59276448047732,2471
13,10,0,217.6817455510735,63.88177947059553,2364
13,11,0,219.4828017747526,22.6792299727061,2484
13,12,0,226.1498277156685,86.51361679405159,2470
13,13,0,212.8989801040654,27.97311355592258,2405
13,14,0,235.976450059194,440.2317104365656,2339
13,15,0,206.6760447414552,20.61848323184234,2419
13,16,0,206.5293518406622,21.31517211848097,2370
13,17,0,198.7415431181674,20.03695080786825,2299
13,18,0,167.9162317660242,16.91690770661578,1935
13,19,0,138.2902219924387,14.39881372761461,1586
14,0,0,125.4093467178596,38.06054981438533,1373
14,1,0,171.4890238533677,103.7913944554011,1777
14,2,0,179.155439313451,28.72857869521498,1992
14,3,0,202.2281096068442,21.96755797993167,2238
14,4,0,218.2319793372371,140.225234594558,2306
14,5,0,210.9296318360306,22.42528564305365,2361
14,6,0,211.14261044454,21.85100983259989,2387
14,7,0,203.7172880126028,21.77395125952843,2287
14,8,0,206.6431558880072,21.59487958714958,2327
14,9,0,224.6913818094648,84.81763113045393,2430
14,10,0,214.1556419907417,22.31992692470647,2424
14,11,0,211.4788404413477,22.17214030373137,2396
14,12,0,210.437343674356,21.6662082037422,2408
14,13,0,216.1503874004574,22.88528436851947,2445
14,14,0,206.8263050560911,22.0192363936682,2346
14,15,0,214.5443273550759,105.149346910729,2345
14,16,0,203.5040336360231,20.49184752153387,2356
14,17,0,202.4790507694054,23.06885236594781,2263
14,18,0,171.9709720196186,18.11633055477625,1958
14,19,0,132.798713553079,14.48046802053082,1533
15,0,0,136.5745735616545,147.9043602135305,1406
15,1,0,159.4206099972645,17.91524407082304,1739
15,2,0,183.2720219276003,58.77271651680957,1970
15,3,0,199.6477964943957,21.40607916043103,2205
15,4,0,208.8964446858841,49.10921974541161,2299
15,5,0,215.5741592295133,73.06604672645588,2312
15,6,0,243.9011883894942,1008.805516648098,2360
15,7,0,210.9689310481371,22.22176874530639,2382
15,8,0,207.2876156189581,21.74249968273969,2343
15,9,0,215.6446981535725,51.31825588160755,2370
15,10,0,219.2863268027413,299.203356473607,2304
15,11,0,209.4411938071524,22.21548817902315,2346
15,12,0,215.3157194296623,22.4672883570552,2434
15,13,0,211.4035493428384,22.42597593745522,2368
15,14,0,205.8484198004599,21.11596779955323,2370
15,15,0,221.2967062303034,378.8181525251857,2316
15,16,0,208.6874958717714,22.17082186572265,2363
15,17,0,205.0852436917185,66.31565157917184,2265
15,18,0,174.5429483355023,65.48519399152852,1925
15,19,0,132.0536908598395,13.60759282817948,1504
16,0,0,132.3463522575142,32.27738816911364,1411
16,1,0,148.8134992658595,15.69777147680074,1656
16,2,0,173.501443919947,18.85286552710022,1927
16,3,0,195.0250963503192,93.57220359218685,2087
16,4,0,200.4101743134851,22.69771224409194,2207
16,5,0,200.6719973723131,40.70053611903025,2203
16,6,0,218.0437317670952,546.6777907012656,2192
16,7,0,194.6983578737741,20.78111701113276,2170
16,8,0,198.7758719367025,21.5029034317945,2210
16,9,0,196.0259693902126,20.55687595990693,2209
16,10,0,201.1538707710494,21.08366635844142,2275
16,11,0,208.4267211819879,21.89152610124958,2359
16,12,0,198.7992894323146,20.92142840159666,2270
16,13,0,212.6297315963997,41.25000115079057,2351
16,14,0,205.6564273219559,21.21148866077843,2357
16,15,0,200.586709825962,21.00796696390854,2279
16,16,0,193.1199526763033,20.10752315388892,2201
16,17,0,211.9896679222336,195.3732741565951,2235
16,18,0,172.5490588847721,21.95590198021383,1968
16,19,0,125.992512902788,12.67497323868345,1472
17,0,0,112.7470895683937,12.10518344778201,1251
17,1,0,143.4607985082017,14.89586731307528,1606
17,2,0,163.6467247423661,43.02732186282745,1745
17,3,0,178.6600619786101,19.19445111148499,1973
17,4,0,179.5889887146851,18.31264839519105,2016
17,5,0,187.8588523303527,19.84815484618236,2105
17,6,0,205.9846509854459,79.64819591196482,2191
17,7,0,195.7600787566471,86.69583875430853,2098
17,8,0,204.1606215814183,254.6793451577712,2111
17,9,0,195.4885320527571,45.43650463441899,2125
17,10,0,189.9566983718563,19.66330893286647,2169
17,11,0,198.2537927635988,142.0870210298994,2110
17,12,0,188.4522638835703,19.46475347557227,2135
17,13,0,198.3142033773555,56.13885177399781,2156
17,14,0,203.2901892113357,83.49061006413814,2219
17,15,0,193.7160871466644,24.23895861486655,2192
17,16,0,193.03363494062,20.36761818390781,2180
17,17,0,180.8588087213383,18.07212980603675,2110
17,18,0,160.6651977392194,39.19807145802008,1788
17,19,0,121.3163216266042,12.64791272624551,1372
18,0,0,93.82614818548423,10.31211677181141,1024
18,1,0,122.8798500484574,13.22437499466365,1363
18,2,0,140.4793897071543,14.61083526910038,1578
18,3,0,147.3621292839705,15.17650032661203,1676
18,4,0,166.2364806077592,29.31749210044551,1801
18,5,0,158.3853978724148,16.42478814730702,1787
18,6,0,162.4467930690234,17.4820909954934,1804
18,7,0,162.187989159868,17.07609973810423,1835
18,8,0,166.3908031328887,17.42600143824021,1874
18,9,0,163.9580857923587,17.25353383243602,1853
18,10,0,170.1094997746477,126.0369329494787,1814
18,11,0,164.6726645161895,16.64444161938004,1877
18,12,0,168.8305274744092,17.88658492430734,1919
18,13,0,173.1729841154716,50.56571269813971,1873
18,14,0,180.0103718275417,82.48712274501625,1985
18,15,0,173.1750143216073,85.99542180796624,1865
18,16,0,172.1298949261409,19.91492023681982,1952
18,17,0,163.3076982652488,16.99559794752152,1857
18,18,0,153.4220056007753,128.3977221495069,1648
18,19,0,103.2751117313715,10.31262591592826,1202
19,0,0,71.48158104377875,7.828253515662551,797
19,1,0,98.26152848340516,21.44788065398837,1065
19,2,0,106.8714865539087,12.05737618143089,1167
19,3,0,118.0738872252937,12.79166198020032,1307
19,4,0,124.3595530573731,13.2709768501774,1403
19,5,0,126.3984609605192,13.70249049530722,1406
19,6,0,127.197596803221,13.63685842034733,1418
19,7,0,131.3443931777574,13.17452866017166,1502
19,8,0,126.448411321943,12.77702000938697,1447
19,9,0,127.2055048039438,12.62562796780366,1466
19,10,0,120.0089707507208,14.71416510780166,1374
19,11,0,127.5167529938245,18.1922763841949,1438
19,12,0,137.7930706592537,96.36535299881353,1453
19,13,0,141.9339398794725,114.5728730393297,1522
19,14,0,129.0363708137514,13.31069101006981,1472
19,15,0,134.5838431552829,14.334892152397,1511
19,16,0,132.5506858371158,21.07473390712317,1499
19,17,0,119.8870799006462,35.41549786919635,1335
19,18,0,109.7297829773077,71.31874933962253,1165
19,19,0,83.76659709047615,8.831741391167693,956
