# mesh name: boxMesh_1
# primitive scorer name: doseScorer
# iX, iY, iZ, total(value) [MeV], total(val^2), entry
0,0,0,69.49321640246546,7.303315498579598,783
0,1,0,98.40231307223374,14.53300361462243,1069
0,2,0,115.7014170264856,12.59705413307909,1280
0,3,0,117.2981081521675,12.52065027113755,1316
0,4,0,116.6568018381027,11.82659225388052,1337
0,5,0,132.0107148487118,13.96023001234587,1494
0,6,0,128.9950090207977,13.43194309779693,1445
0,7,0,144.5213854829654,309.637476615617,1407
0,8,0,121.1886544483045,12.35100985237071,1383
0,9,0,129.7537253487371,13.79225811886171,1446
0,10,0,126.0126038131375,13.31587350760005,1419
0,11,0,131.9951086325448,13.66310330104321,1491
0,12,0,124.7707488348925,12.90397446320306,1397
0,13,0,138.2119688116405,65.99252518791909,1459
0,14,0,125.9659506640078,13.43209232999537,1416
0,15,0,122.7014432267169,13.13684799493459,1392
0,16,0,132.8302105057483,70.79621538712684,1422
0,17,0,118.1677864972865,49.2323385226782,1249
0,18,0,100.1982001975833,10.19703730312841,1146
0,19,0,73.89351449151734,8.362594684803444,837
1,0,0,89.11329334277765,9.371066896659134,996
1,1,0,128.0048026323779,13.83399031695348,1409
1,2,0,143.3553853524001,15.2313571826142,1599
1,3,0,148.355256016937,15.53776309144827,1667
1,4,0,154.4335655396715,15.96193534172599,1729
1,5,0,169.4136679674695,52.1477328848871,1812
1,6,0,167.6237063398281,18.02854894806504,1849
1,7,0,162.4530436053332,17.86165163133159,1794
1,8,0,158.847978740886,16.43289674426988,1807
1,9,0,165.8428254401074,17.06365435666497,1863
1,10,0,161.538187293418,16.84830079109667,1826
1,11,0,168.5520629033232,34.9229475275179,1829
1,12,0,156.0085517552905,17.33291277820026,1729
1,13,0,164.0128053157242,17.60005038422412,1823
1,14,0,159.5109444609422,16.84466338112955,1784
1,15,0,179.5309608867645,122.4114679056646,1845
1,16,0,153.7924005158375,16.22733195546483,1735
1,17,0,145.5613310951303,15.41922715686115,1644
1,18,0,124.8989335088912,13.62723314728981,1398
1,19,0,89.30963987161459,8.985181475538729,1034
2,0,0,108.5257854157986,11.17322738914797,1222
2,1,0,135.164364995665,24.95276956838981,1473
2,2,0,169.476902835612,18.36623737226406,1870
2,3,0,182.2796345141485,19.72392912589864,2018
2,4,0,189.5781205438802,20.81564089326127,2095
2,5,0,211.03378743779,342.470319116028,2121
2,6,0,202.555792157254,238.8992194414867,2094
2,7,0,189.671489800195,19.31744741838004,2163
2,8,0,188.7684863933827,19.98851813176498,2109
2,9,0,185.2300653909973,19.40299837132594,2079
2,10,0,194.5179191883464,24.96976742156379,2160
2,11,0,196.5584233419406,152.851776284459,2062
2,12,0,191.2003318654459,20.19531449994711,2126
2,13,0,184.5043956238589,19.8292070719813,2065
2,14,0,189.5691536736518,22.28384330445803,2126
2,15,0,182.9104195885152,19.39365629643647,2050
2,16,0,182.225414337309,18.86742254679042,2057
2,17,0,166.047886035616,17.62089781591524,1843
2,18,0,147.3525945361058,35.12267922388634,1587
2,19,0,113.1135503909114,17.18762789628007,1242
3,0,0,122.3294654416668,12.73814286168353,1376
3,1,0,160.2256939498973,82.08257882145246,1692
3,2,0,181.4975084394047,19.4205513003515,2017
3,3,0,192.2993723656917,20.58802569989981,2133
3,4,0,191.9402953766638,19.62669710891208,2172
3,5,0,207.6083997818409,92.34390983698646,2277
3,6,0,206.3938196515056,27.4909562194418,2270
3,7,0,197.0455395706512,20.66077150826188,2226
3,8,0,204.3707069884186,21.87192382873258,2284
3,9,0,191.7102450465483,19.6745056215168,2166
3,10,0,206.5911650359153,24.67638911465164,2302
3,11,0,194.8058526666049,19.94423263698679,2222
3,12,0,199.3863567656217,21.38201032902478,2200
3,13,0,207.9294348775993,22.15343467273947,2326
3,14,0,199.6920339012095,21.8670118745011,2255
3,15,0,198.1182913086274,20.89885947653536,2224
3,16,0,193.6345127513365,20.63403213433487,2168
3,17,0,178.15283132992,18.75383563037076,1995
3,18,0,154.7383430429201,19.74667026447116,1715
3,19,0,125.6659137392916,14.53488263586461,1390
4,0,0,119.1647917834028,12.37765625570759,1345
4,1,0,164.8657382041369,48.99089906622496,1784
4,2,0,187.8808201410443,21.67974736534815,2082
4,3,0,203.4961444336395,35.14320195344246,2229
4,4,0,237.5001524036113,1075.354866480548,2264
4,5,0,224.13089280056,166.330935507078,2301
4,6,0,200.6018711854782,20.25976157681965,2279
4,7,0,207.3119640771079,21.38405037327169,2339
4,8,0,216.7386890397881,50.73880105069636,2348
4,9,0,208.3676233692757,21.79352935976019,2333
4,10,0,206.6726280154367,21.98470673637419,2313
4,11,0,208.7434435752835,25.54385920767065,2325
4,12,0,214.5532688202513,23.26953043731103,2353
4,13,0,211.1428071910617,52.84933623496177,2306
4,14,0,208.7935854703424,42.72052017559891,2267
4,15,0,213.6875665590359,38.29138614304649,2323
4,16,0,204.9848080462922,21.91668985924749,2288
4,17,0,194.177056929367,71.64359086396253,2085
4,18,0,161.7565538242914,21.3498472936656,1770
4,19,0,131.9266952831392,13.84811935375583,1481
5,0,0,126.6271642373394,13.20496865451227,1425
5,1,0,154.2643973866898,16.21492668260783,1734
5,2,0,237.6266038770146,995.5040708589758,2144
5,3,0,207.6366093620802,22.37642131650746,2274
5,4,0,205.4955814612705,22.17765854977268,2286
5,5,0,203.428144455277,22.7556067607593,2236
5,6,0,209.1031332713441,27.22932494767591,2318
5,7,0,210.2048878221351,32.01679402111296,2304
5,8,0,215.9912207742338,26.11092653980561,2395
5,9,0,241.0678079874587,486.6706025659335,2406
5,10,0,212.614398262334,22.16548332534904,2392
5,11,0,206.4132754245243,23.35220671270211,2319
5,12,0,223.1705524600665,31.54756254599412,2428
5,13,0,205.8936248701633,21.64025073247396,2325
5,14,0,230.8990462629937,377.6051681309672,2368
5,15,0,212.9337883263456,43.28901332424542,2347
5,16,0,210.0598625988952,187.8547270574488,2245
5,17,0,190.3069580327198,37.7453686590955,2093
5,18,0,159.3156408042189,19.58420985006124,1782
5,19,0,132.9515348029167,14.40636985170043,1470
6,0,0,127.3892636042724,13.37208699784539,1433
6,1,0,158.5509317037657,16.57338233131436,1778
6,2,0,192.2654202644903,20.37501060966158,2142
6,3,0,207.2890440305612,35.11640968169341,2245
6,4,0,221.8592549511842,121.1543450976297,2348
6,5,0,231.0403519402409,224.2011135804453,2368
6,6,0,211.7257058741114,23.05188702197266,2326
6,7,0,234.4805386488104,273.4985596969559,2427
6,8,0,221.0774385454472,52.43475062000389,2385
6,9,0,211.8941860088223,22.15284092963537,2396
6,10,0,206.1187437674229,21.57787134703979,2314
6,11,0,218.8026430307567,90.13584715042009,2352
6,12,0,213.0713234465759,23.25675368465792,2368
6,13,0,210.1322095524343,22.27010046410862,2346
6,14,0,210.5711735460032,22.32153737240225,2341
6,15,0,216.383852289755,118.4834815234639,2344
6,16,0,203.1409801425287,20.90616602163005,2299
6,17,0,187.4693592320203,34.43937318675808,2078
6,18,0,166.8334488977076,20.66657072523896,1836
6,19,0,121.3126392439646,18.19770674882588,1342
7,0,0,124.7324635210061,12.57069073109849,1416
7,1,0,161.6700427386756,17.14070572095548,1790
7,2,0,186.8694600695934,20.02366869299774,2076
7,3,0,206.3224604425935,63.79961641520451,2245
7,4,0,221.4088409522285,188.1677423326032,2295
7,5,0,217.9674718134328,23.4296893425567,2422
7,6,0,217.3188064455362,135.895857171423,2304
7,7,0,215.8053830663994,24.19889466393752,2413
7,8,0,219.7852027416813,23.95044073815623,2428
7,9,0,216.9519201624772,22.7158069142409,2441
7,10,0,221.1672790222881,24.20604147239757,2455
7,11,0,228.4701236997352,97.10579157258844,2397
7,12,0,215.5037705886478,22.38193239986761,2430
7,13,0,209.5112154958351,31.00018756786425,2316
7,14,0,208.1508805506656,25.40389652957516,2366
7,15,0,221.6613860994708,56.21995021329263,2405
7,16,0,213.5395466515156,101.9832531033184,2301
7,17,0,194.7550229877658,23.1862796675299,2154
7,18,0,159.6278132743016,16.28752316781409,1819
7,19,0,135.4676103527591,60.23686599651199,1464
8,0,0,126.6089403645986,19.90562059169066,1417
8,1,0,163.1425502039208,30.06655617965777,1764
8,2,0,191.1608829442632,42.21955486255828,2068
8,3,0,204.1690628375994,48.51913622934678,2203
8,4,0,220.2375749859392,117.0432533753586,2361
8,5,0,213.1482595753013,22.94432069817647,2366
8,6,0,236.4987855197412,339.7588453930246,2422
8,7,0,212.6384217107795,22.45392715551448,2388
8,8,0,218.7921036974627,23.45221819657936,2440
8,9,0,220.3664951509872,92.86613803627066,2398
8,10,0,223.2409028114691,59.19798882454513,2445
8,11,0,215.9298216056738,44.69176528531667,2362
8,12,0,234.1382043920968,230.2329765928114,2356
8,13,0,203.3557237448331,24.18563258509227,2307
8,14,0,203.9073628166871,21.0229469203522,2323
8,15,0,212.9582891662363,24.49440612233359,2400
8,16,0,235.3689465235264,1014.689963509053,2300
8,17,0,188.2429859634152,19.85449739123539,2102
8,18,0,164.5772966202804,17.45153066720839,1844
8,19,0,133.9653922007868,126.66512635374,1393
9,0,0,127.7065342101192,16.04332280485901,1421
9,1,0,155.9970482643998,16.3039527362132,1743
9,2,0,178.1078142485526,18.68925827807508,2005
9,3,0,205.342094255063,34.80991341143847,2283
9,4,0,210.5535269297731,23.30307564239675,2341
9,5,0,213.3422126650581,24.64682316120247,2371
9,6,0,222.9290959057064,185.4729826635311,2355
9,7,0,209.7570472651453,23.06978062118638,2321
9,8,0,210.6671386328041,21.87569231711774,2380
9,9,0,213.561921075017,22.77852880416665,2385
9,10,0,234.0875751721609,577.9894053642435,2390
9,11,0,219.8413197490391,45.89403598939172,2404
9,12,0,220.2405596809231,46.55313275688103,2377
9,13,0,215.6954422340623,47.08249031895033,2349
9,14,0,216.542919783297,23.16366029244579,2383
9,15,0,212.0160701399875,22.16526965316595,2386
9,16,0,216.0871189789574,22.73244396025245,2432
9,17,0,200.2679172520717,32.24664145219973,2210
9,18,0,160.8532657025465,18.41886733023139,1784
9,19,0,129.4169267266439,13.82233745930967,1450
10,0,0,126.8970531072653,13.61900200416124,1409
10,1,0,159.4805497548487,16.81366351703651,1784
10,2,0,186.6909317835381,21.23726274349251,2044
10,3,0,197.8797948664648,20.73641445466345,2202
10,4,0,210.760393726683,22.16870017712384,2363
10,5,0,218.5512484665358,25.387629051003,2418
10,6,0,206.0869346842693,21.38935846249419,2323
10,7,0,206.7606624092826,22.68190153088062,2277
10,8,0,237.6685868673489,777.5851453656403,2398
10,9,0,224.1594747337423,210.6736336435772,2393
10,10,0,213.5523631031423,22.52452448882985,2392
10,11,0,212.132925055607,23.0443348808083,2343
10,12,0,214.4340645208175,22.32112834506137,2414
10,13,0,210.221110047972,22.11301372581722,2359
10,14,0,211.4962309793512,21.62707455174321,2400
10,15,0,210.8138846989505,22.28277686878265,2360
10,16,0,204.0198261859569,22.93128129320477,2270
10,17,0,193.7328179578702,20.76262097945446,2151
10,18,0,160.2756310219119,17.01298280172998,1794
10,19,0,126.3300082276551,13.34344146227851,1414
11,0,0,127.6556521653458,13.8582591355578,1409
11,1,0,170.1179147143119,65.65181974850965,1844
11,2,0,177.4034538071223,18.36953478990899,1992
11,3,0,211.7207788014295,94.1289736749717,2251
11,4,0,205.0846112552452,21.87135506925322,2279
11,5,0,202.9075274107245,21.4809676767733,2269
11,6,0,226.7445811220819,99.81580330584001,2409
11,7,0,223.8149132764366,48.59027302489414,2456
11,8,0,213.9665259973723,25.78415298617123,2356
11,9,0,220.1316840674199,32.38292201626087,2409
11,10,0,210.3797501596033,22.74746357518272,2352
11,11,0,238.8803356768099,301.9790981157586,2444
11,12,0,216.5023789772164,22.22668517884224,2451
11,13,0,213.3251055020821,22.51556153492515,2379
11,14,0,208.5151603961042,21.46091939242603,2374
11,15,0,208.7641770591156,22.07289645971919,2349
11,16,0,209.7236156445282,100.9646930354142,2265
11,17,0,198.6417969516705,113.2871624038365,2116
11,18,0,175.3992538496627,18.79772526473122,1940
11,19,0,131.9559171882431,72.58096167137892,1398
12,0,0,121.111843792116,12.12181931860561,1392
12,1,0,178.2276954172429,286.633247504903,1828
12,2,0,184.4095820723368,19.01930434608436,2080
12,3,0,209.9944970052748,78.30987928465596,2210
12,4,0,211.7339689202805,22.60321610927218,2361
12,5,0,210.8115732017104,22.40936435039611,2368
12,6,0,206.5098847780082,22.15390469410824,2300
12,7,0,206.52039164875,22.18687522406991,2289
12,8,0,212.5016764550909,22.28352160326708,2376
12,9,0,241.066517003421,532.2106650187329,2435
12,10,0,214.0676967534525,22.63306482849244,2383
12,11,0,212.6490143525459,40.67434699104198,2330
12,12,0,243.5609806570741,677.0578142802868,2328
12,13,0,214.3660727859533,22.56845510608394,2428
12,14,0,202.3561583087093,21.22477162168424,2271
12,15,0,212.4629697894624,33.19224321854193,2320
12,16,0,221.4023570495906,357.5771968609741,2294
12,17,0,185.3828796459243,19.69629024145961,2076
12,18,0,170.8238732496949,99.49310033265247,1831
12,19,0,128.917811040503,13.47474506317257,1461
13,0,0,128.1144065376192,13.97090223610714,1412
13,1,0,144.4653737917567,14.49119956765404,1638
13,2,0,176.9701392643248,18.17654959631254,1991
13,3,0,202.9202587720772,34.69070440311695,2208
13,4,0,208.6411401132082,22.79294363492481,2303
13,5,0,210.5989661556227,22.46716895904181,2340
13,6,0,220.1464809751777,72.58812349894201,2361
13,7,0,209.2509058067978,22.41078793140822,2324
13,8,0,208.4405275942118,22.88403857452059,2289
13,9,0,247.3885774778664,318.0525740904644,2535
13,10,0,211.8851425243261,21.80621392297229,2398
13,11,0,219.9160679748581,23.3410654642798,2447
13,12,0,231.8762278802218,140.3174786441959,2466
13,13,0,225.2905615126449,297.9804806336156,2358
13,14,0,210.3209025280284,22.34075633694746,2343
13,15,0,214.6647268102325,27.47834499566456,2369
13,16,0,217.7199068853262,287.995008531449,2258
13,17,0,187.3897826926729,19.49711046862734,2122
13,18,0,157.2308538966755,16.3056996812663,1779
13,19,0,118.868025696912,12.21693629634106,1353
14,0,0,120.9837012037445,12.40295819307894,1370
14,1,0,155.8810321339794,16.19505573570135,1752
14,2,0,190.1834493688337,106.224383352761,2023
14,3,0,198.2857771050144,21.6299828840508,2209
14,4,0,211.5378983777692,22.40368065423502,2353
14,5,0,206.8769596883432,44.22705892586769,2243
14,6,0,218.5731012861063,88.27180603514513,2372
14,7,0,212.8742517256439,22.56512288746696,2383
14,8,0,201.9919833553082,21.41492268583961,2259
14,9,0,228.3855405105446,110.8050474648152,2382
14,10,0,205.2229496652626,21.30294423172601,2311
14,11,0,221.7855738016058,37.9249199906878,2404
14,12,0,225.633713364822,327.4601832546456,2323
14,13,0,225.5645489198479,55.21281620269882,2450
14,14,0,201.886301455431,21.16343858122819,2272
14,15,0,208.4740004331009,21.75477807728927,2365
14,16,0,214.7321820712298,397.7734136900197,2226
14,17,0,187.260261358186,19.99272458473789,2078
14,18,0,166.3065749584921,17.62906687958659,1862
14,19,0,129.2608279165654,13.57257704392415,1449
15,0,0,126.8436663022664,13.77793520532545,1418
15,1,0,152.8661428627391,17.11367510521345,1702
15,2,0,179.9955573396956,21.84045325891709,2002
15,3,0,199.498860729722,20.69913944201341,2232
15,4,0,214.2090018403059,41.60501905669842,2302
15,5,0,220.7533285265253,162.823919042102,2359
15,6,0,202.771828505082,21.17462367374379,2274
15,7,0,208.144359933229,31.02234581113328,2301
15,8,0,209.6034930635802,23.77257094231245,2297
15,9,0,210.0976961148318,22.8374490935327,2360
15,10,0,214.7777686522591,34.57186487128458,2358
15,11,0,205.2132626394449,22.02595886436334,2302
15,12,0,208.2474623185352,22.59900352852122,2294
15,13,0,223.3635759602058,158.0533676770674,2353
15,14,0,209.8112621555128,22.36301418632218,2334
15,15,0,200.3324437568747,21.74000328149267,2258
15,16,0,219.4456000916252,306.6927297941741,2274
15,17,0,182.3927113050458,19.06211890186348,2052
15,18,0,166.3969601221498,35.61919241691103,1819
15,19,0,126.3847067985729,13.20191750389378,1433
16,0,0,119.1342422767064,12.17765174054026,1346
16,1,0,155.2553194237481,16.95481369923211,1711
16,2,0,171.7417743084604,18.36663374575717,1918
16,3,0,193.9364760611024,20.76961285396224,2141
16,4,0,199.2404129831069,40.27380802145868,2189
16,5,0,201.6446564544786,21.24463765814217,2256
16,6,0,189.7149295088162,19.73540367257899,2124
16,7,0,205.7840167726462,21.33142742213613,2306
16,8,0,194.3108329011454,20.05372803330499,2204
16,9,0,206.3211838534945,31.18460343277433,2249
16,10,0,230.8858500642012,524.4431975603034,2322
16,11,0,225.0285525127573,559.0775824372857,2288
16,12,0,212.8154165996701,77.6607086158421,2246
16,13,0,202.2140889800784,25.75246204310079,2249
16,14,0,196.6328350669837,20.94653608254812,2211
16,15,0,194.8220678744179,20.93091092645296,2167
16,16,0,200.7187186450494,36.77484394250495,2176
16,17,0,190.2231140353226,24.95312460804421,2077
16,18,0,184.8934435333042,1005.506619243457,1718
16,19,0,122.9538538593939,14.28440424057891,1368
17,0,0,111.5296012301858,12.11054565131503,1221
17,1,0,141.9481611589298,15.11219253900155,1582
17,2,0,169.2644997383214,50.10189789013889,1820
17,3,0,184.9910011879338,26.2180057007104,2010
17,4,0,174.9831739401737,18.37876338234755,1945
17,5,0,188.5137449422627,20.8296458434429,2056
17,6,0,189.4572299552401,20.02400405397541,2130
17,7,0,204.5077321482662,162.5520660380962,2172
17,8,0,196.9223059636925,24.34127284304876,2145
17,9,0,183.9772609063777,18.71500073231253,2104
17,10,0,178.9507450649157,18.27962127879276,2032
17,11,0,178.6918505999822,18.17950033943564,2028
17,12,0,205.4148236117393,138.5223198784028,2102
17,13,0,195.6003443510643,23.73126390610965,2176
17,14,0,185.802135792442,21.40825283862776,2095
17,15,0,191.2519978345736,50.32390620887648,2097
17,16,0,184.8820011977173,24.1966465245666,2041
17,17,0,180.0884807157897,66.62191758447071,1945
17,18,0,142.6281087680645,16.62983163266228,1587
17,19,0,108.9535257357526,11.28979078960164,1237
18,0,0,88.6297604805754,8.898451266808713,1017
18,1,0,123.2554987765331,13.2598047258913,1353
18,2,0,146.7425499695298,16.08088159857364,1599
18,3,0,170.6202015177265,262.4853493001667,1673
18,4,0,166.1686913581877,17.91664773258132,1822
18,5,0,158.8431863233339,16.67552282098453,1779
18,6,0,161.6145433704018,17.3202252910775,1796
18,7,0,170.8554866984718,19.03442167419252,1875
18,8,0,156.8679072789698,16.29904445365824,1766
18,9,0,164.899818685696,17.2452019547009,1848
18,10,0,155.4412432000307,15.7828440493548,1774
18,11,0,160.0627165707983,17.24806249502048,1783
18,12,0,165.9204837061557,17.68240446614868,1830
18,13,0,178.7800677856669,265.5862802078365,1843
18,14,0,173.9303825950597,18.77924755224404,1941
18,15,0,153.8141749342509,15.67565993659407,1758
18,16,0,157.4876969439792,21.21256326701344,1752
18,17,0,154.4729626367615,16.84156254858966,1716
18,18,0,133.49960418239,20.96100291085139,1456
18,19,0,98.74076896678658,17.81870781158073,1087
19,0,0,69.02823236570745,6.90582742104707,797
19,1,0,95.9629591714418,10.17240694759723,1065
19,2,0,143.3810301282454,1044.055222311523,1220
19,3,0,123.3599071692313,12.92674094821687,1375
19,4,0,124.0139131206535,13.72661362086026,1388
19,5,0,127.8756536057161,13.74983155180287,1407
19,6,0,125.078547940159,12.9077920178127,1416
19,7,0,126.1855954047464,13.22233584791954,1425
19,8,0,133.5596156569745,13.78676955445647,1500
19,9,0,130.1868142481625,13.98618412099484,1440
19,10,0,124.2497347217363,13.08513121969305,1394
19,11,0,126.9062070636731,30.77389487247194,1407
19,12,0,124.6571789240762,13.85558480289586,1376
19,13,0,128.4942159002513,13.04265588671264,1459
19,14,0,126.2204378749855,13.25542222987498,1417
19,15,0,149.416936806196,562.9569038672917,1420
19,16,0,124.7173422680349,13.45091180611204,1392
19,17,0,105.6756322617985,11.30887816718391,1179
19,18,0,105.919689852354,34.5770727219312,1119
19,19,0,74.81971124197375,8.03135765620754,835
