# mesh name: boxMesh_1
# primitive scorer name: doseScorer
# iX, iY, iZ, total(value) [MeV], total(val^2), entry
0,0,0,72.92919257865393,8.434715807305407,773
0,1,0,88.31721589221146,9.538777081517624,956
0,2,0,99.27014124455513,10.55000410034788,1097
0,3,0,134.1331910188437,320.3640339995149,1280
0,4,0,126.5706315839801,142.7622517687496,1271
0,5,0,124.0179253989154,12.94533446041156,1374
0,6,0,128.5636747737206,13.63170302346769,1426
0,7,0,127.2722512522386,13.79529076431772,1405
0,8,0,127.303067766632,13.865105011827,1407
0,9,0,126.9005180139187,18.13522053857973,1376
0,10,0,125.9804325160347,13.23922478717371,1397
0,11,0,131.3617079692732,31.70033911203953,1396
0,12,0,131.5136766232588,17.79860305483944,1449
0,13,0,135.2592257654618,26.96952246651761,1450
0,14,0,145.6192726357051,273.8286484038351,1425
0,15,0,124.0790944240433,12.81723005893022,1403
0,16,0,124.9434001949741,13.02381106394262,1407
0,17,0,118.3373326710264,12.24833809224301,1355
0,18,0,104.4355173187945,31.90148928109072,1158
0,19,0,81.27758781734727,8.333339576783484,919
1,0,0,81.46406413445331,8.676325213429735,901
1,1,0,108.0155106405286,11.30031250789454,1196
1,2,0,130.6884471278307,14.0594769685159,1417
1,3,0,149.2330334567245,16.24807219438889,1614
1,4,0,169.4449455118759,397.6325935667159,1633
1,5,0,154.1666183518777,21.91418714952099,1672
1,6,0,163.9258191820889,22.07957320147358,1755
1,7,0,168.5393453774639,46.60223911947773,1790
1,8,0,160.7470779472692,36.00847264093263,1720
1,9,0,161.1138922975921,17.02291255630696,1794
1,10,0,161.199508855934,16.68735159906899,1818
1,11,0,166.8386984733433,18.84394346932103,1808
1,12,0,162.2145441920268,21.0596022411513,1806
1,13,0,161.552576980171,16.84177400220063,1809
1,14,0,154.6580032067551,16.32032109944883,1734
1,15,0,167.5260652729268,18.2047203012593,1889
1,16,0,157.2132103450782,16.14128622686819,1790
1,17,0,156.8455728455326,18.5087506707376,1752
1,18,0,140.0286582952994,26.67825366349117,1536
1,19,0,102.9260565178453,11.01687903478608,1153
2,0,0,99.47105685605638,11.16612203884622,1073
2,1,0,133.9540916756448,14.7923301036436,1449
2,2,0,147.5238823504374,15.53484969421348,1623
2,3,0,167.3256885021619,18.02599509327891,1837
2,4,0,186.4047493819536,69.84722477728725,1964
2,5,0,183.4120270583809,19.55058417298891,2023
2,6,0,184.8016089841822,20.34334979824589,2010
2,7,0,188.6561970588406,20.03375674198305,2093
2,8,0,183.2708790309293,19.86075023129377,2007
2,9,0,179.8662256627684,19.40899117847171,1972
2,10,0,185.1605862372811,19.75734400599325,2048
2,11,0,183.4001423220371,19.37191771821043,2038
2,12,0,189.7868767390199,19.26169866865574,2154
2,13,0,188.4792950022154,20.52113006568811,2083
2,14,0,189.8527028355841,23.12419571356449,2102
2,15,0,185.0359264212112,19.67444211597667,2076
2,16,0,191.5555008217858,21.99123753940655,2146
2,17,0,173.416805667655,27.10468244713617,1905
2,18,0,149.5600532447047,17.65034610007961,1685
2,19,0,118.7791302747761,12.25958619742094,1345
3,0,0,116.5233938122329,15.37759966107358,1263
3,1,0,142.8814404752686,15.75077897363855,1543
3,2,0,171.7386576181345,18.49179062141308,1869
3,3,0,184.4667424362923,19.87212252813323,2003
3,4,0,200.1330682931479,109.3226698806104,2050
3,5,0,202.3712958432636,123.0154969668319,2129
3,6,0,200.5794873308159,28.98329935536932,2172
3,7,0,202.6573967475432,21.44313304531654,2247
3,8,0,198.3440842182898,20.7255136314153,2207
3,9,0,199.2970779934239,21.14897394260085,2220
3,10,0,205.1742625051507,21.77583063657771,2271
3,11,0,198.7816687337391,21.12636421058519,2208
3,12,0,207.1664066580215,201.8914645992012,2183
3,13,0,209.9825875347097,22.1033170440486,2334
3,14,0,204.8117846927984,21.88634467799335,2282
3,15,0,205.1204600095087,22.24063013254081,2290
3,16,0,209.1437012232806,357.5879363586127,2190
3,17,0,183.1233916796274,18.69214268680453,2086
3,18,0,158.813249748084,17.22058637500906,1771
3,19,0,130.1419864830242,13.60103869817922,1474
4,0,0,114.4795360927392,12.48543219565047,1246
4,1,0,151.8563602891317,36.38548539807276,1595
4,2,0,171.113185137475,19.39458507150421,1840
4,3,0,195.3238735921882,20.864808496476,2136
4,4,0,202.9654314539666,24.22949755858131,2196
4,5,0,200.8082756153308,21.61419284631774,2192
4,6,0,208.6599925487915,101.7701985489045,2228
4,7,0,207.6645369970823,22.42549398401559,2272
4,8,0,203.5751113706797,21.53677844223147,2247
4,9,0,203.0120614131218,21.65884409623162,2259
4,10,0,221.9030206460946,116.4651647252985,2370
4,11,0,215.2070702720813,71.94908171107586,2326
4,12,0,217.3720157486791,42.42988077794085,2405
4,13,0,210.7773378577851,29.21746466161419,2334
4,14,0,202.8995310295694,27.89516964738463,2265
4,15,0,211.6113105026331,22.32179829879326,2386
4,16,0,208.3645775865168,39.07167532631922,2342
4,17,0,188.0275460897265,23.69730355129911,2120
4,18,0,174.9999592658225,18.52587452607957,1978
4,19,0,130.7291791867197,19.62119111556469,1462
5,0,0,118.1209164164235,12.74071330083126,1292
5,1,0,148.2297626749658,15.87930957592724,1618
5,2,0,173.5320794853742,18.22064284220836,1916
5,3,0,194.1343663831594,21.0135738052274,2108
5,4,0,209.8782314314486,52.60243378324073,2231
5,5,0,211.3240301779121,23.33771192418672,2291
5,6,0,213.6559159964428,24.085527762184,2315
5,7,0,226.8874119422834,150.948112812735,2331
5,8,0,217.3713747448596,43.08780468612263,2335
5,9,0,242.5763353067187,457.2871621459814,2471
5,10,0,215.6201278231012,33.4650784226183,2379
5,11,0,208.3122105372517,23.8521944162516,2318
5,12,0,211.3824030539562,21.56241723639688,2392
5,13,0,216.8248497709704,23.42446725243157,2410
5,14,0,209.1089364013977,21.70172853949387,2360
5,15,0,212.9858218526238,34.18866201468499,2361
5,16,0,202.0785265489951,21.48105278139274,2273
5,17,0,193.789855775828,19.93912634193399,2206
5,18,0,170.7854597090174,17.83584438807343,1920
5,19,0,145.6344213415679,191.4263514363795,1513
6,0,0,127.9958526989215,32.88549999874422,1330
6,1,0,153.2339261050818,16.98164393502391,1641
6,2,0,170.1433918189356,18.33936105458063,1859
6,3,0,200.9171275025901,22.60674069496192,2174
6,4,0,198.1098341837752,21.37504004350923,2151
6,5,0,207.6054037972903,22.25377476147222,2269
6,6,0,232.0999931763329,543.2374600732136,2282
6,7,0,219.4596140743769,27.43255205952311,2392
6,8,0,215.4196392235106,22.55502630335797,2401
6,9,0,236.7803497667432,473.8297600243596,2363
6,10,0,211.9381514936179,23.53974595414671,2347
6,11,0,208.1118253015613,21.93016024439165,2322
6,12,0,204.5293815091137,21.75899539939262,2289
6,13,0,205.6247294817007,21.23059002820843,2316
6,14,0,210.6132674854938,21.39225066274952,2392
6,15,0,208.4511668346778,21.65540621659019,2358
6,16,0,222.9439154304854,44.3215731029474,2446
6,17,0,188.9491979489267,18.83513175784495,2186
6,18,0,167.9076198441125,17.82835679519374,1891
6,19,0,130.2314429950607,13.18337881615048,1487
7,0,0,123.6408301586433,13.63719380209567,1339
7,1,0,164.0676723689984,27.33419094842013,1739
7,2,0,179.5433136798783,19.6997534815138,1940
7,3,0,191.0135165196959,21.00481603227879,2067
7,4,0,213.4356757990391,25.57078416527088,2292
7,5,0,250.0622955376792,939.4839171644803,2348
7,6,0,223.1181483630494,52.57026910082069,2350
7,7,0,214.2275422985288,52.19455216601285,2325
7,8,0,243.4415565287628,604.6165329696908,2365
7,9,0,216.8377270692168,22.79330001882593,2430
7,10,0,213.736557557479,22.38957126166757,2388
7,11,0,219.6717432072072,24.11705265781666,2415
7,12,0,209.6057864164453,21.82198844934459,2348
7,13,0,211.9721987884734,22.81895332793393,2403
7,14,0,208.8215462347743,22.26188567038655,2345
7,15,0,216.1637014190338,23.27381873345675,2416
7,16,0,208.547947502431,21.52250479858936,2357
7,17,0,194.4619825266547,21.13316505260503,2175
7,18,0,172.2940678422157,17.93713984812785,1943
7,19,0,136.3970425866453,58.85242302773967,1457
8,0,0,119.6150003696442,13.29993040366796,1279
8,1,0,147.2799107158036,15.3614085032144,1634
8,2,0,175.060638205855,19.01945741028647,1890
8,3,0,204.5319655359418,231.9420115348283,2080
8,4,0,204.8131093637315,22.77306544315742,2207
8,5,0,214.2641119595927,75.42071661054423,2272
8,6,0,217.2121642572141,23.74166824783321,2360
8,7,0,215.7525991168488,22.71124285739378,2400
8,8,0,221.1391996842152,77.65588162095496,2348
8,9,0,211.417230756496,42.59683477927414,2333
8,10,0,221.2334942332857,23.34569185378842,2453
8,11,0,215.8679522766985,24.69032918453006,2394
8,12,0,213.9553106953487,23.94544683966124,2363
8,13,0,210.0789118304526,22.30965906490781,2364
8,14,0,203.8460304509475,21.22010022258917,2307
8,15,0,215.1772982049474,23.22459857235618,2426
8,16,0,208.8287271282159,21.06566209498406,2399
8,17,0,193.1131610703752,20.43594720651357,2182
8,18,0,170.1759779750828,17.57987285672245,1946
8,19,0,134.7388896582587,13.9953861258351,1529
9,0,0,122.3384768649595,12.8507989861043,1331
9,1,0,147.9167922415711,22.20741358547616,1571
9,2,0,176.7528430752697,18.6486862905279,1934
9,3,0,194.1336796917214,20.4621926372045,2127
9,4,0,235.3524312288994,426.4083938694288,2308
9,5,0,219.9144011044172,23.96099864005658,2376
9,6,0,215.6328023074252,124.5235317666549,2228
9,7,0,218.6256575764512,29.84959006349713,2374
9,8,0,220.1790770765473,23.25278459473671,2440
9,9,0,213.3699108001993,36.15406802682204,2330
9,10,0,208.3418821194124,21.89267421206087,2326
9,11,0,218.6321607608555,23.96575341171987,2446
9,12,0,221.3225371461896,91.9626775208518,2354
9,13,0,204.3374448997669,21.58955331128788,2288
9,14,0,223.7536065295596,37.87385578785726,2460
9,15,0,206.8270403356564,21.55116357767088,2334
9,16,0,213.0667737027125,22.46724795315257,2387
9,17,0,226.1061992374447,343.5907322693099,2216
9,18,0,161.2227134242406,17.08735484242704,1825
9,19,0,125.1229913690632,12.45528558230033,1465
10,0,0,120.2236718872899,12.91661518943623,1304
10,1,0,162.7229535716505,17.60917748694843,1769
10,2,0,174.2959760588028,23.23536138997284,1877
10,3,0,191.1661751661561,42.39126994871663,2057
10,4,0,257.6076724020754,2220.800716539928,2208
10,5,0,219.2208682945042,43.66075406779365,2363
10,6,0,219.7167912735526,66.78549000957241,2312
10,7,0,210.1850364009387,52.82983624249542,2282
10,8,0,210.3338952805028,22.1643366271729,2333
10,9,0,212.2223683727448,22.31921494096274,2361
10,10,0,214.5462691837922,23.66447661794142,2364
10,11,0,216.4474037667917,22.92554737418308,2414
10,12,0,238.3265515028618,240.3482093332424,2413
10,13,0,222.7402245652113,64.04974959093731,2424
10,14,0,228.5429737764628,275.0091466383157,2387
10,15,0,214.9152147611603,22.74168232984555,2400
10,16,0,213.3976343878865,22.81547332828102,2368
10,17,0,192.8570765651897,41.7580745065077,2128
10,18,0,166.196118571476,17.23362107193723,1903
10,19,0,131.5065104191964,13.5233702341258,1502
11,0,0,115.9895696531122,12.75546797334808,1242
11,1,0,153.067068336806,16.78118901269653,1661
11,2,0,187.3175545804927,152.3260121542762,1934
11,3,0,192.7476637748374,20.83832282445433,2092
11,4,0,208.5860625888767,25.36398288932676,2239
11,5,0,207.0070272036814,21.93311247392698,2287
11,6,0,211.9822764412796,50.04722992149397,2267
11,7,0,218.4825670870808,41.42445055005468,2334
11,8,0,225.0645016328293,67.89562434589769,2372
11,9,0,224.7560399975266,148.9303757041383,2358
11,10,0,208.5460407211876,22.6263067753304,2296
11,11,0,218.2945201769558,23.38369962179283,2424
11,12,0,217.5177275469041,23.07426654213736,2401
11,13,0,220.0529690734272,47.40201100150877,2418
11,14,0,209.6954652574087,21.79962511232644,2374
11,15,0,222.6010414015929,95.61204356000766,2382
11,16,0,209.1960370433288,21.27179669462197,2389
11,17,0,221.2464034995476,255.5273787079673,2176
11,18,0,191.6520660362175,469.4215019937589,1910
11,19,0,133.1294572989886,13.67190211914104,1527
12,0,0,143.8371302221961,538.3357759361537,1313
12,1,0,145.7667029419711,15.49540591584035,1598
12,2,0,178.8494302523706,19.68090526981938,1940
12,3,0,190.4257162485137,21.08109596483167,2070
12,4,0,205.05214104637,22.67531389449913,2212
12,5,0,209.115609666939,22.47985706753409,2287
12,6,0,213.8550980254626,22.92267943477674,2333
12,7,0,212.1116356752753,22.22116892062516,2369
12,8,0,213.2887948304033,23.22714673837208,2321
12,9,0,216.9219384090503,23.37272640077751,2394
12,10,0,216.3873899435875,22.8607105787568,2407
12,11,0,212.7503441172449,23.19078636578726,2376
12,12,0,215.6071635535714,22.56647068502838,2428
12,13,0,207.0620257023197,21.63429674722908,2333
12,14,0,204.9694567418414,21.33376457350148,2316
12,15,0,231.6419331011354,336.6016484658327,2403
12,16,0,211.0557375736238,22.50043111949434,2366
12,17,0,196.9080842507804,20.88030704403869,2212
12,18,0,164.9201122447006,17.05995583201574,1875
12,19,0,133.6061197755111,13.81438545248555,1517
13,0,0,118.7387758810557,13.00125869745649,1296
13,1,0,142.1714691479091,15.02308971563358,1565
13,2,0,182.5961891213044,21.38532937296028,1979
13,3,0,198.6643098716587,21.58151319493469,2165
13,4,0,208.6989396604702,94.45391396154965,2200
13,5,0,212.5278242903636,23.13839970089881,2320
13,6,0,204.088672576564,21.83252012386831,2252
13,7,0,211.4863171949638,22.46766947221855,2339
13,8,0,204.9190526986543,21.24984028338934,2297
13,9,0,235.0701613692404,118.9958003444966,2472
13,10,0,211.0063394020541,23.62871241413916,2314
13,11,0,214.8093089863503,22.7616190455756,2383
13,12,0,211.991895865323,22.10324956444027,2386
13,13,0,229.0385182450748,599.361670505567,2294
13,14,0,203.3628310196605,22.93506633728392,2281
13,15,0,206.0078540773127,22.34227835166006,2324
13,16,0,203.1465572459389,20.22545013904432,2342
13,17,0,190.0469167620721,24.04001735275428,2174
13,18,0,169.8210411834219,19.01374585873543,1870
13,19,0,130.8347865979132,13.48318818228703,1496
14,0,0,116.1210081561845,12.46445103981161,1260
14,1,0,149.7267856723648,15.79014834687046,1642
14,2,0,184.5026247108828,29.24361242739545,1953
14,3,0,184.1994227224208,20.02924142583491,2002
14,4,0,207.2753843174763,23.08074102983314,2227
14,5,0,208.3016056924031,23.27420063094284,2238
14,6,0,224.2792217868541,54.90203041259494,2395
14,7,0,208.7509026569421,22.69476281334655,2285
14,8,0,204.8271232060025,21.48124938228393,2274
14,9,0,213.3187298826407,23.29807193795717,2347
14,10,0,214.42731209602,28.86914107124317,2333
14,11,0,222.3166265833895,51.82108386821304,2399
14,12,0,208.0328056017307,22.58092404927239,2308
14,13,0,212.1487097863235,22.98070983094114,2343
14,14,0,227.2988050483127,108.8041351201105,2433
14,15,0,213.56797450984,84.57371585378702,2289
14,16,0,203.6820875122421,21.08116834515804,2306
14,17,0,196.2704162253184,21.10038547684503,2202
14,18,0,169.9664883346901,18.14158596892065,1910
14,19,0,127.8924151440555,13.40820299481389,1451
15,0,0,117.9621799798702,13.10010054378475,1274
15,1,0,152.1738370058695,16.56274074069042,1641
15,2,0,169.6313292590849,18.40093454564674,1832
15,3,0,193.716496553012,32.29943083067838,2056
15,4,0,197.5069319373296,23.72350735522099,2141
15,5,0,207.4790325569261,22.1244982427879,2272
15,6,0,202.6213689837114,21.35990487794527,2243
15,7,0,204.23456915106,21.70688674245441,2262
15,8,0,207.8388329564287,23.23011099726196,2261
15,9,0,205.9682327789134,22.3045247164228,2265
15,10,0,207.1287398457743,23.22941719074565,2278
15,11,0,220.9585832640951,215.538371117958,2301
15,12,0,206.0865368826406,21.57915574985266,2316
15,13,0,212.5312437951343,35.75428895293874,2366
15,14,0,214.4157480731932,27.31471351773986,2381
15,15,0,201.624447656954,22.42092136280512,2263
15,16,0,201.6983099725497,20.95220073853821,2271
15,17,0,190.756715350614,32.6847583245702,2128
15,18,0,165.3312787463521,16.72449328625588,1894
15,19,0,131.0485324942454,13.5554546829377,1503
16,0,0,118.5612311498634,12.96680287311703,1285
16,1,0,138.9861483169454,16.37595282785677,1497
16,2,0,167.9975596943023,29.18283926000474,1789
16,3,0,189.2201137996255,23.31126224222176,2021
16,4,0,205.4374334510817,59.19861956054031,2134
16,5,0,191.7102483000443,20.21916355224649,2097
16,6,0,195.6191373905984,22.50973210414699,2126
16,7,0,194.4380896842435,21.11725499762965,2122
16,8,0,208.0836191816622,28.64353380052901,2282
16,9,0,202.0765562425408,21.70966795264675,2213
16,10,0,207.7251714376926,86.40584288469533,2200
16,11,0,203.3060521921075,26.48027949806142,2245
16,12,0,203.3339470804484,27.67777482569023,2255
16,13,0,205.7501322447215,23.71602108054459,2280
16,14,0,208.321943320131,38.33172696729068,2293
16,15,0,200.9020851830784,21.96745365756408,2219
16,16,0,192.638146605013,19.80783006951419,2205
16,17,0,185.6885931015763,19.48592431049411,2090
16,18,0,166.0004991051312,24.00858168589895,1831
16,19,0,126.2159223555314,12.62244397401281,1461
17,0,0,96.73271531533445,10.60430646169658,1044
17,1,0,132.6600882553462,14.47902493525335,1420
17,2,0,156.4722745550844,47.28666156532833,1638
17,3,0,163.3951360272657,17.49702654508388,1792
17,4,0,177.524006460061,48.20175371145721,1881
17,5,0,175.3408288295948,18.83504584458881,1915
17,6,0,178.3523918347341,39.28158888135923,1958
17,7,0,181.8963567186194,19.33350776463107,2025
17,8,0,186.4448112264635,19.86965167783136,2081
17,9,0,187.5847620589892,20.10560054387818,2078
17,10,0,186.204026696147,20.18775863828184,2047
17,11,0,185.034324338564,19.4312941212773,2078
17,12,0,188.8735769849267,37.21055794682862,2067
17,13,0,192.6761733682085,20.25869040364186,2174
17,14,0,193.6385181592954,44.23060385426542,2133
17,15,0,186.3903442103271,24.82765096068034,2101
17,16,0,188.5052683174239,19.30070369723282,2133
17,17,0,183.7014120726577,19.57300919533,2056
17,18,0,150.0830812830149,15.44647533179385,1703
17,19,0,119.7109921877951,12.63069019018031,1347
18,0,0,83.48695146677652,9.20665593207347,903
18,1,0,107.4907593016264,11.50576265157992,1169
18,2,0,139.3533807660251,38.30119264118923,1464
18,3,0,163.6949357160817,182.0600652467591,1624
18,4,0,181.0331687693242,753.193192350376,1680
18,5,0,157.8176484846929,29.36395133232455,1694
18,6,0,158.4991124054157,17.92512644717474,1702
18,7,0,157.1440380727961,16.73827451906699,1732
18,8,0,163.9573791117961,32.65410786299078,1771
18,9,0,176.9757474814017,563.5602334343856,1709
18,10,0,171.2263645075097,156.7551424406043,1776
18,11,0,160.0126256592477,17.47075038669501,1774
18,12,0,163.0712321568033,17.75154248397832,1795
18,13,0,165.9693942656145,20.40862594108722,1847
18,14,0,162.6437316893452,17.17521453891249,1821
18,15,0,155.6173837416245,15.89347661343137,1763
18,16,0,156.673066432649,16.33011639585436,1775
18,17,0,161.4475943854717,25.73453306847025,1753
18,18,0,131.2253622496021,13.76649109142934,1476
18,19,0,107.0412002855641,11.43192892321729,1199
19,0,0,70.51825531999339,7.47132338981765,764
19,1,0,88.4755325988915,10.239247188378,932
19,2,0,100.3213927993301,10.80085514100539,1107
19,3,0,111.7722383462901,12.41103457071026,1206
19,4,0,119.7176055846738,16.87957125123781,1284
19,5,0,121.1768948059274,12.93239351258048,1334
19,6,0,120.5933515437899,12.68843264906449,1329
19,7,0,125.4603022136273,18.10861382604412,1361
19,8,0,124.0456661150603,13.72286069740314,1382
19,9,0,150.2788454875267,582.0963509192563,1407
19,10,0,121.2122528211989,13.20971926219362,1325
19,11,0,126.3941964924221,13.59521582471472,1402
19,12,0,125.0016190224494,13.16243925041635,1406
19,13,0,125.4005434741925,13.42580517784464,1389
19,14,0,131.4031659366818,14.1710955518571,1468
19,15,0,124.3024852376519,12.42299847107607,1429
19,16,0,122.5001037515791,12.67800340290684,1400
19,17,0,124.0927794744612,36.5810261321142,1325
19,18,0,97.8504627018507,10.28349338852908,1114
19,19,0,80.53721668504279,8.329835893620862,918
