# mesh name: boxMesh_1
# primitive scorer name: doseScorer
# iX, iY, iZ, total(value) [MeV], total(val^2), entry
0,0,0,69.58212876130749,7.765420064907707,759
0,1,0,99.27750860044937,11.6058574604232,1068
0,2,0,111.6626000232897,11.91528516563876,1231
0,3,0,117.7399436882956,12.66581869488403,1308
0,4,0,123.9759675104361,12.76294644540729,1399
0,5,0,132.9712853784693,14.33594946045472,1477
0,6,0,123.7800134375272,12.65253510637585,1404
0,7,0,133.0592992219219,14.0741469141957,1490
0,8,0,132.2684530768477,105.5675253778972,1398
0,9,0,128.473272707624,13.80489120036478,1444
0,10,0,129.0716368261126,13.68411010604371,1454
0,11,0,146.6386761540508,275.3674806830687,1455
0,12,0,136.4850986459721,80.62884407679755,1480
0,13,0,134.127652991261,14.20089036045678,1524
0,14,0,132.2644009030958,13.55111312031857,1515
0,15,0,134.8220475791132,14.08696751756848,1568
0,16,0,135.0760288977979,14.12988759117841,1557
0,17,0,130.3239362981197,13.31702172862609,1516
0,18,0,121.7692884477277,12.49057626105764,1411
0,19,0,99.14481320471961,24.30841640722145,1108
1,0,0,91.82574204012204,17.5875038109134,978
1,1,0,122.5314894567266,35.40916759314182,1287
1,2,0,133.7295906282987,14.4525258575746,1464
1,3,0,156.3587239263566,37.51691141521494,1646
1,4,0,151.983148441469,15.78151353514207,1716
1,5,0,177.2527511364469,258.1835421144464,1798
1,6,0,183.1921558990334,332.7285880417887,1827
1,7,0,169.0305986540056,29.08320192317164,1850
1,8,0,159.5345928228663,15.76019581768483,1839
1,9,0,172.456791942028,20.98786816053483,1927
1,10,0,161.6655329446644,43.63555592027138,1784
1,11,0,163.5867687281959,22.43531755740192,1844
1,12,0,173.9292967449359,25.59772905511359,1960
1,13,0,179.0491396891748,67.66516108696129,1959
1,14,0,167.634616090161,17.32573817107354,1931
1,15,0,181.665885147749,19.16706158267399,2065
1,16,0,180.8016766254258,18.84299411747772,2066
1,17,0,175.4438799519167,18.23444614879886,2040
1,18,0,161.5228280860645,16.27838300501075,1894
1,19,0,129.0992767279386,13.10740001149678,1499
2,0,0,105.0299182445051,11.27681883939323,1156
2,1,0,154.841206302882,315.9467918219935,1519
2,2,0,157.1359314900607,20.83127366020994,1718
2,3,0,172.6130328374131,18.96758173067212,1873
2,4,0,181.1854995221383,19.47001401273684,1985
2,5,0,210.5558803951005,225.1883939688216,2087
2,6,0,192.6857906319219,54.56268253814481,2079
2,7,0,193.7860349321744,20.91664603751751,2157
2,8,0,198.1307656504613,85.07941581410364,2132
2,9,0,185.792991380848,18.91377744081905,2136
2,10,0,192.2128016690114,20.83885529514674,2137
2,11,0,196.424982056803,21.94988722186303,2194
2,12,0,200.9001469341085,24.63883013211977,2281
2,13,0,202.413570580853,59.08308643544557,2275
2,14,0,208.8310470787267,79.71092183089026,2283
2,15,0,197.8331178537612,20.39901365267909,2280
2,16,0,204.7240140915179,21.13943974952377,2362
2,17,0,196.2792758102808,20.4804817403056,2257
2,18,0,182.2299833571656,23.48707639878,2103
2,19,0,137.6713499840633,13.92049477878056,1597
3,0,0,123.1026756749212,13.65680680326118,1337
3,1,0,151.0310484767794,16.03525218781756,1670
3,2,0,175.7581390226626,18.13454628172736,1955
3,3,0,194.1958562060015,21.3078702667396,2124
3,4,0,185.8911027453645,22.62943432905849,2032
3,5,0,225.657511668466,518.7327918414678,2270
3,6,0,200.1976081469727,21.13918060057512,2234
3,7,0,208.7874188991453,189.1035251014847,2228
3,8,0,194.0177501854792,21.21274254759822,2196
3,9,0,206.5280960496482,23.28174222236525,2301
3,10,0,200.6154284306147,20.81526180977866,2293
3,11,0,202.845793853542,21.67795813133798,2274
3,12,0,211.8623853618835,26.07866981838554,2400
3,13,0,204.7191220264027,22.8146746156482,2342
3,14,0,209.6523674589813,23.20147793472193,2402
3,15,0,216.8475910729381,23.43298881271059,2450
3,16,0,207.0002458878874,20.94694301494079,2393
3,17,0,205.0610209544247,20.94530956357785,2377
3,18,0,185.5050384364395,19.22244634787319,2149
3,19,0,146.2331815109879,14.62170139618822,1717
4,0,0,121.6829447712383,21.77196062897489,1310
4,1,0,152.0878193768838,16.29725813878582,1661
4,2,0,177.9563392099693,38.3888509841066,1901
4,3,0,193.2569977202549,20.99525546732915,2120
4,4,0,200.4985681087684,21.35911787097565,2206
4,5,0,208.3823666975334,21.8590068981309,2321
4,6,0,196.6115928274118,19.63270755425627,2247
4,7,0,234.012669787691,307.1800278106756,2418
4,8,0,213.6386024215358,21.89825852573898,2420
4,9,0,206.2222064356386,21.81597469308306,2314
4,10,0,209.9278939777605,24.7314323729484,2401
4,11,0,209.3522655424863,21.96475783407643,2368
4,12,0,211.7693137049731,24.82807614796939,2437
4,13,0,207.375432567409,21.88708545838774,2391
4,14,0,210.4376708568327,21.62918628531398,2418
4,15,0,207.2870145831107,21.018823267395,2414
4,16,0,210.3464795459511,32.14215933629254,2399
4,17,0,227.438494078083,236.6484684214977,2455
4,18,0,180.9825584413845,18.56129312824093,2101
4,19,0,146.2417015528295,14.74548985247922,1719
5,0,0,125.6351373958986,14.0648988417384,1357
5,1,0,156.8444390242432,16.94112663837618,1719
5,2,0,210.9337173093263,1155.137260341021,1962
5,3,0,198.1938425663944,21.109025582466,2197
5,4,0,208.1953251026837,22.91042004581589,2262
5,5,0,210.6758709309885,23.69840187663765,2321
5,6,0,208.470566115538,21.71659682776142,2345
5,7,0,207.7580735354909,21.62619500108381,2334
5,8,0,248.2708036342853,905.6264903520359,2395
5,9,0,214.8387298091587,22.54453129169331,2423
5,10,0,216.5426379103501,61.22890196541682,2389
5,11,0,209.4734083717463,21.84674320816558,2385
5,12,0,227.4584888194559,85.68332624475723,2472
5,13,0,223.3486769976179,113.2988158526385,2448
5,14,0,213.9359429689414,21.64183844281803,2475
5,15,0,211.6179456830271,21.85259140369127,2444
5,16,0,206.0077083668038,20.86952928168391,2410
5,17,0,204.5533788302717,21.14061099166661,2374
5,18,0,184.356506851406,18.93989361462095,2139
5,19,0,149.736132565354,14.97435885406149,1751
6,0,0,126.3606469252443,13.85321847393946,1374
6,1,0,150.7310095389368,16.23722404011502,1657
6,2,0,179.4756762261257,18.66865571048706,1989
6,3,0,189.3466627442654,19.97415670947692,2111
6,4,0,209.6640667646195,33.89736085847078,2286
6,5,0,203.2167168320377,21.50268135364081,2264
6,6,0,246.1090171038646,618.529704927851,2336
6,7,0,206.3038470990961,21.91144800921499,2334
6,8,0,206.7533194199798,21.92158486164045,2321
6,9,0,211.0483443494358,41.91705909732128,2325
6,10,0,221.0453136819793,33.58911370302695,2427
6,11,0,207.0864722191429,21.3507232188995,2361
6,12,0,206.6992572394271,20.71900018687844,2400
6,13,0,267.9785881047579,1882.641521068614,2413
6,14,0,207.7642330005256,20.9367439040021,2400
6,15,0,217.1710597328436,81.13486288915163,2448
6,16,0,226.5058645329661,147.3704822478427,2490
6,17,0,205.9230366301214,25.53646371182537,2342
6,18,0,212.1004211612195,166.0118768738025,2313
6,19,0,153.4463086823646,18.12394161118961,1761
7,0,0,124.0372216637087,13.59435229951908,1357
7,1,0,156.3981692359155,17.09680714121872,1708
7,2,0,184.2763704026588,19.74798552938791,2030
7,3,0,197.7103895264427,24.90545234975404,2170
7,4,0,211.6344752290171,76.92665614425572,2269
7,5,0,209.9724470638259,21.40540191834679,2371
7,6,0,218.7293805435515,40.21787991124487,2390
7,7,0,204.8601284655005,20.76424762542116,2350
7,8,0,214.8068520624947,23.20249757147302,2398
7,9,0,216.9575242779219,26.22696187400889,2454
7,10,0,210.6802813055732,21.72049012137965,2409
7,11,0,212.3638126360485,22.40442122590001,2397
7,12,0,208.3278208373604,21.66720245714479,2397
7,13,0,206.9070185369372,20.85228492693893,2381
7,14,0,200.6361211434987,20.86374797020608,2288
7,15,0,221.9776486094797,116.8421591782823,2445
7,16,0,215.75145700661,22.13388797746191,2497
7,17,0,205.2710157783548,20.3197354623254,2418
7,18,0,194.5932118854789,23.82511688834929,2260
7,19,0,151.2435390704615,15.5553575829103,1760
8,0,0,122.4437974699891,13.393983375532,1331
8,1,0,155.5271698746888,17.0810635465055,1691
8,2,0,187.9667894086029,20.6651130032758,2046
8,3,0,196.3087540249713,34.23573867091027,2168
8,4,0,209.3419570754663,56.22059758010635,2269
8,5,0,216.1917910327653,38.88686630191477,2377
8,6,0,212.2527905374815,32.65357997123057,2349
8,7,0,207.6203291667169,21.96398092052581,2325
8,8,0,221.6651950239066,97.55932424790642,2402
8,9,0,210.46240470138,22.86595794294482,2345
8,10,0,219.946345608802,47.24303593157468,2434
8,11,0,215.4579781792544,29.02412963345164,2411
8,12,0,208.7426447591416,21.42026809949851,2385
8,13,0,204.4781166640562,21.58552727449671,2323
8,14,0,199.1089206950327,20.18150189429718,2305
8,15,0,221.9609702021916,294.4639476249653,2374
8,16,0,229.4592110505525,378.7697475022304,2424
8,17,0,216.2093085453895,76.67314897475248,2388
8,18,0,192.4333888712162,19.26191258315315,2247
8,19,0,149.3684663005916,15.19517257135655,1747
9,0,0,138.8941393863678,142.3657027553974,1329
9,1,0,149.7955714185437,16.28066622780256,1627
9,2,0,181.1825674883742,19.3337427513394,2009
9,3,0,198.205615069285,20.61501439170087,2212
9,4,0,229.7846956197521,441.080018222925,2280
9,5,0,207.3857758110005,28.71076458000017,2305
9,6,0,217.5021643264482,33.34537899450793,2370
9,7,0,204.8582465465369,21.39859640584385,2321
9,8,0,213.8729836070688,22.04583343458331,2424
9,9,0,223.3189305969541,24.27870937535438,2499
9,10,0,216.1353335809333,22.70349820930527,2436
9,11,0,247.4055436728866,867.399652072767,2470
9,12,0,210.611726267615,32.54669903929138,2391
9,13,0,224.0034428587511,248.8771659378811,2412
9,14,0,224.5522495944517,35.43218000191686,2530
9,15,0,218.8289320125779,44.92430094401322,2460
9,16,0,216.1174513310949,27.3454406604119,2449
9,17,0,221.6041471857467,27.65926294874619,2512
9,18,0,186.9947175799074,18.9341364684782,2175
9,19,0,144.5655282894191,14.40005133775979,1702
10,0,0,116.0571754492995,12.22520572887536,1286
10,1,0,153.4303480917104,16.51819970778806,1676
10,2,0,178.7574838308391,18.53993971004122,1990
10,3,0,201.5089110455245,43.16645478969309,2176
10,4,0,212.3469499385724,66.66922269422447,2273
10,5,0,212.4730581939434,170.1850693251574,2236
10,6,0,221.9509492108026,41.02229504125253,2393
10,7,0,211.9992386794569,23.34306017780597,2315
10,8,0,231.2140932729978,249.4045479886824,2396
10,9,0,226.4710617323568,66.14568142314798,2455
10,10,0,217.8829402230252,23.58355189743523,2435
10,11,0,210.0956634799146,22.19678997621465,2380
10,12,0,210.1150647208304,21.8355736075242,2387
10,13,0,212.0838267730254,21.95836635268235,2438
10,14,0,222.3459519756101,131.3510608904947,2410
10,15,0,212.8803125245909,21.89144178808598,2458
10,16,0,231.6811270144999,131.112821632106,2498
10,17,0,203.9788733828395,20.70811921614888,2383
10,18,0,190.6903555973442,19.48873414651916,2217
10,19,0,146.2256327688761,14.66919126701627,1709
11,0,0,120.7640711951707,13.03150402303715,1318
11,1,0,160.9609059762413,17.6387316096463,1744
11,2,0,168.3392396529104,17.72852524534536,1884
11,3,0,199.724159410493,23.755133161288,2167
11,4,0,208.1508771377145,21.98896017289645,2318
11,5,0,205.9015011619319,21.83711570963564,2291
11,6,0,220.7542582553141,27.58647856792443,2415
11,7,0,242.4273732631398,961.0066229672464,2361
11,8,0,207.1415534470086,21.57318267736091,2341
11,9,0,215.582397912122,22.69317898733516,2434
11,10,0,209.3136844474897,22.13985782046009,2359
11,11,0,205.8133445905912,20.87278310419594,2354
11,12,0,208.7527795212294,22.01436010956209,2395
11,13,0,212.5479701458036,22.41329975716366,2421
11,14,0,213.8297157798239,21.84731749301605,2459
11,15,0,208.4311203950291,22.41967630572831,2408
11,16,0,213.0866566058543,22.93026666491843,2457
11,17,0,203.4258357715824,20.19760251263015,2390
11,18,0,189.81955412491,19.48206669546841,2198
11,19,0,142.4353627471455,14.29858956783244,1679
12,0,0,122.0461947249338,12.75471348171883,1352
12,1,0,150.6928819188863,15.82662470109843,1692
12,2,0,196.3997823187633,136.7867950765212,2024
12,3,0,193.0667908719186,21.06986479559732,2090
12,4,0,210.6407794982172,28.42437879594909,2279
12,5,0,214.63668168567,37.37753675561211,2362
12,6,0,202.3246609814828,21.13124499526854,2284
12,7,0,207.2429711913899,21.17008239332716,2354
12,8,0,213.6900606101703,26.37360826817413,2384
12,9,0,226.7649179312601,197.6874277010296,2414
12,10,0,213.1460888852358,23.93183961554809,2359
12,11,0,212.4108762375424,21.99470550729566,2429
12,12,0,211.2000848504796,22.09357930551915,2411
12,13,0,209.791625125343,25.34282359922445,2405
12,14,0,211.2811900199555,22.39860272101069,2419
12,15,0,237.4328114245097,322.7315899300235,2509
12,16,0,230.9266132845339,314.0601206183777,2396
12,17,0,206.6219437491146,23.74789222804855,2380
12,18,0,189.8574907893374,19.31396058922094,2220
12,19,0,151.0457925587486,15.27372877284084,1763
13,0,0,130.4630583686704,46.27228115286354,1345
13,1,0,159.5367396907205,52.34682796343513,1665
13,2,0,188.1469848201959,21.14159724749744,2026
13,3,0,211.7480543815428,185.8792239394584,2165
13,4,0,202.7960189865803,21.34144619332344,2250
13,5,0,207.0409232311249,22.27829626678658,2297
13,6,0,195.4095449296979,20.0653354254853,2230
13,7,0,208.1986408028537,21.55456532465685,2355
13,8,0,262.1451050431232,623.1252251202322,2452
13,9,0,218.9214627585369,23.19902931669887,2455
13,10,0,214.1014129115804,22.53970708957338,2427
13,11,0,210.9569403272104,21.49949623350168,2433
13,12,0,213.3327892093645,32.80359700040918,2427
13,13,0,216.399903495204,22.46559088455475,2459
13,14,0,206.4499040020389,20.74261643683844,2405
13,15,0,211.1056264900924,21.62106967858393,2435
13,16,0,212.9477220885231,22.10551292973058,2444
13,17,0,196.4436412346343,19.85273435099956,2307
13,18,0,188.1122044396868,18.80858999350739,2226
13,19,0,148.3796493434192,16.56846699585906,1726
14,0,0,126.7076676157403,163.5404422610233,1284
14,1,0,164.5948870722246,18.3965353633955,1772
14,2,0,182.7659884798225,19.80531540269167,1990
14,3,0,200.9442683175403,20.87746289219808,2231
14,4,0,203.1546632778473,21.65340107215912,2249
14,5,0,208.6053503524031,22.4322588999193,2319
14,6,0,209.8460628441299,22.35044244992044,2336
14,7,0,234.5306127212554,686.4321538992255,2362
14,8,0,202.1944032898155,21.04924979514697,2290
14,9,0,207.595276585743,21.5683028975181,2355
14,10,0,218.5639789587729,46.02349084234497,2452
14,11,0,214.8622329430947,22.99158817959347,2430
14,12,0,213.4014895429262,23.23845252755527,2420
14,13,0,221.1813470943035,72.15084117271712,2437
14,14,0,217.3090893658924,65.82405915942891,2442
14,15,0,229.0367249389822,147.7107052128967,2406
14,16,0,207.0447378963455,20.76736086834266,2405
14,17,0,208.3727020644167,20.98587773824105,2415
14,18,0,187.8488718392639,18.80970842111575,2192
14,19,0,146.2021409389674,20.11727905887541,1686
15,0,0,118.1681743312951,12.54117365911153,1310
15,1,0,157.4827690145318,17.29063132463956,1710
15,2,0,165.4505681551418,17.20544662763728,1851
15,3,0,195.6662455212041,36.02878125615496,2116
15,4,0,212.4872725860443,84.12926256032338,2213
15,5,0,218.9214386227628,340.200997550866,2252
15,6,0,211.5411753802115,22.62592625672249,2352
15,7,0,208.2624591325325,22.11074630748364,2335
15,8,0,202.496326953519,21.12507103505368,2285
15,9,0,211.8892725662629,22.60076360494236,2383
15,10,0,211.8947836428975,61.58618910502583,2328
15,11,0,208.4149565538664,21.54187992843747,2382
15,12,0,228.9302000264775,180.1554978585088,2451
15,13,0,204.1065691408362,21.16802954823324,2360
15,14,0,211.8059141562684,26.13650359768915,2427
15,15,0,204.2268089765022,20.53234091388202,2389
15,16,0,215.5482556902158,71.86105104403433,2396
15,17,0,228.225717051682,398.4537230487011,2433
15,18,0,187.8312475819104,18.67818785534684,2189
15,19,0,144.5731905654314,14.89199836875709,1681
16,0,0,122.1041025749212,13.3670919564003,1329
16,1,0,143.3430691281095,15.54745702336703,1567
16,2,0,157.9856903951314,16.29536968940449,1774
16,3,0,187.3673331439636,19.44752293609324,2108
16,4,0,193.0413947583646,21.21452400788291,2117
16,5,0,200.195185918314,22.11512726539064,2194
16,6,0,199.3535150011318,23.26239076535788,2225
16,7,0,191.8732551014402,20.0738697283013,2147
16,8,0,191.9920539231929,34.28973109338822,2129
16,9,0,200.2181132277836,21.41593944257426,2233
16,10,0,198.7630173320324,20.8180412287212,2247
16,11,0,218.0177588747569,74.02346203023269,2412
16,12,0,215.1273935461479,164.3667158254337,2358
16,13,0,223.4143866218916,333.9564905838384,2363
16,14,0,211.6546528409012,21.47410800299099,2433
16,15,0,208.8830718222958,21.51071173967112,2408
16,16,0,208.4719876058469,21.15273299753706,2412
16,17,0,219.2070986490041,99.89155285023786,2408
16,18,0,190.5164803186074,19.15218359102618,2227
16,19,0,141.1258233637306,14.31994097197618,1661
17,0,0,125.8075224836386,385.2692000747994,1171
17,1,0,142.0867121824075,14.77586520672461,1578
17,2,0,156.5349641813152,17.19822014497412,1703
17,3,0,177.0029357743489,19.04702409618499,1947
17,4,0,173.9207901594507,18.32361953594572,1930
17,5,0,190.3916242005486,20.39957933044683,2107
17,6,0,190.3251729640085,20.27056777020637,2108
17,7,0,201.3273553820616,195.676658204496,2106
17,8,0,206.5572940768,97.60720504899382,2121
17,9,0,190.7652222390482,20.61167822152825,2152
17,10,0,188.8083236756984,35.35822319646365,2108
17,11,0,193.578861871726,19.99489567178647,2187
17,12,0,191.7823421220305,19.73301654445476,2192
17,13,0,196.1127941420211,21.13746198156599,2216
17,14,0,195.5982169400701,24.35463757436746,2240
17,15,0,200.3253061391511,20.63458638443364,2298
17,16,0,218.2396082422895,306.0663480109954,2323
17,17,0,199.7114486592523,20.45296573937044,2313
17,18,0,180.9971380312056,19.04994663988841,2080
17,19,0,138.7208710929956,14.15542684271079,1621
18,0,0,91.4125469902752,9.885983529969581,987
18,1,0,121.0429748571822,12.82013828526685,1341
18,2,0,137.2462276748246,14.37465210351284,1522
18,3,0,147.37770300286,15.33121845157656,1651
18,4,0,157.0444554925303,16.77459420257064,1733
18,5,0,162.4802923360605,17.38225490827229,1799
18,6,0,159.7820873492439,17.16289146576181,1778
18,7,0,166.7805121393956,29.34208227910271,1788
18,8,0,163.5614179975871,17.20768801923716,1834
18,9,0,170.134307424203,17.86660490046192,1917
18,10,0,166.1115668788163,18.83189553332062,1876
18,11,0,170.9422839732897,37.79198076629913,1874
18,12,0,171.3501584716051,17.56721392015749,1969
18,13,0,173.5480779323457,17.96740636025941,2000
18,14,0,185.9258130947328,59.54637936080891,2068
18,15,0,174.7285804930784,37.15123559764891,1981
18,16,0,214.7196002146036,768.2604227991667,2107
18,17,0,177.6064120904528,18.76493780462433,2032
18,18,0,163.7590176913036,17.06008660625827,1888
18,19,0,130.6378031586573,13.19715103458299,1538
19,0,0,69.87580709419254,7.57639520060836,777
19,1,0,95.53864451766167,11.40082056912878,1005
19,2,0,105.2715815542978,27.48701408938028,1103
19,3,0,146.9799626765866,787.0220222844268,1287
19,4,0,125.9975191889113,13.66967696802207,1394
19,5,0,124.7411252590751,13.31576302576657,1390
19,6,0,127.8910309819498,13.34183396459263,1428
19,7,0,133.8159569757466,14.6413909320827,1483
19,8,0,131.0012848096861,13.83011742527501,1469
19,9,0,122.1200732970788,12.12717574219586,1416
19,10,0,123.5226786351263,12.71728372997184,1412
19,11,0,127.0739806533924,13.00901632444485,1460
19,12,0,130.0746199205669,14.24394951270544,1464
19,13,0,133.6207467887001,13.63094174968909,1544
19,14,0,130.6549229491525,19.70689068079218,1499
19,15,0,136.6633123623328,14.11998231092628,1587
19,16,0,145.9525053024314,192.6620702343188,1535
19,17,0,130.1545598674506,13.22267858833646,1505
19,18,0,127.8059156547394,13.6244724302441,1456
19,19,0,104.6584071639458,32.48380869490607,1148
