# mesh name: boxMesh_1
# primitive scorer name: doseScorer
# iX, iY, iZ, total(value) [MeV], total(val^2), entry
0,0,0,66.50920579841829,7.317987070098824,719
0,1,0,89.34657470029558,10.1857049637749,935
0,2,0,102.5291682118023,10.72536001701739,1123
0,3,0,111.414986150742,11.58466963479896,1224
0,4,0,121.9445364240724,13.4267350518441,1311
0,5,0,127.7746400316478,14.16463021463638,1379
0,6,0,126.0119414008078,13.51573767332399,1381
0,7,0,123.0328156160207,13.58127221118141,1338
0,8,0,126.1260253420597,13.54387003034849,1371
0,9,0,126.9901696170442,13.53153441957579,1394
0,10,0,120.9916724718679,13.22785124450845,1330
0,11,0,126.7419902875305,13.44114832537879,1392
0,12,0,126.7228774448296,13.87749531111705,1385
0,13,0,127.471524555605,13.89665647978946,1396
0,14,0,126.2909822116473,14.51037095160187,1368
0,15,0,122.9494569063854,13.05261937632955,1363
0,16,0,115.4761745863831,11.69545440657092,1311
0,17,0,107.6564845718421,11.57299510106048,1185
0,18,0,95.24636438614947,10.23711559228706,1056
0,19,0,74.27496405717424,8.123781261452882,823
1,0,0,97.16789952987901,160.1901370781871,917
1,1,0,117.8068065000042,53.67988824902898,1184
1,2,0,124.9673625827288,13.41635124456452,1367
1,3,0,143.637202505199,15.84162019857469,1536
1,4,0,159.6157359642625,29.52994927657861,1658
1,5,0,151.7924264331276,16.46686444786051,1648
1,6,0,146.6773470267471,15.75122848321283,1616
1,7,0,158.1745274341738,17.11429906417821,1722
1,8,0,161.2705637297933,21.88066639659149,1747
1,9,0,161.4811590015161,21.66671739895298,1731
1,10,0,163.183572981864,17.51330233621909,1774
1,11,0,161.7809597770046,28.71296359459659,1734
1,12,0,169.3194115174811,113.2989940660919,1744
1,13,0,152.1633964602149,15.99963318253527,1692
1,14,0,152.4059730844359,15.8473217908705,1717
1,15,0,151.7104520197075,16.12668747021937,1683
1,16,0,150.5227684747447,16.21502872167171,1662
1,17,0,149.2048799484549,15.67928657777782,1660
1,18,0,133.8501560194678,45.69063847208639,1366
1,19,0,121.382100985282,581.5905622891523,1097
2,0,0,99.88510100251663,11.24655576633889,1063
2,1,0,122.8514754691512,13.14853035504587,1332
2,2,0,149.6329938063337,15.69880993964236,1637
2,3,0,159.4406382393315,16.76438434434652,1746
2,4,0,169.8608440806387,17.9570188382154,1860
2,5,0,179.7614393369779,19.57883000912269,1940
2,6,0,180.7062735162558,19.52683509153266,1972
2,7,0,185.1845822024131,135.8050115142914,1920
2,8,0,186.9449720106981,58.88285030075517,1990
2,9,0,179.4303217275859,19.47575372264569,1955
2,10,0,185.8883634303635,19.63980003545583,2053
2,11,0,190.0930961451923,27.9593135781723,2005
2,12,0,183.2269331549078,21.9801315702159,2015
2,13,0,175.987218034195,38.94281006322302,1910
2,14,0,190.3317290760122,20.21236142554188,2088
2,15,0,174.909976921747,18.06525034684967,1951
2,16,0,173.6658461705805,18.98110167641594,1909
2,17,0,160.2015552333479,18.88714075497081,1773
2,18,0,139.4060456530696,40.351645492217,1510
2,19,0,112.1392158647853,11.64020610143255,1264
3,0,0,112.0798311281737,12.29944749510892,1203
3,1,0,148.12945785309,55.68262148216528,1528
3,2,0,172.0000238037443,19.55319452891138,1831
3,3,0,183.1133587288245,19.74337818906783,1977
3,4,0,192.9816108553485,21.55514129508769,2064
3,5,0,202.9381879923552,22.43907962911617,2182
3,6,0,204.496429997332,104.8557501318202,2116
3,7,0,191.4637609262387,20.1251564212733,2106
3,8,0,200.497789463522,40.21377888925956,2143
3,9,0,203.3963013859516,52.19947450952334,2128
3,10,0,208.470216082589,61.41542134387117,2205
3,11,0,237.0127693273885,1160.135259813627,2195
3,12,0,213.2350383016593,119.696649440517,2207
3,13,0,195.8499600778154,20.93391760525517,2165
3,14,0,200.8020825935564,22.57131385115186,2176
3,15,0,209.9788624212188,283.6449889802813,2167
3,16,0,194.3855146499382,20.99249928192142,2128
3,17,0,173.1854946680782,19.0206579694747,1883
3,18,0,149.8710140563493,16.47054344118638,1667
3,19,0,130.7500841237263,112.170572915993,1340
4,0,0,121.0184825410915,13.41178377373366,1283
4,1,0,147.8272727709797,16.05636454608909,1592
4,2,0,180.8064921266015,116.0911380887045,1813
4,3,0,192.3174355807224,21.04212023071863,2073
4,4,0,195.1501772100779,20.96376779426406,2126
4,5,0,206.4089046371368,22.66378171020767,2224
4,6,0,207.5902450430814,22.39074146886531,2263
4,7,0,205.3703683382097,22.66640188902371,2222
4,8,0,198.1599298962582,21.94279654910757,2143
4,9,0,205.7148984621839,22.52541575844097,2239
4,10,0,204.4475840745877,21.25091054653214,2279
4,11,0,208.3524354283252,22.22812842868768,2278
4,12,0,213.4568447008223,36.4447779993862,2321
4,13,0,202.9498843577742,21.44855602396288,2238
4,14,0,202.635957126368,21.39357432461223,2261
4,15,0,214.863898628126,35.24048490337447,2333
4,16,0,190.9281237317916,20.26985485297108,2103
4,17,0,187.5408156633876,31.18189030570204,2047
4,18,0,156.6880690252388,16.73487780082137,1734
4,19,0,127.7060328765232,14.04724964323205,1408
5,0,0,130.4679544843267,119.6724283725487,1282
5,1,0,148.4005306702288,16.26804123511467,1595
5,2,0,170.669119888779,19.27403432336262,1816
5,3,0,199.0822394058778,22.7251852369524,2104
5,4,0,194.2236657094814,21.59034225470966,2092
5,5,0,201.3065189767291,22.44515205559644,2176
5,6,0,211.8511110445159,22.70270040558749,2305
5,7,0,212.1612490654471,23.01340109152306,2312
5,8,0,208.3371054342942,21.5038257716649,2300
5,9,0,212.0765074054486,25.43010338267044,2317
5,10,0,210.2194032014774,21.78390364520225,2342
5,11,0,210.2887293581859,22.69539588029386,2304
5,12,0,210.6317708320179,22.36933910671376,2330
5,13,0,211.3463386011024,21.95175840132211,2377
5,14,0,201.6787033250274,20.76024748674963,2262
5,15,0,198.5684769593173,21.22993023154457,2201
5,16,0,200.564483418634,21.48399041839379,2225
5,17,0,199.7762658389995,201.8537007371065,2065
5,18,0,164.7398275425695,66.56611459798972,1751
5,19,0,121.4053276205772,12.66378295814008,1370
6,0,0,123.7823738173978,13.14855436237767,1348
6,1,0,146.4576531176415,16.18502634989915,1575
6,2,0,192.1005741366186,163.4302646103712,1885
6,3,0,195.8592708280107,21.3277973557272,2110
6,4,0,205.9755904840908,24.835528726337,2221
6,5,0,207.527863363057,22.99882221869887,2230
6,6,0,208.1984175454099,22.23058507863965,2287
6,7,0,212.7751600493659,23.08348466658579,2302
6,8,0,221.7507163391022,33.914078343646,2352
6,9,0,218.1717633184635,23.36792402789534,2398
6,10,0,207.0081478667175,21.33964221282663,2306
6,11,0,225.6998587673103,150.2535629260703,2350
6,12,0,225.9462647066772,208.9029708783815,2323
6,13,0,216.0334916980715,122.1681905906212,2243
6,14,0,224.2901869140784,24.8926329149094,2425
6,15,0,212.3447505116917,51.35583195756803,2289
6,16,0,202.2680949136474,21.82293938000312,2231
6,17,0,187.0905005218858,47.45769236340632,2030
6,18,0,159.710435406578,16.74938838924201,1782
6,19,0,128.443566285852,13.75374477213506,1417
7,0,0,123.6138453530239,13.83584077258775,1333
7,1,0,154.8495924428719,16.71960958819741,1677
7,2,0,176.3201374150194,19.05650191238574,1913
7,3,0,189.6928123538669,20.37427883328647,2059
7,4,0,215.7468537381871,25.00982575606592,2302
7,5,0,205.1218064846165,22.64214249061121,2220
7,6,0,207.0099202376303,21.96317538800683,2283
7,7,0,214.9648378503286,23.92862189913857,2321
7,8,0,221.2088246149941,199.863681548911,2270
7,9,0,220.3002833753928,23.36682346444938,2420
7,10,0,213.0669913836465,22.42817228423121,2363
7,11,0,219.7530933929734,75.62867122512176,2330
7,12,0,210.7306354331376,23.81824242196992,2284
7,13,0,216.3443891260642,23.28760378685623,2386
7,14,0,214.1098992754868,23.48203331569727,2338
7,15,0,214.2638178021217,118.8369643329766,2272
7,16,0,206.9928690613759,22.91744711028499,2242
7,17,0,185.6369362768831,19.66919137799643,2078
7,18,0,183.8787253213905,335.3889203104878,1828
7,19,0,127.5851246156778,12.82282764537365,1454
8,0,0,130.9332504307161,212.945671965715,1278
8,1,0,152.0658725468379,16.88692590600481,1621
8,2,0,170.561531389047,18.14007292513768,1853
8,3,0,196.6455262728747,62.3031913639968,2052
8,4,0,196.512421111473,20.7946245375558,2150
8,5,0,210.4316828227769,23.88334960789695,2242
8,6,0,216.7135010682836,181.0958126440699,2224
8,7,0,211.2760414328977,22.41814534189139,2310
8,8,0,211.0918888463087,22.69168899107521,2313
8,9,0,211.3180737428414,22.67957491768167,2310
8,10,0,212.9734181608768,22.39092535467558,2357
8,11,0,218.2421889698026,37.68912582891102,2353
8,12,0,216.7065478827197,24.2576899490146,2342
8,13,0,209.251735320295,23.05556880832357,2292
8,14,0,204.8197537290101,21.83638204305255,2258
8,15,0,205.8481004266543,22.29604656873575,2293
8,16,0,202.2348345715824,27.6904665966963,2226
8,17,0,188.4524107811541,40.77640990292382,2035
8,18,0,166.1066536012095,20.01968908177624,1793
8,19,0,127.8829688104475,26.00163148180232,1384
9,0,0,122.9427194965564,13.41773318161664,1318
9,1,0,153.8729807692226,17.00662510628258,1656
9,2,0,172.9215823374493,18.38273128733195,1890
9,3,0,198.1362678940056,45.2115687972419,2113
9,4,0,214.8555962954573,23.51078082989944,2315
9,5,0,215.9632120586914,23.74071500286927,2358
9,6,0,210.3824648318188,23.29641317994503,2270
9,7,0,215.083899922718,48.94080927685379,2283
9,8,0,211.3681422391229,23.36717038160488,2288
9,9,0,216.503937544067,23.87853891494007,2339
9,10,0,218.4133378136576,23.82613073121254,2377
9,11,0,258.8897892952701,804.6156102062328,2361
9,12,0,220.5788126967347,28.53592040398412,2398
9,13,0,225.2172204860283,278.4748461855665,2316
9,14,0,224.0831046156977,175.8254925435641,2339
9,15,0,241.8990155794664,595.2502071299253,2318
9,16,0,203.7413561265379,21.75877957260109,2248
9,17,0,193.2619613628282,26.07440235225503,2101
9,18,0,161.2799940946027,16.70102286588926,1815
9,19,0,131.7913063987087,14.00463417461357,1468
10,0,0,115.3757737935373,12.26391596010428,1258
10,1,0,164.1488004612017,18.31701022883667,1750
10,2,0,179.2846892358314,19.83477583454434,1924
10,3,0,195.8123068152119,21.19969051894691,2108
10,4,0,193.1879036797272,21.22160498702901,2085
10,5,0,220.7964213897274,166.529798706712,2257
10,6,0,218.532666262074,36.21346682022929,2312
10,7,0,217.4248183851055,26.48758651376357,2335
10,8,0,215.6937983735126,23.92126528855328,2315
10,9,0,211.2823302231213,22.17878350939158,2333
10,10,0,229.3682147208496,131.0935391283155,2353
10,11,0,211.6261084690487,22.93687226164331,2307
10,12,0,221.8788715957325,38.72417049633139,2380
10,13,0,209.1355539520015,26.18935516482822,2340
10,14,0,212.543136966727,22.51449657536706,2355
10,15,0,207.2298646976004,39.87024040226341,2255
10,16,0,201.7091388558445,22.05537287648406,2211
10,17,0,183.2610153656381,21.30879618259631,2043
10,18,0,156.6650803702153,16.55464651161362,1741
10,19,0,126.6704976170238,15.67388445963442,1390
11,0,0,127.0660683339845,14.71958181864564,1344
11,1,0,155.1187468824084,35.77985513095373,1614
11,2,0,172.462546542968,19.79448349358863,1829
11,3,0,194.2763401673651,21.76588584757998,2081
11,4,0,202.7989994649934,22.07302462272978,2188
11,5,0,206.6362731927709,22.68194076926164,2226
11,6,0,220.9741371564428,37.93714525546925,2370
11,7,0,206.596549733514,26.1993286123894,2233
11,8,0,213.3959749316429,22.82885881631069,2331
11,9,0,216.2486263770591,23.78069599036171,2330
11,10,0,205.5734312328327,21.91703954114059,2252
11,11,0,224.6344934297869,24.61767702532956,2444
11,12,0,218.0091243999364,23.92560439830702,2369
11,13,0,213.241912763954,22.42671531004055,2358
11,14,0,210.6912876004316,22.86779240170183,2308
11,15,0,210.9892588544101,23.2969967476554,2295
11,16,0,201.905880476485,24.31398607746269,2228
11,17,0,193.1455445195043,21.11199456460153,2103
11,18,0,169.3003776233295,18.08891630509196,1876
11,19,0,125.1493112383988,13.15171423546642,1410
12,0,0,118.9374026013971,26.6974860185023,1259
12,1,0,159.587030521415,224.8902050969826,1588
12,2,0,185.8204539865123,31.44954292280796,1945
12,3,0,190.7648639789897,20.73792344393261,2058
12,4,0,206.7191674240948,22.06312859925823,2255
12,5,0,221.5620434036795,195.3755307319402,2253
12,6,0,211.5356293710918,23.92753034948615,2251
12,7,0,210.9192806205367,26.48548813492429,2241
12,8,0,212.0695840272801,22.9533660441435,2305
12,9,0,215.410099488337,23.00144002225673,2359
12,10,0,214.3796986195863,23.92530383028422,2319
12,11,0,207.8514789861126,22.19413272010895,2286
12,12,0,221.334723744696,23.52091175482154,2442
12,13,0,211.5615556025861,22.42398185333757,2359
12,14,0,213.0266058104005,23.24634333756362,2329
12,15,0,210.1585851419784,22.32924458229294,2324
12,16,0,200.9561701442102,28.7559883044843,2172
12,17,0,186.1175427553016,19.93102756311145,2059
12,18,0,167.390187308221,47.05009009864623,1809
12,19,0,123.2058912025628,13.1601362292587,1377
13,0,0,134.4380985520684,278.9513471018511,1266
13,1,0,156.7559532748832,34.67075384475625,1630
13,2,0,192.0725599880295,208.649781535211,1906
13,3,0,195.5835628024473,21.35593466625486,2100
13,4,0,199.5790148070758,21.55170441361478,2173
13,5,0,230.9322364417648,268.3244903022685,2302
13,6,0,201.8578775840776,21.81236055587352,2194
13,7,0,213.0613466975331,42.3261410917025,2256
13,8,0,214.0797248430755,31.4499250865694,2318
13,9,0,214.6601094684469,23.99725571942548,2343
13,10,0,211.2279057765647,22.99592773427972,2319
13,11,0,209.0753149768991,22.38328432704435,2285
13,12,0,206.144333899275,22.07636270196454,2263
13,13,0,214.089487598591,22.94654504476354,2350
13,14,0,205.4085278553133,21.68458162639955,2280
13,15,0,227.3167999071773,587.9388989252677,2222
13,16,0,204.5377117891985,21.8491116601468,2265
13,17,0,189.6880393970211,20.07414555395714,2100
13,18,0,164.0525318102898,18.8455925020152,1786
13,19,0,130.0265814270862,71.02099634068857,1372
14,0,0,122.3832745588445,16.11146560142063,1304
14,1,0,145.6126005856581,15.40167014394255,1593
14,2,0,181.9609488066614,19.56560394124451,1959
14,3,0,181.1010688169423,19.23966977404454,1994
14,4,0,210.5650585272904,43.56320483796672,2217
14,5,0,204.0743749869719,22.43034470472761,2216
14,6,0,204.3933620181734,21.6280107539084,2240
14,7,0,216.6138466097586,23.23343720237254,2347
14,8,0,210.5248561383374,38.2667804246971,2259
14,9,0,215.9047725855207,23.51161850495345,2355
14,10,0,210.4645818690728,22.26045802936399,2328
14,11,0,216.4998494633417,46.57580007401705,2296
14,12,0,211.7663553761864,23.39009514467828,2305
14,13,0,202.8820966012665,21.41032236789243,2256
14,14,0,204.2860464271926,21.41395364918173,2258
14,15,0,202.6917816596568,51.03972297517599,2224
14,16,0,193.0862989709268,20.01817461770786,2172
14,17,0,190.3728706242323,20.5462927416189,2096
14,18,0,158.6514320362559,16.53308587380237,1772
14,19,0,134.2949517569278,32.81282923320825,1458
15,0,0,121.5619448851413,13.15956308606312,1310
15,1,0,142.8963267432014,15.61750886923961,1532
15,2,0,172.6314242039309,19.06409427928359,1860
15,3,0,200.4648081548432,229.4844751656114,1977
15,4,0,191.6785321774746,20.11705159033535,2107
15,5,0,197.8360828502553,21.18614779423097,2160
15,6,0,205.1748911696016,114.2983190700562,2118
15,7,0,216.4691301030417,23.42621471759776,2344
15,8,0,207.6236667032712,23.4935699239036,2246
15,9,0,235.5170407350814,842.5895804226346,2269
15,10,0,204.6608881814849,22.04340168481518,2228
15,11,0,207.1055775838078,28.4506979820609,2228
15,12,0,208.0989933099726,22.2455376600719,2288
15,13,0,210.6288007530993,24.10466036111578,2276
15,14,0,205.4812649549187,22.97480046388513,2247
15,15,0,200.9489661833724,21.08067219869215,2221
15,16,0,205.6132728643119,21.72457821360079,2272
15,17,0,180.6966158658645,19.10574795442896,2014
15,18,0,162.7065217290725,17.61768618453585,1795
15,19,0,125.3052791959213,13.33895031289338,1387
16,0,0,110.1985432387829,12.11314733625975,1194
16,1,0,136.7182396531663,14.74222527367274,1471
16,2,0,163.6662410211545,64.02004549669874,1708
16,3,0,177.3710070132496,19.71740133724687,1901
16,4,0,190.4553895253612,20.74651169287913,2062
16,5,0,192.2881585436456,21.08317659788568,2065
16,6,0,200.7086545857904,22.028274345487,2159
16,7,0,195.7556384238451,21.20019074777034,2120
16,8,0,190.3770081893925,20.93572968399495,2087
16,9,0,194.6342241658697,20.93378234261795,2145
16,10,0,195.4504148277729,20.91914440549046,2151
16,11,0,201.5055592297375,41.22118850058335,2163
16,12,0,197.4403422574518,21.0580472395644,2161
16,13,0,214.3939290898551,294.4563993996821,2145
16,14,0,202.6835185082527,21.75481912681424,2233
16,15,0,194.7722992373449,21.25842989033696,2139
16,16,0,190.9359621732569,20.32780191890978,2116
16,17,0,168.3469088098466,17.86531891446661,1869
16,18,0,147.9277288083526,16.09401654892243,1639
16,19,0,122.7974373417953,13.7685000355728,1329
17,0,0,118.8380075907277,330.8256347882482,1080
17,1,0,125.9187775212197,13.69623869582181,1358
17,2,0,145.7615815057087,16.05277419127437,1562
17,3,0,160.6142106456262,17.15130044029035,1758
17,4,0,166.3388804626897,17.86822146199792,1818
17,5,0,182.773617624077,20.24017562733793,1962
17,6,0,174.7361012491388,19.42193328954512,1881
17,7,0,172.7410994544939,18.5642071769103,1901
17,8,0,175.2191130279918,18.94472270683634,1916
17,9,0,207.839607597646,716.3199163514593,1972
17,10,0,186.2709536394737,35.32742110295607,1975
17,11,0,200.7192018299617,287.735565397739,2000
17,12,0,189.8270372306364,24.65475563140194,2051
17,13,0,196.0497498199334,38.50453731675025,2101
17,14,0,177.4917193171947,19.34652619576163,1946
17,15,0,175.6534466319692,18.03763152957565,1974
17,16,0,183.5170248073118,19.64579432067633,2037
17,17,0,158.4262683415339,32.8885288756518,1740
17,18,0,155.0722868360574,99.66968442490769,1599
17,19,0,106.1193937367146,11.0186238634399,1200
18,0,0,88.08312189302841,9.742846828041676,944
18,1,0,112.1583883825394,12.45657980390647,1195
18,2,0,132.4899961010399,15.2235126325173,1413
18,3,0,151.779221501686,70.67035141492228,1510
18,4,0,157.763282004682,17.37557109896138,1675
18,5,0,149.4954008138149,16.08117979310842,1616
18,6,0,161.6722776352873,17.95074736342223,1745
18,7,0,159.3965976698064,17.26488514111999,1730
18,8,0,153.5592360084247,18.14796874346936,1669
18,9,0,155.8256004966379,16.51245685191468,1721
18,10,0,160.0001744931279,17.0253896716233,1764
18,11,0,151.6469001734285,16.18240254339207,1668
18,12,0,153.1242792515034,16.06571547430392,1694
18,13,0,161.7957044543326,17.92433510241156,1759
18,14,0,160.3701225365069,27.10066380446939,1744
18,15,0,159.3525698901853,17.1287149339702,1752
18,16,0,147.7353077158471,15.12222701531084,1665
18,17,0,145.2442584039495,15.23958167246129,1621
18,18,0,116.5224104284548,12.01045471697745,1305
18,19,0,96.4157540003919,11.29940627702268,1062
19,0,0,76.14403175223454,62.71483566358111,727
19,1,0,95.88811406490217,43.83426934032002,948
19,2,0,99.48646786097765,10.85602739369007,1072
19,3,0,119.4375392686531,13.19439352435388,1280
19,4,0,115.36928196173,13.21431513159599,1225
19,5,0,116.7350510862888,12.45451926785087,1284
19,6,0,126.0945207264374,14.10563742561997,1358
19,7,0,129.9503934325847,14.43225349390632,1408
19,8,0,124.2693165524304,13.27269116356456,1360
19,9,0,120.7930287963441,12.45461850310579,1350
19,10,0,123.6665374095331,26.49920311895398,1330
19,11,0,125.109264389632,13.18556444394557,1379
19,12,0,131.4623968210644,14.37381314833367,1438
19,13,0,119.0111726104861,12.25573357736968,1337
19,14,0,126.6229449530134,13.52338828764951,1396
19,15,0,117.69045521573,12.52385035708599,1314
19,16,0,112.2973430447327,11.87098189176189,1245
19,17,0,107.2866281992653,11.28235225127264,1212
19,18,0,89.89224878100538,9.646038481522657,1008
19,19,0,75.7601801713181,7.902549463286523,848
