# mesh name: boxMesh_1
# primitive scorer name: doseScorer
# iX, iY, iZ, total(value) [MeV], total(val^2), entry
0,0,0,71.17959169351127,7.608356044410609,795
0,1,0,99.60198502296498,11.37029987810579,1085
0,2,0,111.7785810531445,12.02714896947933,1244
0,3,0,122.060615791932,13.2720060088241,1359
0,4,0,117.5228374457665,12.39094179542333,1325
0,5,0,129.9933969935063,14.06057462932464,1446
0,6,0,132.9606967787585,14.02907601540069,1490
0,7,0,123.8350984969777,12.60582902029393,1410
0,8,0,135.5408304196576,159.6911990209273,1386
0,9,0,129.3436334893167,13.75800061980124,1462
0,10,0,129.6347749834884,13.53299843208803,1471
0,11,0,130.7264873906192,70.24358237284703,1397
0,12,0,131.2795189673183,22.81590931422034,1455
0,13,0,129.9804095800061,14.17454437222221,1427
0,14,0,128.6986107686567,39.22945962096576,1435
0,15,0,127.3353532442081,12.99779440387647,1454
0,16,0,123.1598147850105,12.57037256627757,1406
0,17,0,127.1213118402005,188.6099268651265,1265
0,18,0,101.8399571263878,19.56265588649396,1141
0,19,0,75.92008198581333,7.893265636095498,866
1,0,0,94.83302242754708,16.67885076903734,1022
1,1,0,121.500310170358,12.79955830919493,1346
1,2,0,146.0403676679377,50.00642127466249,1545
1,3,0,145.3198021614508,15.24334911519866,1631
1,4,0,152.7346387184665,15.8389984774244,1730
1,5,0,167.0999400924067,17.64287170061665,1858
1,6,0,173.1110180448809,18.53807429797372,1923
1,7,0,158.9570031111566,16.70782964891773,1785
1,8,0,165.5212548047925,16.73305367600798,1892
1,9,0,162.234933282441,17.09651027003348,1816
1,10,0,152.9730571856117,15.60081405004128,1740
1,11,0,164.2007153402253,17.27980180333638,1846
1,12,0,158.9608639413811,16.95552153568774,1771
1,13,0,166.7484405851487,17.64765904096492,1866
1,14,0,163.2947209393465,20.72883218963484,1827
1,15,0,170.769145537932,18.06808468373731,1897
1,16,0,152.0046523414964,17.56481253560071,1730
1,17,0,169.7675614823861,214.1620232389614,1739
1,18,0,127.4819470847995,13.47424336794739,1437
1,19,0,101.6139864113007,10.724655847521,1135
2,0,0,106.4870987824079,11.85573260253863,1190
2,1,0,138.5931720196895,15.12283537481112,1542
2,2,0,164.4392929062531,17.71149000586129,1830
2,3,0,182.8259893628289,81.55974876538369,1984
2,4,0,191.7545369653234,20.4229962350317,2124
2,5,0,190.5609279790627,23.97899073090117,2118
2,6,0,183.9612344376826,19.22729556240298,2059
2,7,0,197.5250278005474,20.54373535437223,2217
2,8,0,193.7643902511977,22.69547964797094,2134
2,9,0,205.1139378038548,159.4033049553389,2130
2,10,0,190.9278641607458,26.906786700603,2109
2,11,0,183.722107941219,19.09491430281989,2084
2,12,0,220.0578651258083,915.5169386522825,2140
2,13,0,188.3754061367834,19.31492236160591,2130
2,14,0,190.6682616677379,19.70859528228952,2166
2,15,0,184.127301312641,18.89488900858563,2111
2,16,0,180.4805919789277,24.24805264669187,2043
2,17,0,159.5047558121045,17.12355378265325,1789
2,18,0,144.2025251038961,14.99348793603295,1622
2,19,0,112.8895562671183,11.64699880348068,1279
3,0,0,126.1515548303742,13.62145553261242,1404
3,1,0,151.5977923151219,18.04162282269144,1666
3,2,0,182.2468914464369,19.19294415084932,2034
3,3,0,189.5531925620485,20.22421560439049,2119
3,4,0,201.6256519837227,22.85568985158585,2225
3,5,0,198.369347273318,32.86213242670327,2211
3,6,0,204.7134800155668,22.21300791370529,2271
3,7,0,200.3550309952969,20.85638540740227,2257
3,8,0,211.4124753465532,127.616478747822,2221
3,9,0,199.1460628380512,20.66517901251084,2249
3,10,0,204.8746431336442,22.14143726231632,2318
3,11,0,199.9129621716838,20.24728870370759,2286
3,12,0,214.0619964249355,138.8303243452323,2272
3,13,0,211.6904309383258,22.88874875217044,2349
3,14,0,198.4437803879594,20.23385412970104,2257
3,15,0,199.6894573830039,20.77127872466479,2265
3,16,0,209.8031357291391,106.7193068128322,2229
3,17,0,188.327912497587,24.13183945010678,2106
3,18,0,165.3309224262925,90.92139528455345,1736
3,19,0,137.743753699139,96.88262050847695,1460
4,0,0,133.6186221966789,60.93659531937793,1390
4,1,0,158.0778961009095,16.66830205146322,1772
4,2,0,181.8943967172413,18.98148550380991,2037
4,3,0,205.2901754645922,22.20691537364222,2292
4,4,0,219.4392452005904,198.8698489041045,2221
4,5,0,206.1592961818078,23.91235086682181,2272
4,6,0,201.8816310782055,22.46591733360405,2291
4,7,0,213.1553623960006,57.49879121764888,2367
4,8,0,213.155301053514,34.29605877712201,2337
4,9,0,217.4900269505727,64.75700535962983,2382
4,10,0,209.7607673168872,22.40822663880516,2364
4,11,0,210.1261009597534,22.32745531216387,2339
4,12,0,207.5531583447868,21.8299682141585,2334
4,13,0,206.3914748484238,23.48718628451283,2308
4,14,0,211.6204608917111,22.71631084714814,2374
4,15,0,207.8712680720565,22.39690553181482,2334
4,16,0,201.9503240611127,20.68987527913288,2307
4,17,0,185.7513897659117,19.53127374702924,2093
4,18,0,166.0517118712004,17.17963913740368,1877
4,19,0,126.9842655983337,13.21313235535031,1439
5,0,0,125.6433286085039,13.09063340782085,1400
5,1,0,173.5939632641732,174.1852303875249,1784
5,2,0,194.7936944283305,20.8839153478491,2169
5,3,0,207.8352974746956,22.71250678496645,2294
5,4,0,208.9162379663726,22.92620561470552,2292
5,5,0,210.7465666636154,67.2854644011914,2245
5,6,0,207.4419035198438,21.64145862511024,2338
5,7,0,209.8658640805327,36.74097714252594,2319
5,8,0,222.3724857697987,23.93967456552412,2466
5,9,0,214.9192441310408,23.24938097913547,2393
5,10,0,255.0767871228444,1144.309654650862,2361
5,11,0,208.7573604732255,21.71126763067116,2362
5,12,0,216.5204167567649,29.1366338779841,2405
5,13,0,218.1158795502571,29.15279199183082,2417
5,14,0,211.8442701264212,21.55760262862825,2417
5,15,0,238.1550974438146,1020.862711203799,2333
5,16,0,204.4566933728386,21.69205912122194,2295
5,17,0,186.3142985961995,19.30764257798995,2106
5,18,0,165.6105363279046,16.70484805097486,1887
5,19,0,129.0612921954881,13.61094889795628,1450
6,0,0,131.8141719048894,42.8046571031316,1400
6,1,0,158.9677161655523,17.27806990006843,1760
6,2,0,201.6085218939875,30.73932232258914,2227
6,3,0,202.6388973569811,26.28504527404631,2233
6,4,0,206.5054834471933,21.31325421462152,2333
6,5,0,210.072675616225,22.27493211690243,2353
6,6,0,218.6101871325816,81.14300179797773,2347
6,7,0,220.2875494326354,23.24595744502355,2464
6,8,0,209.2690820652913,21.48422841811308,2372
6,9,0,225.1605318950816,41.29409903639988,2445
6,10,0,220.7890528766019,201.1897937573533,2329
6,11,0,214.4287307692377,22.35090393592918,2426
6,12,0,220.6817426089799,145.5220573568236,2355
6,13,0,221.8557570478305,79.54334784281853,2374
6,14,0,209.5630254655515,21.476943844846,2389
6,15,0,234.5613112894556,655.6007099466636,2372
6,16,0,206.1262046106447,22.18226850649284,2312
6,17,0,179.3668295844551,18.00378216782859,2058
6,18,0,167.6269495954558,18.27230857740314,1866
6,19,0,132.5873523220093,48.06491389321378,1455
7,0,0,134.3331446198896,83.56365805396267,1416
7,1,0,166.5172867636774,17.2874719333755,1869
7,2,0,187.7716204032674,20.11797003527323,2088
7,3,0,204.3553441534025,21.96467736636741,2265
7,4,0,211.2237579486412,22.37768434516799,2348
7,5,0,226.4936028110411,62.62295199631085,2471
7,6,0,209.3187412050186,77.57692353919147,2244
7,7,0,214.9084530742309,27.09329748603939,2414
7,8,0,222.5690647590633,50.77647838652673,2405
7,9,0,213.6094616992644,22.56619998485925,2393
7,10,0,214.8326234592015,23.04357288443935,2382
7,11,0,223.8057511201151,44.42107375478033,2424
7,12,0,215.4394829267158,32.45138974130302,2398
7,13,0,208.357222069419,26.91717706302317,2315
7,14,0,218.1332919663709,75.65440114716581,2415
7,15,0,214.918977314404,115.4170310518392,2322
7,16,0,225.2542011145878,196.0886220977864,2358
7,17,0,187.6054475392562,19.52437911857905,2132
7,18,0,164.1326701420753,17.47178059319579,1840
7,19,0,136.9356537803832,39.67054721089668,1482
8,0,0,123.388771379702,13.15498151101391,1383
8,1,0,155.3911768488045,16.56168283308813,1717
8,2,0,188.6198812374255,19.79053485980512,2114
8,3,0,191.4653164253722,19.86444180810252,2152
8,4,0,213.7046826974302,54.91372364619563,2346
8,5,0,211.9792199881373,59.43776116932347,2312
8,6,0,211.5256488038775,22.35094630549686,2424
8,7,0,213.8693517207874,22.764376263774,2399
8,8,0,211.1186688727992,21.69171960785372,2403
8,9,0,221.97949863475,24.16032462143969,2459
8,10,0,214.1894046508427,22.68144393699592,2426
8,11,0,213.9356891241759,22.72722796735399,2384
8,12,0,208.4215025620283,21.89859531890006,2341
8,13,0,201.2631455177123,20.65567529721291,2294
8,14,0,212.0864101966328,81.49711016350602,2314
8,15,0,211.548969668687,21.53570669568368,2404
8,16,0,200.079787306055,20.41101363359377,2293
8,17,0,188.1122474390369,19.77220145125171,2117
8,18,0,163.9477277292857,17.36160691031438,1844
8,19,0,140.1831192706947,55.21341221662799,1472
9,0,0,124.9141791189391,13.08821540500968,1402
9,1,0,171.1154382160024,100.476414838866,1806
9,2,0,181.847084136804,20.35554535114646,2045
9,3,0,198.2603617202938,22.30488071395818,2228
9,4,0,211.9846533833435,23.97795489566547,2341
9,5,0,207.2842189445214,21.91670991028011,2320
9,6,0,217.3626940095352,45.51118030941754,2373
9,7,0,218.0221545657818,88.66675712489408,2360
9,8,0,215.6357667859357,24.5118965716293,2394
9,9,0,222.1519021701696,49.38221907322265,2420
9,10,0,217.4623071290957,105.7481003273871,2379
9,11,0,208.8486049224919,22.02432866489436,2344
9,12,0,215.0394943587454,22.50575714994285,2434
9,13,0,212.4619936767452,22.57999591491332,2404
9,14,0,214.0293652832685,23.16210151875882,2371
9,15,0,216.6718690924694,23.32867004919319,2410
9,16,0,223.1126411077066,195.883312160711,2412
9,17,0,194.5435775643851,20.88838967391101,2167
9,18,0,172.6166629871366,108.3595905644212,1844
9,19,0,153.4728975689432,822.3160334302854,1432
10,0,0,124.6098357098463,12.91535792366182,1393
10,1,0,167.0421120539285,17.34658503714122,1876
10,2,0,186.9856473889524,68.54987022419762,1972
10,3,0,201.3799594517158,42.80454199828787,2182
10,4,0,213.3670339733655,23.42966097780252,2347
10,5,0,216.4569878847905,22.75517980930686,2420
10,6,0,204.1294564788201,23.14140763928742,2288
10,7,0,216.2356166026667,81.30710742244921,2286
10,8,0,210.0197315517983,22.01667539291466,2360
10,9,0,214.0150493924332,22.58878998221968,2410
10,10,0,232.1724958458527,346.3189963495786,2386
10,11,0,212.2875719324783,23.12404272273125,2373
10,12,0,210.0826375288374,22.15364833145956,2359
10,13,0,210.1895165841477,22.12447300802631,2370
10,14,0,213.7539528158131,22.05996039493168,2425
10,15,0,222.0917537491508,97.53731453256906,2392
10,16,0,214.678246734914,22.04354426616506,2440
10,17,0,197.5892075918986,20.75347714521138,2232
10,18,0,163.7941713554779,17.27343262507394,1846
10,19,0,136.3974675967372,14.80981539833059,1516
11,0,0,126.6565982486846,15.11397533798296,1400
11,1,0,155.9590045194242,16.69932985089319,1743
11,2,0,178.9284562784947,41.68418463129254,1950
11,3,0,205.0627794933488,21.67973326401588,2293
11,4,0,207.5675884701773,22.20650142557543,2328
11,5,0,215.4890685087859,34.93638671514594,2367
11,6,0,217.3181696125878,24.82741878850911,2387
11,7,0,215.0736786979313,30.00985710063528,2398
11,8,0,217.3758857066251,60.82653959624091,2334
11,9,0,217.670674881555,25.49869434878786,2438
11,10,0,209.5545782868725,21.38406283206805,2390
11,11,0,214.2438181925588,22.60395484563019,2417
11,12,0,214.0010054762797,21.84294763798909,2441
11,13,0,216.9372188554697,22.53637039938994,2444
11,14,0,206.6409402914572,21.30724159765359,2339
11,15,0,210.2190911472433,21.74387919617609,2393
11,16,0,202.7914852492902,56.38402741259252,2240
11,17,0,195.0923339551819,44.88977250613639,2147
11,18,0,184.5064627369907,38.57146619415018,1980
11,19,0,129.1266261595677,13.38160240006858,1481
12,0,0,126.1253419921573,18.79681950525885,1382
12,1,0,176.1751740671028,206.1580397185954,1808
12,2,0,187.8360201978844,28.91696235401087,2067
12,3,0,203.5971042281646,22.07159401613037,2257
12,4,0,202.1150087128766,21.13797705791352,2264
12,5,0,213.9044442577808,22.41762141432311,2409
12,6,0,205.3698250546275,21.67475893770236,2291
12,7,0,213.6371614826237,22.91950548187178,2387
12,8,0,213.6974824842175,23.41439004777058,2374
12,9,0,223.4049271809461,24.93870275905483,2500
12,10,0,215.9505905651207,24.40604768125531,2408
12,11,0,211.1227838874236,22.45092745279763,2372
12,12,0,219.5521698206717,26.54146865509354,2439
12,13,0,210.8693119041069,21.82077069513251,2390
12,14,0,209.6799864563274,22.13765128961388,2339
12,15,0,209.4904559023992,22.29892203576867,2340
12,16,0,209.4043876021312,41.74391566777853,2288
12,17,0,187.8874558525274,23.0425835897749,2075
12,18,0,159.8144112407547,16.4721004727947,1829
12,19,0,131.5758263828981,14.5060798029665,1491
13,0,0,130.4446833471899,45.31190084164192,1396
13,1,0,147.076866495322,16.23195004353138,1633
13,2,0,188.4366925787436,90.91015532214331,1996
13,3,0,195.6713318389128,20.50526568720356,2201
13,4,0,216.8954399313343,56.61360820589518,2345
13,5,0,205.1121568263125,21.3691229615666,2320
13,6,0,205.4719028661594,21.29493728160806,2335
13,7,0,230.6689808299834,400.6951991073303,2322
13,8,0,219.6531991118221,23.97907555645289,2434
13,9,0,226.1023327646471,24.45031707614751,2499
13,10,0,207.0708463452756,22.55883915738161,2309
13,11,0,219.6605439128355,23.3146985452283,2459
13,12,0,215.8277676033739,23.550032564669,2408
13,13,0,224.2527437889032,313.3786901696459,2311
13,14,0,214.5008686135051,24.13231286050346,2433
13,15,0,217.778059908421,81.96254042074172,2361
13,16,0,208.4699850091973,23.26378246895917,2363
13,17,0,186.8050175658462,19.70244191414788,2108
13,18,0,169.5853346721148,51.25344218712641,1844
13,19,0,129.8968964113834,14.56176077319022,1449
14,0,0,120.8608107596157,12.65991426835198,1362
14,1,0,157.8683070413988,17.21870049229318,1760
14,2,0,193.2436401858675,78.32473920710231,2028
14,3,0,209.2733700000659,22.86593164546799,2316
14,4,0,202.4736764518053,21.94465695535085,2273
14,5,0,211.6880184418816,22.2157088711014,2376
14,6,0,210.415943752078,21.95371874407757,2377
14,7,0,207.5076917485118,21.17903614997338,2362
14,8,0,210.251940768951,42.49888484514326,2271
14,9,0,224.7227325787099,117.3916603865394,2412
14,10,0,211.8168501137926,25.39186025791087,2327
14,11,0,231.100866430468,216.2218738893318,2424
14,12,0,214.8241773846856,70.46789249513324,2358
14,13,0,225.2783912471629,25.15031981314677,2487
14,14,0,223.0017620359816,162.7183256712408,2391
14,15,0,211.7797187697645,22.54075075972803,2352
14,16,0,209.9320294752991,86.27743403559073,2242
14,17,0,191.8948829985746,36.54137584050636,2121
14,18,0,164.0786212650332,17.59772362930059,1820
14,19,0,136.6652489009723,14.9073729944275,1513
15,0,0,126.0897194073688,19.26438641372312,1380
15,1,0,160.7833273652547,16.95532590360972,1794
15,2,0,182.8461760351806,19.29629496261868,2048
15,3,0,198.4274815810429,28.96813148877342,2209
15,4,0,200.3875309665645,21.44612351557663,2235
15,5,0,205.4435859098466,21.70090380645503,2298
15,6,0,205.5506567473777,21.37656010286462,2327
15,7,0,216.7642276579169,29.25402754497201,2377
15,8,0,207.15180883223,21.3962062374045,2346
15,9,0,206.2307071393759,21.84319632155413,2309
15,10,0,230.492310848338,464.9254172045705,2333
15,11,0,203.7448004639296,21.33516518180656,2293
15,12,0,207.6630002109543,21.57533092798847,2359
15,13,0,212.5000955602852,22.92217709232161,2365
15,14,0,228.4840066846002,348.2403755007173,2309
15,15,0,196.1341633473354,20.69149695940945,2220
15,16,0,201.2968271775645,21.06356886578782,2273
15,17,0,184.8348968506031,19.18582154682617,2091
15,18,0,164.2638261439509,17.53578220788422,1839
15,19,0,125.4189960288206,12.82923269298401,1433
16,0,0,120.7791683065563,12.5810376258511,1360
16,1,0,151.191313817411,16.3195214457049,1669
16,2,0,174.8524347239877,18.7675047547237,1949
16,3,0,197.5118574510023,21.10881167984279,2190
16,4,0,191.7018121513687,19.47156012005287,2189
16,5,0,198.2120492601478,20.77150810953912,2211
16,6,0,198.6744131181713,20.98096441193483,2221
16,7,0,200.6356660439054,21.2806978755144,2249
16,8,0,218.0224492833647,352.7944032444991,2277
16,9,0,201.8639771259932,21.30412337850673,2252
16,10,0,204.5886497309686,24.56648218411595,2287
16,11,0,229.1146519237359,684.0096406447135,2283
16,12,0,191.3132988373722,20.25763283063167,2150
16,13,0,206.6416275608881,22.12586381175613,2297
16,14,0,197.8884439269838,21.04520135170579,2225
16,15,0,198.2183772142922,20.78559076476061,2213
16,16,0,201.8463065423289,21.22877549171745,2266
16,17,0,184.5454281413994,19.14339233542519,2087
16,18,0,160.4910313257692,16.75483822444794,1814
16,19,0,122.9476998957149,12.46604405701498,1409
17,0,0,115.6634212175413,13.05510659651199,1268
17,1,0,148.21083219679,15.93750632759974,1634
17,2,0,173.7160727036466,50.99651310238789,1838
17,3,0,173.3907231702497,17.87800507223319,1958
17,4,0,178.5854667750309,18.68029956125595,1992
17,5,0,195.5367369515387,78.86692349222866,2105
17,6,0,189.5117691728112,20.33265465443719,2113
17,7,0,192.6815426050217,20.12646814801371,2167
17,8,0,190.429572561949,20.36842306955868,2127
17,9,0,223.7214260222214,794.1653643104182,2201
17,10,0,176.5919168834684,18.71558384408169,2020
17,11,0,185.6528082459796,31.66478174787246,2072
17,12,0,203.0506614850373,39.53593014699122,2221
17,13,0,184.6287293541227,18.67230940903463,2124
17,14,0,197.995705104039,34.96773586200323,2193
17,15,0,206.9444646796956,131.0607556625535,2140
17,16,0,188.4079385498135,19.79835254282305,2121
17,17,0,171.6042723059609,17.7688145490034,1946
17,18,0,151.1578085870402,15.74866112145568,1709
17,19,0,108.2829777565417,11.59697569751451,1224
18,0,0,109.1418984285173,179.8657929480377,1039
18,1,0,121.2412638626203,12.39318005158756,1377
18,2,0,143.1623891375269,15.1496558094076,1602
18,3,0,152.2830837649155,16.45905550208482,1694
18,4,0,161.0799629765262,16.84207094571604,1801
18,5,0,158.1147955236208,16.77964929641388,1765
18,6,0,179.6025323812362,527.6062825257885,1752
18,7,0,164.9146508544076,17.49315800560511,1854
18,8,0,160.0540085177406,16.46127664400623,1820
18,9,0,160.2291376747209,16.83359286426784,1808
18,10,0,163.3098258940655,17.41526839747361,1833
18,11,0,166.8083715948829,29.82021619893758,1821
18,12,0,166.4430821518774,17.63947679435585,1856
18,13,0,170.185457634366,49.0925831641646,1874
18,14,0,168.0477309619245,17.91735167874011,1896
18,15,0,159.3937580824729,18.38419013866566,1805
18,16,0,155.8951743399782,16.30248039493064,1764
18,17,0,153.0253317885022,16.17865382415581,1709
18,18,0,138.509253900474,41.46281040497669,1484
18,19,0,107.1017133740207,11.79984951359094,1183
19,0,0,66.49652582665836,6.903806289065608,753
19,1,0,100.7105741797862,10.45343586560573,1140
19,2,0,121.0254605221933,154.155239612345,1191
19,3,0,122.0056315397443,12.72090185283688,1367
19,4,0,126.2974083964968,13.31775016283213,1427
19,5,0,143.770724081269,380.6660228614251,1403
19,6,0,132.965406078705,21.05676218216097,1437
19,7,0,133.2685055120587,22.90246946987436,1438
19,8,0,142.7069872259441,269.6027810242614,1429
19,9,0,127.1049974585336,13.27986908649435,1434
19,10,0,124.1757538623697,12.72790632316738,1403
19,11,0,134.1926124026234,45.66385323736102,1439
19,12,0,134.3633989349513,14.58182348320866,1513
19,13,0,131.369962469094,22.17961765494471,1468
19,14,0,130.9128493379771,13.90574779426848,1464
19,15,0,124.0883942849948,12.71138721808955,1424
19,16,0,127.181705440846,39.68883418037124,1383
19,17,0,109.4454390436057,11.46958943935044,1237
19,18,0,100.5051239098225,10.77066819935914,1130
19,19,0,74.95995131222462,7.873273059624927,848
