# mesh name: boxMesh_1
# primitive scorer name: doseScorer
# iX, iY, iZ, total(value) [MeV], total(val^2), entry
0,0,0,82.60296345532315,8.398776158873785,968
0,1,0,117.3339508313137,11.65293646370637,1378
0,2,0,128.7153177856018,12.91623083475088,1513
0,3,0,134.2690039422715,13.76252830817594,1554
0,4,0,135.9394239648955,13.74387343781362,1590
0,5,0,140.4185416365424,14.13652606754591,1645
0,6,0,151.4626335470923,86.01704210545834,1678
0,7,0,137.7162152414739,14.27240049050909,1596
0,8,0,139.1343372209016,14.68968957417353,1614
0,9,0,137.6386597860204,14.54324388886404,1575
0,10,0,139.3814634124405,14.08300429092704,1638
0,11,0,131.1511633031465,13.04138771896346,1551
0,12,0,134.8591094465081,13.91509410975096,1559
0,13,0,133.5151042541621,13.04553524853336,1582
0,14,0,138.4539566498942,14.12617078178891,1616
0,15,0,135.4792502869998,14.06036425786626,1560
0,16,0,139.8347474415635,22.03975841609623,1585
0,17,0,133.8520419014145,13.678064372728,1553
0,18,0,123.9461302682106,12.49737519479265,1442
0,19,0,88.54237376883957,8.820925730915278,1040
1,0,0,119.3181364061454,12.07039226779269,1389
1,1,0,160.475144073373,16.54243421921335,1858
1,2,0,175.8922331489031,18.00752197319892,2059
1,3,0,183.1518719395683,17.74685570822,2175
1,4,0,196.8209371232896,399.4714043181644,2091
1,5,0,185.4021274343978,21.67176224746192,2125
1,6,0,191.2590419514932,31.9133899930247,2165
1,7,0,186.3107081413785,19.08722888201824,2147
1,8,0,197.3163072431283,125.0730171133791,2196
1,9,0,196.8796039765881,132.76826897056,2181
1,10,0,188.2908714566408,19.96638207284663,2175
1,11,0,182.2320485965924,18.07413717926926,2152
1,12,0,187.4610703789209,24.93696730006505,2165
1,13,0,181.5495820105142,37.04511235542203,2104
1,14,0,188.9274236561911,19.04855795968666,2216
1,15,0,197.0961251306841,72.2307642234412,2219
1,16,0,190.0392614913989,18.96137188149027,2221
1,17,0,184.0046856571811,19.35723874313679,2117
1,18,0,174.4752057400221,17.41617489708064,2039
1,19,0,116.0183099882581,11.93350258909127,1347
2,0,0,132.2475458384665,13.37411969228613,1536
2,1,0,175.4473171555072,17.68349031548459,2049
2,2,0,199.4704131326085,20.63962911943954,2300
2,3,0,190.7075601114558,18.86325832470422,2245
2,4,0,207.5267617261004,21.71951972563685,2396
2,5,0,206.9442255832009,40.78482047280038,2332
2,6,0,207.4126612180111,21.07421406089877,2411
2,7,0,195.2340674255165,20.5341803540411,2268
2,8,0,225.2266421321353,419.8739286525092,2420
2,9,0,225.4393114871707,245.1931933676015,2416
2,10,0,206.8500912235966,20.93971294391888,2409
2,11,0,206.9670322256965,20.8595840175008,2433
2,12,0,209.7708715697774,21.17605121733424,2437
2,13,0,209.5410752459995,35.56214846850143,2377
2,14,0,221.9454448545869,151.432659205347,2445
2,15,0,203.1156781625061,21.09123657440787,2330
2,16,0,217.3316260205284,23.1069429358297,2487
2,17,0,203.4240474017558,22.60873656873493,2354
2,18,0,184.041945567471,27.58546687964981,2141
2,19,0,132.106370697551,13.47658523707026,1544
3,0,0,141.9752316372383,57.40036129516073,1584
3,1,0,183.5386764568824,18.75738664671247,2127
3,2,0,200.0379461241035,19.90353288365971,2358
3,3,0,233.6400159096382,395.8713782530172,2453
3,4,0,205.4780376404211,22.5257697412514,2347
3,5,0,207.7613411524404,21.4805560208746,2416
3,6,0,216.6977544671458,128.058527007381,2376
3,7,0,208.2810736834481,30.79744211085578,2377
3,8,0,209.9559835897632,56.13107099111886,2371
3,9,0,222.4631316154895,123.7973859328926,2457
3,10,0,223.8071456658697,58.98098696899736,2510
3,11,0,252.6458852593346,983.0698429475013,2504
3,12,0,209.3349240354913,29.85384065445731,2407
3,13,0,228.4027506239501,36.96214925967236,2611
3,14,0,223.9379441149845,84.90886423348961,2470
3,15,0,232.4401054886852,302.4692861554901,2512
3,16,0,214.9703379000642,20.98742104467206,2540
3,17,0,201.6447504572624,20.28267508741429,2362
3,18,0,195.7870964836933,20.79539643567549,2227
3,19,0,135.4046780688098,13.82084835212838,1578
4,0,0,136.0248891293595,14.46577643635272,1551
4,1,0,183.9989548861479,18.4348100956278,2155
4,2,0,213.9143990729759,34.04072187832674,2392
4,3,0,213.9548232816592,21.57861336487723,2509
4,4,0,210.224787728915,21.2208242418074,2448
4,5,0,212.7986293911809,23.24545046533257,2482
4,6,0,226.553783557946,48.22915267258186,2567
4,7,0,208.8822151886961,21.64801935091175,2421
4,8,0,230.7851883707924,296.2595191167983,2481
4,9,0,218.5923393064882,30.9471319116181,2524
4,10,0,217.3359968633193,22.66815303330366,2493
4,11,0,217.0226255871937,44.86324030239617,2468
4,12,0,213.7609318375411,21.37328607946184,2504
4,13,0,216.5959749395032,65.27681677988106,2479
4,14,0,204.1159001178025,23.60263125629489,2372
4,15,0,226.2136257841192,117.1915988965442,2491
4,16,0,230.0974102642741,586.2872155485732,2420
4,17,0,204.3858784780742,21.21477217783139,2372
4,18,0,190.6273941180752,20.11210769913024,2199
4,19,0,159.0682240973055,342.8240954239817,1655
5,0,0,134.1188169438486,13.85314069208539,1553
5,1,0,177.9821219182775,17.68087071461648,2096
5,2,0,200.3935281096023,20.66994512918687,2329
5,3,0,213.4352360101494,27.52487881587151,2428
5,4,0,218.6359072526104,59.33456278071966,2470
5,5,0,217.989997154898,40.71225644968563,2465
5,6,0,216.9189940130346,32.51397550258148,2473
5,7,0,211.1807999426932,20.7314298723327,2491
5,8,0,212.7854989222065,21.76843750716841,2491
5,9,0,212.1107828551042,68.16502523486528,2394
5,10,0,214.0073397241263,43.63033462867902,2423
5,11,0,251.1237667884326,1647.341260678974,2444
5,12,0,206.0072081179162,20.64755679814314,2422
5,13,0,206.2661971732646,20.80782717728371,2429
5,14,0,208.7247538045245,21.10135729241791,2430
5,15,0,214.3866376500494,36.09282134999206,2464
5,16,0,214.145902183602,21.38453171953849,2501
5,17,0,202.7424919453508,23.12922391872499,2362
5,18,0,187.2239616533403,26.84835027101874,2131
5,19,0,142.9261100728835,14.38810153114982,1670
6,0,0,147.5005014676475,162.8838467102742,1580
6,1,0,185.6912069208774,18.92675099418879,2150
6,2,0,211.2880272459399,45.13435889963705,2390
6,3,0,208.154107205296,22.19027261917359,2426
6,4,0,217.0765313511537,30.00402677232403,2498
6,5,0,241.0285295202188,715.8651092318025,2492
6,6,0,212.9915752213865,42.86621226859677,2439
6,7,0,222.093175554209,114.6934907472442,2446
6,8,0,221.1898213099858,28.55633951982534,2526
6,9,0,217.1721281050059,70.1350459078527,2446
6,10,0,211.5932068966706,21.85483591356407,2472
6,11,0,207.6589108661971,20.88309802550702,2445
6,12,0,208.3523136812863,21.39080969289195,2432
6,13,0,213.6533729515812,33.36626644668874,2443
6,14,0,211.8214478197553,22.17228259007262,2472
6,15,0,219.8899173977767,22.1860413494271,2576
6,16,0,215.5960216138433,21.72234207366567,2506
6,17,0,203.6696068776096,20.29380047209044,2400
6,18,0,179.7514934228739,18.06930245374722,2104
6,19,0,143.5906153052267,14.70922791894143,1665
7,0,0,132.0627324968103,13.06034781696652,1554
7,1,0,177.9171878150105,19.25359352085572,2083
7,2,0,227.2262459855825,200.5185192281871,2382
7,3,0,223.5226787336625,25.99289798823682,2589
7,4,0,212.5625108846292,21.32709798070242,2488
7,5,0,205.3958270362475,22.0595483694312,2400
7,6,0,207.6876387057449,20.84651841772866,2432
7,7,0,231.5719918242389,260.4210906546199,2486
7,8,0,206.5739937977607,20.74132539946729,2404
7,9,0,213.8860179631873,71.27329168181524,2414
7,10,0,225.9867716701206,23.02026773461219,2622
7,11,0,215.6465080262509,21.9601276432662,2510
7,12,0,218.6983898406035,79.97522450288636,2445
7,13,0,207.7327208837443,26.0259557660529,2420
7,14,0,227.8062181316344,430.5509007926456,2443
7,15,0,209.6067737102556,21.54766089613333,2449
7,16,0,212.8961693556102,21.31671843629642,2492
7,17,0,224.1872572120185,143.9717186570036,2424
7,18,0,188.3862431351606,18.89406483576049,2207
7,19,0,135.4970054414422,13.9428819427737,1565
8,0,0,134.4998370082981,13.58817745897851,1564
8,1,0,181.4762527901916,18.06170665587613,2123
8,2,0,202.6683360515784,20.59868369420714,2383
8,3,0,210.5045027907431,22.14879433310352,2417
8,4,0,235.1671180197358,677.595842839854,2445
8,5,0,219.6880216097476,35.90629737027093,2508
8,6,0,216.2354307831432,85.26595790782197,2419
8,7,0,205.0244751876948,20.57170350863176,2406
8,8,0,214.6535000498524,21.86899040784985,2506
8,9,0,219.5496577940071,23.02395591867819,2514
8,10,0,206.7170446274739,21.27151450767703,2390
8,11,0,212.7278041382191,31.50981416186728,2420
8,12,0,237.1398392819119,315.3822722928202,2537
8,13,0,213.7177336891354,22.22125421273056,2447
8,14,0,220.3975159050786,43.79358257585712,2461
8,15,0,212.738047568118,22.05494949093885,2456
8,16,0,213.3933395427385,21.83645275313473,2488
8,17,0,218.3909012066692,41.53196258650127,2462
8,18,0,186.4380609182867,20.2325942257146,2170
8,19,0,135.6876096482309,13.04022755636257,1628
9,0,0,133.1923615678315,13.50650962318041,1551
9,1,0,182.9784445333577,18.64558385353565,2121
9,2,0,204.6083769490037,35.90115601234614,2348
9,3,0,210.6019409483897,21.32085038529237,2443
9,4,0,203.9839624961727,21.18006320368424,2367
9,5,0,215.1838635181282,48.98095050279387,2419
9,6,0,217.3974543437146,22.41877024244479,2530
9,7,0,212.0824642089367,21.84904993805355,2459
9,8,0,219.5284631209711,32.43515186547686,2498
9,9,0,220.9896302815441,22.75874686916822,2581
9,10,0,218.4827880685059,56.36669129680903,2479
9,11,0,210.365190309747,21.08505710051056,2456
9,12,0,210.8928195562914,21.80277461194416,2442
9,13,0,214.5129201665468,22.06736480270596,2494
9,14,0,210.5366065173554,21.24691865256911,2468
9,15,0,211.0815537615289,21.7691130952576,2449
9,16,0,215.3466041789137,27.09527594604313,2496
9,17,0,208.8968767800034,83.4805097567731,2384
9,18,0,198.4897437142404,210.8035178493055,2168
9,19,0,136.8661895385841,13.57913827128232,1616
10,0,0,138.2309480791072,20.90107796980917,1592
10,1,0,178.020264709714,17.75133287212883,2077
10,2,0,227.5342721676214,305.6085362734033,2316
10,3,0,207.2710211321223,21.65574295909591,2379
10,4,0,217.594650464554,25.2444191702369,2515
10,5,0,243.7653756216119,564.7668796668546,2527
10,6,0,229.6210058489239,367.7556075184519,2482
10,7,0,216.4385258371046,51.45696209635226,2417
10,8,0,219.6107861622071,52.65707309281725,2472
10,9,0,220.5028694223373,33.38081840578902,2523
10,10,0,227.0645401129011,104.2972280682478,2456
10,11,0,230.0629805554238,299.0670137881546,2530
10,12,0,214.7323393302163,23.47926947987569,2458
10,13,0,208.3610376565688,21.05024204543973,2441
10,14,0,240.1069579311276,285.4020511170573,2562
10,15,0,218.3168815149883,29.28122914317033,2538
10,16,0,217.4735213374086,31.16408411261126,2494
10,17,0,201.3842878340021,20.35453916004898,2344
10,18,0,188.6035707442159,18.99403047419545,2204
10,19,0,141.9685812577477,14.41984129923062,1651
11,0,0,129.4549831385212,13.16614182560382,1513
11,1,0,190.8912574325831,114.2046011020435,2108
11,2,0,205.4698687798329,20.32008897969331,2428
11,3,0,214.2498011715421,30.1502009670504,2465
11,4,0,209.2930547917452,20.9912079489459,2435
11,5,0,217.2734341789051,22.16347484654781,2524
11,6,0,205.662713572677,20.61881211763241,2416
11,7,0,238.8317020361524,889.9879078850696,2481
11,8,0,224.1175167151498,67.58389715399771,2538
11,9,0,212.6784546804223,21.56365795983421,2470
11,10,0,212.8360295674055,33.85157132307109,2406
11,11,0,213.2032297539338,22.13105361213912,2475
11,12,0,213.2790760553245,23.33686053577839,2439
11,13,0,208.7614055537572,20.36143162491254,2477
11,14,0,224.6918338380033,30.20699874947978,2558
11,15,0,218.8651445695153,31.96554427905247,2517
11,16,0,211.8512337530074,52.08677127166694,2453
11,17,0,208.7380689256343,21.76028538809762,2405
11,18,0,197.5491754215732,20.33248179954071,2298
11,19,0,134.8225547773905,13.26930293058811,1589
12,0,0,138.7792405833256,14.20290544773839,1610
12,1,0,189.4977218759174,29.03727751071482,2139
12,2,0,206.2700861036998,21.54554512422235,2380
12,3,0,216.291931796058,23.84697377785457,2450
12,4,0,213.9739009322032,22.25702968677479,2482
12,5,0,212.8751314775622,55.97643145840843,2392
12,6,0,204.4299004740777,20.64000301868825,2404
12,7,0,234.0245122513292,479.3455507934935,2426
12,8,0,227.566094581383,138.484928994761,2475
12,9,0,208.7908202653128,21.75599159808912,2413
12,10,0,213.2936179198193,61.96809390822983,2393
12,11,0,214.1100132983157,34.96184433911723,2424
12,12,0,238.8398419147716,413.461612087359,2473
12,13,0,215.5919082370991,54.18748922296936,2398
12,14,0,224.3643325005555,37.08169524641561,2545
12,15,0,213.7116582262782,21.930237523988,2505
12,16,0,215.0740824941363,32.03616703604521,2479
12,17,0,205.0741819070627,65.77110950668694,2339
12,18,0,185.9289997683987,26.0466965603212,2145
12,19,0,136.2871832657667,13.20974689837518,1618
13,0,0,130.7842625849627,14.4096077799923,1493
13,1,0,189.0003854444706,19.5683125987579,2159
13,2,0,204.4488455889806,143.1241008271204,2255
13,3,0,211.8850873623781,21.7597510218249,2445
13,4,0,205.6004354191803,23.00513802594139,2392
13,5,0,214.2252014572385,22.89184043915857,2490
13,6,0,212.7000714295574,21.07889744170324,2504
13,7,0,208.279140557606,28.70456734335196,2405
13,8,0,211.7892911705063,21.99947501194567,2433
13,9,0,215.3933848203975,21.28989251187232,2536
13,10,0,220.3174328415564,35.80647578072881,2534
13,11,0,217.1128949278724,22.13767475735759,2527
13,12,0,217.6644271194631,67.61141334127197,2445
13,13,0,216.2414295728781,21.65480737735259,2529
13,14,0,204.7112470178286,21.15735050877304,2374
13,15,0,216.7724542988474,26.90947570054969,2496
13,16,0,226.1771211181881,120.4261829282829,2465
13,17,0,202.32612954512,22.90370653511007,2355
13,18,0,186.5739028615952,18.46654412598263,2214
13,19,0,149.2949803578343,15.97823647384893,1721
14,0,0,138.8993933653292,14.26480261125533,1616
14,1,0,190.4166899350618,91.28063318878314,2090
14,2,0,213.6590361215915,201.4624627372398,2311
14,3,0,214.7247862263743,55.10857924993021,2433
14,4,0,216.726780879072,33.05806147548345,2455
14,5,0,205.1489801341628,21.12980556939887,2404
14,6,0,211.1017717206672,44.30120412174019,2407
14,7,0,215.193526334089,21.89969016850282,2511
14,8,0,221.7307024968975,98.88678211655834,2492
14,9,0,220.304076366379,23.58932332583508,2560
14,10,0,221.5407402216162,76.03214651126915,2485
14,11,0,227.8745355125973,66.49332176835972,2508
14,12,0,211.8052399647537,39.51147474505577,2414
14,13,0,205.9381975976036,20.43275442558217,2423
14,14,0,215.4054233474669,29.34552225135299,2458
14,15,0,208.2005734475524,24.85681929331785,2396
14,16,0,209.7747169098479,23.33647326188654,2433
14,17,0,231.0001401839777,241.4414278387972,2449
14,18,0,185.6994272196152,36.4865419290607,2117
14,19,0,137.8495836923098,13.73946698752649,1628
15,0,0,132.5094890172355,13.25773121517348,1550
15,1,0,186.5197715024909,19.18758232860509,2146
15,2,0,203.4278886816707,20.37525206630559,2372
15,3,0,229.9462079927566,662.5984408689892,2390
15,4,0,212.2752656654204,21.66552231320423,2474
15,5,0,229.0104896957816,181.4048789640578,2492
15,6,0,204.079371080943,20.60276163295067,2377
15,7,0,215.8125459348163,22.44076466649946,2480
15,8,0,218.5282888809733,215.2065724984397,2397
15,9,0,214.3312315939166,21.91617931366052,2486
15,10,0,217.105750451292,41.49742294297376,2471
15,11,0,210.3880800293809,21.1708685122964,2462
15,12,0,216.0871459881068,23.25894420164341,2488
15,13,0,209.1677585314756,20.67737149509807,2472
15,14,0,216.1965635147643,21.75279527785183,2522
15,15,0,205.7995907699417,24.98830262217098,2412
15,16,0,227.0895674447331,154.6476044376326,2446
15,17,0,213.1783939845704,30.63391597827308,2434
15,18,0,204.4645255118014,235.3123443125646,2173
15,19,0,141.3507005276301,13.91369776067849,1666
16,0,0,126.9857680305576,12.766262653049,1491
16,1,0,179.0104772312811,18.27824815948605,2089
16,2,0,196.7569321338053,20.37768858140284,2267
16,3,0,201.0881963560998,20.97097949425507,2310
16,4,0,201.5677454791959,20.95255247390816,2346
16,5,0,210.7600668580749,22.31487633310655,2422
16,6,0,214.5928921780391,218.9352872435983,2349
16,7,0,210.0858053666291,27.09075050975492,2379
16,8,0,207.6749502618408,20.43779983325219,2447
16,9,0,213.6767930491951,26.15485854252365,2469
16,10,0,247.3695932175765,1196.611788391139,2456
16,11,0,207.9283304453451,20.97269485146876,2458
16,12,0,211.8452999103222,23.56872491139442,2451
16,13,0,217.4932489970836,41.84535478073612,2487
16,14,0,216.0473470114362,21.93262982793364,2506
16,15,0,208.586148337532,43.68356621858015,2397
16,16,0,222.1277334406857,108.135966492723,2478
16,17,0,205.4228056660168,21.38591612092977,2382
16,18,0,181.4795049987149,18.58366862294675,2123
16,19,0,132.6148179310268,13.41608815605363,1558
17,0,0,140.6120005241601,74.76317218072562,1547
17,1,0,196.3075956627063,448.2050092075704,2012
17,2,0,202.4073819682444,20.46832492584136,2365
17,3,0,210.0047014677334,47.34018178884028,2353
17,4,0,209.3130332511758,21.18308270295415,2436
17,5,0,203.8328445984255,21.13280855465426,2337
17,6,0,206.3767558453391,20.2956656821028,2432
17,7,0,212.5057352945106,22.25305892113263,2438
17,8,0,213.8233737501787,21.85133004599451,2466
17,9,0,207.7195421264453,76.87747106258375,2345
17,10,0,201.4420474802885,120.5082195871989,2266
17,11,0,207.8303604080715,22.01447462868399,2405
17,12,0,204.5324863611133,20.63801219246071,2382
17,13,0,218.5193200007328,50.90237968084153,2438
17,14,0,224.9341998782014,408.1737935027301,2385
17,15,0,207.554069640865,28.2673176059003,2381
17,16,0,209.824475287373,20.58156715613375,2477
17,17,0,209.4755569739412,34.38801970142773,2379
17,18,0,176.1551227494049,17.60306006165611,2071
17,19,0,134.7785007801154,14.21457778291135,1552
18,0,0,120.9923395074704,12.45265630543656,1388
18,1,0,161.3117132177241,15.99097457618181,1905
18,2,0,180.1557425525776,18.8381592664999,2061
18,3,0,190.3524139066559,20.37121788134322,2154
18,4,0,185.5917876298454,18.73025638935896,2167
18,5,0,187.3972869085536,30.12932574996612,2151
18,6,0,184.739562220979,19.42951630881667,2137
18,7,0,188.8344925085929,19.72054270536891,2193
18,8,0,186.8619801843467,68.42930788534933,2078
18,9,0,190.5169461915854,22.42776843008218,2180
18,10,0,185.0172417009742,19.73558750126142,2117
18,11,0,183.6713849708958,24.36410049542884,2099
18,12,0,187.6332064414669,23.73402309459432,2143
18,13,0,183.1056609657514,18.75342489233398,2140
18,14,0,184.7943217312459,22.12263390932775,2187
18,15,0,185.8251751785051,18.61736221145395,2182
18,16,0,187.349610139906,18.94727326886594,2187
18,17,0,204.3334449676218,216.9302813777741,2210
18,18,0,158.986121840391,16.32671851702966,1855
18,19,0,129.348416015824,13.16896528724957,1517
19,0,0,87.58634859081819,8.846237069602967,1027
19,1,0,115.4576000944943,12.03882831841095,1325
19,2,0,132.5833860643386,15.35107198384017,1505
19,3,0,134.1605674747815,13.86227347266204,1538
19,4,0,151.9312384204103,287.1209357231802,1573
19,5,0,135.9251988110153,13.51126670043232,1598
19,6,0,140.196396103813,13.88719009048569,1641
19,7,0,131.9964879071674,13.38234821753448,1560
19,8,0,147.3150908092183,72.40330505126205,1612
19,9,0,131.5354079501536,13.19769362424793,1542
19,10,0,144.0275070142169,18.99449298950283,1631
19,11,0,137.1130535447828,15.03964028910384,1591
19,12,0,137.1728134140017,14.28449299602376,1577
19,13,0,144.1940260375009,15.03762676378357,1682
19,14,0,139.1644761522039,14.33279424335078,1635
19,15,0,147.5066069520907,77.02274361081471,1631
19,16,0,141.8506278298429,15.12916173374002,1636
19,17,0,137.5915688550826,14.16313379474562,1599
19,18,0,122.7954690447391,12.06485000467189,1458
19,19,0,102.0235971292188,47.80139574895755,1128
