# mesh name: boxMesh_1
# primitive scorer name: doseScorer
# iX, iY, iZ, total(value) [MeV], total(val^2), entry
0,0,0,74.47432739150193,7.75696138443343,870
0,1,0,97.73375514769111,9.991895741150568,1149
0,2,0,128.7835533475424,244.9408822624253,1331
0,3,0,119.8601672995239,12.53196272503572,1391
0,4,0,122.9531164189666,12.38784256024036,1460
0,5,0,127.8301351912118,13.48340576243799,1484
0,6,0,124.3246309122464,12.26792371423485,1483
0,7,0,133.4226712243284,17.22460225456578,1535
0,8,0,128.3160449865534,12.96250833708093,1508
0,9,0,140.4459433149328,345.7236692997627,1450
0,10,0,128.3005312255576,12.93570523932078,1525
0,11,0,132.4454653967531,55.20318459597221,1477
0,12,0,126.2381033066526,12.9523943184423,1485
0,13,0,137.4529750587068,13.80130875462815,1625
0,14,0,128.5808511423953,24.4583432946762,1489
0,15,0,124.5793233736261,12.0973342495467,1509
0,16,0,133.6755364276461,18.99268019755832,1574
0,17,0,127.9505277326438,77.117937835555,1433
0,18,0,109.5137862575417,10.86066548015242,1305
0,19,0,114.7957975300992,628.1644949311755,998
1,0,0,102.951113995101,95.73511130838068,1104
1,1,0,128.0325642582951,12.22659754745111,1537
1,2,0,150.4780023590316,15.06817167633246,1772
1,3,0,164.6289189475658,224.8408079236087,1784
1,4,0,162.7786611765838,17.31328579362257,1892
1,5,0,163.8416963013702,16.45604143379547,1921
1,6,0,163.3975213879802,16.9449109461251,1912
1,7,0,166.6244635984116,23.78533279497971,1947
1,8,0,178.7742974187177,25.02705450979075,2064
1,9,0,165.9679774708436,22.76378062351823,1912
1,10,0,171.0096692771374,83.73301592678273,1930
1,11,0,159.2313464126217,15.86037026757006,1885
1,12,0,172.4306684013405,21.48020272929682,2027
1,13,0,166.4381061468716,16.73542825865551,1979
1,14,0,165.0237077471689,16.75713835305834,1951
1,15,0,172.6516680056551,16.56888181095258,2083
1,16,0,174.9824193998748,29.59192412351865,2014
1,17,0,174.583495576183,156.4384485836857,1951
1,18,0,147.474377811376,14.99785672095293,1741
1,19,0,116.1506332792776,22.6597643686578,1332
2,0,0,113.3965534538008,11.44120663911493,1339
2,1,0,145.3780227590862,15.1221668398086,1674
2,2,0,170.3633696556972,17.65755555562446,1978
2,3,0,187.1521659593763,18.37858963169829,2211
2,4,0,191.280127720169,24.46994961548909,2170
2,5,0,195.5199063770364,35.31242132387484,2237
2,6,0,203.8222042148695,126.2279455697771,2248
2,7,0,192.7502834992553,32.88664592234231,2265
2,8,0,204.083330653994,365.2639432062032,2217
2,9,0,187.562268474567,19.15888712084825,2204
2,10,0,193.0752055682286,19.67008391003744,2269
2,11,0,214.3128250733042,174.2330591966691,2316
2,12,0,196.4577401349833,20.00783014634894,2321
2,13,0,200.1656112906867,19.80385759016342,2384
2,14,0,192.7367009087332,19.70060027317652,2273
2,15,0,196.9330202480068,27.5096164370854,2306
2,16,0,195.3842219534882,19.55825474342845,2316
2,17,0,181.6188223095854,17.93353396728114,2180
2,18,0,171.1389825861957,77.89046479462591,1912
2,19,0,124.3758914112854,12.65640890522598,1479
3,0,0,126.7086854451259,12.38561956604771,1514
3,1,0,153.6540338857741,15.83953242546731,1788
3,2,0,189.4415356847373,34.77119123491235,2172
3,3,0,191.5825922945934,42.66803499311196,2194
3,4,0,198.2008678828763,20.15594585907644,2311
3,5,0,208.1179179360799,57.69483820890996,2361
3,6,0,194.7977146722704,19.63952540779651,2277
3,7,0,195.5188505954216,18.9156103917282,2343
3,8,0,201.6475500162072,20.17880334317883,2407
3,9,0,201.0824881892768,104.6828223329611,2250
3,10,0,200.3261885094438,20.71636419930944,2339
3,11,0,204.2070466262515,27.39592074998678,2389
3,12,0,211.6367844296248,216.3266187094873,2379
3,13,0,214.0912043363322,46.39248598636973,2482
3,14,0,204.132539068588,20.28382219882867,2424
3,15,0,202.2298445470592,20.69196185908485,2377
3,16,0,199.6841283900169,18.97108935566127,2419
3,17,0,212.1340194419099,234.4927393344956,2259
3,18,0,185.1024535944917,96.27351914625324,2031
3,19,0,133.8403377894837,13.66202217520993,1581
4,0,0,130.3520649966779,49.81751898412126,1447
4,1,0,159.7225338095489,16.24679795329469,1853
4,2,0,183.7461127155998,18.73531491387482,2147
4,3,0,202.2238039607187,20.58088331426588,2365
4,4,0,203.016778050004,67.90923164008827,2296
4,5,0,200.2328562362713,20.63479726957523,2332
4,6,0,196.8870841986323,19.76372020049831,2315
4,7,0,213.0983175990545,122.2850492692436,2419
4,8,0,219.1366615810926,160.8633592812037,2449
4,9,0,208.3129659965322,26.43144899638416,2399
4,10,0,202.8753665002816,20.65296699287823,2412
4,11,0,212.701414730098,34.87968602999225,2454
4,12,0,220.0659936182929,296.5880137245797,2397
4,13,0,199.7085022427145,19.97831176076209,2361
4,14,0,215.8713561615167,64.63086101507405,2474
4,15,0,201.6963087956506,22.73451733580263,2392
4,16,0,202.1716535754886,20.66108774953046,2390
4,17,0,199.9029548000319,20.28364937882364,2368
4,18,0,165.6879208462361,16.33595533769001,1991
4,19,0,150.1235834784368,317.627079495777,1584
5,0,0,131.4585005464351,39.64739676077122,1492
5,1,0,159.7901602152082,19.06622011540474,1865
5,2,0,180.5721621745801,18.64058188178283,2125
5,3,0,198.9504552864244,20.68318153209898,2322
5,4,0,198.1435107589684,19.73496052255847,2348
5,5,0,211.7336535896549,66.51074744196642,2395
5,6,0,207.62624174727,21.1086534273521,2441
5,7,0,235.9139555918324,776.9611834714138,2437
5,8,0,202.152241976784,25.04952456603469,2372
5,9,0,209.7533825745303,26.92751662834421,2462
5,10,0,232.6249276943332,272.8590980581095,2413
5,11,0,206.236275133024,30.12878295428951,2404
5,12,0,209.3825651690205,28.19220943262586,2475
5,13,0,204.1367042033581,21.45194003571708,2366
5,14,0,207.2252419812072,21.90665626117671,2476
5,15,0,201.4511193258086,19.71224774520562,2430
5,16,0,206.1318916699441,48.27580310353156,2391
5,17,0,199.8866203489246,19.99088931536363,2390
5,18,0,170.1164341385214,16.6659867010669,2050
5,19,0,139.2181749180839,14.182529504381,1652
6,0,0,139.6910845748368,349.4943260967553,1412
6,1,0,166.2917116473716,23.66893720269308,1910
6,2,0,190.0169126745882,30.12085515711205,2173
6,3,0,199.1733034996955,20.013530752602,2373
6,4,0,203.1486103035566,20.94647615756659,2354
6,5,0,199.6952757309849,20.28184867372649,2357
6,6,0,209.7070201835276,54.31986096294589,2399
6,7,0,205.5393119258379,20.84851188559418,2417
6,8,0,203.7489944552202,20.36142019277823,2419
6,9,0,204.4831425065856,20.21635925376016,2436
6,10,0,205.1006186016335,20.30858045655279,2435
6,11,0,214.252897474016,216.865165374691,2364
6,12,0,213.9766219426643,122.1613251789094,2425
6,13,0,215.1972889284191,205.3271547124206,2394
6,14,0,198.5571187383856,19.42594679171751,2359
6,15,0,209.3935993804309,22.4164024640621,2471
6,16,0,200.9744089778619,20.6535877495831,2384
6,17,0,196.0431710873452,19.72920982951512,2332
6,18,0,172.624305642457,16.86536290573405,2074
6,19,0,136.4117549307929,14.24575790090979,1611
7,0,0,123.5519903483285,26.399302976616,1405
7,1,0,156.3402439288624,15.60374832482034,1848
7,2,0,188.1379362725662,21.79766387260739,2133
7,3,0,194.8652398209462,26.39991789425229,2245
7,4,0,217.7579379314388,291.0887031223556,2395
7,5,0,207.350232107152,20.39428937363499,2477
7,6,0,204.7580024424687,20.61512962181925,2419
7,7,0,204.2185428003553,19.92678652696567,2439
7,8,0,197.189033030284,19.77053044670732,2317
7,9,0,219.0712515051033,277.9020449263845,2446
7,10,0,207.8809316432316,21.35099262154408,2452
7,11,0,206.0667134291045,21.08047178866147,2428
7,12,0,200.4415826162843,20.11388880290934,2392
7,13,0,195.6547797022125,18.82502818536158,2365
7,14,0,205.5592949966805,153.0035978820052,2326
7,15,0,201.8855391850895,20.19069271237649,2401
7,16,0,203.6014634360822,19.5251049791118,2457
7,17,0,215.0402775545965,522.1295594152834,2300
7,18,0,170.9607021888847,17.11616679580411,2049
7,19,0,133.2974653712068,13.70692985362655,1572
8,0,0,122.5640388201623,12.23973812319589,1450
8,1,0,162.085852979548,17.09799282085965,1899
8,2,0,188.9983689973708,19.32824494525649,2208
8,3,0,194.6298398026686,19.85441302666155,2288
8,4,0,208.2684733496664,21.18349582961609,2441
8,5,0,228.0806158583154,179.5989102481667,2460
8,6,0,200.9777722831414,20.74353570987467,2344
8,7,0,204.4318448343415,20.43487361906236,2413
8,8,0,208.2744888057908,21.33034094313968,2442
8,9,0,212.0440241559458,21.48715226382196,2506
8,10,0,202.1937168433051,19.98534534016848,2396
8,11,0,207.7038150022076,63.13598694821729,2394
8,12,0,210.1859110853691,21.33805509967813,2485
8,13,0,195.6010660708002,19.35347841891711,2322
8,14,0,205.2493837592022,92.15264110183355,2342
8,15,0,212.9179365496742,21.77890073914375,2509
8,16,0,200.6335364032402,20.51249758597247,2363
8,17,0,204.618628612562,71.07531321297017,2356
8,18,0,189.0197958442916,221.0253924200834,2080
8,19,0,129.6920371818354,12.67585116981577,1574
9,0,0,119.4947808733479,11.6215458194324,1418
9,1,0,157.7226909983757,16.85352754096884,1823
9,2,0,190.2572698266437,18.75686217810026,2249
9,3,0,205.8551560821612,35.07547565636226,2378
9,4,0,202.2189644282883,20.04154959695784,2411
9,5,0,202.3613236198738,20.57128479835574,2373
9,6,0,211.7206659966903,136.0649284323552,2360
9,7,0,202.5345797999122,21.32043917878409,2376
9,8,0,203.8636256655074,20.56960073473277,2401
9,9,0,212.9216901052258,21.87617455168131,2531
9,10,0,229.8690240592689,486.9961583453266,2432
9,11,0,217.4033929488646,89.16295729205916,2466
9,12,0,202.5306615261173,19.58301045776427,2452
9,13,0,212.3549672419909,48.71272720045698,2456
9,14,0,222.7534226994569,112.0510664483624,2502
9,15,0,204.1295483981557,21.36745424362776,2452
9,16,0,214.1481904984661,34.03714333775442,2492
9,17,0,197.0576992848886,19.94218048404817,2339
9,18,0,173.1563171817738,17.4405855855528,2072
9,19,0,138.1775747253351,94.99652173033715,1553
10,0,0,111.8208053441089,10.69927058426493,1348
10,1,0,159.3837650415538,21.22919392909379,1829
10,2,0,186.973148663036,45.96320787549284,2115
10,3,0,206.0557329273872,218.8720579474725,2256
10,4,0,199.4447975731983,20.17655256706038,2362
10,5,0,204.3903233462635,20.72167058683189,2406
10,6,0,203.075762739982,21.07260789087294,2359
10,7,0,215.8548189230262,135.502225858423,2413
10,8,0,205.9087015916939,20.82582802377312,2451
10,9,0,211.7691477119076,21.17241549085092,2520
10,10,0,209.8541104644781,23.36908775681334,2463
10,11,0,205.9594797348659,20.74400032508806,2436
10,12,0,206.1399223324834,23.19680287947204,2435
10,13,0,208.5084814053511,33.5148964761006,2406
10,14,0,206.028486776299,21.0774706532112,2433
10,15,0,207.9221827025633,20.98376604802309,2468
10,16,0,210.339033181992,20.5505442700352,2520
10,17,0,189.3641886931111,18.40480341580296,2276
10,18,0,172.0992582521949,17.1299098334061,2053
10,19,0,137.9491064374528,13.77827108749568,1645
11,0,0,145.4739546408602,426.1454204431831,1480
11,1,0,156.9931825735695,15.99212955281664,1832
11,2,0,193.9072878854975,48.7597356525265,2188
11,3,0,200.2035118175245,20.61720434122376,2322
11,4,0,209.1691658846497,21.92770057068799,2422
11,5,0,212.3186457669442,521.2973109813425,2241
11,6,0,220.3985546528957,126.153610278566,2457
11,7,0,231.5032358864878,362.3048252999782,2368
11,8,0,220.5538476414033,172.315892633899,2425
11,9,0,206.5302425051256,21.96568881660466,2392
11,10,0,213.4885425893736,77.32398726150068,2411
11,11,0,197.721218639428,25.20456525709453,2353
11,12,0,204.4850346220956,24.02282717898021,2423
11,13,0,206.3762630664281,20.92886696483967,2428
11,14,0,208.2068290122935,20.64347224773947,2487
11,15,0,204.22233429479,21.66837841666318,2388
11,16,0,200.7321389250968,20.14011268953409,2409
11,17,0,199.8443579910611,20.81022823390164,2324
11,18,0,171.123697990402,17.0318947415476,2033
11,19,0,133.2982765949055,13.4745417649828,1577
12,0,0,118.7225835924342,11.95953167494362,1413
12,1,0,157.8680972914626,16.17347032522687,1846
12,2,0,184.1475606582375,24.3990662490629,2143
12,3,0,199.9288850204208,24.98068895680267,2320
12,4,0,203.5413058480619,21.44507410565054,2379
12,5,0,234.0972416038234,746.7971218402166,2407
12,6,0,202.3521892579072,20.42659960570552,2382
12,7,0,206.1626631073139,22.00922621181699,2375
12,8,0,206.8069641793122,21.10781189235056,2430
12,9,0,216.7045089187527,22.41583115908706,2555
12,10,0,206.390639286829,21.2212545841373,2412
12,11,0,210.1239873412395,23.18419526895972,2489
12,12,0,201.386517449035,19.73229683678375,2415
12,13,0,201.6648040317509,20.24268197156818,2396
12,14,0,205.9079106181034,21.00593051792034,2447
12,15,0,210.2730938820378,37.5991089832501,2473
12,16,0,199.3256465909579,20.65078289722049,2395
12,17,0,215.6765205097481,206.1687978141123,2326
12,18,0,179.4615813247331,64.13071524483642,2061
12,19,0,143.1240741922468,15.20875582224759,1669
13,0,0,124.2571086239172,32.64005156740822,1405
13,1,0,159.2629564680427,22.56661577176801,1844
13,2,0,194.4784411872131,21.61859002324089,2208
13,3,0,214.4818380405299,205.8860536843889,2310
13,4,0,200.4066278609687,31.33261982010708,2340
13,5,0,201.3273480000232,20.74544052535057,2358
13,6,0,205.5242472090514,22.38388305726905,2396
13,7,0,197.7876176447451,19.73725584408263,2364
13,8,0,208.3021073705648,23.75440146623614,2405
13,9,0,208.0764342302566,21.5719629944412,2421
13,10,0,212.8598573264866,21.71532489529432,2498
13,11,0,205.0397267715211,20.64721116846006,2426
13,12,0,205.859103545282,21.13030225671307,2411
13,13,0,223.6485395352491,61.31992531829668,2538
13,14,0,201.5163710156255,20.03886942473451,2404
13,15,0,202.3865883614097,20.06373064048214,2417
13,16,0,195.2046784290539,19.43850945207335,2338
13,17,0,195.9321685377046,23.16921607706391,2318
13,18,0,174.3214832518763,18.99687673608316,2068
13,19,0,129.3157475617854,12.49982410735307,1557
14,0,0,128.4768672192165,52.64356432037435,1427
14,1,0,166.0209028005171,21.30529023336567,1894
14,2,0,179.8727022172977,17.87232722979663,2135
14,3,0,197.438625982287,26.53561845935928,2268
14,4,0,212.1927121514214,148.3300977349517,2351
14,5,0,202.7457129462065,23.29674884924439,2369
14,6,0,212.751007934716,220.6054951910974,2383
14,7,0,210.3182530775244,34.22861694949578,2427
14,8,0,198.0131841846409,23.95853332605929,2315
14,9,0,208.7566846589045,21.09810782326666,2436
14,10,0,203.8827453626228,20.34680656850587,2423
14,11,0,210.558431309803,59.36261944701397,2422
14,12,0,207.9366197197612,21.36685677439596,2444
14,13,0,206.4513218095481,24.21009888958983,2463
14,14,0,205.3697366508004,23.42295886275607,2429
14,15,0,197.3097391832268,19.56649037336788,2369
14,16,0,200.6905780855967,47.22623304171898,2340
14,17,0,195.6119108075578,19.31826661751033,2355
14,18,0,170.1433885856231,16.98928013156642,2028
14,19,0,130.5799967783929,12.55560410417005,1600
15,0,0,175.0946323645327,2258.976583314263,1487
15,1,0,164.2899695984278,16.67222326413746,1942
15,2,0,183.390524119561,18.45926048950795,2157
15,3,0,219.2922059037345,639.0784867495454,2285
15,4,0,213.1023989032787,21.72275040338853,2474
15,5,0,198.7800893734205,19.50372837998842,2357
15,6,0,199.931972977468,20.34922374696312,2333
15,7,0,203.892374288652,20.37529051627699,2408
15,8,0,204.5681522840844,104.8202705367577,2296
15,9,0,204.9027058088924,20.68424290855461,2421
15,10,0,201.7979232675563,20.04737141968092,2427
15,11,0,220.4566949757443,380.4499375397289,2391
15,12,0,216.8243074572516,97.76388615858968,2487
15,13,0,198.2009390115146,19.20694948774795,2389
15,14,0,212.7778123746028,75.49241217398463,2398
15,15,0,200.071672127589,36.58964790807867,2373
15,16,0,200.9046050680668,20.11063921714815,2392
15,17,0,203.0125400425968,28.10021660922217,2381
15,18,0,178.2364397376582,17.77631172220462,2130
15,19,0,129.6207881227025,12.31443032556263,1581
16,0,0,128.7065233132093,23.5547432003112,1475
16,1,0,162.3907888195368,24.94249305890328,1841
16,2,0,179.5325913883222,33.57083065312545,2090
16,3,0,188.5395503480575,20.53828760986634,2182
16,4,0,195.8229727439716,19.88468290434584,2286
16,5,0,197.6570309518138,19.72741102206706,2331
16,6,0,200.597514491303,21.69758249220239,2344
16,7,0,192.1141929746217,19.57409845367599,2267
16,8,0,196.70521949849,20.16243640839679,2316
16,9,0,202.8198408218165,53.56294930278996,2353
16,10,0,193.137086500415,19.05110322116489,2298
16,11,0,200.2162016120318,20.18113375032048,2351
16,12,0,197.1479042761978,19.42366823880584,2358
16,13,0,208.5860651438393,107.4552044335155,2378
16,14,0,201.038618034376,21.18143552736186,2382
16,15,0,200.5051998037593,23.08781637923789,2353
16,16,0,202.7896313421761,19.81400953218355,2428
16,17,0,188.2083707349284,18.97342106024229,2234
16,18,0,172.4302157429393,16.95535670899373,2063
16,19,0,123.6573375532029,12.44205363031304,1480
17,0,0,112.3565442728974,11.11939640560298,1325
17,1,0,152.0445632444773,15.62570376547437,1757
17,2,0,166.9487045911979,17.18912574733048,1942
17,3,0,180.2547119861435,18.3067713454245,2116
17,4,0,193.5209153834481,19.60439555393789,2246
17,5,0,197.2975105824498,20.37664232198948,2281
17,6,0,189.1658319939107,19.41578286559331,2226
17,7,0,193.8291209772344,19.98087171123338,2255
17,8,0,183.0018939202733,18.38784491134495,2157
17,9,0,209.2421820428447,378.4633543378701,2248
17,10,0,187.6558606481771,18.794902031396,2231
17,11,0,197.456647662398,71.28346226751296,2203
17,12,0,197.7737537572519,50.25505813477945,2271
17,13,0,189.0238964958988,18.82168329267773,2254
17,14,0,204.8637926875436,85.20516164623494,2280
17,15,0,185.4317115863464,18.21399801474825,2221
17,16,0,202.8842248388569,64.6157279446653,2344
17,17,0,181.8299566752358,19.22652148736351,2150
17,18,0,166.8885284364386,19.24355404802774,1930
17,19,0,119.8016983451016,11.77827894808067,1440
18,0,0,94.90144697761511,9.875190393766319,1101
18,1,0,141.1345893087182,123.9867281219661,1513
18,2,0,157.6293949790401,221.2797553334192,1682
18,3,0,158.4931153023572,17.49285953800255,1853
18,4,0,166.5807269599266,16.8086243887687,1953
18,5,0,164.4624050626637,16.6297803275029,1930
18,6,0,167.9259561033743,17.04009757770943,1970
18,7,0,165.2237563618656,16.86907509751823,1940
18,8,0,167.9505450427889,16.99412227724514,1985
18,9,0,185.8237083409363,143.0625627891939,2012
18,10,0,176.8285032964976,82.40966980692114,1980
18,11,0,166.9155531827776,18.51267174245298,1939
18,12,0,168.1288037639687,50.49142647786839,1934
18,13,0,169.196618019407,16.91210727880442,2024
18,14,0,181.3374867049282,22.21351375905122,2126
18,15,0,171.9123225540157,17.40026527800325,2027
18,16,0,182.8272905413646,32.70687310712722,2108
18,17,0,163.2288667061566,17.12970985616064,1902
18,18,0,172.182699221618,657.2847433439644,1752
18,19,0,113.6628472324362,11.2921119490522,1366
19,0,0,68.80550422490901,6.99227354087339,801
19,1,0,98.89286724592587,10.16415977196919,1159
19,2,0,118.7687622755312,32.19245678701571,1311
19,3,0,134.8567242051939,93.45166279944377,1489
19,4,0,123.5074124147855,12.80354270680104,1431
19,5,0,128.2252313880676,13.28785692020972,1511
19,6,0,123.2278161643779,12.34293398442569,1449
19,7,0,126.8495318552619,13.05487810801947,1483
19,8,0,135.1666009962005,14.08202896802691,1573
19,9,0,121.9068294868433,12.12794880725038,1458
19,10,0,126.5021858151041,12.63653775296259,1488
19,11,0,127.98055049148,13.04062043308311,1513
19,12,0,124.7550297268296,12.93153844113026,1464
19,13,0,135.6207678796257,23.30626477828793,1559
19,14,0,124.9167709226023,11.6089128963342,1539
19,15,0,135.7836187827864,13.91843242843177,1595
19,16,0,131.9204112552382,13.59534786837009,1559
19,17,0,124.513538297187,43.89522414234544,1424
19,18,0,107.2934227627555,10.54476839284282,1287
19,19,0,85.56342300787939,8.662919884829478,1019
