# mesh name: boxMesh_1
# primitive scorer name: doseScorer
# iX, iY, iZ, total(value) [MeV], total(val^2), entry
0,0,0,72.95124066183587,8.36315786165482,794
0,1,0,84.1408348402567,8.697689333062714,951
0,2,0,94.30480038172591,9.494682301668576,1086
0,3,0,112.9703963276174,11.24382346074272,1302
0,4,0,121.6282127573975,26.10151962470373,1364
0,5,0,121.4754606426582,12.70043907145707,1394
0,6,0,118.4140947401457,11.81986620844586,1380
0,7,0,134.2555598038976,240.3683915613965,1403
0,8,0,117.6168940148773,13.53864595464391,1350
0,9,0,139.1845405137576,258.4574665424581,1458
0,10,0,127.8044478068109,13.88719924143394,1472
0,11,0,155.6219732950277,733.9709678413633,1470
0,12,0,123.5817855246965,12.46142692205612,1461
0,13,0,154.4765914801875,733.7778275160039,1491
0,14,0,127.9064735618048,12.3526612655459,1543
0,15,0,135.8160402773753,39.97795657573896,1567
0,16,0,132.4502677720549,13.30496231151418,1580
0,17,0,130.31977856996,12.81832028638467,1566
0,18,0,128.4304422088159,12.60618362372583,1552
0,19,0,96.63904978185083,9.392104918530771,1180
1,0,0,81.69241812158164,9.146371787210935,909
1,1,0,114.8178124358398,22.13606157645554,1247
1,2,0,128.3517969581239,13.83435595846134,1431
1,3,0,142.1311703785871,14.5669273176508,1617
1,4,0,146.3822309939979,15.15642006957948,1673
1,5,0,182.8052348577463,548.670033002662,1776
1,6,0,155.5989300061777,16.01995936425711,1796
1,7,0,167.2480355767414,246.7325795848155,1759
1,8,0,160.5892433021716,16.3035022186287,1882
1,9,0,165.0900899564095,17.70570167874066,1881
1,10,0,159.949582144953,20.34429246580124,1836
1,11,0,186.8057921473148,313.0937312911176,1931
1,12,0,168.8808069012438,35.7484906616624,1941
1,13,0,163.0487455298848,16.04206777401507,1952
1,14,0,164.5197797816871,16.50115137320023,1953
1,15,0,170.6148338289085,17.59014847222724,2044
1,16,0,170.4812036401774,17.01954506460003,2039
1,17,0,179.3461808725681,23.83655464187099,2124
1,18,0,167.6905780064518,16.36276649147987,2039
1,19,0,137.5732797844955,13.84495658384177,1641
2,0,0,101.1569201813729,10.69592975145102,1136
2,1,0,132.3919635642098,21.60089584658956,1474
2,2,0,157.19368738917,48.12670761663151,1724
2,3,0,171.8381242572987,25.54093680666801,1932
2,4,0,186.8115774665799,56.61643818066231,2052
2,5,0,197.219677965515,329.1831886549538,2047
2,6,0,173.6033005098992,17.17170819680715,2012
2,7,0,195.1738859642372,72.1153467780838,2158
2,8,0,187.0073439977027,26.82595156675864,2117
2,9,0,188.774677122774,19.61413950111179,2171
2,10,0,187.832159354395,19.85309451568542,2182
2,11,0,203.3289318986587,297.6075144728337,2144
2,12,0,198.0242539057372,21.64751193904787,2288
2,13,0,193.2516871818972,19.40248670215574,2293
2,14,0,184.1375436431772,18.48237472544062,2190
2,15,0,204.5463341088924,55.1068137463944,2370
2,16,0,196.6976531084599,20.16257686055305,2317
2,17,0,190.8518307096472,18.13095084818749,2319
2,18,0,195.896975418539,24.20798900708681,2287
2,19,0,149.8711330749083,37.30900479809529,1746
3,0,0,126.5644104916687,118.0321804437562,1277
3,1,0,140.8073095797647,24.41597787523599,1563
3,2,0,169.5921542792061,18.03577361784645,1893
3,3,0,181.7929653572902,18.16440371606396,2102
3,4,0,185.121738734567,19.20385440301925,2104
3,5,0,190.0189700674202,19.24070187421811,2199
3,6,0,189.4673007534635,19.12158405879986,2195
3,7,0,193.1554101987746,19.86409490965477,2230
3,8,0,200.977827957699,20.18928434020161,2327
3,9,0,193.8639723045101,19.62001445159826,2255
3,10,0,228.7711918696527,558.6977589627277,2359
3,11,0,195.5713967272684,61.71253553020198,2209
3,12,0,230.8791472388555,1016.779050709581,2379
3,13,0,208.691900178084,21.14516038136599,2460
3,14,0,200.9036863948432,21.46178383302498,2380
3,15,0,201.9635144321212,24.45631264591118,2382
3,16,0,245.2704817502816,636.4428380283304,2470
3,17,0,202.7314998943345,47.40512531326709,2380
3,18,0,189.1357897950384,18.41965114505291,2302
3,19,0,153.5271807677669,29.64195872031834,1828
4,0,0,116.244918066937,27.30879621279924,1264
4,1,0,141.8639897560764,14.920782962808,1613
4,2,0,168.7240204552602,18.17646723171418,1893
4,3,0,185.418634706667,18.54451462468372,2136
4,4,0,193.6299326956999,19.67365891467974,2223
4,5,0,230.9187113371586,623.6613054310014,2238
4,6,0,219.6102401415405,684.8145782856955,2259
4,7,0,196.3467826752034,19.5446006627561,2293
4,8,0,196.6835565051688,19.99777584677752,2286
4,9,0,202.1392490338761,21.1429553693441,2323
4,10,0,205.8991926132321,55.80002213857195,2356
4,11,0,197.0854415497143,20.43041049623623,2317
4,12,0,224.1092698328968,361.0437350196241,2375
4,13,0,205.9899910583373,21.32264207620889,2429
4,14,0,194.9669791354593,19.16399628584022,2351
4,15,0,209.4243196954806,42.16885885386066,2420
4,16,0,200.5342148933235,19.47294206510505,2423
4,17,0,205.4515146918307,20.33113418407681,2475
4,18,0,193.1629177201997,20.9305837560118,2291
4,19,0,148.923455698583,14.5501694973758,1808
5,0,0,111.2082220339863,11.49403084839564,1262
5,1,0,142.9360042439414,14.52828633410046,1621
5,2,0,169.030286270635,17.29677228503008,1949
5,3,0,198.6193598071059,32.89826317461633,2206
5,4,0,199.4801824407304,21.04809550898455,2260
5,5,0,197.5316614189129,20.95684515500706,2269
5,6,0,216.1559914740907,65.30694866812996,2386
5,7,0,201.0330539056139,20.63467993533663,2321
5,8,0,234.3892306147043,615.3334501726134,2409
5,9,0,201.9458300559546,19.86351622763771,2384
5,10,0,202.401534155329,20.3603074416689,2377
5,11,0,202.8154878281104,20.90821672590555,2367
5,12,0,200.5794295586946,19.71065121858746,2379
5,13,0,227.1797769528292,307.2771165445002,2465
5,14,0,231.7971970831623,411.6575530820027,2494
5,15,0,206.5559391520726,20.09243100233253,2498
5,16,0,206.8093335727496,29.25883641852887,2419
5,17,0,216.071106275182,229.6903920894059,2432
5,18,0,186.2971688965957,17.9003431736219,2279
5,19,0,160.8934743747271,104.9140226066574,1838
6,0,0,114.0535728123544,11.76822719222781,1297
6,1,0,153.4182711134787,16.43315884197528,1691
6,2,0,170.9493044602968,18.73685764730446,1936
6,3,0,187.4133145673851,19.99061332636177,2118
6,4,0,201.5046908334885,21.32155386725781,2260
6,5,0,201.8848980342486,20.93949805692887,2298
6,6,0,205.486008042714,21.47238620499831,2354
6,7,0,219.9928431775676,206.1829600593889,2411
6,8,0,213.5258842015466,76.09849240203195,2408
6,9,0,204.9141555532105,20.73153475477143,2401
6,10,0,209.5330281920517,25.53460087385971,2411
6,11,0,194.0208022398582,19.10945981360841,2299
6,12,0,219.1643169342643,281.0948707858606,2355
6,13,0,196.3381736439958,29.30124869310553,2263
6,14,0,209.6778371040144,59.69317065936534,2412
6,15,0,202.0195315784087,20.40529947422646,2389
6,16,0,209.9053321894406,20.59022320004858,2524
6,17,0,203.2369283559821,19.81097257238759,2461
6,18,0,199.9587240073975,38.84133306088052,2333
6,19,0,149.1271377221886,14.71162799059974,1802
7,0,0,136.9136887419867,300.5451301646167,1351
7,1,0,153.1838303344914,16.12917493953422,1729
7,2,0,178.3987550236888,18.77901447108037,2031
7,3,0,188.5549868497035,20.57552850876898,2096
7,4,0,203.9422317481974,77.44112725988342,2210
7,5,0,208.0157477047205,21.7073560736406,2381
7,6,0,196.2064969471751,22.71665163827624,2208
7,7,0,233.6104987333508,390.2583495364777,2387
7,8,0,200.3995648300714,20.15940912847711,2333
7,9,0,213.5892995802041,26.25607901560085,2447
7,10,0,217.8182485690943,313.079157398377,2359
7,11,0,221.3070646252199,65.49514751547244,2507
7,12,0,198.7874810299312,19.81653662634066,2370
7,13,0,209.5017488537133,133.2636046576565,2375
7,14,0,199.5238155538917,20.31364640833659,2360
7,15,0,204.2627770892639,21.39892432185643,2419
7,16,0,212.3575934755481,35.24425156451476,2469
7,17,0,203.7947425104913,20.59366908972622,2422
7,18,0,210.221293173724,92.47572423924599,2407
7,19,0,160.076612821313,54.79605396653614,1857
8,0,0,114.3481313913532,11.97814716222765,1304
8,1,0,148.508831950145,16.95984576799392,1623
8,2,0,172.3425150104211,18.49649309345206,1920
8,3,0,194.83733956001,21.10774524886614,2181
8,4,0,199.8899675857464,20.65401190482111,2280
8,5,0,208.1155325693932,21.66953244994183,2376
8,6,0,211.7378078219997,31.69568552556543,2354
8,7,0,256.2404448259622,1459.598199680029,2328
8,8,0,215.3742894070024,30.74099668775175,2461
8,9,0,208.4538764884545,21.49247138488411,2443
8,10,0,203.8397681895225,20.75121316272732,2383
8,11,0,200.3224405678901,20.67219634750493,2348
8,12,0,205.7018972432155,21.21574767563824,2416
8,13,0,196.9628234201251,19.14486781928582,2371
8,14,0,194.5514514903098,19.26284171504652,2322
8,15,0,226.3748245850364,396.6836016427214,2474
8,16,0,200.8070809307872,19.9591872761953,2409
8,17,0,213.7284276405558,22.23085392034978,2525
8,18,0,215.3212695231278,258.7066749636255,2348
8,19,0,177.3374374134087,568.0393079400095,1852
9,0,0,118.0862624927494,12.93839611915564,1317
9,1,0,144.4061497601674,15.12362917742973,1619
9,2,0,176.1318974739621,24.30644616757813,1941
9,3,0,189.6219125816438,84.22767774021865,2073
9,4,0,200.1483075312771,27.13503964982058,2229
9,5,0,200.5772385623904,21.23965471170848,2280
9,6,0,207.6035082188701,29.83312259135177,2335
9,7,0,204.8716489045083,28.06043419491028,2367
9,8,0,209.4473881817516,128.1677167330511,2311
9,9,0,200.8478502342341,20.09144740463919,2345
9,10,0,207.1043009068036,21.11441505736142,2429
9,11,0,212.9505630977177,120.0249800892318,2399
9,12,0,212.3820624535382,21.79954619823018,2493
9,13,0,212.3141346664815,165.6095924868284,2428
9,14,0,216.2200631644722,72.74913584839881,2449
9,15,0,229.4547477265764,178.4813630601947,2513
9,16,0,202.5915384874546,19.85447212750085,2434
9,17,0,199.9908975624652,19.63809695778804,2416
9,18,0,190.6659180515484,20.90232441313829,2278
9,19,0,157.7597063266862,19.62616342316047,1875
10,0,0,118.5909457818429,28.69558846082782,1283
10,1,0,144.069254885045,14.66968265221497,1655
10,2,0,167.83200727651,18.0776791035101,1872
10,3,0,188.9031376085077,20.13928911144454,2135
10,4,0,200.8424211210964,39.03528593291724,2243
10,5,0,213.7696883408838,157.3561381805707,2298
10,6,0,196.3690252138406,20.18367244202317,2257
10,7,0,205.4973468312864,21.48857557262352,2361
10,8,0,201.5614735233344,20.3136232477463,2347
10,9,0,218.3667340109596,75.01550578978112,2456
10,10,0,209.1742904730922,21.65473741191555,2432
10,11,0,199.4264565237139,19.98933882234281,2359
10,12,0,202.3650598288106,21.7253790172869,2333
10,13,0,213.2022500159408,37.57160923636815,2497
10,14,0,205.6430774999723,20.60057241647547,2441
10,15,0,202.2213791595614,19.47046378378889,2455
10,16,0,201.4603725655323,19.86568019389971,2431
10,17,0,212.9374154663595,42.79390535541404,2493
10,18,0,206.1439298165492,123.5999896508292,2347
10,19,0,153.0906030872369,15.25296182096034,1848
11,0,0,126.3037696835974,67.50194674706819,1293
11,1,0,147.7967055592964,15.31414906669842,1681
11,2,0,176.8439089901389,19.10198803290828,1972
11,3,0,195.3418142909657,20.65216605223053,2198
11,4,0,199.3160349478009,20.86118438735307,2265
11,5,0,202.247836777169,24.60887172846289,2292
11,6,0,199.4327937389566,20.05818289975568,2323
11,7,0,206.742247312517,21.97991288407979,2366
11,8,0,207.0917470689335,20.71577820902273,2423
11,9,0,196.7869895954504,20.63577907751792,2268
11,10,0,209.4539741747091,21.78461294613167,2422
11,11,0,258.6728421147378,1773.891885467695,2437
11,12,0,214.1711312657935,21.92124670905435,2525
11,13,0,202.3256483546571,23.63949368501246,2381
11,14,0,209.4875334659,39.7459157819972,2441
11,15,0,202.8185534887233,32.35991453666077,2387
11,16,0,225.7911231627722,113.7116663351071,2570
11,17,0,201.4671192042341,20.40673559268191,2393
11,18,0,196.2012700048365,20.21443287238617,2350
11,19,0,157.7440098687545,15.72307877346801,1895
12,0,0,124.6488597169863,135.2496041083631,1280
12,1,0,165.564586316155,98.59104402735466,1712
12,2,0,173.8664545312308,78.41608843708561,1917
12,3,0,206.0607486789843,472.1502684370137,2114
12,4,0,194.7572742297759,19.36689438733346,2265
12,5,0,206.6656066578604,44.78700522629461,2277
12,6,0,202.8515921073874,21.0296483371347,2342
12,7,0,211.1646908833596,271.2303207264673,2291
12,8,0,202.898334449873,20.45836166202499,2356
12,9,0,203.1557376395,20.87676775545423,2353
12,10,0,212.3752627459646,21.92400866374453,2469
12,11,0,220.365379344961,218.9892775830304,2449
12,12,0,201.3091235056599,19.82189447899388,2393
12,13,0,200.0263340121958,19.66471463699358,2381
12,14,0,200.7940033079031,19.97702829454676,2396
12,15,0,200.8893411838872,19.04425794974301,2447
12,16,0,202.5855812206503,23.79138000155823,2430
12,17,0,191.7756558990627,18.76112401774478,2330
12,18,0,185.6409783689936,19.44832999191526,2196
12,19,0,158.7004416896969,53.16712156176899,1858
13,0,0,125.7210680177273,124.1969917047335,1302
13,1,0,145.3370826340603,15.32813765672975,1633
13,2,0,173.9937191124444,19.15416531130567,1941
13,3,0,196.3671092338696,21.02047270925753,2204
13,4,0,196.1974857999693,75.81557984485165,2158
13,5,0,204.9430424114736,38.21558569538157,2319
13,6,0,201.7225313489718,21.28372096503366,2322
13,7,0,221.5166704782498,143.8705037377124,2340
13,8,0,202.5256868384299,21.82542101895795,2331
13,9,0,233.9132670497595,365.496276232905,2462
13,10,0,211.0233513737851,25.16996792883519,2473
13,11,0,225.3193063271223,262.1283470127416,2445
13,12,0,201.681315581526,20.03935082959214,2416
13,13,0,210.60714869561,37.47505598448058,2442
13,14,0,206.6168889394529,21.3883453348052,2439
13,15,0,206.1025747161929,20.37291832993445,2455
13,16,0,201.6771743613868,20.76891965705878,2411
13,17,0,206.0077464218284,21.36557650559541,2452
13,18,0,194.1510089577968,19.54865841483891,2313
13,19,0,150.4317509094797,14.53109337047951,1849
14,0,0,115.161426630252,12.04513131460245,1322
14,1,0,152.2394372357939,15.36660307211625,1742
14,2,0,172.0866007715933,18.00070589346681,1961
14,3,0,191.2704842948837,20.02717555738306,2160
14,4,0,208.4672333414606,130.1920306335664,2251
14,5,0,193.9098963726842,24.68110548244363,2170
14,6,0,211.7978725302808,33.3516899039542,2377
14,7,0,202.5522254620778,35.46533706328041,2322
14,8,0,200.910577830248,20.39327220922667,2335
14,9,0,209.0654507262272,21.81621483130744,2432
14,10,0,207.6662379430228,31.62767373012647,2380
14,11,0,202.1955895950713,20.53223768319095,2377
14,12,0,200.7745166155875,20.85570027549326,2329
14,13,0,208.9305048358235,20.27775226094909,2504
14,14,0,209.8352297489169,21.14895509052833,2484
14,15,0,197.7806137335289,19.37177376100295,2365
14,16,0,205.3769579227388,20.33656365905743,2462
14,17,0,208.657076551043,22.50570756375136,2471
14,18,0,201.8134298500752,73.48769833365665,2326
14,19,0,151.5391484270839,14.18650415889151,1876
15,0,0,118.8212885071311,12.46001116423569,1332
15,1,0,144.0275321504207,15.40251790534832,1612
15,2,0,169.5578217548394,17.19787143139171,1939
15,3,0,189.3842444314342,24.40329988848184,2109
15,4,0,192.965208302895,20.49361887135113,2185
15,5,0,210.5291265515381,230.0844553669893,2232
15,6,0,201.7555640795364,21.86098903956764,2328
15,7,0,202.8767791159756,59.4840618898919,2212
15,8,0,206.6160366736587,29.91459837783517,2366
15,9,0,202.736288345754,20.59845192058543,2362
15,10,0,199.4870005346829,20.05168419936409,2336
15,11,0,204.7916495092549,21.35617706101056,2378
15,12,0,194.8103580580201,19.07486722377659,2332
15,13,0,201.4170263659543,19.7577646409908,2405
15,14,0,207.4647307733347,21.61944840953869,2441
15,15,0,229.7254106906047,453.4516134081428,2422
15,16,0,198.5074417961765,18.97213011102965,2423
15,17,0,199.5034320802259,20.03421762025886,2411
15,18,0,193.7220522600883,19.34766415939163,2309
15,19,0,149.3745917120862,14.73469926776031,1797
16,0,0,114.8607127754882,12.07799800150471,1292
16,1,0,130.9622307464889,13.7016776316927,1481
16,2,0,166.030070271147,46.21355122569572,1811
16,3,0,175.5573625168673,18.867413828219,1990
16,4,0,190.3641882251065,19.35992033331167,2180
16,5,0,194.9078144198768,23.81159406030012,2193
16,6,0,196.2950478519655,20.02645023357623,2264
16,7,0,192.4645566983578,21.27580589413757,2199
16,8,0,207.7785291357818,244.0829889704384,2228
16,9,0,210.0453400364896,242.2590990496215,2315
16,10,0,190.8418852240109,19.32498364892227,2256
16,11,0,204.6864944593668,20.99563322681809,2383
16,12,0,215.3027033924797,519.5298270397751,2298
16,13,0,194.7260980304982,19.80852453684508,2286
16,14,0,200.9249649920065,22.13007065630114,2372
16,15,0,199.3094025998847,19.30441293183291,2418
16,16,0,215.8069597877451,61.67322627010592,2480
16,17,0,200.4057369523452,19.33663528679749,2421
16,18,0,202.3361592871186,23.55206676971321,2382
16,19,0,150.403463002854,15.0136899862162,1801
17,0,0,101.1453988276631,11.20843984094801,1130
17,1,0,134.8361809498614,14.75391896589888,1495
17,2,0,149.6003955238009,16.33316498976924,1671
17,3,0,179.724382015795,80.97770600482957,1931
17,4,0,170.4289473265482,17.82040092791081,1931
17,5,0,179.9513694362724,18.74297998832164,2041
17,6,0,175.2467584601681,18.64291895738296,2005
17,7,0,183.1951730017376,18.94403058473876,2104
17,8,0,191.3386107902106,92.10279272222485,2092
17,9,0,207.592788090485,331.7992394515525,2118
17,10,0,175.2987597337649,17.27612096796818,2087
17,11,0,179.2770766812265,17.80785644866581,2135
17,12,0,192.2996600078216,19.53961254009563,2257
17,13,0,211.6156531382351,408.164373362958,2304
17,14,0,206.8210683042131,407.454371247748,2266
17,15,0,192.2488895261137,24.30546669912079,2287
17,16,0,196.9955136858489,20.15537263999274,2347
17,17,0,210.579387247573,173.379454872211,2372
17,18,0,191.8195046619176,19.34680692523511,2285
17,19,0,149.5787390638506,14.35943394627695,1832
18,0,0,81.68396440688103,8.435726789577167,931
18,1,0,103.6429452402746,10.62853818866012,1180
18,2,0,134.0881854457918,14.25198697246057,1499
18,3,0,155.2406867999559,168.89772418867,1653
18,4,0,151.6906608996027,20.06316737495269,1707
18,5,0,151.463599181605,15.9618484778331,1722
18,6,0,154.302584940715,15.82578693312685,1788
18,7,0,173.6620237146609,100.3367322103812,1858
18,8,0,155.8517869159658,15.84324337008176,1829
18,9,0,158.8777473035917,16.19107638494565,1859
18,10,0,156.3682864113346,15.57555427066364,1847
18,11,0,166.5115241443049,21.0738124900098,1899
18,12,0,160.635080539629,25.16031147880558,1891
18,13,0,168.2309123839351,17.33905454405147,1965
18,14,0,177.3666307916444,18.65695305050727,2087
18,15,0,171.1106464148363,16.73625924488528,2057
18,16,0,168.7848164978535,17.03050931187607,2021
18,17,0,181.2324628913715,18.35055377420093,2153
18,18,0,167.9817858199552,16.49880868522453,2021
18,19,0,148.2070150647428,33.68869755138348,1764
19,0,0,64.71167469727233,6.698555319418623,736
19,1,0,86.69772183258694,9.435795859993698,980
19,2,0,100.6400208749016,10.53021900346514,1141
19,3,0,111.0197252297532,11.82814818813779,1250
19,4,0,119.4749838620337,12.40065317590814,1366
19,5,0,118.1258334006608,11.87697444357954,1371
19,6,0,124.7598482192159,22.98308797693099,1379
19,7,0,119.2652172013206,12.07829977794014,1387
19,8,0,129.4721637628209,31.89738099172069,1428
19,9,0,121.4679772058758,12.14705517947881,1428
19,10,0,120.3803929196722,21.93618424378381,1369
19,11,0,144.9930871106658,322.0943711518784,1492
19,12,0,141.0420932640507,63.35393322983972,1566
19,13,0,123.4231381221463,12.58680873788551,1443
19,14,0,128.0592148793283,12.27031080833065,1553
19,15,0,126.3928606955513,12.31017493517521,1526
19,16,0,127.1018582266731,12.2210441114686,1538
19,17,0,141.3069785451437,19.01008206967656,1647
19,18,0,143.4559319135103,233.5698645931104,1522
19,19,0,105.6125043768375,13.92113793635977,1241
