# mesh name: boxMesh_1
# primitive scorer name: doseScorer
# iX, iY, iZ, total(value) [MeV], total(val^2), entry
0,0,0,74.16203599514343,8.090021515046912,831
0,1,0,86.32140793255203,9.026494997439087,986
0,2,0,109.7276174018807,11.11871585825233,1275
0,3,0,113.3778848064599,11.62346603366101,1303
0,4,0,132.2362790874696,172.3293744583695,1384
0,5,0,119.6695582800439,12.02512305903714,1389
0,6,0,124.7385988692672,13.40390700558138,1439
0,7,0,119.7638300351479,12.12545918082289,1402
0,8,0,121.8538386787528,12.60383190467902,1408
0,9,0,121.646335878559,12.44583846943917,1397
0,10,0,121.712876141118,12.4376813617483,1410
0,11,0,114.8431498290197,15.34468338595846,1326
0,12,0,127.626537113471,12.8966069716472,1480
0,13,0,134.1026933278045,72.48298162091679,1460
0,14,0,126.0548589403219,13.0714559456302,1459
0,15,0,121.8124388800266,12.11448999377502,1434
0,16,0,121.4333716057248,30.18336372994216,1349
0,17,0,113.0052244158545,11.43178107254943,1306
0,18,0,97.57077647875536,10.05898761028624,1152
0,19,0,72.19449047894088,7.294973197008074,852
1,0,0,87.14624502408779,8.997628240469744,1004
1,1,0,112.1473646230343,11.0338092865393,1319
1,2,0,140.0003146418209,14.45198068789236,1584
1,3,0,143.6785683891451,14.31950134620059,1665
1,4,0,151.2020263749817,16.79241920386479,1738
1,5,0,153.0487200386544,25.74688629168786,1746
1,6,0,162.8793669605907,88.22039421126483,1801
1,7,0,159.2134051313674,16.46746809474151,1832
1,8,0,153.7649380837247,15.66755371666048,1795
1,9,0,162.0054091458904,37.144781236184,1830
1,10,0,159.9308199414717,16.5636369035154,1838
1,11,0,173.7882858367666,147.3125437688012,1858
1,12,0,159.3524665544796,16.39608381951118,1848
1,13,0,161.1031215987552,16.48932720380277,1854
1,14,0,157.9960652405078,16.41251898089369,1825
1,15,0,160.8446996153405,16.23679392587312,1884
1,16,0,156.0554166874067,16.72484076074512,1802
1,17,0,148.2937749339465,15.31768311030461,1718
1,18,0,124.6114769239928,13.02133356156097,1440
1,19,0,100.1318503195078,10.3827831324548,1160
2,0,0,101.610489913123,10.33426193657275,1174
2,1,0,166.2149021677297,899.0074131472669,1517
2,2,0,162.5585149926495,22.95606499263774,1854
2,3,0,174.8010343896053,17.73819508441167,2018
2,4,0,184.7434734929415,156.9227219261338,1984
2,5,0,183.2785960750213,19.6937160407625,2100
2,6,0,183.4316777215508,19.08221391132223,2086
2,7,0,190.2007014516563,25.69515272023598,2150
2,8,0,201.3694084278962,453.0094380671181,2079
2,9,0,179.4247475027719,21.15177951043013,2062
2,10,0,189.7287823336149,19.23999517013835,2195
2,11,0,181.7536186707584,48.11734591178332,2060
2,12,0,195.351858578171,63.02456897895829,2191
2,13,0,181.1738867130494,18.36506469734547,2102
2,14,0,191.8512692775161,115.9204888952644,2127
2,15,0,189.3736858453349,89.374037429898,2084
2,16,0,196.9836962663438,417.0524229856617,2075
2,17,0,164.9272934810942,16.77104161739788,1913
2,18,0,141.0738171843952,14.04317360505802,1652
2,19,0,111.7086071054704,11.54338460105962,1280
3,0,0,114.9579630868901,12.02741020605636,1313
3,1,0,153.182507285118,34.1171299302145,1716
3,2,0,188.9233642882464,93.25024345454435,2043
3,3,0,211.7970878494232,602.375596792612,2085
3,4,0,199.5121756559209,99.29605480534195,2197
3,5,0,195.0155780895138,20.21730922807518,2232
3,6,0,193.4698792328174,19.94608884714246,2226
3,7,0,196.7638230910811,29.34280846444415,2228
3,8,0,204.2092130745881,27.40808460275922,2298
3,9,0,196.335396606807,20.44840822144253,2250
3,10,0,208.5116150823739,36.74851683684892,2348
3,11,0,207.7877227524038,88.16196303804341,2247
3,12,0,190.0264682456037,19.55560711100887,2207
3,13,0,201.17518122502,20.72414329721618,2336
3,14,0,188.5667922301031,19.76526398428445,2162
3,15,0,201.0928453579426,20.83782858971457,2327
3,16,0,198.1476397450641,21.09543151649365,2274
3,17,0,174.2309280155881,18.01319696384016,2020
3,18,0,161.467556943101,17.6098571654173,1854
3,19,0,117.7065438409803,11.56331258138452,1377
4,0,0,121.9130455390711,22.29446867608459,1351
4,1,0,164.3501032707112,39.14081174357034,1820
4,2,0,176.3430970268976,26.70604537939458,1968
4,3,0,180.8560540300977,19.3885544799045,2061
4,4,0,198.2383079694199,30.35726395453319,2233
4,5,0,210.6114032444037,59.42935928983029,2365
4,6,0,193.5691936497279,20.48046780818599,2214
4,7,0,203.1796560596603,21.28055043120335,2318
4,8,0,199.2834870492163,20.44078216553051,2295
4,9,0,217.7648939459515,220.8337676165166,2356
4,10,0,234.1127447691744,509.3055692149011,2435
4,11,0,199.5508643798423,19.60347146962179,2350
4,12,0,202.9411623973537,21.05384044414498,2339
4,13,0,202.3883773371448,20.14158436378718,2363
4,14,0,205.0564652846419,29.86163174098719,2317
4,15,0,226.6539213756699,420.4009255915245,2378
4,16,0,194.4779354250009,20.56547351485123,2276
4,17,0,183.755237627202,18.82979531675171,2144
4,18,0,162.4530360101403,18.82157476447183,1882
4,19,0,121.1256689045105,12.21472146687873,1408
5,0,0,113.8556874321378,11.34098451621073,1326
5,1,0,167.4970996543207,342.9376131555915,1722
5,2,0,182.1647174740783,48.825147543073,2035
5,3,0,192.2717567048064,20.07582650452358,2190
5,4,0,195.0878516959618,19.71792119792648,2262
5,5,0,204.5275736382826,21.66482583299375,2319
5,6,0,197.4445819760147,20.40230165007986,2273
5,7,0,205.9878647999689,20.6988447795111,2392
5,8,0,204.1226074225551,21.06259762947724,2358
5,9,0,217.5364680839824,111.1658203178127,2372
5,10,0,205.2885012012267,20.58657421482578,2407
5,11,0,201.0232479410402,20.84511688755997,2321
5,12,0,201.5620638677081,20.72220939700255,2333
5,13,0,205.4079763672258,20.60879159773143,2398
5,14,0,201.516346229028,20.45032207843151,2353
5,15,0,197.0451416867347,19.89168384663479,2290
5,16,0,194.6990921228751,19.02356299775006,2295
5,17,0,189.008948659077,110.3475580862123,2112
5,18,0,165.1885382408558,17.8504839167622,1914
5,19,0,121.9434136895703,11.86179162198325,1475
6,0,0,123.2366076878234,12.94528847094794,1405
6,1,0,157.2280255411525,38.32770063721348,1739
6,2,0,178.2458329814373,17.97833465507233,2050
6,3,0,189.4564179551277,19.76924415263789,2156
6,4,0,197.87258491351,20.38795897909715,2267
6,5,0,211.2916468245977,189.9703825493332,2295
6,6,0,202.2730964750365,48.95783901555426,2297
6,7,0,225.4338942524788,352.1021833060629,2362
6,8,0,212.1265065097934,49.72834159273775,2362
6,9,0,202.207913316475,20.69538360990365,2352
6,10,0,205.5752693914156,20.13176247897302,2428
6,11,0,208.4931225877245,20.9791170665555,2433
6,12,0,202.1528196222048,20.99777082845897,2334
6,13,0,196.7419166558609,20.18224330086256,2278
6,14,0,210.2502625862141,21.68223990135613,2431
6,15,0,196.6712922925412,19.84251107211488,2310
6,16,0,217.8043488785576,227.453509130037,2336
6,17,0,187.5900058901613,18.39744673663026,2214
6,18,0,155.004857804937,15.73412818166494,1808
6,19,0,138.5912543808128,258.88571567221,1434
7,0,0,116.9994926262672,12.57826230797695,1323
7,1,0,155.0014834136005,16.08432568027519,1772
7,2,0,178.8759803936261,19.03713984609097,2022
7,3,0,190.925055740106,19.64791884720165,2177
7,4,0,204.9063217154046,21.19164671856532,2343
7,5,0,212.4691319188014,120.7603360422477,2343
7,6,0,205.4089539724438,21.1252624414945,2363
7,7,0,203.7976422085626,27.26877475821335,2359
7,8,0,199.3809641972984,28.63597915898295,2274
7,9,0,222.5072962976541,24.44452334337761,2544
7,10,0,217.1179445455963,145.709376151632,2352
7,11,0,208.2881775643492,21.90354438594525,2390
7,12,0,211.9198859057061,50.78721708341128,2426
7,13,0,202.3648031889368,21.19411742061144,2344
7,14,0,206.6965123085604,20.58452536418735,2444
7,15,0,204.20584264148,22.5464850936138,2346
7,16,0,208.3442432770983,69.27275263132736,2301
7,17,0,183.5579927608359,19.00826577107476,2114
7,18,0,161.5632210204406,16.40361680337792,1893
7,19,0,121.0828184697617,12.41646813218487,1404
8,0,0,129.3022504061717,13.48749067381191,1465
8,1,0,147.4425449383273,15.39641462801483,1693
8,2,0,177.1019978565779,18.46193346864738,2027
8,3,0,210.7280840528364,295.6491623591614,2092
8,4,0,228.0084115516585,872.5619497915677,2294
8,5,0,207.6336341818311,21.62303049025009,2372
8,6,0,215.0704139660425,67.31129120554883,2359
8,7,0,200.0710516615919,20.36312514537053,2311
8,8,0,212.7537412644446,25.54332227926509,2408
8,9,0,203.2787607207632,20.57985341903853,2357
8,10,0,203.9076666260657,20.16476660251232,2400
8,11,0,210.9250058965619,22.36666690297519,2415
8,12,0,206.1211472178267,20.49529501347109,2408
8,13,0,201.0765378238657,22.83681435617774,2347
8,14,0,195.2994987770766,19.9969539111447,2288
8,15,0,222.1383766364296,533.1211552065112,2360
8,16,0,203.4730552213315,68.34518905316726,2311
8,17,0,186.1552656707025,18.72898084496148,2192
8,18,0,168.7380199228918,42.35728132104941,1900
8,19,0,122.1273990143194,12.55733386527502,1427
9,0,0,114.5352061121967,11.49604584075649,1315
9,1,0,149.2350223625214,15.01932946005054,1716
9,2,0,180.5920381202616,18.02469885092491,2101
9,3,0,225.4387290333668,469.7279236922054,2235
9,4,0,202.2417896164092,21.23652281822226,2303
9,5,0,199.4505193738829,21.15333695677642,2309
9,6,0,220.1815445278193,118.9004716314255,2382
9,7,0,204.6111937168098,21.41918228072106,2345
9,8,0,202.9846595679507,20.53084318179184,2356
9,9,0,209.1121535212339,21.27927192871617,2418
9,10,0,201.7648182982801,20.54331525205795,2341
9,11,0,212.0949721381129,51.11253578830015,2433
9,12,0,200.7230873077187,20.03901349309057,2366
9,13,0,204.4184884053122,20.55822410756181,2365
9,14,0,209.9269346317827,21.11473017587594,2458
9,15,0,205.7737537994713,22.71749280609438,2362
9,16,0,211.0287401518258,25.2552058067299,2423
9,17,0,195.061952357699,247.4073305264381,2096
9,18,0,155.4156258228714,15.42226943686384,1840
9,19,0,120.7263431574927,12.26388025545806,1409
10,0,0,116.2358412248938,11.8763184762343,1337
10,1,0,166.7389380828074,74.54547905747566,1775
10,2,0,198.5236207444369,300.7647093477013,2050
10,3,0,211.5224085117995,572.4657161608055,2076
10,4,0,212.0264791907964,78.78620410603867,2384
10,5,0,209.253513016109,21.91592060792095,2405
10,6,0,206.0188267176559,22.0477523642207,2357
10,7,0,200.8410557280094,20.4589432627691,2320
10,8,0,205.3352720464991,21.04800714953191,2367
10,9,0,211.5335024415887,21.50394084177857,2452
10,10,0,213.7578289844468,21.13716194245219,2511
10,11,0,204.7006646892856,20.5943265998129,2400
10,12,0,212.0622332415094,75.91139232547636,2372
10,13,0,209.1786914984884,21.41211990555539,2406
10,14,0,205.2356338018033,67.60343875011486,2325
10,15,0,227.9633132421712,459.5497401324185,2384
10,16,0,204.8261862296066,52.83176476485089,2340
10,17,0,181.1414517868795,19.69280593769116,2124
10,18,0,162.4478908143938,31.7802216190884,1857
10,19,0,145.7522466736605,367.9972907647133,1484
11,0,0,115.3505874710047,11.7671836572545,1330
11,1,0,161.4418546027668,52.40294231614555,1757
11,2,0,176.2837785874386,22.52566543958376,2012
11,3,0,194.104421250484,22.37273446447663,2188
11,4,0,201.9311030937473,21.56598986874892,2286
11,5,0,206.5096316755154,22.91314167863502,2326
11,6,0,205.2626886109569,31.31152551248593,2314
11,7,0,204.7031626097858,22.72319244856004,2341
11,8,0,202.3952879847785,20.73209015401224,2332
11,9,0,213.6289183186834,71.83487359450429,2362
11,10,0,202.017865595268,21.84032299984344,2331
11,11,0,227.2449030797582,664.6507638829256,2336
11,12,0,223.8108394421576,399.0503183478115,2359
11,13,0,207.4649499407239,20.83885078128774,2432
11,14,0,198.0672970108984,19.54441838566232,2338
11,15,0,199.6929012090689,19.4268282388176,2376
11,16,0,198.883974869337,19.87398690121813,2332
11,17,0,185.7359300729962,18.61396691223446,2154
11,18,0,158.9776509765195,16.08626068438599,1847
11,19,0,148.8841649191996,608.4770185586007,1462
12,0,0,117.5779062690857,50.02448678822797,1283
12,1,0,147.4882918532169,14.77640668143764,1707
12,2,0,173.0894034426051,17.4072854528246,1993
12,3,0,203.0123046180122,57.61612526031293,2244
12,4,0,205.1025165932744,20.86535306913595,2366
12,5,0,197.0599707590197,20.58777777907052,2271
12,6,0,193.796196443501,19.79942940012038,2239
12,7,0,204.0381733591691,21.79379351482569,2323
12,8,0,201.7885456461066,20.98636624029351,2341
12,9,0,204.3716148730919,21.4299017549583,2340
12,10,0,211.6613416085876,21.8807561904292,2439
12,11,0,209.9355479715207,21.88393328497815,2417
12,12,0,210.4385468508148,33.29232505172536,2402
12,13,0,214.0073073086126,155.3386868153635,2370
12,14,0,200.5421887331105,21.48269084721198,2336
12,15,0,204.3668029564092,23.23998095946821,2354
12,16,0,204.1548579924104,76.72282571145287,2273
12,17,0,190.0274763222441,31.84617750003771,2174
12,18,0,168.2712149928205,39.24734662220317,1856
12,19,0,125.7061020359242,12.97851443133974,1462
13,0,0,118.1421853507486,11.87713477433667,1369
13,1,0,155.2602984334102,29.75579599092259,1750
13,2,0,180.1328917989948,18.81763103963737,2058
13,3,0,195.6699766496507,20.35379851545378,2248
13,4,0,190.93376654816,19.75726763375328,2194
13,5,0,207.3561951324801,21.49726994404426,2365
13,6,0,197.7962709285694,19.93861152455066,2316
13,7,0,261.8192784850726,1304.221839534812,2414
13,8,0,251.3288127574037,1073.316990835035,2252
13,9,0,215.4081118196673,22.35461880147966,2474
13,10,0,207.0560746526756,21.29624916396306,2400
13,11,0,202.9815885202101,20.52939168137604,2374
13,12,0,205.4560243658686,43.29045554778455,2343
13,13,0,203.7714301645898,21.60173567123346,2329
13,14,0,205.4814569424424,21.71215201899641,2346
13,15,0,205.9974531607727,21.83370713911773,2392
13,16,0,199.157277390564,20.55315643124623,2309
13,17,0,204.1566108960091,221.6787398341556,2157
13,18,0,160.4716098766797,16.52535619170839,1875
13,19,0,127.4814092464693,13.20231466992669,1478
14,0,0,123.1705795238827,39.73774073856271,1348
14,1,0,148.0180176863717,14.80746251371065,1719
14,2,0,179.5706040359006,18.59970286526544,2057
14,3,0,209.2055895508021,532.0106467974417,2159
14,4,0,195.3743592392686,20.68023037730555,2232
14,5,0,200.6407636871322,21.08760835549659,2290
14,6,0,210.201937949853,22.48561164129078,2379
14,7,0,206.3361683097635,21.1769889455224,2390
14,8,0,211.2446426579044,87.94491919255981,2318
14,9,0,213.4763217380753,59.21037515961153,2405
14,10,0,205.3207226554434,30.86242963033347,2339
14,11,0,220.2437330290657,154.957428001148,2388
14,12,0,201.852997145024,20.8657922023155,2322
14,13,0,204.7288487789958,30.86375311148044,2348
14,14,0,200.4331583170654,20.46172403788197,2332
14,15,0,200.2728183785481,47.66298850725362,2276
14,16,0,194.405509014928,19.54089620824885,2277
14,17,0,187.1617426880759,19.05882408799906,2193
14,18,0,159.7057411783537,16.27386985470536,1865
14,19,0,122.786774952678,13.06182848557832,1403
15,0,0,118.5745179014796,11.92138528542403,1378
15,1,0,158.9299930884398,16.92648913954876,1802
15,2,0,178.627393877525,18.55672548912227,2038
15,3,0,192.6998629584631,26.34308232914815,2164
15,4,0,195.5263405758058,19.38137772423553,2286
15,5,0,199.3352938380022,20.27615198332049,2329
15,6,0,197.0320752079203,20.1626746372301,2266
15,7,0,195.1304568724927,20.07801374361605,2254
15,8,0,208.18039665462,32.11232799146892,2341
15,9,0,198.2812765640323,20.07312508235157,2311
15,10,0,206.2932957284885,73.61690140654346,2297
15,11,0,202.040225554596,21.04819329299217,2331
15,12,0,204.9728059654893,20.99133775923545,2378
15,13,0,252.9083231195728,739.809345337403,2394
15,14,0,202.5248741635303,20.6174458301824,2362
15,15,0,190.5417934178884,19.44598170271001,2228
15,16,0,193.9146439606728,19.27701356514268,2268
15,17,0,183.1184994459848,18.4612447309066,2132
15,18,0,162.9431879382082,45.99934948254695,1790
15,19,0,121.4310252648506,11.93127743486477,1436
16,0,0,116.7776220217385,11.93927108942339,1347
16,1,0,143.356692800946,14.57484334128904,1646
16,2,0,166.4881533374588,17.00989136354707,1912
16,3,0,184.4695737694045,20.34741764442089,2081
16,4,0,187.94140727285,19.90148170202306,2133
16,5,0,189.2946288230031,20.84697887435388,2159
16,6,0,206.8887479652791,439.2808071345918,2123
16,7,0,195.1813493883379,20.17030554043851,2232
16,8,0,210.1093030418357,265.2695267481498,2236
16,9,0,189.4381644704769,19.45961058392496,2183
16,10,0,200.9225520388468,47.15131726316516,2276
16,11,0,201.6471085135427,21.29610462613928,2301
16,12,0,199.8498039261529,21.37730184983237,2337
16,13,0,194.7055850839131,22.68604370206658,2248
16,14,0,189.0825020616646,19.39176107942943,2200
16,15,0,215.9192822822089,262.2823525710745,2296
16,16,0,200.4423167675768,54.09251159378794,2263
16,17,0,177.4144646250556,18.17364244730183,2059
16,18,0,153.7100045660779,15.45537724826753,1802
16,19,0,119.0141887570195,10.98802076329063,1453
17,0,0,107.6314330326366,14.1519751626823,1200
17,1,0,141.1909709478623,52.42217833367433,1537
17,2,0,152.2701389385397,15.40568240538182,1756
17,3,0,168.461810113763,17.2035741955149,1951
17,4,0,176.5241185359703,18.28860267737059,2036
17,5,0,173.8709087173779,17.90219064232202,2002
17,6,0,180.0378829551364,18.73940192236866,2054
17,7,0,189.0190547605323,19.9142415713576,2144
17,8,0,183.4401884133384,20.3582798752031,2080
17,9,0,181.3743926035595,18.53367142584632,2101
17,10,0,175.7978569928619,18.18719243293692,2050
17,11,0,176.928582452247,18.25321155533699,2069
17,12,0,198.8655548332204,61.79212246580062,2140
17,13,0,190.4072935289485,79.28455173983978,2108
17,14,0,184.1610415592317,29.03223185235547,2103
17,15,0,178.2975322874135,28.54729115564206,2035
17,16,0,207.6262463384365,966.5745183458196,2058
17,17,0,163.8014127116899,16.59875765978633,1907
17,18,0,147.2431263456602,15.38299745407121,1706
17,19,0,112.1480754225378,18.74715180994423,1291
18,0,0,91.15884684912911,10.48391684214027,1034
18,1,0,117.4104511075042,12.22156140602881,1339
18,2,0,134.0950141920487,13.99046141335708,1540
18,3,0,150.8076921338166,15.30575373339158,1726
18,4,0,152.4740196871355,17.32332020518513,1751
18,5,0,159.6763357677023,22.01723146158082,1787
18,6,0,161.5788021946349,89.35583577925247,1782
18,7,0,155.01822118645,16.77122931959908,1765
18,8,0,151.8604174619751,15.01380843912009,1781
18,9,0,154.1767227814941,15.79127360716054,1777
18,10,0,152.5096290603617,15.3376660401465,1791
18,11,0,171.3371833921231,207.0611304858685,1827
18,12,0,159.7421741017908,30.54906545092452,1791
18,13,0,163.663526877032,17.85043977758474,1895
18,14,0,161.4832432570181,16.54841145374952,1859
18,15,0,153.7886700287955,15.48498576643617,1793
18,16,0,158.8787774877367,16.54176991779102,1836
18,17,0,149.2481038137288,15.04126761279155,1723
18,18,0,122.9270812681317,12.15504703969495,1457
18,19,0,102.4823576420196,10.78451992740382,1182
19,0,0,67.49451284806072,7.409186548030186,771
19,1,0,89.14788234871129,9.70249452658744,1008
19,2,0,108.1193774807346,76.2017076534422,1168
19,3,0,117.2709823114145,12.05590667585309,1359
19,4,0,120.7640150138849,26.12916080579036,1342
19,5,0,126.1132955753895,13.97283997184664,1431
19,6,0,119.3681498265352,12.62344824748909,1370
19,7,0,118.1493638612747,12.09141563885924,1366
19,8,0,119.2391398329715,11.88751465618274,1404
19,9,0,129.4364514616071,95.84039588104893,1397
19,10,0,122.6927011557676,23.86939809429193,1375
19,11,0,131.1122216289906,57.55460717537729,1449
19,12,0,122.1792037867321,12.78104780351941,1406
19,13,0,123.2148401087275,13.06864930565267,1411
19,14,0,123.4315567631262,13.01673354838695,1409
19,15,0,118.5693905992637,11.80730969575819,1402
19,16,0,122.5257474563443,13.14962355247546,1401
19,17,0,110.1460658624999,17.21805553321742,1261
19,18,0,99.48469591185021,10.43794144493704,1142
19,19,0,73.5287272475375,7.510515601844284,857
