# mesh name: boxMesh_1
# primitive scorer name: doseScorer
# iX, iY, iZ, total(value) [MeV], total(val^2), entry
0,0,0,71.52730442325429,7.418438082016902,817
0,1,0,86.19677111204768,8.85750152211137,991
0,2,0,104.3863802908417,11.2229930765038,1180
0,3,0,114.6348836031605,12.00437544298062,1303
0,4,0,127.8675534623126,32.68188433890407,1408
0,5,0,130.0873174740692,32.82886711601724,1424
0,6,0,128.0095439299839,31.19968294779722,1434
0,7,0,123.357106498769,12.48887221173369,1436
0,8,0,121.0351982430242,12.70254230036472,1402
0,9,0,116.9400778129224,11.59988028919479,1381
0,10,0,131.3563726905551,73.69005667239085,1440
0,11,0,118.7179925961112,12.05289008341761,1397
0,12,0,123.1982959452641,12.47821729438217,1419
0,13,0,125.7951557316935,12.68748299462379,1477
0,14,0,122.1233373695524,12.39435522686495,1429
0,15,0,126.8734676882006,12.77506060170524,1494
0,16,0,119.2386762478955,15.4081006235769,1376
0,17,0,134.2645001724817,210.3106122318386,1354
0,18,0,95.90532337208467,9.544974258732054,1144
0,19,0,75.91163099582685,7.601144482335951,900
1,0,0,83.30932001589004,8.383377996846823,970
1,1,0,112.6169117841302,11.49251213650885,1301
1,2,0,133.7858473364445,13.93187425533184,1514
1,3,0,148.5059994781874,15.57897810123531,1684
1,4,0,152.4244221983886,15.5127796256321,1759
1,5,0,157.8451256818808,28.05568382018258,1791
1,6,0,155.887115616675,15.65181893389924,1820
1,7,0,157.3811138403146,16.31718325362807,1819
1,8,0,150.0869521631088,14.90755194991065,1768
1,9,0,158.4742637809633,15.56393763459382,1867
1,10,0,169.6029334153317,171.6304889092804,1811
1,11,0,180.0247480041214,299.1488000634039,1901
1,12,0,157.4278782479365,16.25830120752156,1834
1,13,0,169.6066081371863,17.50094097762259,1969
1,14,0,168.9659434294249,44.63275778846096,1903
1,15,0,161.6475621291017,16.56358565894691,1886
1,16,0,156.291591375348,16.09209730224912,1832
1,17,0,165.4678520005342,153.2025543052042,1743
1,18,0,130.5929308061007,13.54396947433643,1512
1,19,0,101.5647741501972,10.04568870816511,1198
2,0,0,101.2298413535786,10.46568246471778,1164
2,1,0,135.9589932473496,14.5148068243104,1530
2,2,0,154.3036857084802,16.00289409477109,1762
2,3,0,173.986014899815,18.11989375288367,1972
2,4,0,174.5897117795436,18.19227071775967,2003
2,5,0,184.6460645316634,20.12849843708168,2119
2,6,0,179.4405189543029,18.23158109458452,2076
2,7,0,191.3102362640841,40.38652098559696,2153
2,8,0,183.4450252289739,19.76464677571931,2093
2,9,0,185.8360100576937,24.445390606111,2128
2,10,0,197.3097277266686,249.5246632822844,2129
2,11,0,190.7653605628166,176.0229732730891,2061
2,12,0,194.7756021319482,35.99159673535954,2200
2,13,0,196.0490392383221,125.3026413676049,2181
2,14,0,178.2546228400308,18.15534107561198,2083
2,15,0,183.7013064013113,21.97266875680665,2127
2,16,0,182.6711589693318,18.86624995509217,2119
2,17,0,170.0779682144801,18.34995014760975,1995
2,18,0,154.578983956675,50.43413754844109,1747
2,19,0,117.9623409528532,12.25072427613928,1356
3,0,0,115.9055980420588,11.96988258320206,1331
3,1,0,150.5339050896537,16.12442183329291,1689
3,2,0,181.0982417056305,18.82362391754793,2057
3,3,0,200.2946766761147,220.0542678687906,2086
3,4,0,188.9526804150462,23.50015995754417,2165
3,5,0,193.3712248005629,20.28950569081767,2210
3,6,0,191.6334741090513,19.41208717584156,2216
3,7,0,207.3779332073782,113.9481431156549,2279
3,8,0,204.7447832484167,22.21222524298572,2326
3,9,0,203.3023354814582,102.8728183695298,2240
3,10,0,208.4918665153394,81.03445514802972,2314
3,11,0,201.3591241148067,57.66474324259255,2258
3,12,0,192.6296293914016,19.5753285152715,2255
3,13,0,198.6075030447716,19.57102049789329,2341
3,14,0,190.9169237730391,19.15665818463609,2239
3,15,0,202.0685912296461,21.12474190867155,2343
3,16,0,197.3688168906508,21.07200188058674,2294
3,17,0,181.2929482381662,18.21257261604286,2121
3,18,0,162.2758199477532,16.88625747602029,1870
3,19,0,123.1229174030742,12.92899765434118,1435
4,0,0,115.9031357411472,12.18239074421279,1327
4,1,0,153.8336329163779,16.17745061713445,1761
4,2,0,173.3926894678747,40.40458238220377,1922
4,3,0,186.5136698577689,19.12827051704594,2146
4,4,0,194.3479197921232,26.49014511251766,2230
4,5,0,221.0140295867945,373.7231428965912,2332
4,6,0,198.0386777201888,21.52605481615631,2249
4,7,0,203.0255125537887,20.98379123766264,2335
4,8,0,193.0894122879505,19.23042704457926,2254
4,9,0,204.2764246872941,21.79317885840859,2359
4,10,0,204.7247057088591,20.49275266705356,2387
4,11,0,193.0722570059126,18.97732567012613,2289
4,12,0,203.1847981381716,20.15645617665534,2397
4,13,0,202.5232200326046,20.59387829581113,2365
4,14,0,202.978692838495,22.53791831282115,2320
4,15,0,218.0621538580786,76.0393130940395,2437
4,16,0,194.9707100620054,19.05017296077314,2324
4,17,0,181.4654818797583,18.75507981968689,2159
4,18,0,165.1139674018817,27.56838678596147,1918
4,19,0,132.2182481203809,30.97458804224185,1483
5,0,0,117.6258656625851,11.9654317743758,1345
5,1,0,150.4903363742779,31.93101142171503,1715
5,2,0,210.0082522028057,838.0776817985852,2059
5,3,0,187.3008999598683,18.75422572749472,2185
5,4,0,195.998444624399,53.20475748060508,2197
5,5,0,234.0933894073839,1075.445540367712,2317
5,6,0,203.2341081263148,21.53644477040622,2309
5,7,0,210.3316074367341,21.55091564174766,2425
5,8,0,217.5992373622829,22.39356271706611,2507
5,9,0,207.4468664172555,22.39116451030143,2371
5,10,0,201.7831274517759,20.10855300936119,2367
5,11,0,201.2794910241646,20.98959322879993,2327
5,12,0,204.5451065027074,21.07460486420698,2366
5,13,0,205.762299803156,20.71547904281737,2407
5,14,0,204.6438894523622,20.12264452456567,2425
5,15,0,202.4461184363793,20.15355960427751,2382
5,16,0,201.2155436936434,20.51490301619838,2352
5,17,0,180.000972035199,18.04067827051106,2121
5,18,0,163.0396783398501,16.90920139957866,1898
5,19,0,129.4990660865514,13.37676766996712,1504
6,0,0,117.6583064490803,12.27090649986108,1350
6,1,0,157.1890381084895,16.4518858622702,1788
6,2,0,211.3091479460194,585.4649065244724,2069
6,3,0,196.869185200492,29.38529555994447,2227
6,4,0,198.8860840300966,22.84415112166477,2252
6,5,0,211.2256776097489,23.57756929677679,2398
6,6,0,201.7927529126658,22.54122035173654,2312
6,7,0,205.0488177197998,21.53963224345808,2353
6,8,0,209.5934110525494,21.06520722485359,2451
6,9,0,209.1303475339991,22.36655941491608,2372
6,10,0,207.4070489193941,21.08210256204147,2408
6,11,0,211.8393788034568,21.42226085021597,2462
6,12,0,205.9561274517128,21.26188264000114,2396
6,13,0,199.9557282977547,26.43449931198414,2283
6,14,0,217.3647953785552,256.1753798587955,2339
6,15,0,197.1237381530282,24.24158451677678,2298
6,16,0,209.17885826252,21.288171617653,2451
6,17,0,188.9895645883833,19.2880336082719,2206
6,18,0,163.8694887246284,16.98895812901799,1902
6,19,0,121.8568880055833,12.18438057858822,1445
7,0,0,122.0940912127743,13.22084604213918,1383
7,1,0,159.6744450766994,42.93016203092923,1733
7,2,0,185.6244748097695,19.83927492072467,2091
7,3,0,194.8566849619471,31.75680649082225,2195
7,4,0,190.3505115999425,19.60241971500307,2194
7,5,0,204.0568516164047,20.85124547225798,2370
7,6,0,203.5414595397371,20.83299218528644,2345
7,7,0,205.4338578538219,20.38063144938848,2398
7,8,0,200.9055128094101,21.7732156111926,2292
7,9,0,210.4672035084766,21.58830875839098,2428
7,10,0,210.7224918313275,22.09911176843038,2422
7,11,0,209.0389943310861,21.99411069658917,2393
7,12,0,193.4750968448427,18.75963731801935,2321
7,13,0,200.8637087726202,22.1590467158296,2335
7,14,0,207.2789801446032,53.19908686046421,2370
7,15,0,202.0916398947114,20.86111756509128,2357
7,16,0,199.0913987082988,20.2857193850579,2345
7,17,0,182.1825976032437,18.93479890490152,2133
7,18,0,164.8739794359574,17.34525178613834,1931
7,19,0,131.122764583638,81.03957391919033,1472
8,0,0,123.3527367966454,12.60191876079821,1416
8,1,0,169.2670000679435,169.6682735364882,1694
8,2,0,178.0860466080556,19.13721190068398,2006
8,3,0,194.6507925134856,38.21754962669934,2191
8,4,0,198.1554718424919,20.26410810702173,2282
8,5,0,204.4473831739975,21.22547191343936,2353
8,6,0,214.6653754219788,22.58717739228931,2446
8,7,0,202.8419010899783,20.58913626245221,2362
8,8,0,207.7121643141781,21.90662725247113,2385
8,9,0,208.231660893082,24.67003138982258,2386
8,10,0,212.1251624203723,199.3838606203998,2332
8,11,0,204.4752468399515,20.64313857915247,2399
8,12,0,202.7759412365293,19.8349799179803,2395
8,13,0,203.4521292926955,26.02089612019002,2366
8,14,0,210.6715832880571,121.8468938171847,2351
8,15,0,202.5219852588223,19.80602431179385,2400
8,16,0,202.4580901202784,19.92831454346354,2396
8,17,0,217.7613962299893,1249.135603716308,2177
8,18,0,181.5059532173786,190.2726120205403,1940
8,19,0,134.3074678295307,71.27641007981093,1506
9,0,0,119.5934159649071,12.44883817804737,1343
9,1,0,153.6047314521912,15.81381324071384,1750
9,2,0,176.8500538630452,17.75817052438333,2045
9,3,0,196.7353831458613,45.80116399169962,2206
9,4,0,224.2453934091461,182.7939577090462,2345
9,5,0,207.9724312585845,33.73354593306138,2356
9,6,0,217.8404373682462,53.43847317869409,2419
9,7,0,211.5591784116856,25.87824636600021,2394
9,8,0,204.2838935359678,21.00709280015288,2348
9,9,0,200.2593957594345,23.42015123531545,2311
9,10,0,207.2028219012998,21.16357375481668,2411
9,11,0,209.5549317441315,20.80177638000769,2466
9,12,0,206.0250753339954,20.45850643692914,2424
9,13,0,212.6758257588351,114.1937904549913,2353
9,14,0,208.2693990167099,20.67252239183801,2437
9,15,0,221.7711655818628,200.844043811898,2426
9,16,0,210.0025831750818,21.38076646066248,2452
9,17,0,194.2847562579471,46.94305026533556,2260
9,18,0,156.710513425675,17.14988336273485,1844
9,19,0,141.2419442329845,229.0623889599822,1476
10,0,0,113.9880965461122,11.85083697600468,1309
10,1,0,170.4520870437167,159.7022870530667,1819
10,2,0,173.923099419858,18.49704350756599,1993
10,3,0,190.1203446678462,19.87824587745462,2166
10,4,0,209.123208797934,29.74540161135003,2366
10,5,0,200.7664991347635,20.03853708510127,2346
10,6,0,203.5713664149065,21.13006534326586,2335
10,7,0,202.518040236904,20.7961506619846,2339
10,8,0,212.7735139995627,31.00431480410641,2412
10,9,0,203.6125245605417,20.50502211541797,2375
10,10,0,216.4240638308559,68.53377685748697,2430
10,11,0,212.6584715169306,52.65698484328397,2425
10,12,0,202.6277612573731,20.66078530451723,2364
10,13,0,205.622451509292,20.57830040135212,2403
10,14,0,201.7377262753722,19.93775720178786,2391
10,15,0,210.0645506350561,21.99594438571851,2438
10,16,0,202.7626060901885,20.77304342573553,2376
10,17,0,175.5941889812581,17.22389953484586,2098
10,18,0,172.6441965292359,87.50009602875299,1930
10,19,0,126.7955228021565,14.33862650910805,1489
11,0,0,125.4141250715278,53.3964479244855,1355
11,1,0,159.1814453985078,27.4576540787562,1765
11,2,0,181.4787238319908,96.00864920572877,1962
11,3,0,205.4324120527496,182.0125389115788,2217
11,4,0,205.6210141127019,30.0358154519049,2283
11,5,0,202.1626397261151,21.06675953956307,2327
11,6,0,202.0298471882557,21.74208852542775,2305
11,7,0,214.5524424419842,266.5530577664995,2320
11,8,0,204.8611093678665,21.30213669424109,2351
11,9,0,210.3930090775344,69.49080997737978,2357
11,10,0,212.1585467408087,111.7477265603365,2330
11,11,0,205.764656377082,29.32309628414239,2346
11,12,0,213.242189869909,39.06642703963927,2429
11,13,0,210.1286057268313,20.95117521817683,2481
11,14,0,201.8586201763113,38.12045811028431,2322
11,15,0,212.0122408123603,21.74455126704035,2471
11,16,0,210.4914160710834,21.79992599216883,2432
11,17,0,183.4522224990177,18.50507658974226,2149
11,18,0,168.4454613871733,17.17285459535072,1966
11,19,0,128.3148242813742,13.04738932628088,1506
12,0,0,130.4736730484583,304.7048373294407,1288
12,1,0,147.8302225803349,14.79819591718886,1707
12,2,0,174.6819106959689,17.82152929365689,2006
12,3,0,195.5132835186501,49.16464656370586,2179
12,4,0,197.6353207801766,20.06156031808843,2282
12,5,0,198.8641121303574,20.78367635836116,2292
12,6,0,197.6053310117832,20.3375120648095,2290
12,7,0,211.4864290076879,112.9482795796769,2310
12,8,0,210.9628147632739,104.6151307945659,2318
12,9,0,209.8150641375397,67.68492684862454,2340
12,10,0,211.8582128954009,21.86993479584842,2463
12,11,0,210.4609189320619,154.5966549727342,2331
12,12,0,209.6034285824326,27.35174938146117,2411
12,13,0,199.6265576357463,19.98721582404626,2374
12,14,0,196.778240814434,19.83182498361418,2319
12,15,0,210.2838246797847,30.81722762810987,2414
12,16,0,193.9766071121305,19.35571533898234,2289
12,17,0,184.4464796066859,19.36011264502967,2138
12,18,0,162.5071202617491,16.60289351094334,1916
12,19,0,126.0327557187518,27.24569206140735,1459
13,0,0,139.0730871693128,528.6322862788732,1339
13,1,0,152.6770576329064,26.25766576650812,1715
13,2,0,182.6845207893462,34.21870372484791,2048
13,3,0,223.7948373768034,948.4532111149733,2226
13,4,0,193.0711029486262,20.37760965617207,2229
13,5,0,204.3045193527745,20.72218307060379,2364
13,6,0,202.551790315254,30.27142915838581,2300
13,7,0,217.0470562028951,101.8166890482477,2353
13,8,0,199.2433836672175,24.03657976746352,2282
13,9,0,215.9124978289322,22.70401908310599,2466
13,10,0,205.9174786619351,27.89862548935411,2372
13,11,0,202.5602727712319,19.96714046610642,2389
13,12,0,204.7912339026807,20.8035509182846,2384
13,13,0,205.9214434019815,26.79738665215067,2345
13,14,0,202.5805282635956,20.46212653686651,2372
13,15,0,204.7320594863837,20.71213306075963,2389
13,16,0,199.3431491505923,20.0525454175839,2354
13,17,0,190.041010939019,44.90565147874538,2190
13,18,0,166.8968551479321,17.93531506131921,1909
13,19,0,128.6391747564097,12.76129684059729,1526
14,0,0,113.5476629399307,11.47711510503335,1299
14,1,0,157.6220788656956,18.12842985576465,1766
14,2,0,179.8984393980635,20.1540660735584,2060
14,3,0,191.9966747407608,67.49463227112012,2140
14,4,0,190.7174999666319,27.91682660223601,2187
14,5,0,199.0232456861181,20.77752402500671,2277
14,6,0,220.8380109957052,203.0942227984979,2384
14,7,0,207.5510686546304,21.34016023897614,2394
14,8,0,218.3371096269597,195.8848184597036,2316
14,9,0,199.5932838651434,19.98028243425899,2326
14,10,0,207.0467878331247,21.484119118324,2382
14,11,0,205.5852295456284,21.3213844812545,2372
14,12,0,206.6439623920171,21.21722840907033,2379
14,13,0,210.7864815975602,29.08798730406217,2390
14,14,0,199.553243942418,20.16232885722159,2323
14,15,0,202.9948555894483,45.59142439228929,2297
14,16,0,191.7792365556306,18.7938647372433,2283
14,17,0,198.3467909473146,120.9604189016724,2217
14,18,0,166.6632452880935,16.94681167337428,1968
14,19,0,122.884984396168,12.6197073823196,1445
15,0,0,120.9476150102394,12.47458046387465,1386
15,1,0,161.6630856712691,34.6765895330731,1800
15,2,0,208.3560841144713,1031.566669839303,2031
15,3,0,190.0851860584875,20.33357750757431,2135
15,4,0,195.6975189856734,20.28208791760052,2243
15,5,0,208.8711405258933,93.67067714585833,2310
15,6,0,197.3082711363523,20.15869936864566,2282
15,7,0,207.3366435294124,21.361556923231,2385
15,8,0,207.9427562517148,21.38000225366669,2388
15,9,0,198.7743798101681,19.91213337721964,2337
15,10,0,205.4952755573794,25.82043011011782,2335
15,11,0,200.1899947854946,20.10994318418715,2351
15,12,0,203.4852802322875,41.73383751838281,2339
15,13,0,200.8353314596424,25.5132569170487,2327
15,14,0,209.7686751246362,52.4566825061596,2340
15,15,0,200.4038544335261,20.81669129235313,2339
15,16,0,197.6101410736407,59.90963962360897,2256
15,17,0,188.4496605675666,26.98771860634422,2196
15,18,0,164.9700895108537,19.16130722431044,1919
15,19,0,124.603804513194,12.70109623530695,1455
16,0,0,119.268914743836,85.11320621154361,1282
16,1,0,141.2597602645853,14.69424321424708,1607
16,2,0,170.8017714945254,25.69351914661193,1918
16,3,0,184.2629852534603,28.18702442598573,2086
16,4,0,202.9798745310296,145.5444482562754,2131
16,5,0,193.0780117725423,20.05536951395917,2206
16,6,0,189.5147405867173,19.24294462808316,2194
16,7,0,196.0529347167069,20.31606675779491,2254
16,8,0,192.1656688686711,20.45707817713754,2221
16,9,0,194.5073557117031,20.37868252134267,2232
16,10,0,203.7932001913934,22.34536409433567,2325
16,11,0,196.8353873137462,20.34946038281216,2270
16,12,0,203.1695274123206,20.12458995882006,2381
16,13,0,200.2693553327661,26.79673642588846,2305
16,14,0,212.2594575736588,144.186359485693,2293
16,15,0,199.0091523161209,26.98062590074948,2261
16,16,0,195.5092319190198,20.2112167980293,2276
16,17,0,178.7043241072012,18.87264038698105,2062
16,18,0,166.4110229939084,23.80041883540232,1904
16,19,0,126.3576108428531,26.11785439358001,1445
17,0,0,107.6948886601155,11.61019092746958,1209
17,1,0,132.2415055757713,13.40443055568704,1527
17,2,0,152.1247068334548,15.52530237908774,1745
17,3,0,176.8230199328082,18.83359473950395,2000
17,4,0,188.9810041586155,249.034114678194,1961
17,5,0,171.7776474245894,17.46476417909202,1988
17,6,0,189.4931612444909,59.3531684467084,2104
17,7,0,181.4366031491529,18.21263423339594,2106
17,8,0,183.777247948259,18.94538854480611,2123
17,9,0,186.3488148427225,18.90363859155461,2161
17,10,0,182.0335985360232,19.0101607921207,2102
17,11,0,177.8367255877416,17.93968953897621,2077
17,12,0,183.5700360822709,18.40948461720503,2149
17,13,0,192.7633221509126,28.7326656146374,2200
17,14,0,203.4984268085447,301.5766208020542,2197
17,15,0,184.4299898234818,26.94716683486281,2124
17,16,0,180.528176233187,18.11060961290693,2113
17,17,0,170.3725623917093,16.94573896331809,2015
17,18,0,147.1814747275108,14.81506673197711,1738
17,19,0,110.9705776406916,10.73129056157693,1337
18,0,0,89.92091924366692,9.534176098430962,1021
18,1,0,115.3258681484644,12.28535374857648,1335
18,2,0,134.6461798859741,14.27478194770487,1535
18,3,0,147.1952298660551,14.67252470840092,1699
18,4,0,154.846962744983,18.97974656187805,1741
18,5,0,156.4722135197169,18.26926750879844,1759
18,6,0,161.308634713922,16.60040191295137,1865
18,7,0,147.8284236876889,15.4101438777724,1713
18,8,0,155.9285149469965,15.63878009980878,1826
18,9,0,160.750527106149,17.57672050530451,1846
18,10,0,165.0883318324911,233.7786726770537,1774
18,11,0,166.5742158123457,52.16635760033014,1851
18,12,0,158.9752294066153,16.91173335489197,1852
18,13,0,159.5612341738214,15.41510922966793,1902
18,14,0,161.5310164101425,16.21746251228454,1890
18,15,0,161.0017129981384,16.55530128730463,1874
18,16,0,160.1969246917598,18.49734351331417,1891
18,17,0,157.4316244721602,16.24757304877917,1821
18,18,0,129.7595433749412,12.91004220711403,1537
18,19,0,109.6845807385272,38.97200758513044,1208
19,0,0,70.29441037122791,7.490283059224423,791
19,1,0,88.99236419342068,9.876589783328294,1004
19,2,0,108.0956793315195,11.812064944886,1210
19,3,0,129.7509249334262,164.5349663690303,1330
19,4,0,119.3287817563981,12.18042152506828,1398
19,5,0,121.4536135301056,12.76657585479653,1397
19,6,0,116.3654513092284,12.47948585639915,1319
19,7,0,131.8639350679651,62.28233957050546,1411
19,8,0,136.0685527832589,260.9953425830864,1401
19,9,0,124.3420669188335,13.08601949118453,1420
19,10,0,118.0877743424339,15.39768529431883,1345
19,11,0,122.3129569429363,15.3355137170293,1404
19,12,0,123.770387275998,13.16411927742156,1428
19,13,0,131.5358347894847,102.1939560682919,1410
19,14,0,122.7235288126566,13.44923902140574,1424
19,15,0,117.9618470582584,11.50958806655056,1409
19,16,0,140.7775398329757,225.1032271201449,1475
19,17,0,115.555897438494,11.59544711446343,1361
19,18,0,99.1333281301124,10.37693308169781,1153
19,19,0,75.73491249713587,7.54235744084701,902
