# mesh name: boxMesh_1
# primitive scorer name: doseScorer
# iX, iY, iZ, total(value) [MeV], total(val^2), entry
0,0,0,67.9652463080925,7.602185756002662,737
0,1,0,84.22141940289937,9.097863909235702,941
0,2,0,95.43372743262145,9.419685384238749,1086
0,3,0,113.0113232355792,11.98175743530843,1265
0,4,0,118.9917455619354,12.33223597426017,1348
0,5,0,121.4894743082361,14.07875537525364,1353
0,6,0,122.2688469694334,12.83300398177381,1373
0,7,0,121.2257700219618,12.61604276207033,1376
0,8,0,124.7320517531896,13.16189851680144,1422
0,9,0,123.3288272668095,12.52319376998724,1422
0,10,0,123.9206788445444,15.43595337521603,1409
0,11,0,117.6479348028698,11.41601669161817,1383
0,12,0,123.4496510091648,12.59836213334773,1423
0,13,0,125.3768820969261,13.32941290665681,1427
0,14,0,121.5378938884116,11.99352006218737,1430
0,15,0,122.2695327450151,13.29720359647386,1405
0,16,0,119.3187359995734,11.76067691510874,1434
0,17,0,120.3423571425695,16.53559680684585,1402
0,18,0,111.1119267986254,11.17848587560619,1301
0,19,0,85.6825904465406,8.673163960392525,1010
1,0,0,85.86174771845791,9.639909803158362,925
1,1,0,107.9833814313822,11.30577874869476,1192
1,2,0,122.3278825140441,12.65154492760294,1372
1,3,0,133.9955567545278,14.21612298892941,1494
1,4,0,149.9213480122835,50.00483467880629,1604
1,5,0,146.8159989797564,15.44637709723907,1631
1,6,0,149.0138637962146,15.77468921587332,1673
1,7,0,157.4902347621796,16.55932224516144,1781
1,8,0,150.9683979056026,16.02962357222174,1715
1,9,0,160.4992171049915,17.56763645112893,1795
1,10,0,158.1899087173396,16.0578096908132,1817
1,11,0,166.4506308322827,41.41799836761837,1865
1,12,0,153.362288451121,27.40256316613525,1729
1,13,0,161.9251536555729,16.83321599182875,1865
1,14,0,153.5951422317212,15.71855871494901,1810
1,15,0,183.8539373620114,715.4617013360486,1868
1,16,0,162.2953565228323,40.04053243925976,1818
1,17,0,161.2041781288819,16.45730253950639,1881
1,18,0,146.6381066034076,41.91710981160053,1654
1,19,0,124.2653493391843,101.820423427149,1348
2,0,0,101.3799691711105,53.15286334525673,1030
2,1,0,131.1301432633351,43.75607041513096,1390
2,2,0,151.5062856116562,63.02435460774991,1618
2,3,0,154.6598130031216,16.60486283057904,1725
2,4,0,173.2369985823554,29.54334138573333,1903
2,5,0,170.9260672545733,17.87800291497302,1932
2,6,0,180.5671467335889,20.89929753269996,2036
2,7,0,179.5047278206364,152.487937560165,1918
2,8,0,187.6880954717032,43.82920920860602,2065
2,9,0,201.9293354825578,488.399193661539,1962
2,10,0,183.2182615300737,24.03688209472025,2082
2,11,0,185.798653918146,19.10605659066538,2132
2,12,0,188.6321200593028,34.11103061233283,2124
2,13,0,179.2954287836969,18.83119955646259,2064
2,14,0,185.3234733138705,19.59651662566759,2138
2,15,0,182.6822191648099,18.14181271945292,2157
2,16,0,180.5822233405079,18.40735365352073,2122
2,17,0,178.3278528826794,28.7835317275039,2025
2,18,0,164.0675801605986,41.72679756332913,1913
2,19,0,122.6263156434448,12.06391482049849,1467
3,0,0,108.7082517426152,15.49228782489578,1158
3,1,0,152.5669646077475,311.9113089041264,1485
3,2,0,163.6309640717372,17.33788277124767,1830
3,3,0,171.2941618630499,18.04396711806214,1917
3,4,0,187.8519950429603,20.24142591921443,2082
3,5,0,195.1164525212023,20.10956319211394,2219
3,6,0,188.3335584069866,19.98003962402012,2116
3,7,0,187.2429044821033,19.20832969256161,2153
3,8,0,198.6921274912544,21.3112802520906,2234
3,9,0,187.0592931356658,19.73026501788747,2117
3,10,0,207.002227887793,168.2904658652821,2235
3,11,0,197.4732086594006,54.17551228788358,2191
3,12,0,198.5932860584591,22.01149200475505,2256
3,13,0,215.8096695444547,325.8046266746265,2264
3,14,0,204.3356363687272,86.71839476453339,2261
3,15,0,193.1997709671714,19.22904044227198,2287
3,16,0,198.088998396746,19.32761139993962,2348
3,17,0,188.3777933970969,19.19365924887453,2220
3,18,0,164.4341767567308,15.78006843203444,1973
3,19,0,131.1920757950912,13.23200081351169,1562
4,0,0,121.5435157651487,94.45602916612273,1212
4,1,0,149.9071612083799,39.72788096340356,1617
4,2,0,165.5940558322561,42.13464041763125,1790
4,3,0,186.9466374863943,20.79050124552171,2068
4,4,0,202.5441043362749,138.1644549600143,2134
4,5,0,192.0776976257311,20.21540742821389,2156
4,6,0,197.619879036221,20.55128530579461,2231
4,7,0,202.2678259860802,21.01678349627976,2296
4,8,0,191.0143360380222,19.62407273443271,2181
4,9,0,201.7668177360569,20.83999069192661,2320
4,10,0,205.0056035779564,22.90591934158911,2362
4,11,0,229.9208054151908,204.0793195984973,2362
4,12,0,218.0718533457447,158.3551147759089,2347
4,13,0,204.0158932827573,21.82450672795041,2362
4,14,0,207.7072909064067,22.61972672179659,2408
4,15,0,206.5277829663296,40.33887949644293,2340
4,16,0,203.4258525909636,20.92134742049823,2395
4,17,0,195.6781329087433,41.26746043571914,2263
4,18,0,168.3852936463134,16.65588807666573,1995
4,19,0,134.7115054431747,36.39660046304159,1531
5,0,0,113.995538229732,12.33913764967074,1251
5,1,0,136.7100230193574,14.67081382083252,1525
5,2,0,163.6593490632724,17.82742761284872,1828
5,3,0,178.6612119515892,18.60906816290157,2009
5,4,0,208.8581474635165,150.0764643621073,2174
5,5,0,230.8041585305316,730.9906098018515,2177
5,6,0,216.101716025076,188.9635992890633,2272
5,7,0,202.6915698852659,21.58566077963492,2289
5,8,0,206.0084261464758,21.23587466553212,2368
5,9,0,205.8781100140058,21.41038275981242,2354
5,10,0,216.0662655921758,132.5810829934576,2342
5,11,0,222.8114176952846,191.7070208312803,2314
5,12,0,222.9871713864233,203.0993782077197,2359
5,13,0,220.0455651951638,396.460496136925,2338
5,14,0,218.9834770764899,325.72282855524,2344
5,15,0,207.9846070804039,21.48567251054586,2424
5,16,0,192.7619990507303,19.09025833078116,2288
5,17,0,197.5905703649078,20.23386716072535,2299
5,18,0,173.6848219814462,17.34831900740384,2071
5,19,0,137.806426442249,14.34851796880255,1629
6,0,0,115.9966628537135,12.23572892267005,1288
6,1,0,155.7001691236856,104.3233273271003,1582
6,2,0,166.9453925527813,17.79044062462098,1852
6,3,0,184.3880228611081,19.57203935325223,2053
6,4,0,199.8724603023873,22.07276392021052,2189
6,5,0,196.026681666049,21.07276584045699,2188
6,6,0,190.5774522220521,19.725284198509,2165
6,7,0,204.879161548073,35.39795863162183,2286
6,8,0,233.7242403435515,422.9148657771159,2335
6,9,0,209.1714457010402,21.66510293003178,2394
6,10,0,200.2789988365722,20.19566015114364,2314
6,11,0,211.4861053261328,22.85268773343196,2393
6,12,0,201.2810270917894,21.35693339978868,2319
6,13,0,206.7060891547906,26.23571111764901,2371
6,14,0,206.7625437895444,54.15077209761185,2317
6,15,0,211.0096621756491,223.970118059065,2347
6,16,0,205.7461494095823,20.46759113928665,2445
6,17,0,190.3840010014081,34.27495023853612,2215
6,18,0,178.6860314663708,23.86078270058858,2062
6,19,0,138.0018778225007,33.76286775855895,1600
7,0,0,144.1137379901103,597.9695324757859,1303
7,1,0,143.5632045699639,15.32939650789565,1590
7,2,0,165.6996840215025,18.14570069388956,1819
7,3,0,181.8658595886074,19.13759723050784,2043
7,4,0,200.1072108348161,21.64319600404341,2251
7,5,0,208.2550956513199,28.82599069795143,2303
7,6,0,218.5794646573376,255.9978609420054,2307
7,7,0,202.8266522247676,26.74977371601979,2292
7,8,0,201.5160178394907,21.34477960715827,2281
7,9,0,216.8273719267873,71.99048460042123,2374
7,10,0,211.9459111205943,33.64479782119928,2360
7,11,0,211.8605965670882,43.11688631524382,2347
7,12,0,206.7805747177155,30.7864086981879,2373
7,13,0,214.0723495017275,22.89939267033214,2485
7,14,0,212.9676987849099,22.28355134086357,2460
7,15,0,234.1775920370033,863.2817731025359,2349
7,16,0,208.8533781201748,21.1276486272291,2458
7,17,0,200.4496734076235,20.92316996047882,2336
7,18,0,175.4415124527683,17.75135239491585,2070
7,19,0,144.6807920004455,160.3961084820989,1571
8,0,0,142.3679760396767,599.1389110751251,1235
8,1,0,148.0203032956714,16.15604480006515,1614
8,2,0,162.5240468343113,16.71014595028596,1817
8,3,0,176.9255396871391,18.25993293192666,1991
8,4,0,198.766871032784,31.04948608100106,2192
8,5,0,202.8492724427788,21.80497508641125,2271
8,6,0,199.4072908304898,20.81728847449986,2258
8,7,0,201.5067856914338,20.94673100976243,2283
8,8,0,205.2015660585681,21.60945027828021,2318
8,9,0,202.0876376774352,20.96171275081066,2292
8,10,0,206.2558400150054,20.52338987464464,2416
8,11,0,219.4937172530136,83.30301466237444,2397
8,12,0,222.1667405039905,434.737744345736,2334
8,13,0,216.6705039838668,136.1054443403326,2353
8,14,0,199.9410841304593,20.2212499873766,2354
8,15,0,204.8159135861711,129.0361746251351,2276
8,16,0,193.3045497220527,19.1555574135427,2290
8,17,0,195.8025981277937,19.97960782969837,2293
8,18,0,174.0747360432809,17.6082759218599,2052
8,19,0,145.366011495371,32.26192125200711,1652
9,0,0,118.8517040538879,37.72813243338074,1256
9,1,0,143.0158485731693,15.58689227298798,1564
9,2,0,168.3372839345782,18.00397887250096,1870
9,3,0,189.1738285058197,20.14990350740862,2101
9,4,0,203.4883057755092,22.03056434871278,2244
9,5,0,203.8918889616544,20.73095226839861,2327
9,6,0,215.0657922847853,25.31738327465539,2410
9,7,0,213.8890943397833,149.8956337874291,2303
9,8,0,201.9231073735319,21.28323918211327,2297
9,9,0,253.9927844273886,604.8500640599268,2431
9,10,0,212.6002433319154,96.70911437694862,2361
9,11,0,208.6727056749268,21.25675894174156,2415
9,12,0,200.5984564180924,25.19892275505993,2326
9,13,0,227.5843947854746,263.9278789461091,2384
9,14,0,213.0516447903935,48.24313973991583,2412
9,15,0,208.5541171720683,20.87414137111458,2463
9,16,0,213.5974101976552,126.6100123218644,2395
9,17,0,193.5740039188535,19.59743942755302,2310
9,18,0,172.0817562809581,17.26501268196462,2042
9,19,0,135.9547989999899,13.77355025966862,1617
10,0,0,110.3196609221698,11.74900210557732,1222
10,1,0,150.9504047559088,32.01695090056909,1656
10,2,0,165.474611891202,17.39597828745426,1838
10,3,0,201.9558926241005,100.9393656803628,2154
10,4,0,192.3437906961816,19.63648042817176,2184
10,5,0,195.7187652799181,20.29163726536512,2208
10,6,0,202.7979603075166,20.863666987391,2303
10,7,0,203.1834075003945,21.22971344325435,2299
10,8,0,205.0131249068661,24.80989092151144,2299
10,9,0,204.2645941636272,20.46098576995672,2355
10,10,0,228.0650112728054,307.3021463750632,2409
10,11,0,207.4080077339961,21.50742954427132,2376
10,12,0,205.051848699793,27.41758111654605,2349
10,13,0,247.6254124687439,482.9957184510727,2454
10,14,0,218.2316429961667,80.10455034184697,2422
10,15,0,203.8569220626712,22.94824467016208,2372
10,16,0,199.0199598792641,19.80671988862363,2372
10,17,0,199.2316034380991,20.13896293158495,2355
10,18,0,174.5133010889363,17.23434804733615,2078
10,19,0,138.4806595907216,14.20506865841686,1631
11,0,0,121.7873058362994,28.67354092921232,1275
11,1,0,145.8635322310149,15.79712975209967,1597
11,2,0,171.0736809834168,23.63626348677578,1882
11,3,0,184.0827626283351,20.08114312945392,2045
11,4,0,193.0763334330344,20.3073465375799,2163
11,5,0,207.075200934459,22.08272983017818,2315
11,6,0,218.0420807397139,101.4474676556131,2323
11,7,0,199.3850914127593,32.40405207079404,2238
11,8,0,206.4441320030523,21.19673510884789,2352
11,9,0,199.721418873737,20.56604209717127,2298
11,10,0,199.6766739427763,30.24445679706479,2236
11,11,0,223.4677566082715,105.1421849664696,2399
11,12,0,216.039320401524,93.96989023210983,2370
11,13,0,208.1039612700018,21.36325622676829,2410
11,14,0,200.6129106183878,20.74856093711218,2326
11,15,0,206.3206889324801,21.07600150403278,2421
11,16,0,203.834821692654,25.76532840045632,2383
11,17,0,196.1217880372375,19.94065828491323,2316
11,18,0,177.7951794100358,18.14917388840545,2092
11,19,0,135.2894944833629,13.85498155380855,1586
12,0,0,107.5041391011062,11.28190664540955,1199
12,1,0,141.1641327003408,15.00843059075902,1570
12,2,0,171.3163800499358,18.51493523227833,1883
12,3,0,190.3374040297163,20.90710004810559,2084
12,4,0,196.7114140375255,22.0928358530535,2170
12,5,0,202.6593255774137,39.00082157084617,2236
12,6,0,201.7075445475058,27.02954524939239,2213
12,7,0,213.4940747629554,486.2865543912515,2180
12,8,0,204.3761466532883,21.77512649348147,2315
12,9,0,193.1198338282922,19.57389166992977,2225
12,10,0,209.4575791046297,22.0550570077888,2376
12,11,0,203.3141836862569,21.43773788668227,2328
12,12,0,207.7849449796603,20.75201340844927,2434
12,13,0,198.8953131708796,19.55284381236454,2365
12,14,0,204.527723852379,20.24296398150608,2431
12,15,0,203.1805815651402,20.30112971372036,2401
12,16,0,194.3858467603228,19.28105813002277,2305
12,17,0,190.298811396473,46.66767830127139,2245
12,18,0,174.3869499594204,17.71312765569235,2071
12,19,0,127.4314897313254,12.86209627830713,1520
13,0,0,121.3389503164879,48.80671143642112,1272
13,1,0,145.789567051138,15.40275521554614,1619
13,2,0,169.9042444748584,18.22190962573523,1876
13,3,0,184.1628542526336,19.73577884550745,2044
13,4,0,193.2836384324482,22.10150238681796,2171
13,5,0,203.7821563235733,20.87757706010619,2315
13,6,0,199.6287619698633,20.3031125842368,2278
13,7,0,206.8079270033648,27.08178023568998,2326
13,8,0,208.7803926324441,22.35760117264304,2334
13,9,0,211.0939556017751,74.01615879511296,2326
13,10,0,207.3326195184124,50.21061505464509,2327
13,11,0,198.8923962533113,20.24714227975305,2311
13,12,0,203.0119750961543,20.54959674924722,2368
13,13,0,198.920814963144,21.57520902872362,2307
13,14,0,224.1140082591957,373.5019752993582,2381
13,15,0,195.182431890592,21.57690552210359,2298
13,16,0,203.6199913062915,20.87276891312284,2388
13,17,0,192.1932551953312,30.43216816414417,2254
13,18,0,202.9381527647912,411.2116162972375,2137
13,19,0,134.3513570009067,13.78382343803354,1572
14,0,0,115.7603531241037,14.09476658402972,1269
14,1,0,143.4138525571389,25.48565512192486,1568
14,2,0,174.1057387011734,18.83155706009275,1920
14,3,0,172.9226475533579,17.4308701518386,1993
14,4,0,192.8130843723756,20.31805515546113,2164
14,5,0,197.1040073256814,21.54265750340201,2204
14,6,0,229.4004272677168,349.4649022890153,2281
14,7,0,204.6473236791264,20.87357719625518,2330
14,8,0,198.980029866143,20.67634800673579,2268
14,9,0,201.4038225728906,21.10496226971452,2291
14,10,0,206.6968915870048,22.37968875803007,2375
14,11,0,207.5630573862433,21.671249500571,2368
14,12,0,214.111335545788,67.56762807100408,2386
14,13,0,205.7918280703886,21.52593862712215,2372
14,14,0,203.2072368138278,20.3768035730913,2386
14,15,0,206.85454815496,52.845921217743,2327
14,16,0,202.472692167185,29.75503859397149,2338
14,17,0,206.7052105838699,244.1409405134967,2275
14,18,0,179.7491180453998,18.52533799563922,2098
14,19,0,137.6106223771118,13.75243673766524,1628
15,0,0,111.3420486007475,11.88507395884213,1244
15,1,0,145.2632738956776,15.83546609825299,1608
15,2,0,161.1847430104691,17.46528852911917,1768
15,3,0,190.078232546376,26.21791522000219,2058
15,4,0,184.749214371121,32.1409718278152,2059
15,5,0,190.7426355302096,20.62830975738225,2120
15,6,0,193.085623170792,81.70430566852035,2130
15,7,0,209.040512014528,21.62783108777693,2359
15,8,0,198.2158150843046,20.67326309217179,2241
15,9,0,205.1681863328224,21.11827151545236,2358
15,10,0,196.7771166310858,28.97864796807574,2232
15,11,0,200.5122992318602,20.66970810875566,2301
15,12,0,205.6791553866166,20.5778256028998,2399
15,13,0,201.8990956421722,28.69970475075766,2291
15,14,0,219.3734291802116,455.6548869744056,2275
15,15,0,221.0061779159126,152.7640743793157,2384
15,16,0,212.3398896481628,87.2199149033417,2382
15,17,0,190.5084929529189,18.54780575092746,2283
15,18,0,164.9433216752726,16.73317263636108,1954
15,19,0,133.1819076782945,14.83657122687282,1578
16,0,0,98.83488847957165,10.31478826704237,1098
16,1,0,128.5073443758672,13.65098688688273,1423
16,2,0,160.0558931708266,64.39251951928647,1721
16,3,0,180.0262652947513,210.3388877897462,1862
16,4,0,184.2013350379211,19.05234254973256,2072
16,5,0,187.6406942168419,19.43720226620704,2120
16,6,0,188.5338147787095,21.38227505313801,2108
16,7,0,189.6496572937965,20.1185168649761,2136
16,8,0,199.3930233556644,147.7826491560185,2168
16,9,0,190.6679276268121,19.52906006736916,2189
16,10,0,211.8828614204686,191.8505766360075,2212
16,11,0,197.1612879849907,22.26977644247741,2251
16,12,0,196.058329512952,23.4365051693379,2256
16,13,0,189.5941782229246,18.91966467432071,2225
16,14,0,208.3762714844432,37.72370663262473,2394
16,15,0,196.0476043366645,20.36347460373649,2273
16,16,0,197.0731597560634,19.46903268588997,2358
16,17,0,198.335289013244,139.4228274315353,2199
16,18,0,187.9107010323132,213.9150832611099,1999
16,19,0,130.5752576538377,13.40594924044962,1539
17,0,0,94.12267043206069,9.917570888710008,1042
17,1,0,128.0330713936614,14.21722403911866,1390
17,2,0,141.3787685161348,14.80951984795953,1581
17,3,0,164.0663019752306,34.3124733651003,1782
17,4,0,168.855945943857,62.44004006505417,1827
17,5,0,179.5748904183662,73.85207419690397,1925
17,6,0,178.7732858513891,80.56788017589226,1918
17,7,0,171.7198429562885,17.29971492402912,1959
17,8,0,178.9263370635565,52.97986452213122,1967
17,9,0,182.9100746408114,75.25547341605638,1999
17,10,0,178.5592125004381,23.88293144075212,2037
17,11,0,177.9417837814624,18.25175989491758,2045
17,12,0,183.3600599007853,18.89652004079878,2127
17,13,0,183.1519866044119,19.53536421038248,2126
17,14,0,185.1995956416989,22.52986793386673,2109
17,15,0,183.4606750948938,18.57452390449496,2164
17,16,0,181.7877121072047,18.31673373069906,2137
17,17,0,174.738860870104,17.52765278368372,2067
17,18,0,158.0697045514665,16.13764202590608,1863
17,19,0,127.2635392168951,12.69403776917875,1504
18,0,0,85.10268796172639,9.058994825508657,961
18,1,0,101.8078754132534,10.73354001092914,1129
18,2,0,125.1558469962711,13.72129834829829,1376
18,3,0,142.6830886205923,97.36658597521128,1483
18,4,0,151.3893478451546,27.66582247618932,1639
18,5,0,145.5415487639212,15.73616514373235,1631
18,6,0,162.8771171084915,35.62050284937196,1753
18,7,0,155.7478608439499,16.40912047436085,1754
18,8,0,152.9211214870689,15.9571000686155,1734
18,9,0,155.4622290933334,45.96075800545545,1709
18,10,0,148.9143226078173,14.61299660327689,1753
18,11,0,183.9526744490423,799.0843338919426,1801
18,12,0,153.8461291219371,15.29611994829781,1804
18,13,0,155.2757651668887,17.65656558353384,1817
18,14,0,161.6023329714328,16.02760132568968,1915
18,15,0,156.5894804387085,15.55965832106228,1855
18,16,0,166.0279960660933,17.15889980333227,1934
18,17,0,147.9001124307316,14.35149721622739,1780
18,18,0,139.2720886830184,13.29451257921253,1687
18,19,0,107.5087554296784,10.49107337265376,1296
19,0,0,66.31191561951836,7.046733115938785,744
19,1,0,81.14582391710503,8.460291900396561,901
19,2,0,102.5749632524991,11.17001787310909,1130
19,3,0,108.8294137079891,12.23402502799454,1185
19,4,0,110.8380772907989,11.85659627025138,1263
19,5,0,116.6148329578483,12.11816303249332,1317
19,6,0,132.8929010867782,232.2108546027398,1340
19,7,0,125.4817433975902,14.49786251069577,1417
19,8,0,121.6469370840906,12.66883047768982,1395
19,9,0,119.0259977875649,12.38183659631816,1368
19,10,0,116.3434257288953,11.83055095745858,1339
19,11,0,122.517054532956,12.56703753847078,1418
19,12,0,124.088017223757,12.69754725359938,1450
19,13,0,119.7169285926949,11.79069337880891,1409
19,14,0,120.0384215076102,12.17322870813872,1398
19,15,0,121.0654039266295,11.7322370230721,1439
19,16,0,115.8505016052276,12.17019177273739,1351
19,17,0,119.284441320141,23.02445806961587,1364
19,18,0,106.1212778721242,10.35328603865811,1281
19,19,0,83.70981890733789,8.482785514646888,988
