# mesh name: boxMesh_1
# primitive scorer name: doseScorer
# iX, iY, iZ, total(value) [MeV], total(val^2), entry
0,0,0,63.43600787038337,7.658505863103703,666
0,1,0,82.83049155857998,8.67223120209036,913
0,2,0,96.19668329490641,9.967337997366075,1073
0,3,0,111.0855487346267,11.55756328727255,1246
0,4,0,113.6495771029039,11.69923035005189,1278
0,5,0,117.9449147073274,12.69336317753989,1311
0,6,0,119.7955819919736,12.73719566805381,1340
0,7,0,119.8667360293975,12.98427348334783,1334
0,8,0,125.4296748634987,76.76284303026095,1327
0,9,0,129.5691288351902,50.85515717872617,1403
0,10,0,113.7068995365458,12.18311458523907,1276
0,11,0,147.1436879566961,773.8051347871682,1380
0,12,0,114.9945551656715,12.00797064807426,1308
0,13,0,119.6171001820076,12.22413199169866,1377
0,14,0,123.3152156203068,12.5207295187453,1447
0,15,0,128.6581306772278,100.1362405669311,1353
0,16,0,115.3383546353203,12.03583445024583,1318
0,17,0,121.7522411204881,28.49743559402831,1355
0,18,0,95.26327247489128,9.995927666991713,1103
0,19,0,72.80378798778298,7.374719639616514,848
1,0,0,86.67854273657251,9.46007693029572,946
1,1,0,105.3329327005507,11.03352363526059,1165
1,2,0,118.2033035788413,13.08377644929055,1288
1,3,0,141.7186730198721,22.64171478093743,1528
1,4,0,142.1130706724459,14.89853798619394,1588
1,5,0,145.6563841981601,26.61813216071699,1584
1,6,0,146.0495088949699,15.79295035604595,1606
1,7,0,155.4738701513146,16.89349771878783,1724
1,8,0,161.2723949967477,29.07563035749592,1740
1,9,0,152.5407564034892,15.70327085801515,1744
1,10,0,157.2319581627579,28.28156718124047,1755
1,11,0,152.1769564609695,26.36701254022301,1694
1,12,0,148.2419223412731,14.64485597328998,1727
1,13,0,147.3741290103146,15.18769752798397,1679
1,14,0,151.5067167631088,15.85339476758032,1724
1,15,0,149.8570775585314,15.18748220887603,1731
1,16,0,159.921575291583,249.3661281573253,1677
1,17,0,161.7313603838884,292.2866064782839,1612
1,18,0,125.011815595432,33.80677771634083,1388
1,19,0,93.2221935871696,9.46353324035138,1091
2,0,0,95.40424721393201,12.25040203981265,1045
2,1,0,114.9296461877733,12.28555652790448,1262
2,2,0,150.7582538545241,116.0873237734164,1535
2,3,0,151.8037188910222,16.81835577723973,1669
2,4,0,166.2462543278388,18.11523610932528,1830
2,5,0,166.1918543195373,17.37361311011937,1861
2,6,0,177.6859854231822,18.25601713637839,1998
2,7,0,172.5741282615737,18.27063407799236,1926
2,8,0,177.328613907844,22.48020674032498,1941
2,9,0,178.7053218538448,41.39661911616436,1935
2,10,0,173.7792729893147,18.29939885571316,1971
2,11,0,177.9715933633624,18.88130940984907,2013
2,12,0,175.1176129094262,18.40393149404913,2021
2,13,0,183.5300716557495,26.41024454687178,2048
2,14,0,177.684345750118,18.015861334903,2046
2,15,0,175.5942664989325,18.40069225352788,2039
2,16,0,165.8672354632376,17.2389574730269,1916
2,17,0,164.786459883146,16.71707207052402,1909
2,18,0,153.3743908987548,57.71145982457515,1707
2,19,0,113.1344813155227,11.26062769132266,1336
3,0,0,98.75990270154574,10.27597219672642,1096
3,1,0,131.8000261992295,14.34748515311324,1442
3,2,0,153.3681892434886,16.44732881703689,1683
3,3,0,163.6486978870116,17.12583550546114,1847
3,4,0,185.4435678159484,19.43874466178325,2071
3,5,0,188.1289691145678,35.30425404972456,2072
3,6,0,191.1621889580556,20.9185654118161,2097
3,7,0,189.8211927905996,26.25267377874821,2104
3,8,0,192.995328677934,65.45449571243465,2084
3,9,0,197.9719075559686,83.77448538430816,2091
3,10,0,205.1372206928265,397.065863356591,2103
3,11,0,191.4502197232025,20.5663362721331,2170
3,12,0,194.4503882653125,25.71328056437061,2197
3,13,0,191.248089314613,19.38169925455961,2208
3,14,0,191.1930013503613,19.82559334444882,2184
3,15,0,193.9242513215156,19.70967659419051,2224
3,16,0,216.4845960447234,699.6333997510654,2188
3,17,0,176.3515080661023,18.64353205785524,2001
3,18,0,163.8154713650362,63.90702751188185,1805
3,19,0,130.3793911506561,37.96200732655508,1439
4,0,0,104.5423449902672,10.87815700738024,1163
4,1,0,175.1422851935243,856.7102766392894,1466
4,2,0,170.1142201640322,27.30510303199037,1844
4,3,0,170.8282795998905,17.65087156375388,1910
4,4,0,190.4109745414178,20.31721756184405,2103
4,5,0,194.3279885945494,20.7830101520598,2164
4,6,0,206.5580442697055,47.90274272479853,2256
4,7,0,193.0006162614877,44.85883326914763,2126
4,8,0,203.1056086864617,66.54128106423367,2194
4,9,0,215.0062247312014,351.2526674741586,2220
4,10,0,195.6893314471249,22.8612623730818,2200
4,11,0,191.6941864719084,19.46514912279491,2190
4,12,0,211.2084026771835,268.0596351911362,2245
4,13,0,219.8259346307406,325.7105543212308,2322
4,14,0,191.9903923146762,19.48144889583879,2216
4,15,0,194.0692106601239,19.94650290364199,2227
4,16,0,189.5113627342347,19.22787901570184,2216
4,17,0,174.3615334616416,17.74130371013755,2014
4,18,0,156.1007221193615,16.35006513461071,1802
4,19,0,119.2347405606429,12.17877153719797,1377
5,0,0,115.0047238972218,13.69472970991658,1232
5,1,0,145.1192396355702,40.59209264041952,1523
5,2,0,168.2312094497245,18.10496498911964,1852
5,3,0,182.500301916481,34.79764273733666,1999
5,4,0,195.740468317121,21.51601580487257,2145
5,5,0,192.5449194429773,20.89460066686131,2123
5,6,0,214.3834274790345,183.203793554218,2229
5,7,0,195.9510896338574,21.64649756825096,2218
5,8,0,204.2620352837495,21.72632216165751,2297
5,9,0,226.8338927814917,385.9316119429218,2275
5,10,0,212.3614598860899,22.15629281467547,2415
5,11,0,203.036850876463,21.15856307220427,2300
5,12,0,217.33071045893,66.31676336731475,2389
5,13,0,204.9488780306366,21.20725753210839,2341
5,14,0,230.5226093355568,349.2238972445429,2376
5,15,0,201.0389686016181,46.40206924884122,2307
5,16,0,205.2810850908751,31.1983659753274,2343
5,17,0,199.0268633580526,254.5798437264426,2134
5,18,0,156.7089398431135,15.6456186438915,1849
5,19,0,126.1985412523353,12.33963304232416,1508
6,0,0,114.61694144187,20.228677267052,1235
6,1,0,145.94413200439,15.990454946496,1587
6,2,0,164.4236009302666,17.30902470875098,1824
6,3,0,203.614019221118,282.9140984133745,2051
6,4,0,195.0442246197748,22.81839732309518,2128
6,5,0,208.5460360192941,57.08306409166871,2240
6,6,0,205.1968143264415,29.80225924665664,2270
6,7,0,216.1517820650041,103.9164958940398,2257
6,8,0,203.7588274502617,51.32671153124625,2235
6,9,0,211.9834195408285,26.14809847404413,2364
6,10,0,206.5916382538103,21.32174547958406,2357
6,11,0,199.1291440567563,20.41719936390116,2284
6,12,0,201.1621201842908,30.38418759039314,2284
6,13,0,205.6953285035772,21.98945282939161,2323
6,14,0,208.8654186369471,21.33586957771001,2403
6,15,0,220.6177228881569,72.64252466130523,2385
6,16,0,199.5968724256155,21.52958699508337,2296
6,17,0,184.1938544603835,18.66862934929971,2143
6,18,0,160.1540710627681,28.43452385273568,1844
6,19,0,122.3121671896266,12.98893527934425,1425
7,0,0,107.4499367768489,11.17321278815002,1206
7,1,0,144.7626625477403,15.52165967252455,1579
7,2,0,168.8116059519345,18.15235086207606,1852
7,3,0,182.624588928447,19.80973669110595,1995
7,4,0,190.707715399344,19.92229034420913,2134
7,5,0,200.9617770163086,21.69258948908124,2224
7,6,0,205.8821281474213,170.9176688419336,2150
7,7,0,202.5750817358601,26.94794227282935,2244
7,8,0,243.7564127507045,861.2865649184598,2342
7,9,0,208.9011110900888,22.28014171717628,2332
7,10,0,207.7136751683451,21.36079393428533,2354
7,11,0,208.4918665469159,22.30698732194492,2327
7,12,0,201.9982865008438,23.83208566987039,2264
7,13,0,213.3578671228799,82.92355526251485,2338
7,14,0,217.8457644403341,77.35498439001326,2368
7,15,0,207.814714647042,112.6033603770544,2294
7,16,0,186.1360886187228,17.91069679688566,2214
7,17,0,190.1378063372829,20.68153198692963,2179
7,18,0,158.5037777853005,15.91436968291347,1848
7,19,0,127.8285421171833,13.69898380582234,1478
8,0,0,111.4172166033467,11.78695035735583,1223
8,1,0,155.5133905665244,22.69406973474189,1687
8,2,0,171.6135915133529,41.65889450648223,1841
8,3,0,186.3119315706205,20.05337013567194,2059
8,4,0,210.7674848534044,317.1245503290986,2133
8,5,0,198.0361086767862,21.42456660354487,2188
8,6,0,205.7277434017802,21.29914895281737,2318
8,7,0,226.4860678593189,589.4984442087224,2241
8,8,0,213.2236378000374,249.1614537140507,2189
8,9,0,203.2202958669102,21.09352464848169,2317
8,10,0,209.8401079895294,21.43922552094319,2406
8,11,0,207.5209286385372,24.46415230156072,2290
8,12,0,202.9895557305082,21.13669523122613,2323
8,13,0,199.1457317828389,21.65216064872769,2269
8,14,0,208.2837040180617,95.77020125255659,2259
8,15,0,207.2314050266212,27.54831542331927,2358
8,16,0,204.1755998186892,21.06547139445991,2349
8,17,0,182.8301035026012,18.52268077523642,2115
8,18,0,154.3828593803042,15.90486732570973,1778
8,19,0,142.1984515378069,70.7972839876395,1552
9,0,0,106.6646512876931,11.25060245317033,1183
9,1,0,140.3223913343644,14.78865618367068,1555
9,2,0,165.8731650227001,17.85547942416182,1832
9,3,0,186.7564626571768,20.3453042039399,2037
9,4,0,196.3186602399388,22.76159586670134,2152
9,5,0,213.0837052156509,53.53353067950107,2316
9,6,0,215.8202201785934,26.29661509435437,2382
9,7,0,222.7478117095077,330.8940074470096,2310
9,8,0,196.8524680675553,20.02267852559846,2245
9,9,0,208.5523494661573,21.87485430342393,2353
9,10,0,206.5812087209504,20.9181334706535,2381
9,11,0,211.2829701808008,24.69680282015479,2386
9,12,0,210.3046636774407,29.2077869917383,2355
9,13,0,246.2334071201038,639.6370161008001,2461
9,14,0,207.5929120812816,25.9309187186353,2332
9,15,0,199.671127410849,25.38467402619128,2282
9,16,0,202.8433857996553,26.46263634036424,2298
9,17,0,194.4176854777755,26.60641264618426,2226
9,18,0,164.2685539735099,25.72557779603634,1862
9,19,0,134.0565932645357,35.50358130159393,1472
10,0,0,127.9590757957496,131.9496571279231,1287
10,1,0,146.5211291613637,16.40328141984886,1587
10,2,0,163.7131358898226,16.71794843704441,1843
10,3,0,187.1285347622719,20.45963876304335,2057
10,4,0,197.2286297996882,45.04604851143097,2126
10,5,0,222.7053433676002,463.9487566521624,2221
10,6,0,213.3127595038715,26.22785019341122,2351
10,7,0,228.420573346209,215.7823050348826,2296
10,8,0,204.1757668884641,21.37439634176266,2293
10,9,0,208.4661575897112,22.02299758382549,2338
10,10,0,217.4136428375362,94.04099268036772,2352
10,11,0,200.9203728523944,20.05762284368563,2319
10,12,0,209.3293241959215,23.05470708747301,2350
10,13,0,202.1530754896249,21.50643075298263,2290
10,14,0,205.1574941383598,20.86275963270006,2379
10,15,0,222.6620166386081,261.0282290702244,2326
10,16,0,196.4035873505532,25.38185499924781,2253
10,17,0,190.8268837257524,19.54843525383031,2204
10,18,0,162.1495903321192,16.20417882661446,1893
10,19,0,130.0961950304469,13.03248934067309,1532
11,0,0,123.613440107238,65.68895302722558,1274
11,1,0,143.554015579353,15.71434598954139,1567
11,2,0,163.5465199364195,16.9309839601893,1832
11,3,0,178.6862902943512,19.16789756885125,1973
11,4,0,204.2253519283511,90.46880565462266,2179
11,5,0,194.8869494210464,20.70884757732762,2178
11,6,0,202.4202049577045,44.15511468595106,2197
11,7,0,195.5695393207857,20.95882274695161,2172
11,8,0,197.5369072386042,21.50520604850672,2197
11,9,0,211.8371717180805,28.52776293635677,2359
11,10,0,203.2849860771072,21.46069761411855,2292
11,11,0,210.0257120333799,22.75349518129653,2352
11,12,0,203.3605550940859,23.13773868226102,2275
11,13,0,211.0678567245012,22.10317126390197,2395
11,14,0,208.5342708069909,45.07266276980738,2344
11,15,0,205.7209068618428,62.1892919215456,2312
11,16,0,199.3277502785118,26.73352569568293,2274
11,17,0,188.24162670134,44.14744505235723,2136
11,18,0,160.9222799661701,16.56111016177795,1858
11,19,0,129.1951275678462,20.93224499571773,1486
12,0,0,108.5770320419171,11.35018301807866,1214
12,1,0,139.6217377796117,14.93777560667056,1552
12,2,0,172.4046375613971,19.0649541691688,1869
12,3,0,182.6830348156364,26.1733730450699,1984
12,4,0,189.8964988773578,19.80823509234333,2130
12,5,0,202.9659610067441,46.97199552118393,2217
12,6,0,207.7649316305161,22.34188496520244,2307
12,7,0,197.3180835027306,20.30766694575739,2228
12,8,0,204.3832629670839,28.27295110848701,2254
12,9,0,206.2210027438732,21.28023937791146,2332
12,10,0,225.546632840886,196.6854482768974,2377
12,11,0,201.0124137350309,20.70310929984382,2302
12,12,0,204.8864314175509,21.21679326099634,2334
12,13,0,205.219629135095,21.61540558361294,2338
12,14,0,225.2534752092224,237.3672874228694,2375
12,15,0,209.3511959456773,32.842379420092,2378
12,16,0,206.4101595780745,74.97264365314565,2279
12,17,0,186.054062360335,19.23049231973429,2165
12,18,0,164.1282317914556,26.75958389166492,1848
12,19,0,127.0104451845367,13.27999249618209,1469
13,0,0,103.426635615403,10.90597860642808,1146
13,1,0,146.9425402109146,16.06049825131088,1594
13,2,0,163.8771684980277,17.911083977789,1817
13,3,0,177.056450601487,18.5082132500796,1976
13,4,0,191.6038553815352,20.65024847734995,2116
13,5,0,214.0495677861699,26.9555093053564,2331
13,6,0,193.5837123542104,20.16123392011773,2188
13,7,0,190.8506622875072,19.74464143250437,2161
13,8,0,203.1668786552468,22.2741916741653,2241
13,9,0,214.4555421391917,77.46533068059928,2306
13,10,0,223.3036406980615,115.0647569642839,2372
13,11,0,206.5517573584494,32.06364098583299,2287
13,12,0,201.6555362302267,21.06196170590091,2269
13,13,0,211.0718492123997,22.32838328652406,2380
13,14,0,207.0216455888271,138.1078919152475,2253
13,15,0,206.2232223570413,21.38454911860577,2363
13,16,0,202.8982246237597,29.31766308027212,2321
13,17,0,187.0426796658624,18.96423589476925,2169
13,18,0,163.2546141442405,17.21649206528153,1872
13,19,0,124.6987280343485,12.52079601425052,1450
14,0,0,111.5933212250126,11.75209971525917,1230
14,1,0,143.5851528327807,27.65493927978954,1538
14,2,0,162.9001763299998,17.26257156920835,1802
14,3,0,171.4460683368278,18.0299263703942,1913
14,4,0,194.3134301853281,70.1726392316922,2090
14,5,0,191.8928823727412,21.12308136766039,2117
14,6,0,195.240723030269,20.87692426514865,2181
14,7,0,223.0735814630363,144.6660428367771,2277
14,8,0,223.7593244523981,602.405168884279,2241
14,9,0,219.9410392124002,153.7805882073708,2324
14,10,0,223.650229509809,439.8926109951116,2325
14,11,0,209.3620290443762,21.66311749738769,2386
14,12,0,205.6865699782238,24.43836899080475,2330
14,13,0,202.881438834066,28.78668268698816,2269
14,14,0,197.6412453819559,19.94475149439578,2287
14,15,0,191.3460840929408,19.58279789278847,2194
14,16,0,194.7829317115566,19.71732333412269,2255
14,17,0,181.3473592583888,18.93195744156587,2087
14,18,0,161.4369332355181,16.77954433417229,1848
14,19,0,125.3133188928691,13.11679270115122,1453
15,0,0,107.0498372120181,11.18330619867266,1182
15,1,0,141.7742868010912,15.62065235586731,1546
15,2,0,163.9622850388126,17.36247319081128,1820
15,3,0,178.6331249987008,18.78024492494758,1985
15,4,0,183.1568464228247,51.19329006976319,1980
15,5,0,204.8327355812802,80.97428099182635,2225
15,6,0,189.0944801187005,19.97413060479036,2105
15,7,0,201.4647232073934,21.00634989757184,2275
15,8,0,193.4755141801805,20.60430127863546,2180
15,9,0,209.4832578206386,105.2028521916893,2222
15,10,0,204.6409753567844,68.05592171752095,2214
15,11,0,198.9733347088652,20.57513055554879,2263
15,12,0,202.5427507545837,25.15918630784298,2284
15,13,0,203.0105525207206,82.11618550011579,2218
15,14,0,201.9362494152454,22.54816563775482,2290
15,15,0,196.7639426749062,20.62211606371016,2250
15,16,0,193.5702106549707,19.40648098251119,2256
15,17,0,178.4420400168584,18.1349481256583,2057
15,18,0,181.8705787402426,1005.427666643582,1761
15,19,0,126.2086437451202,12.42277551052321,1503
16,0,0,96.1196068412284,10.36260637265429,1058
16,1,0,147.0726299349882,115.9804672380442,1485
16,2,0,155.7648898867587,16.52974088004792,1721
16,3,0,164.7653711247898,17.42794065033954,1821
16,4,0,190.7835869786893,256.4788082220795,1956
16,5,0,198.2269928086417,315.8411936723998,1991
16,6,0,181.9797519087356,19.26139309867722,2025
16,7,0,187.6913430123352,19.72589888668591,2096
16,8,0,184.0098564453785,34.88614723087908,2060
16,9,0,191.3285532075662,20.09834590365019,2155
16,10,0,188.9520048430553,21.54408504048417,2132
16,11,0,190.1058872766912,19.7763631145438,2165
16,12,0,198.4476827760913,21.1143223231377,2241
16,13,0,191.7735876963256,19.39627633139419,2217
16,14,0,195.4067916121138,20.34976709582705,2245
16,15,0,208.6163057293152,312.0392588591504,2204
16,16,0,180.8193696904096,18.28478314915443,2098
16,17,0,173.7793852362248,18.4357176008182,1980
16,18,0,150.9032762215862,19.88156003012298,1741
16,19,0,120.5543492859749,14.96636547847391,1389
17,0,0,97.9763790498893,60.5797823131081,1003
17,1,0,120.8969433831105,12.95102497191879,1328
17,2,0,141.0001992793532,23.80024360317567,1533
17,3,0,162.5506395572588,77.66667480001124,1689
17,4,0,161.3616930745548,17.05814158068587,1788
17,5,0,169.4908425771964,19.88764157838153,1859
17,6,0,167.9699061653367,17.49567228105673,1889
17,7,0,171.3219434314943,23.43194805921788,1880
17,8,0,177.0077223474987,19.03245458615288,1970
17,9,0,182.8372385465703,19.77144588019433,2035
17,10,0,175.6625560684704,19.1902479222869,1958
17,11,0,173.4945169767173,17.63938025185779,2007
17,12,0,178.3812816581181,18.50002726117519,2024
17,13,0,171.061308936665,17.40971276402398,1956
17,14,0,177.3704699505097,18.04181231664153,2036
17,15,0,170.7015725452794,17.54063025065086,1972
17,16,0,172.0595044749576,18.22523514830961,1968
17,17,0,159.9978377896455,16.03315429409485,1862
17,18,0,142.1942081003896,14.79152224131334,1640
17,19,0,116.5254168477077,11.86821603040124,1346
18,0,0,83.13734165274484,9.074237124614168,904
18,1,0,100.7973057496551,11.13170827920897,1095
18,2,0,135.2111283512444,121.218856315312,1384
18,3,0,132.8007868544865,13.88075219929788,1481
18,4,0,143.9123713669766,15.11304228746134,1598
18,5,0,180.2578030814231,812.0625186224537,1692
18,6,0,150.2711628013583,18.51282148896471,1642
18,7,0,155.0645048554211,16.94140088068687,1707
18,8,0,162.6348390709823,63.88712726621473,1730
18,9,0,153.4044743084712,15.61734527219184,1751
18,10,0,152.788034391094,16.04032918830736,1719
18,11,0,159.5628075463202,31.59247645396954,1743
18,12,0,162.5030528223509,220.8909943479754,1725
18,13,0,149.9407275183927,15.76548849816601,1709
18,14,0,158.5421414445219,16.64771784469936,1800
18,15,0,149.8151481195586,15.85237375283815,1724
18,16,0,169.7935870006345,247.5081725210242,1758
18,17,0,137.4687995262136,13.82797327703416,1608
18,18,0,131.6350549611386,18.42776606718278,1478
18,19,0,89.90160992293173,9.332212952810044,1045
19,0,0,65.50045107896469,7.168346790476678,715
19,1,0,85.11232523207742,15.32397963295256,912
19,2,0,96.40771400719956,10.17061402918494,1074
19,3,0,107.8739671923021,11.42802069844656,1196
19,4,0,158.6845437614552,1824.878173748825,1274
19,5,0,113.1405303869359,11.78650618828408,1269
19,6,0,116.3065254874017,12.1972047510249,1293
19,7,0,119.1965622061168,12.09576803687138,1372
19,8,0,122.9631588914787,12.97340836539868,1381
19,9,0,121.3252131782887,42.45867862269562,1312
19,10,0,115.8074372999827,13.30573650226346,1305
19,11,0,123.5803845212893,13.5252306386459,1379
19,12,0,118.6282254699217,12.07034812335728,1358
19,13,0,122.9029273413715,13.35555714537923,1388
19,14,0,126.9974557987954,13.2889955045675,1436
19,15,0,122.1193221726584,12.35719077992829,1420
19,16,0,111.0741839587323,12.32922948421393,1290
19,17,0,109.2421255629747,11.4786899857862,1259
19,18,0,99.77942421158083,13.47024638909684,1120
19,19,0,74.32973871027779,7.405440078830581,872
