# mesh name: boxMesh_1
# primitive scorer name: doseScorer
# iX, iY, iZ, total(value) [MeV], total(val^2), entry
0,0,0,70.14436778915162,7.861049157273381,762
0,1,0,87.46025425170851,9.05539224870992,988
0,2,0,98.7100284804593,10.25467840017657,1117
0,3,0,120.3384496921882,13.08681318693382,1322
0,4,0,123.2374094104984,13.78857218368325,1341
0,5,0,114.8024197704475,12.1564827879694,1292
0,6,0,121.5536643751133,12.58811339361594,1371
0,7,0,120.7578525550492,12.69880302073941,1369
0,8,0,127.633449462326,42.82904522887623,1403
0,9,0,118.8725150305417,12.34780918291192,1352
0,10,0,120.5014581124068,12.54656567896669,1364
0,11,0,122.3675132840667,14.60181339082832,1387
0,12,0,123.6433931075435,12.35771108164155,1436
0,13,0,118.7057685022337,11.77269330240143,1391
0,14,0,126.7278641856928,36.04381341377291,1407
0,15,0,112.6042679596607,10.8476511519092,1339
0,16,0,116.8637306731754,11.215886761908,1391
0,17,0,126.639339832517,187.5517230369395,1355
0,18,0,103.7359431229764,16.62086975961908,1180
0,19,0,86.16257351424881,13.23230235382384,978
1,0,0,83.58634586676152,9.971592074283461,906
1,1,0,110.4129411521976,20.02243926250129,1225
1,2,0,117.5172176218187,12.60521296398265,1311
1,3,0,132.8552586524347,13.87896874176112,1494
1,4,0,146.6338422104419,15.04300646692088,1653
1,5,0,172.4669526620005,435.6285921807425,1637
1,6,0,147.4252602703673,15.2980542868045,1672
1,7,0,155.7385371010715,16.01411334449679,1783
1,8,0,156.3481921652121,17.3640895848888,1743
1,9,0,158.055386513198,16.78492028704848,1790
1,10,0,156.2175911383453,15.47514794820615,1825
1,11,0,153.9237106570658,16.18475179275263,1758
1,12,0,159.6421209281345,43.37978423309828,1780
1,13,0,149.0858211315291,14.96325230968371,1738
1,14,0,152.9293119837748,15.36330243101315,1793
1,15,0,159.8550647877253,16.65812020704882,1851
1,16,0,152.3762310069371,15.42677273912012,1793
1,17,0,158.1794782155985,45.91635495361026,1774
1,18,0,137.6460214907538,14.40609844284694,1579
1,19,0,102.6537039622592,14.23407926325654,1183
2,0,0,102.7675227031886,10.80898043028784,1144
2,1,0,122.4606710418542,12.89239058379128,1360
2,2,0,163.8831609748291,351.3312579892079,1637
2,3,0,167.3715542342437,112.177870891194,1794
2,4,0,162.8255485372652,16.81059461522709,1834
2,5,0,173.149116368873,20.93995434359556,1929
2,6,0,196.9214877477078,85.1368878963241,2037
2,7,0,172.4991799312272,17.55096289187231,1978
2,8,0,221.9244792686341,944.0674087354299,2040
2,9,0,202.5176412891354,379.2364306915669,1975
2,10,0,205.004806293078,377.4463242825441,2105
2,11,0,180.8247361166472,18.89067033829438,2057
2,12,0,183.8111659445651,19.26958800294349,2115
2,13,0,181.9923478389023,18.2850719041267,2120
2,14,0,180.2317268914678,19.01465332848722,2051
2,15,0,172.0424767000555,17.1627580333887,2033
2,16,0,181.0800448882814,18.34113052576662,2110
2,17,0,159.570661355162,16.07322507268594,1871
2,18,0,149.9230127655638,14.89888775083416,1754
2,19,0,113.6506296290623,14.2073823525487,1336
3,0,0,106.843449314304,15.08224013955498,1160
3,1,0,141.8922424777225,15.02297797145069,1590
3,2,0,165.1749582958474,17.5186166606013,1842
3,3,0,197.2589040420275,494.7834988922568,1962
3,4,0,182.5220710260501,18.70916455995469,2072
3,5,0,193.7977572458059,20.22555574241265,2193
3,6,0,200.2162419428577,127.4470534705553,2147
3,7,0,183.5724045166464,18.25736822709235,2117
3,8,0,196.6346715047334,21.45706744331534,2197
3,9,0,193.7296830279075,20.46385564959607,2195
3,10,0,189.33723084966,18.86108500691595,2202
3,11,0,191.3351452677398,19.68556943667599,2199
3,12,0,193.9166002201117,19.93901005184643,2266
3,13,0,195.5203974689607,19.82781410247931,2262
3,14,0,188.7201526193472,19.16386172800116,2197
3,15,0,195.8449182987921,20.06921487673603,2273
3,16,0,235.69175572009,965.9706994157044,2292
3,17,0,192.0669153023587,129.7971438492966,2092
3,18,0,169.0218146676085,117.1205707507593,1856
3,19,0,126.829617453785,15.72232116836245,1470
4,0,0,105.9486454924246,10.74105667896202,1211
4,1,0,144.3507411728536,18.71541713965933,1583
4,2,0,173.3608605415905,60.72583591456453,1875
4,3,0,182.7527718098376,19.21286498654538,2042
4,4,0,196.6408277223845,21.19352437013886,2185
4,5,0,198.2986580055477,21.12658302074681,2211
4,6,0,193.5861942689866,19.5258932281121,2217
4,7,0,214.1831459619906,32.76878015027039,2358
4,8,0,193.7659328152096,20.37634451842068,2197
4,9,0,203.2366337628019,21.03179085023179,2327
4,10,0,202.174581302098,21.18455036744411,2301
4,11,0,202.7951258950377,21.02092650945907,2327
4,12,0,200.9821100068231,20.40087592860136,2324
4,13,0,203.0245687756862,20.7517927077797,2356
4,14,0,199.9186244438034,20.83955397494512,2311
4,15,0,195.8416880636074,19.96475950519034,2286
4,16,0,207.0331790148024,74.10456290722465,2312
4,17,0,182.6470430474522,18.18526196644101,2152
4,18,0,157.2684049617255,15.9412045629531,1858
4,19,0,130.3255707678067,16.17852520273632,1502
5,0,0,111.6977851445893,12.10749865000697,1246
5,1,0,146.9205289534336,86.97344789229432,1562
5,2,0,170.2809963838972,17.94357018831539,1886
5,3,0,191.4349031587536,53.2594752296641,2086
5,4,0,196.8428339746156,21.02021633471454,2184
5,5,0,195.7630768677802,24.8041561806325,2171
5,6,0,203.2222719215402,21.33030408795977,2296
5,7,0,223.3038596726179,454.7072970790369,2293
5,8,0,203.3932281937797,21.10027029901445,2324
5,9,0,204.6324139899697,21.43097456053173,2329
5,10,0,202.4150580989983,21.0862969940382,2306
5,11,0,209.6034200604769,22.23859156250816,2384
5,12,0,206.4660074610833,29.65275377170518,2368
5,13,0,210.6963029322324,58.51506886802033,2361
5,14,0,200.4910565628334,19.91360552609832,2352
5,15,0,197.8395144740117,19.44939470504934,2344
5,16,0,198.4169007362367,19.74231943636704,2326
5,17,0,183.7686121113767,25.43696441518265,2147
5,18,0,169.9082120751511,47.79650305597709,1929
5,19,0,143.6020384455839,155.5506943572724,1534
6,0,0,122.3586795969522,47.50963213316692,1283
6,1,0,147.3975593351945,24.09254772105064,1605
6,2,0,163.0717265049838,16.99516864464534,1837
6,3,0,193.2866007857016,171.8053968852099,2027
6,4,0,201.9898454564332,21.72593837995025,2252
6,5,0,203.1193914533966,21.17617949551023,2280
6,6,0,198.7785937063755,21.817839042177,2239
6,7,0,228.2400307245829,452.3887268613769,2326
6,8,0,209.8027771824659,63.97901951333182,2286
6,9,0,214.1093439929558,66.07718108572737,2361
6,10,0,201.7772982778488,30.97054747704472,2295
6,11,0,211.7498399994048,21.83758447311103,2444
6,12,0,216.4559010730052,217.2287279304417,2242
6,13,0,211.2308879745357,36.26169114298135,2379
6,14,0,198.0944106551313,19.97927685577679,2322
6,15,0,204.9515798860064,21.49024437042392,2349
6,16,0,205.5375980230131,21.90925244923485,2368
6,17,0,189.26215371796,19.1268721594668,2210
6,18,0,173.5251281255848,19.37870727619476,2015
6,19,0,139.0093704665727,91.68826133516372,1526
7,0,0,124.4602338066338,55.54555576624267,1292
7,1,0,145.9207696941773,16.7465965856148,1610
7,2,0,165.672811685106,17.56203890832857,1851
7,3,0,184.2874121830049,23.94762539077419,2061
7,4,0,202.0409117113326,20.84571066290244,2298
7,5,0,201.1549252397328,20.98750017445604,2280
7,6,0,227.9131891287371,424.0669556788456,2310
7,7,0,206.3446767710991,59.19461751399845,2276
7,8,0,211.5281657437662,66.87025510873596,2310
7,9,0,207.2077692997241,21.89098730017602,2348
7,10,0,197.0779172138969,22.62127580369353,2245
7,11,0,204.6896792627382,26.24722774593617,2310
7,12,0,252.9344151877568,1369.871297902519,2346
7,13,0,218.8388698029932,110.8759357845313,2375
7,14,0,202.1655152271059,20.18784384287132,2368
7,15,0,206.3028801455542,83.3170230913197,2308
7,16,0,211.8580705602481,185.1180138484766,2335
7,17,0,199.7407356171302,52.26000908618848,2252
7,18,0,166.7116184587124,57.50472937955137,1885
7,19,0,128.8599401439297,13.20498721846099,1518
8,0,0,111.5586060076139,12.21689417316324,1236
8,1,0,154.0312492209329,33.34540444867307,1637
8,2,0,170.9385015110406,18.35437365719346,1885
8,3,0,183.3725604856162,19.84407680264707,2045
8,4,0,222.531017125685,302.8712294308444,2257
8,5,0,200.038018953152,20.88151675278479,2254
8,6,0,201.5484756292407,21.2911994527479,2274
8,7,0,199.8703576353471,20.86012685622646,2261
8,8,0,216.0853427049562,133.4781567535526,2365
8,9,0,201.2220330594651,28.04465787564618,2295
8,10,0,219.2204445914932,160.7433004637712,2348
8,11,0,208.8945725783755,22.02107047341603,2369
8,12,0,200.3264029496834,20.20733073322438,2333
8,13,0,191.9925893566853,18.85381744976893,2270
8,14,0,211.8910621084718,125.2825708918653,2344
8,15,0,220.3415687112887,161.3065957507162,2401
8,16,0,189.6108436542473,19.1625238754261,2245
8,17,0,191.8181513167603,19.4949187463118,2237
8,18,0,178.6134747295699,163.619842783525,1937
8,19,0,134.5443649409586,13.88744283025088,1567
9,0,0,117.2958617695738,12.20796631449061,1312
9,1,0,154.3043339840859,33.863107188081,1658
9,2,0,171.9114333246307,18.1667865718206,1921
9,3,0,181.8510470084416,19.21162675899406,2039
9,4,0,201.8822480505752,42.39341423638933,2191
9,5,0,253.8567164286229,900.4154567495935,2380
9,6,0,208.305422915157,21.50967060930212,2365
9,7,0,203.6115969066339,21.18576140666819,2311
9,8,0,201.0166453693452,20.85100609296401,2286
9,9,0,231.1055726502015,565.3895067196073,2364
9,10,0,211.3312717118455,22.2973056359276,2389
9,11,0,231.6782720853311,363.0045719855139,2432
9,12,0,206.2766980917029,23.63876814564541,2349
9,13,0,210.4631377013582,40.27516103160047,2394
9,14,0,203.9018560590002,20.93987625812782,2366
9,15,0,206.9746981194849,24.16855839518066,2405
9,16,0,228.7665961980508,204.2067802601858,2440
9,17,0,196.4971963956975,59.1269098327926,2202
9,18,0,164.3843434667472,16.43252195100285,1926
9,19,0,126.9292369631227,12.60798206892206,1505
10,0,0,117.5529388837747,13.33071269319673,1294
10,1,0,148.2353637109302,15.52584886749745,1660
10,2,0,169.9168037780412,17.9850497540884,1894
10,3,0,192.2344729106534,20.12155345972972,2155
10,4,0,195.6602515323542,20.20560036612292,2227
10,5,0,217.0248675152963,461.9625740037767,2236
10,6,0,209.6532437006692,96.02317399769929,2294
10,7,0,210.8194619869607,22.02922726577001,2360
10,8,0,212.0871027804688,23.4170707455273,2372
10,9,0,208.4056088364917,22.54442379502921,2371
10,10,0,201.1235974372882,20.35941772121267,2331
10,11,0,204.5394110959638,20.91866130308053,2353
10,12,0,201.3085655583229,20.83540799622,2328
10,13,0,204.2499300328156,21.54691744927892,2338
10,14,0,209.3316015343877,25.61054664568411,2420
10,15,0,206.0285916932743,21.41174426268915,2392
10,16,0,190.3493281202964,19.51525769193556,2219
10,17,0,188.5744198478438,30.7670791610054,2199
10,18,0,171.1205533465798,57.14405031918336,1906
10,19,0,130.0514474247971,13.3851429518927,1512
11,0,0,118.1868049462927,12.39091943230311,1312
11,1,0,146.3398316382786,19.89985382145304,1598
11,2,0,173.8006373930967,38.65430815388072,1893
11,3,0,210.5561347040987,588.6206908676876,2017
11,4,0,191.3997216390168,20.16140477192759,2152
11,5,0,202.4477769504277,21.46278250612329,2263
11,6,0,200.8209624482558,21.22959755942617,2272
11,7,0,202.9993430359251,21.35495883567135,2278
11,8,0,199.2338292705314,19.71557287199731,2301
11,9,0,201.0288767460147,20.43284032137765,2307
11,10,0,206.3934696059716,21.57024675241095,2338
11,11,0,214.3263101553012,49.81435317961864,2425
11,12,0,212.7110786535229,23.29871187209323,2380
11,13,0,204.5064346843947,24.27048247552943,2359
11,14,0,229.0063539323133,501.6902428676621,2379
11,15,0,199.6089870739007,20.22182696903365,2353
11,16,0,199.7327487820924,20.00250183373434,2319
11,17,0,195.8003184601603,20.15720093769036,2274
11,18,0,165.1519711468222,16.76679800568481,1934
11,19,0,128.1229648828016,12.77660274520407,1512
12,0,0,108.526722442515,11.17183980613029,1228
12,1,0,142.5524299678961,14.35600848595208,1624
12,2,0,177.0410927516572,31.51587435189009,1935
12,3,0,192.4255200954665,119.0996776989168,2047
12,4,0,196.6534446014427,20.51984345271114,2205
12,5,0,198.2826614607208,30.7776357387923,2185
12,6,0,200.1513526984968,42.70154460387284,2202
12,7,0,190.9209600919138,19.55414220573495,2200
12,8,0,202.8140416640952,21.3464126747769,2296
12,9,0,202.4748898567603,26.60384735070827,2323
12,10,0,206.3774818217926,20.99883688525438,2385
12,11,0,206.1287689068979,20.98494133390626,2383
12,12,0,215.2007971326214,22.34552063498948,2475
12,13,0,198.9444057763195,20.32513412901995,2319
12,14,0,214.0530999485245,26.66260090840293,2476
12,15,0,207.5460628030782,22.48149527823673,2408
12,16,0,193.0676978933811,18.96259487773651,2290
12,17,0,197.5877379300768,20.26234354212895,2293
12,18,0,162.4785604763632,15.64495983786002,1948
12,19,0,122.4531855187924,12.09600908591922,1456
13,0,0,110.7390974165014,11.26037144268805,1264
13,1,0,163.2239033363785,303.1229613377338,1636
13,2,0,180.9122699719035,19.55947530588438,2010
13,3,0,177.7664849091381,18.12345295935719,2029
13,4,0,193.7694147575518,22.50965938286856,2152
13,5,0,211.6676394510752,39.08528472816712,2310
13,6,0,201.1101111065507,21.54851510621685,2243
13,7,0,203.0424115700765,20.85824705733538,2309
13,8,0,200.7652677032061,20.84843252330909,2299
13,9,0,204.6222318512785,21.61990205082692,2344
13,10,0,206.4548629811687,21.47553057562933,2361
13,11,0,200.9022144893101,20.43971892204016,2332
13,12,0,201.4297954756168,36.013237192723,2317
13,13,0,202.1485303037802,43.73841078201608,2285
13,14,0,198.9030779094466,20.7302570877418,2304
13,15,0,194.898394688519,19.69833535707482,2285
13,16,0,202.2050406977682,20.45415943420954,2367
13,17,0,184.5264255289538,18.55253667846533,2177
13,18,0,173.0591221544666,17.46718923229148,2018
13,19,0,124.1993144308405,12.13565281395586,1479
14,0,0,117.2807346923582,12.52455393182385,1307
14,1,0,140.9649547183334,14.83223168126974,1571
14,2,0,170.9944963362889,17.88642601972038,1919
14,3,0,190.595312474569,27.08487445673493,2106
14,4,0,192.2350831595016,20.2327168175327,2171
14,5,0,197.6978527556611,20.60817725517456,2225
14,6,0,204.0288585897757,21.45899402847246,2312
14,7,0,208.2958410607495,30.34755668700246,2345
14,8,0,208.0255512089001,26.22514356434334,2317
14,9,0,209.5507139858914,22.22449911064701,2358
14,10,0,204.4787252064385,46.94653429087992,2304
14,11,0,208.9455637741771,22.08138677438017,2376
14,12,0,197.8387109243467,21.47890382225096,2281
14,13,0,212.5354979196221,105.9749123522686,2326
14,14,0,204.3296651529956,20.92136225914817,2383
14,15,0,198.8578024745933,19.97948473000297,2312
14,16,0,199.3310186103387,20.66764365186923,2293
14,17,0,188.1288140652244,18.53138901949724,2222
14,18,0,165.8624419251499,16.91214133655549,1940
14,19,0,136.4755090015546,54.26768455569314,1541
15,0,0,115.0447253903144,12.38434073042723,1269
15,1,0,144.4143615823413,15.32953603463549,1617
15,2,0,163.4242605224233,17.04399030872883,1832
15,3,0,186.6774755404583,27.63979828555482,2085
15,4,0,186.1570298884095,19.71992741262961,2082
15,5,0,188.9367824774721,20.13637269195556,2134
15,6,0,211.8477155881523,126.3638141536604,2248
15,7,0,206.0840096596668,21.46590711772152,2352
15,8,0,200.0043378822132,21.11340748124655,2260
15,9,0,205.7428558283626,21.02018021377119,2365
15,10,0,193.9449960320649,20.40541453845375,2210
15,11,0,200.0772925529016,24.31537250936147,2307
15,12,0,217.0547861479384,114.3731443435602,2393
15,13,0,196.9279260001894,23.68217474250607,2259
15,14,0,201.1365152960223,21.27942502132662,2283
15,15,0,204.5025610945886,20.67739881425407,2385
15,16,0,192.0575387643332,19.60485112503696,2242
15,17,0,185.5420201254395,35.1791300713381,2166
15,18,0,163.4811276798208,16.54473945522526,1919
15,19,0,122.105513576753,12.57705997804764,1426
16,0,0,103.6050228306174,11.04645594006874,1151
16,1,0,139.4814475797894,14.77218115602913,1552
16,2,0,150.9940720128121,18.25825490389783,1696
16,3,0,180.7729776530691,75.12811026264316,1912
16,4,0,182.3401930864344,41.71099460089692,2034
16,5,0,187.6795976890631,19.56231452113991,2122
16,6,0,185.3051016699351,18.92273501137465,2114
16,7,0,192.8765122483751,19.72431737111182,2204
16,8,0,186.6462823234171,19.04542294631383,2158
16,9,0,187.9162405764779,19.46070999384306,2149
16,10,0,195.4877503715572,31.69475702747071,2201
16,11,0,191.6225073343682,20.0866272825508,2194
16,12,0,196.7255550490839,20.66592081930386,2230
16,13,0,200.8679202403171,20.80133509827176,2302
16,14,0,203.9382856810124,36.87782924451686,2310
16,15,0,199.1651226020578,28.76361823841448,2252
16,16,0,213.2565203777025,277.2303109250872,2285
16,17,0,185.3136311259589,22.08596632459966,2118
16,18,0,162.9830761383743,61.24688017334724,1853
16,19,0,130.2196174762044,13.86848253623237,1501
17,0,0,99.02614521929267,11.19865390189287,1068
17,1,0,125.2094695311656,13.38818216961998,1390
17,2,0,141.9073508264276,14.93218861197645,1591
17,3,0,167.8317125992619,51.84882122862142,1789
17,4,0,167.6112092274352,29.0204774645287,1852
17,5,0,182.7514587015092,63.39137287263805,1962
17,6,0,176.7086557045588,18.54570946114701,1977
17,7,0,172.4584914195423,17.68865781468293,1964
17,8,0,174.7925138927716,18.21274581378045,1994
17,9,0,181.6638008105793,63.95758169926346,1983
17,10,0,183.769558606574,24.32126996046438,2066
17,11,0,188.6344116892862,121.0886414549124,2009
17,12,0,185.925856937295,19.50582101984743,2122
17,13,0,183.6220962864359,18.73912857932494,2121
17,14,0,179.156580789885,18.34405345636382,2083
17,15,0,199.7712995861169,366.9975987854181,2066
17,16,0,184.4604472202426,39.46048385827883,2114
17,17,0,176.2111546155786,107.996909624849,1945
17,18,0,146.6801844976311,14.67813913991267,1729
17,19,0,113.8897597414948,11.23721485233137,1344
18,0,0,85.33405560049545,8.980360069578877,967
18,1,0,105.3714628561808,10.8317740607501,1183
18,2,0,136.1504849538324,39.78343260525359,1450
18,3,0,143.9968022066239,15.67324607516398,1590
18,4,0,147.8427488149417,16.0005758861094,1628
18,5,0,148.31883081433,15.7337333064374,1646
18,6,0,158.1240402153786,17.15303184562232,1764
18,7,0,148.2329273776485,15.28358635907403,1682
18,8,0,150.5233118260329,15.84602910005116,1707
18,9,0,145.4288985026184,15.36233806927961,1648
18,10,0,162.2617730813183,49.57779558649204,1799
18,11,0,152.0721283666487,15.38162357575989,1758
18,12,0,154.7860394249553,23.99246108770037,1763
18,13,0,156.2421845133888,16.13325348467631,1795
18,14,0,163.2102829694934,16.84794892753658,1882
18,15,0,161.2995960396831,16.23330646041009,1877
18,16,0,160.1259285562037,18.85916116677581,1848
18,17,0,149.5946588392667,56.28812353934556,1677
18,18,0,129.902503309361,13.28231089394187,1509
18,19,0,97.14273992862186,9.962792259642638,1144
19,0,0,70.25299765683071,7.530150920340295,778
19,1,0,80.9642510307492,8.353824234476242,916
19,2,0,101.7217868202736,10.93878975221626,1129
19,3,0,106.2652863081085,12.41790480972596,1155
19,4,0,112.0115730485774,11.74187764148509,1253
19,5,0,118.5130254825428,12.05206177430555,1370
19,6,0,121.3177595094147,12.312500625629,1396
19,7,0,124.0385771499759,12.88832589279192,1405
19,8,0,121.1436521074282,12.16026661680002,1407
19,9,0,120.0335823616205,15.92600906810216,1353
19,10,0,128.5426666843523,88.73237722418395,1370
19,11,0,126.6671869016077,52.86374421798251,1370
19,12,0,118.1041753970387,11.80854036839218,1375
19,13,0,115.0714268963362,11.8867745170915,1334
19,14,0,130.1582305539293,13.70219846114479,1491
19,15,0,120.3500512828037,11.99905505232758,1418
19,16,0,115.3240524281328,11.8637882089608,1346
19,17,0,112.0275056146597,11.80629016096765,1296
19,18,0,99.04662735641328,11.69446238591893,1150
19,19,0,76.8107146290062,8.019514377721956,885
