# mesh name: boxMesh_1
# primitive scorer name: doseScorer
# iX, iY, iZ, total(value) [MeV], total(val^2), entry
0,0,0,74.72835460193248,7.571199008185959,887
0,1,0,98.91854870148278,9.591872603530156,1193
0,2,0,123.6650489830365,12.83544314687234,1436
0,3,0,119.2712082553468,21.88508872160042,1389
0,4,0,130.6721381141418,13.59721857501337,1514
0,5,0,124.3329274730707,12.38802209845614,1488
0,6,0,137.8393497229672,81.99650646782632,1541
0,7,0,128.1370129431336,13.08745907699864,1505
0,8,0,129.0342637305136,12.93001748648698,1531
0,9,0,123.015220046006,12.00632139160784,1475
0,10,0,124.5466338621234,12.71580806177716,1469
0,11,0,131.2764260382971,13.53038125475949,1523
0,12,0,122.3138021236254,12.06514636749989,1469
0,13,0,134.4027313126969,13.67109435047636,1584
0,14,0,120.1186365147952,11.89998994203811,1432
0,15,0,123.3051539657349,11.99343582584664,1490
0,16,0,127.4386307729937,14.30760027878098,1496
0,17,0,108.4760257550059,10.28460780607326,1302
0,18,0,108.3633456577013,11.0704739015031,1281
0,19,0,78.96077876639858,8.246499413633893,919
1,0,0,105.2869420259769,19.58734449077749,1215
1,1,0,157.2756358543105,341.1105860307234,1638
1,2,0,152.4417573340675,14.98677619084637,1821
1,3,0,163.5613886714021,16.70603026249051,1909
1,4,0,165.0593251117559,16.91049400383251,1936
1,5,0,183.1614423778454,274.1189501137121,1986
1,6,0,167.2343141083657,19.60274828372381,1929
1,7,0,173.0827706122451,18.24970955913981,1988
1,8,0,182.4224783843431,82.0740028999795,2051
1,9,0,166.5890073434473,16.55647203407703,1978
1,10,0,169.1269577007018,34.77264970738031,1945
1,11,0,162.1853007163198,25.73526101722325,1884
1,12,0,164.3424258572753,15.75829076746987,1982
1,13,0,167.773635959211,16.61712559877888,2000
1,14,0,168.4399752138116,28.07619253802092,1933
1,15,0,170.5949472130496,17.26114132981119,2007
1,16,0,170.6757046415305,26.69925716466634,1977
1,17,0,170.0851487017966,204.486357621475,1845
1,18,0,135.3560219178379,13.58088223657775,1603
1,19,0,110.270918948676,42.13604372681636,1226
2,0,0,127.1267252103852,16.07530466653641,1465
2,1,0,153.0630469443863,15.39597916227697,1827
2,2,0,176.3886772532451,18.17014560651304,2070
2,3,0,191.6619473577684,19.48026107087776,2257
2,4,0,186.886868004736,19.05182985816297,2200
2,5,0,191.0186387001575,19.11132515453227,2277
2,6,0,188.3137638744535,18.21184853546561,2261
2,7,0,198.3791108005142,34.24386338893764,2283
2,8,0,188.8947665296929,18.72068898674425,2260
2,9,0,196.0377652308754,44.07847481800734,2280
2,10,0,201.7499500457464,109.7368245925509,2229
2,11,0,194.8948643093892,21.00089633382402,2266
2,12,0,196.1304210506944,19.66230597970479,2319
2,13,0,204.7136150854462,71.31420954610626,2338
2,14,0,189.2855639813197,19.37830960290983,2217
2,15,0,189.0867233715568,18.73801318848341,2259
2,16,0,199.4102671797512,72.7661713817289,2282
2,17,0,189.6517787307789,343.6402677581839,2025
2,18,0,152.6808012607637,15.34035949907609,1812
2,19,0,112.5398867091441,10.87385594890402,1352
3,0,0,129.6770210914469,13.29820888351056,1522
3,1,0,164.3206554062035,15.86470269759438,1969
3,2,0,224.7418463051115,477.8112796444252,2281
3,3,0,191.944732826628,19.30262325430537,2280
3,4,0,209.055025750456,47.8081948813978,2399
3,5,0,203.8959461399207,21.00523221831956,2382
3,6,0,208.0359866065542,227.781160698042,2306
3,7,0,199.4155774857118,29.14216496926099,2348
3,8,0,204.9049035217474,81.55408738715731,2346
3,9,0,199.4322140337266,20.9965990388088,2313
3,10,0,196.1222566297535,20.24643318696832,2331
3,11,0,216.3496734629791,321.048479999788,2363
3,12,0,192.8823242299038,18.70808924921957,2338
3,13,0,216.0593051744078,91.13402044660552,2447
3,14,0,204.4115442185305,20.95980952345478,2386
3,15,0,202.7281701103468,20.2356345891998,2398
3,16,0,199.3157770692587,19.80107176558295,2359
3,17,0,197.0388510677249,145.6181749914952,2227
3,18,0,153.4951355125664,15.15624800985258,1838
3,19,0,126.0772641530047,12.31551487949467,1504
4,0,0,127.5903451461787,12.8961607854642,1517
4,1,0,164.2930837399461,16.42359266002511,1947
4,2,0,194.5670640250785,20.49301807684246,2255
4,3,0,199.4425205741574,19.61596995684745,2382
4,4,0,222.176912007507,340.5918866717434,2332
4,5,0,205.7660011342712,20.63705170347286,2427
4,6,0,199.7268940218388,22.17209157688492,2326
4,7,0,199.7902494465636,19.6624163529001,2380
4,8,0,250.5516175498514,731.7272024272172,2492
4,9,0,207.699252768759,21.1034328865297,2424
4,10,0,202.4526789146185,19.99053528183986,2422
4,11,0,216.7060654903123,37.88852126665979,2500
4,12,0,205.2437937075095,26.52349775526732,2380
4,13,0,200.5318847114797,20.43668727489586,2362
4,14,0,222.7394241785298,296.9270907363206,2450
4,15,0,205.541902556384,22.19975676869361,2412
4,16,0,206.4429814078759,24.03347436171796,2404
4,17,0,192.4848036645864,19.14733887569134,2289
4,18,0,160.0829901884649,16.08877002853023,1903
4,19,0,122.0187011680282,12.3670020915356,1456
5,0,0,129.4486476358116,13.0448398080143,1540
5,1,0,163.9913319312456,16.74390097268648,1913
5,2,0,193.8596284719947,27.99947219067173,2246
5,3,0,199.1969313324187,90.11682538640413,2277
5,4,0,208.5980042558307,87.20403321886479,2355
5,5,0,208.1988855396656,21.08192971867433,2443
5,6,0,223.4714316672044,161.0989494646782,2467
5,7,0,215.3794856985331,114.1665503752469,2465
5,8,0,199.8544721654435,27.92518834466117,2356
5,9,0,213.2382333970271,46.37432084604856,2487
5,10,0,221.3434775162384,142.3516801479533,2424
5,11,0,200.7364899396113,20.01775920503714,2390
5,12,0,208.0064979647327,21.05989731284518,2463
5,13,0,211.1445068925365,41.92869201620725,2396
5,14,0,205.6870595313609,20.84405685359135,2437
5,15,0,206.1008872516682,105.1433564485924,2354
5,16,0,211.3803907054282,158.7727300633516,2366
5,17,0,188.6682144610778,18.67688167132985,2245
5,18,0,163.5912535363994,16.3622764789643,1937
5,19,0,125.7899411699023,12.55764107910097,1493
6,0,0,124.4143198155218,12.25575871207854,1482
6,1,0,166.1242143333268,16.1630058800391,1988
6,2,0,201.1547355249214,21.97613550142606,2325
6,3,0,220.0132838253206,176.9755016234864,2436
6,4,0,201.5887697122529,20.14018527046025,2382
6,5,0,201.8355202200484,20.47524793688182,2397
6,6,0,204.6745218531803,21.22909669907235,2416
6,7,0,201.309385179168,19.96422438557559,2402
6,8,0,197.0644005322849,18.97093491620437,2374
6,9,0,205.7594222441945,28.79176017070894,2421
6,10,0,215.1615974722713,90.47964996291348,2407
6,11,0,210.2507376993304,69.13141798093348,2417
6,12,0,202.7001858735605,24.35578506202304,2375
6,13,0,208.2346235005477,51.73307346525026,2391
6,14,0,200.5377552309883,20.17029530172529,2371
6,15,0,204.6120992340022,20.51601836637417,2433
6,16,0,203.2763799227984,28.35566244355601,2355
6,17,0,184.394804861734,17.9672664485412,2225
6,18,0,168.6479272650183,16.88351612539286,2009
6,19,0,127.8951353719085,12.49351166850611,1527
7,0,0,133.0530721003988,17.49583904388738,1517
7,1,0,174.9412170402194,203.1614555714923,1928
7,2,0,190.8979062019521,19.10976023187852,2274
7,3,0,197.2203645288391,19.22878938664008,2358
7,4,0,201.9174657502036,20.0448755397179,2399
7,5,0,208.0672288002339,20.79010020712895,2473
7,6,0,207.095420952098,20.39867870585052,2473
7,7,0,212.0925635121365,21.85128503363169,2481
7,8,0,201.08864920169,33.61734439274723,2323
7,9,0,204.3712830481182,20.48970099110205,2417
7,10,0,212.412454139944,24.9247945447689,2479
7,11,0,201.0225730860891,20.19021700354972,2391
7,12,0,202.6405738852784,19.70201876679602,2438
7,13,0,197.9992238803405,20.06419171908818,2338
7,14,0,196.3932323048763,20.22451594241109,2304
7,15,0,197.788201998967,20.07128733815702,2353
7,16,0,201.3561562739163,19.64921713258865,2409
7,17,0,191.7166553479613,19.26735629205998,2281
7,18,0,167.9220020744337,17.20234064030087,1966
7,19,0,134.0907951705945,39.37196945420629,1521
8,0,0,124.5884582715768,12.13240938278304,1496
8,1,0,171.8500742960135,17.43505858084632,2011
8,2,0,195.468531339544,19.49386206407468,2315
8,3,0,222.6535324191042,427.8867572398037,2340
8,4,0,210.2903471253333,21.79655374986541,2459
8,5,0,210.8122310124197,21.26016219336245,2493
8,6,0,206.8015856492009,84.88391063847676,2338
8,7,0,207.6875888522075,21.24388264956121,2456
8,8,0,205.2776741901072,21.370701581815,2403
8,9,0,214.7194197923281,21.76540943715679,2517
8,10,0,207.3599466645729,42.6681837300366,2401
8,11,0,225.4262270599984,470.3935429212182,2405
8,12,0,234.9811800158837,353.3604736860249,2460
8,13,0,191.6403040186953,18.43321301194049,2300
8,14,0,196.6108078011615,19.43475177295451,2341
8,15,0,200.7896191163508,19.84469364882566,2393
8,16,0,193.8315219824011,19.40971563393862,2284
8,17,0,202.31162822615,113.2801121517712,2259
8,18,0,166.7864633616147,17.65778823830325,1957
8,19,0,127.9157579034579,12.81794010170649,1517
9,0,0,129.9257985875632,92.19488847880027,1460
9,1,0,167.2226593521877,17.5363358589798,1968
9,2,0,234.5231930043338,1910.266233989872,2262
9,3,0,204.565044611208,20.3629497193265,2423
9,4,0,209.4679974632918,54.40060314563035,2376
9,5,0,204.0297128700259,20.70287148527281,2410
9,6,0,202.7450998857776,20.90769110786557,2425
9,7,0,199.2297111680053,20.43560802887371,2330
9,8,0,205.8807069185545,20.73158109217679,2453
9,9,0,221.1229431972305,24.63058498433338,2577
9,10,0,207.0326907944475,21.82293073479584,2442
9,11,0,217.218021187824,49.63589800464666,2468
9,12,0,203.5605468869491,20.11580575685956,2427
9,13,0,210.1270706200005,73.18814504801288,2432
9,14,0,216.672984501785,21.81590211698104,2552
9,15,0,203.7686777059528,20.6397791024725,2397
9,16,0,212.7973877000986,70.20130197848215,2434
9,17,0,202.0229535263087,20.94655540804817,2367
9,18,0,167.8928788648796,63.78884675055151,1902
9,19,0,122.0156932369108,11.68335044292295,1479
10,0,0,126.2945382805423,12.48562878481551,1492
10,1,0,165.8860549827436,28.97280956678193,1913
10,2,0,185.7533598276214,18.73598219867486,2190
10,3,0,202.8663746374239,70.45235512908859,2321
10,4,0,201.5385156728919,20.82847435165703,2384
10,5,0,228.1225731301325,509.75013986478,2450
10,6,0,204.599521405413,37.18536025834555,2358
10,7,0,203.4447422509106,20.1386830942714,2407
10,8,0,240.9369637924475,1416.309267043171,2424
10,9,0,212.5460811441294,21.53245002894832,2518
10,10,0,207.7067283965952,21.22186177060447,2453
10,11,0,210.8361647810134,35.02489545764522,2445
10,12,0,208.358232200195,76.02856188093992,2392
10,13,0,207.5733607000431,21.00832433882859,2438
10,14,0,210.2646265175377,83.41646722897346,2385
10,15,0,208.0704473226837,21.04973618039661,2445
10,16,0,196.7993001298921,19.81404998881932,2349
10,17,0,190.9496526151814,19.74653603919843,2231
10,18,0,166.1007609234947,17.4525202298232,1979
10,19,0,146.7820515479785,106.7752515065685,1578
11,0,0,121.4799081873522,12.22449559158951,1437
11,1,0,166.699436285409,16.58283708805461,1982
11,2,0,193.5139185193367,19.49676058134088,2286
11,3,0,205.5240633450151,21.58426718530916,2397
11,4,0,204.5860014176617,20.75875673680586,2407
11,5,0,198.6027998785067,21.07870215225796,2322
11,6,0,210.3249562016804,21.12506783189546,2497
11,7,0,215.0716351858331,51.22706820881176,2438
11,8,0,205.0994639212898,20.98941955118613,2406
11,9,0,218.3031849239759,53.23808104875626,2487
11,10,0,202.6710639882049,20.54112880054993,2377
11,11,0,200.7992722571726,20.44589868199411,2380
11,12,0,230.2924454796031,323.1922078401373,2414
11,13,0,207.349259471557,20.86971088088462,2467
11,14,0,204.1261349967641,20.44977166536495,2398
11,15,0,199.7788937738355,20.004171120739,2378
11,16,0,198.1017809786011,19.3092155560895,2382
11,17,0,194.7516300193933,19.88722652321781,2293
11,18,0,169.9985214735905,17.62216432564047,1993
11,19,0,128.7003507186444,17.94566384499512,1522
12,0,0,120.7092667340022,12.31572662778616,1423
12,1,0,166.8256227327841,17.162892720599,1947
12,2,0,190.2413003159565,20.81320124043662,2212
12,3,0,203.7042096606087,20.94698898664421,2402
12,4,0,204.3468483339477,47.20416498208304,2370
12,5,0,208.8495603408286,21.04912774369909,2475
12,6,0,198.762802788018,19.61625356839024,2383
12,7,0,217.8910078824932,228.2882384653714,2412
12,8,0,231.8430451486265,694.9189486101155,2414
12,9,0,217.0205987296437,43.40316317186031,2481
12,10,0,229.0359756498488,195.1082433888573,2498
12,11,0,202.8465137148755,20.33872349606958,2409
12,12,0,221.9108329682614,138.3118675003732,2428
12,13,0,199.6383706097511,37.93711540689568,2336
12,14,0,204.1540201078249,20.18700786694185,2438
12,15,0,215.169317461034,28.56444118629999,2498
12,16,0,204.8712686857804,20.57439721645883,2407
12,17,0,186.2886986423183,18.49230177750482,2220
12,18,0,163.599384765,16.47666848931338,1935
12,19,0,128.5507721022543,16.72254713834969,1500
13,0,0,126.8282461350717,12.63967243720536,1504
13,1,0,166.5925337235232,16.95525141522946,1962
13,2,0,194.8157945197699,19.7355149558873,2290
13,3,0,199.4935412707577,20.02802367277219,2351
13,4,0,199.5487103595433,20.23670329397982,2362
13,5,0,202.8035420832306,34.11552096233336,2340
13,6,0,202.921798037204,20.04434201498832,2421
13,7,0,201.561881438892,19.8517522493838,2402
13,8,0,206.5148004248293,21.32475856824294,2439
13,9,0,212.2100061263561,21.8222811457466,2478
13,10,0,216.2386058785742,55.69271992453632,2451
13,11,0,207.9213469936373,21.11771709901267,2465
13,12,0,217.9341750058204,85.51183302515095,2425
13,13,0,233.421903799027,117.6406748665276,2574
13,14,0,208.6715087249791,135.7241958538147,2354
13,15,0,200.6154995266649,19.63315161644023,2395
13,16,0,197.5263324662216,20.46558031742974,2326
13,17,0,191.7166849723251,19.64869713335366,2256
13,18,0,160.468191454071,17.29735199641147,1910
13,19,0,146.1401823726757,420.6454461298103,1490
14,0,0,122.0400825087094,12.47116556780391,1426
14,1,0,162.5983405252964,15.88388541289407,1947
14,2,0,205.4981101772282,170.8045585924308,2197
14,3,0,205.8969288157598,228.6255878587399,2305
14,4,0,216.6911912055187,134.7633774176154,2427
14,5,0,203.1887461563971,20.45705541763412,2399
14,6,0,203.0194026681622,21.59459409666992,2389
14,7,0,207.4879734972795,20.8699506643442,2453
14,8,0,202.2888739325085,87.03235512032876,2317
14,9,0,219.3497216911036,63.6913506387914,2448
14,10,0,207.5752030220447,21.50151813123822,2442
14,11,0,205.1111544841126,73.68521728379848,2364
14,12,0,206.8897266448472,22.28274305677551,2420
14,13,0,216.4270683673125,60.41167572249419,2447
14,14,0,201.5491912475827,25.32939821301052,2373
14,15,0,200.0631792626867,19.79645246208571,2384
14,16,0,210.5771737117952,181.0199344173746,2321
14,17,0,185.8605952596467,20.88022393336057,2202
14,18,0,167.3112080215164,16.60190943855852,1981
14,19,0,126.0420910542979,12.69538069313201,1494
15,0,0,127.1199075855947,12.60551219997024,1506
15,1,0,168.8594895482199,17.05478003336721,1996
15,2,0,193.4074291933393,19.9036967782495,2252
15,3,0,197.3618086443046,19.96861161064598,2328
15,4,0,232.6377301564779,615.2706679781032,2458
15,5,0,197.2270297842346,36.53856637292514,2309
15,6,0,199.3530407416004,47.40871797675921,2297
15,7,0,207.521004591879,22.70418227111283,2424
15,8,0,198.021081826375,20.40596217832975,2327
15,9,0,204.9119584127037,21.38874823996196,2392
15,10,0,196.630498869925,19.31822872823152,2379
15,11,0,206.066739147935,22.42829868288445,2443
15,12,0,210.9695412484996,21.45264194876436,2497
15,13,0,199.9148163827765,27.29819951109531,2358
15,14,0,205.2536125573182,21.1970457896706,2410
15,15,0,195.5690929387754,20.29622660373947,2294
15,16,0,196.8045165785899,19.11564674310646,2345
15,17,0,197.510874964501,19.74533337029146,2332
15,18,0,164.77875446172,16.79074296900808,1918
15,19,0,126.6897674405154,12.74507306825156,1493
16,0,0,128.1858747984519,13.77952505346403,1483
16,1,0,165.2610771045996,16.39665265442121,1976
16,2,0,182.416480827615,18.38315186730507,2153
16,3,0,199.6290341600165,47.92779858031607,2298
16,4,0,203.2998066469239,63.87482318447268,2344
16,5,0,205.3327646338626,24.13991135620116,2377
16,6,0,204.8521615254681,20.95231454467276,2419
16,7,0,191.6040637223065,19.9627474468243,2241
16,8,0,210.1981151704901,109.0705468339954,2369
16,9,0,202.383513618282,20.45993265170414,2391
16,10,0,195.2661569438353,19.09194272729971,2329
16,11,0,206.4917177643028,21.89520734261293,2394
16,12,0,197.6627739848787,19.55853363749939,2358
16,13,0,198.828771582783,19.74108477229714,2359
16,14,0,204.5988522440037,20.735004003097,2410
16,15,0,202.0742507236325,21.30967529374832,2353
16,16,0,197.0586093065741,19.76343575396579,2346
16,17,0,191.1349778691115,79.30715417115934,2161
16,18,0,163.1811092806593,17.00829675364945,1885
16,19,0,118.9847984005398,12.09104929676434,1409
17,0,0,117.0336632863907,11.8247241759923,1387
17,1,0,168.2095565077734,56.78854762625456,1863
17,2,0,182.2129148841888,257.5729005565755,1995
17,3,0,187.9056105557573,18.90862573669252,2220
17,4,0,195.8487894238494,19.16402745041873,2324
17,5,0,204.9958456887294,90.85718138670779,2285
17,6,0,187.5769168702934,19.05501648765007,2240
17,7,0,203.965900790694,21.18260329425645,2386
17,8,0,184.0541303442538,18.15055650775832,2189
17,9,0,190.4875400159382,26.81658156013567,2237
17,10,0,187.8073746711451,18.61884955590112,2229
17,11,0,188.2667424352975,19.02142056355149,2227
17,12,0,189.6054159597319,19.0231248801324,2257
17,13,0,195.3819955291343,20.32923288202106,2280
17,14,0,183.4810522186684,18.13361094919442,2179
17,15,0,190.3020526977752,30.40613756270842,2197
17,16,0,186.4664312337381,19.36528509989696,2199
17,17,0,176.7398022294636,26.8533613621708,2064
17,18,0,152.6566661294598,15.49822564447756,1816
17,19,0,117.2614825537504,11.81331036412908,1400
18,0,0,105.1529709964764,10.55062567432626,1243
18,1,0,137.7517106085286,14.05608769585837,1597
18,2,0,156.0877569997184,16.19485520764303,1829
18,3,0,165.723290858983,16.15341795453583,1978
18,4,0,165.8531297819318,16.89351608136539,1960
18,5,0,167.4302065179951,16.74636138711543,2015
18,6,0,171.532901375435,16.8010139155734,2039
18,7,0,161.5333904506661,15.43763952197693,1949
18,8,0,166.0256738880515,17.00526312712931,1944
18,9,0,167.9979786577828,16.32230777364267,2015
18,10,0,163.7799345126636,16.20920533911888,1959
18,11,0,168.2210693727216,17.13820700965477,1972
18,12,0,160.6430367677989,16.09150526263818,1907
18,13,0,172.2670866466474,17.44668889528761,2038
18,14,0,176.1625940805957,18.47328898928598,2064
18,15,0,165.2550528673531,19.18372285998142,1912
18,16,0,190.7762972999018,406.0813297748387,2029
18,17,0,169.250601881764,121.055070734971,1864
18,18,0,148.2136148261627,201.237959755403,1585
18,19,0,110.7718297371914,25.72891204268508,1265
19,0,0,72.75265829715786,7.275573552625679,865
19,1,0,107.5920681949894,11.72982476591552,1243
19,2,0,120.1324529534087,12.27176466673697,1412
19,3,0,123.3378258746798,12.79098686810088,1439
19,4,0,126.372925591778,33.76691080490073,1434
19,5,0,127.5798274976029,15.70055503665329,1503
19,6,0,126.5130988634336,12.76177553461692,1485
19,7,0,127.8798199808977,13.26719076525275,1493
19,8,0,139.3257253135549,42.49635394816807,1580
19,9,0,123.9243727834765,12.77193403611516,1455
19,10,0,123.9604778114826,12.58925687690316,1466
19,11,0,125.4418171559955,12.32810753517359,1511
19,12,0,125.6389402212858,13.17113393309197,1468
19,13,0,129.1283412338896,12.34994578827985,1559
19,14,0,125.7486686297087,17.5294281415712,1481
19,15,0,130.2816878617788,13.12202212173679,1547
19,16,0,131.8498312981338,13.11255862600079,1563
19,17,0,109.0645234254889,11.10136703707727,1287
19,18,0,100.0555139214409,9.842085632050624,1193
19,19,0,75.41843780154456,7.058433813168113,916
