# mesh name: boxMesh_1
# primitive scorer name: doseScorer
# iX, iY, iZ, total(value) [MeV], total(val^2), entry
0,0,0,70.38498694265465,7.044440776961018,839
0,1,0,88.78558583724507,8.748900538106275,1069
0,2,0,98.63237733773751,9.476047073793628,1208
0,3,0,117.1326362090266,12.039822146428,1394
0,4,0,110.9426637203214,10.87854067617382,1356
0,5,0,118.8893842393856,11.65706460243171,1435
0,6,0,121.8985637422397,12.00605878992337,1475
0,7,0,119.9812412547012,12.00165333358327,1455
0,8,0,123.4195737126124,11.78928909114702,1521
0,9,0,130.2550540728172,13.85062933876302,1572
0,10,0,126.0744682060997,12.71575512898477,1531
0,11,0,120.5377164524793,12.01803990291668,1463
0,12,0,131.1971159678892,12.61717411790481,1623
0,13,0,128.6253674107188,12.20179056098813,1611
0,14,0,132.6748789711824,12.90302593634934,1629
0,15,0,125.6375789436347,16.49508419665712,1526
0,16,0,136.2593635412986,22.85827623604569,1647
0,17,0,136.5509197865475,13.36619597912944,1687
0,18,0,128.3401666192904,12.12429636396265,1617
0,19,0,95.92172112674611,8.735391091906903,1228
1,0,0,95.6229370383583,10.09886935441464,1115
1,1,0,116.0575973036825,11.14099255228013,1409
1,2,0,140.9108086051348,30.25170341495697,1600
1,3,0,142.0963459035642,13.54935162122158,1737
1,4,0,151.9970648482791,18.09618023971766,1814
1,5,0,161.8269979354537,15.43586428054391,1957
1,6,0,158.7130639255036,15.47929069468934,1920
1,7,0,165.4185123759578,103.587278284518,1876
1,8,0,164.2530007121726,21.93643331924007,1963
1,9,0,158.9674199458876,15.29317364342953,1952
1,10,0,164.0630303427878,15.7325675530842,2025
1,11,0,178.3814866436442,84.29593381761829,2066
1,12,0,173.2937894112807,17.31863105477093,2098
1,13,0,186.965630242023,533.4151049507402,2012
1,14,0,170.051835510357,16.32114913197275,2110
1,15,0,173.6716172033778,16.89351844163376,2164
1,16,0,178.0072021224323,17.54756896556695,2182
1,17,0,182.4901287769521,73.57098263503815,2183
1,18,0,171.1947353950306,16.46335601088057,2128
1,19,0,137.5971325779166,13.40758465804557,1696
2,0,0,116.0616260666718,111.3565935019582,1281
2,1,0,139.3288294131603,14.36978767849302,1632
2,2,0,159.280459370798,15.8947060797083,1881
2,3,0,171.030892103464,16.82635990192525,2048
2,4,0,180.5669163182548,34.16175269657003,2132
2,5,0,185.7216979238271,18.39278540148646,2230
2,6,0,183.212437936927,19.5026814833049,2224
2,7,0,188.9953926062416,39.91775850212682,2238
2,8,0,185.3813423692354,25.46751207663092,2218
2,9,0,189.3725715532141,18.8629002365984,2296
2,10,0,183.2469859496326,17.64989535937705,2252
2,11,0,197.3900756818362,128.995897500528,2258
2,12,0,187.1228172523219,18.42929525431445,2298
2,13,0,192.7719931893251,18.51816760672467,2382
2,14,0,198.3967237591707,178.1586489249712,2300
2,15,0,192.7629689844127,18.16532639358605,2418
2,16,0,190.4370280055533,18.30558181935372,2368
2,17,0,187.8165942955672,20.07653811428546,2313
2,18,0,217.1829807355741,905.2901213130351,2335
2,19,0,145.0448298252639,14.79519496381978,1759
3,0,0,110.2491985176988,11.1344536520587,1312
3,1,0,152.0118230180184,35.8875501074216,1754
3,2,0,169.7825439425949,18.82912687173383,1993
3,3,0,182.8933635885946,18.40352585345097,2196
3,4,0,207.3630463794567,433.0715520270913,2221
3,5,0,193.9371204565986,19.12817342815996,2330
3,6,0,188.3080014455596,18.4320094913503,2286
3,7,0,211.9097962843307,158.2354867425768,2409
3,8,0,192.7514276072913,18.80746875497151,2361
3,9,0,192.6673978913505,19.14647795545763,2334
3,10,0,204.4295984632735,85.34643946143906,2403
3,11,0,201.0358174831963,57.32774431430563,2400
3,12,0,202.5493934002512,34.76423287319445,2439
3,13,0,194.3996179477966,45.40289148969825,2323
3,14,0,206.0832150031167,76.05340294789703,2387
3,15,0,207.9167342564233,142.6726257017475,2435
3,16,0,201.1544217220233,35.45328802038141,2467
3,17,0,218.7014816289614,518.8112289820483,2416
3,18,0,206.2153625988125,287.5322016735827,2364
3,19,0,145.9545474440079,14.01323751375802,1820
4,0,0,122.6735899421654,82.9236008605961,1390
4,1,0,156.5116182814355,16.12461785826043,1854
4,2,0,177.3359030190165,18.17864829294204,2081
4,3,0,190.0569800519365,18.24403290598022,2302
4,4,0,187.6238922694256,18.74048304318839,2252
4,5,0,198.4327801045856,19.87844152220968,2388
4,6,0,186.6532515718453,20.63357661228643,2248
4,7,0,205.7279078668228,60.0215032449911,2374
4,8,0,196.6189286386668,18.88417694957043,2398
4,9,0,202.8755029674605,31.77174615282133,2454
4,10,0,200.2250831030721,54.86684999601584,2367
4,11,0,204.1372404765282,20.21468989233281,2496
4,12,0,202.9921404723456,68.09765858841229,2392
4,13,0,192.6361073150046,18.87309360368786,2379
4,14,0,200.4827620643895,30.73807639604224,2433
4,15,0,205.9376671872659,56.58139362436172,2508
4,16,0,203.580999852222,105.923620300554,2420
4,17,0,197.5292529758622,25.97941202942036,2431
4,18,0,186.2859427650322,17.3203135247764,2355
4,19,0,149.1634959258564,14.94273644158993,1845
5,0,0,116.0702062450806,11.04311423526974,1419
5,1,0,154.2101076159917,31.63049521493618,1782
5,2,0,175.0688804246448,17.85516250336896,2074
5,3,0,188.7929755319724,18.61617863245771,2259
5,4,0,194.6706886103085,20.55110076891219,2314
5,5,0,200.3260596218759,20.04248915097215,2389
5,6,0,194.9687474522568,21.50495920175737,2341
5,7,0,228.1725734351202,1574.596201619626,2274
5,8,0,199.7080552721439,25.04335006511729,2361
5,9,0,211.5176482907058,292.2753091212593,2404
5,10,0,190.0216753197928,18.34341015317196,2336
5,11,0,196.0778955135223,19.08599879183437,2414
5,12,0,195.6862406343331,18.47808218174393,2432
5,13,0,199.9901313960711,20.05674359390938,2430
5,14,0,204.864749476169,39.46795550543267,2472
5,15,0,198.1386309614594,19.65704374431218,2432
5,16,0,199.071370166293,19.02485649506702,2475
5,17,0,203.9894695860302,20.43326476476812,2499
5,18,0,184.7109100874988,28.47911352799953,2280
5,19,0,150.4140770052321,14.83799306274735,1860
6,0,0,133.6067823965096,102.2319693678445,1471
6,1,0,158.3309787744745,21.47987045958979,1840
6,2,0,176.7944376987821,17.20467854488151,2143
6,3,0,189.4433129646573,19.5246118436673,2240
6,4,0,193.4550179213849,19.20619741815523,2314
6,5,0,201.2792217365208,20.22847503267458,2457
6,6,0,203.8025944300419,37.49639670072813,2406
6,7,0,204.8843560687543,37.83093775656813,2391
6,8,0,206.2609380916704,101.2289897252693,2418
6,9,0,210.2797595176523,77.05623640697091,2438
6,10,0,217.4236282079749,344.4645099484541,2434
6,11,0,198.2553380126787,27.76618119232831,2415
6,12,0,201.5572328359965,19.84029620729781,2457
6,13,0,191.8236541454673,18.70532560624867,2350
6,14,0,209.7279413577027,124.3932550059833,2435
6,15,0,201.2594223797953,19.70642779596806,2462
6,16,0,202.8049289696314,19.56969123933909,2507
6,17,0,217.659376676606,322.6553246706657,2485
6,18,0,187.162973059088,18.09039971894503,2340
6,19,0,150.3066472889307,14.42729022277163,1889
7,0,0,112.2836906075872,11.20209461562577,1351
7,1,0,159.2601678220599,99.74556485081737,1821
7,2,0,182.4490269772755,34.60796400057249,2118
7,3,0,192.2772023195214,19.65975615331497,2278
7,4,0,192.5906230089869,19.19536602934957,2307
7,5,0,195.625507971874,19.32521477451949,2357
7,6,0,194.6037695054704,18.85012896008555,2375
7,7,0,197.3178391129356,19.96616622584649,2363
7,8,0,205.4394003591339,64.47928952650854,2416
7,9,0,201.6367295950135,74.19665765935497,2371
7,10,0,204.744056814386,52.72794017109168,2467
7,11,0,198.4828115808944,24.00135590910716,2420
7,12,0,196.8265357289181,19.38289219881558,2403
7,13,0,203.7037903985929,19.73289304710487,2513
7,14,0,214.8089024345057,121.6733305621697,2483
7,15,0,200.9057540139273,41.83382143058617,2423
7,16,0,202.456727759246,25.19429243949234,2459
7,17,0,198.3748693402418,27.98988470785737,2418
7,18,0,184.1708764088794,17.83905916750631,2297
7,19,0,145.1644727383459,13.77992855384092,1824
8,0,0,115.9863448481559,11.93959682166924,1365
8,1,0,152.8938947020129,15.41181399122531,1816
8,2,0,180.4496166109755,17.65516524486491,2175
8,3,0,186.4713070828147,19.52691591666137,2213
8,4,0,213.4427881875776,112.1843833930179,2387
8,5,0,221.8123960391575,686.1546282118109,2369
8,6,0,201.3946618206314,19.97774757975627,2418
8,7,0,190.5291924203065,18.39520626952974,2330
8,8,0,194.0017934737417,19.07173150113192,2373
8,9,0,197.5349728208207,52.3312527257425,2348
8,10,0,207.0380972116125,20.82998865491244,2525
8,11,0,192.6119654007044,18.76509065445645,2392
8,12,0,200.7823236931764,19.51986204625909,2469
8,13,0,189.5826529711631,18.26248420617122,2343
8,14,0,193.4595384530703,18.69050170423564,2393
8,15,0,199.2053393188119,19.79109936971406,2436
8,16,0,198.8153969053485,19.8962018725112,2422
8,17,0,202.3168004695212,19.49777178494859,2511
8,18,0,192.8469017312387,18.86720913988341,2412
8,19,0,153.1728057152717,14.8204648289497,1899
9,0,0,112.621269888462,10.8241983838127,1367
9,1,0,155.2672586234391,65.71964227313204,1759
9,2,0,176.0096162367583,17.36725422087272,2121
9,3,0,212.5040361220642,218.904759952167,2342
9,4,0,201.2548557260467,176.5881239012879,2293
9,5,0,192.516272844551,19.33748132087938,2316
9,6,0,206.5321070033991,44.7401624422772,2431
9,7,0,205.2561992068847,20.74159089442508,2461
9,8,0,201.0396944233037,19.46076436001552,2456
9,9,0,210.1585163958916,168.6534091056681,2413
9,10,0,197.985848890258,19.36799582356674,2423
9,11,0,197.100894869048,24.13041611977045,2365
9,12,0,204.9140964192278,20.94106623942701,2528
9,13,0,216.0778802373575,191.338498813411,2486
9,14,0,201.9358655031752,19.6512491807023,2489
9,15,0,202.0102716795652,20.88961616600571,2509
9,16,0,199.1004562275195,18.77904992839584,2484
9,17,0,199.1456028161384,41.27606380422413,2431
9,18,0,184.7750006293224,17.46264056798996,2342
9,19,0,147.619713664554,14.17465594527833,1838
10,0,0,113.3338922344024,11.83074984576071,1340
10,1,0,149.8516235229178,14.90038926904072,1797
10,2,0,170.221907599966,16.82858926796309,2046
10,3,0,193.392486631201,19.22855511411433,2323
10,4,0,188.241671392934,18.26210536164082,2272
10,5,0,202.2275844396127,20.04684096719845,2427
10,6,0,201.1627591388503,70.98734364658782,2350
10,7,0,194.6040770652833,19.38977579103711,2350
10,8,0,197.0175097746436,27.37467108194526,2360
10,9,0,206.4543740969207,40.5396129493944,2477
10,10,0,199.5554902318304,19.47894105884199,2439
10,11,0,202.3626576136638,19.53503806738415,2500
10,12,0,192.8683219286958,19.19014037681821,2354
10,13,0,194.1225089651627,20.79383868474546,2425
10,14,0,199.3943762855304,19.24882562628915,2484
10,15,0,202.6963341020608,20.27104802413268,2518
10,16,0,203.1847535869558,19.65728230525409,2527
10,17,0,204.9314082257152,20.10907290862155,2529
10,18,0,188.0068359726036,17.69986629065552,2374
10,19,0,154.2852267471263,126.919783007464,1808
11,0,0,107.5754025063885,10.67417298018467,1295
11,1,0,153.9705973703762,15.67797585105648,1825
11,2,0,171.7970160456654,17.04557778835178,2046
11,3,0,187.4422624504138,19.01440308457511,2221
11,4,0,206.4568147417908,20.45848978274216,2483
11,5,0,194.6679447207269,18.86029678310876,2364
11,6,0,195.2534737414449,19.50011603057152,2336
11,7,0,190.6041475770227,18.4723854323008,2334
11,8,0,193.8493851822761,19.0717536568167,2362
11,9,0,196.4316900216472,18.89899845936982,2408
11,10,0,197.1547517067797,20.71140179242001,2415
11,11,0,196.581348341223,26.12941419986748,2376
11,12,0,200.2301118918321,25.51506345548496,2424
11,13,0,203.4246557114702,40.93791308968744,2447
11,14,0,196.9702454599231,18.87394809090258,2444
11,15,0,207.8712940660132,91.92365806129503,2439
11,16,0,215.846544746267,144.1777178279535,2536
11,17,0,198.4395882498592,19.11082520861465,2470
11,18,0,186.7109591446213,35.41107833269178,2265
11,19,0,152.5665008833801,15.05278356570768,1890
12,0,0,112.7039439216458,11.96920299873989,1322
12,1,0,159.6624421809455,21.06250279920442,1867
12,2,0,166.2983752537531,16.0650480359131,2014
12,3,0,185.7709237233535,18.46172190409929,2244
12,4,0,192.0762780219042,18.32648578683918,2348
12,5,0,198.1091419519124,19.45253980755317,2401
12,6,0,195.3179708450953,19.65020595073714,2337
12,7,0,227.4738719472861,281.5304597002732,2446
12,8,0,201.5302267175981,40.51470913964361,2381
12,9,0,225.1898373536475,350.2278621664615,2494
12,10,0,205.6631007344082,71.96571295312805,2409
12,11,0,202.7695659682779,20.03790389487481,2457
12,12,0,191.8943286661489,18.51781032496631,2376
12,13,0,203.939755945242,72.25058038196485,2422
12,14,0,196.4557285605637,18.09276261027964,2472
12,15,0,197.3235038907808,19.31707333664556,2413
12,16,0,204.5557631433289,121.7876386434427,2417
12,17,0,194.6402719766126,95.64295904320211,2332
12,18,0,190.0982437864475,18.13666257632171,2377
12,19,0,145.3898303280905,14.12807497471371,1811
13,0,0,120.9360635064049,12.56941447825279,1425
13,1,0,143.8927482458525,14.36077639328485,1727
13,2,0,174.9583458230271,17.74724954303388,2070
13,3,0,186.1035866863391,18.34588830090793,2241
13,4,0,182.4129417072706,17.29731036772991,2224
13,5,0,193.4534328776162,19.23042162971109,2339
13,6,0,199.1998008982475,19.26160885647091,2408
13,7,0,191.9784600083222,20.09701890484919,2312
13,8,0,201.6943992959768,19.55626308344921,2473
13,9,0,200.1552983666073,19.41460420476988,2466
13,10,0,197.3313557720591,21.8723309464966,2381
13,11,0,200.7804809256764,26.63663857531827,2437
13,12,0,205.4895145883027,26.22793447011507,2503
13,13,0,203.6054440378553,19.52388816500433,2522
13,14,0,199.3485130851728,19.94171176497075,2440
13,15,0,206.6646657494272,19.71407241700199,2571
13,16,0,202.370021945263,19.64566834805818,2506
13,17,0,192.9947169973626,17.91705312928132,2421
13,18,0,187.3792956828572,18.20855091353137,2326
13,19,0,153.4233193642573,14.15428503329701,1950
14,0,0,114.4571072884789,13.4145744939724,1331
14,1,0,155.6223288075397,29.0013817576268,1795
14,2,0,173.7509671948643,22.25079910344703,2023
14,3,0,199.5854922463153,90.74422953870466,2258
14,4,0,196.6728225070596,35.70966514102165,2295
14,5,0,196.0983938252585,22.27746929227789,2288
14,6,0,197.4177671112148,19.43373684113768,2385
14,7,0,193.5598716873746,18.96206309176715,2370
14,8,0,192.6812747399869,19.42418867620702,2307
14,9,0,202.3009971472917,23.64577258668387,2419
14,10,0,202.1581738684076,20.09676547830097,2460
14,11,0,213.3888223688504,238.0631973326042,2417
14,12,0,202.3723265869456,40.5008001177569,2407
14,13,0,207.3340900440037,92.45140360778711,2440
14,14,0,212.5672588182795,251.1857161650392,2464
14,15,0,205.0577435136109,48.16691842574554,2461
14,16,0,201.1776915005862,19.93178766347673,2464
14,17,0,208.5178580177403,90.3282966288283,2467
14,18,0,199.336300749349,81.93785132850621,2360
14,19,0,153.9538101016496,53.74307676997154,1810
15,0,0,127.8092341074402,160.2426634376192,1368
15,1,0,154.2206327247698,143.3839338254965,1738
15,2,0,181.3240196003036,38.52694727425273,2091
15,3,0,179.9374963204338,18.11993122771436,2144
15,4,0,190.3876394970777,19.45899078771408,2266
15,5,0,187.5936268282094,18.60223662123482,2272
15,6,0,191.9840403851723,18.84843219248811,2329
15,7,0,206.8474196654605,83.69867568415781,2373
15,8,0,200.9684103987428,19.90747311172052,2435
15,9,0,203.9446876181017,27.30122086969393,2471
15,10,0,199.7927129139783,38.12877450979033,2407
15,11,0,194.9618307653028,18.19000632910766,2431
15,12,0,212.2460424936143,42.55461171359703,2511
15,13,0,197.7379493461322,20.6768461321143,2408
15,14,0,197.2476630449898,18.95124554230878,2425
15,15,0,196.3830449548791,19.97795395518069,2379
15,16,0,194.3107963411089,18.22261981570409,2434
15,17,0,223.6612355219951,421.6687528020406,2523
15,18,0,181.2511044490204,16.77855325590973,2289
15,19,0,166.4106872960356,634.2890418021898,1790
16,0,0,113.257821836157,10.98358403175866,1365
16,1,0,146.9748207511151,14.32503176527636,1765
16,2,0,166.2819089145457,17.49513005233991,1971
16,3,0,197.6039032680167,114.0725787093637,2186
16,4,0,189.7677596292043,20.18491166390816,2253
16,5,0,182.9407197380189,18.89827301466683,2219
16,6,0,214.6169831563508,369.8960957248899,2268
16,7,0,200.91245464293,197.1531260833434,2282
16,8,0,191.0319953348766,18.70565637929211,2313
16,9,0,186.7290725646145,17.80310099435511,2311
16,10,0,192.6351521824041,18.56406882815192,2376
16,11,0,193.1487734898236,19.01991292023039,2360
16,12,0,200.6007336454479,104.3227162510409,2359
16,13,0,197.2201282747771,34.87816847138586,2349
16,14,0,195.2956654434552,39.28420828849833,2378
16,15,0,194.7048468364485,18.47654562246998,2424
16,16,0,197.3918477426913,21.91284987666274,2428
16,17,0,207.9354650487934,45.33002119333798,2510
16,18,0,186.2746443982275,18.79226659141185,2290
16,19,0,139.4699316385815,13.80628279865399,1744
17,0,0,105.4664233419202,10.63113595302298,1254
17,1,0,136.335674698246,30.5930202115841,1593
17,2,0,159.0864805202957,16.12256625167763,1900
17,3,0,168.8794318431127,17.07457314708848,2007
17,4,0,184.0540655535756,26.22863444063862,2134
17,5,0,180.2233163092601,61.6135834207578,2129
17,6,0,182.2128021692851,34.69470589728188,2157
17,7,0,192.0376345355828,31.32359073633982,2253
17,8,0,184.6289974679328,19.84436538602057,2218
17,9,0,181.0780315107591,17.29935470807702,2232
17,10,0,184.3728808930078,17.83372151344115,2262
17,11,0,180.8746076832436,17.37954780591782,2235
17,12,0,187.9522082557337,18.22378353951622,2320
17,13,0,193.085601084593,21.71132636838489,2321
17,14,0,196.2382153852676,127.1580301625272,2277
17,15,0,194.6880337354386,21.0153192691274,2401
17,16,0,194.0241452368839,18.42789161038713,2435
17,17,0,190.1436801793338,19.42444793899541,2333
17,18,0,188.5766217093218,18.65180659536292,2323
17,19,0,144.5565036494526,13.84855626463749,1817
18,0,0,85.60889589085185,8.649034262065653,1020
18,1,0,118.2686809472584,12.03267843816897,1400
18,2,0,139.2265230641697,13.87037741307249,1651
18,3,0,145.8567126661806,14.04403700780409,1781
18,4,0,152.5524850426164,15.06532089416888,1838
18,5,0,163.7481029656101,46.4296882407815,1917
18,6,0,156.0669741135604,15.48386093289881,1898
18,7,0,168.0261270866077,47.90782617788294,1949
18,8,0,168.3779760206764,34.63556985646584,1969
18,9,0,161.1843864170357,21.28210410378572,1943
18,10,0,161.962917489376,20.45026209053322,1976
18,11,0,164.7129067880983,20.49192578048792,2005
18,12,0,173.4850450158503,93.5610251124577,1991
18,13,0,166.5881587090014,20.34985702014794,2060
18,14,0,177.711827696964,17.31600097213692,2199
18,15,0,178.8172362726405,53.75683765126623,2133
18,16,0,194.4807210467728,134.1707637611332,2256
18,17,0,184.4462452077851,20.19107216347523,2274
18,18,0,173.8513291298363,17.01053256392876,2151
18,19,0,141.6528990131773,13.20537673751531,1780
19,0,0,97.83170951898337,960.0834006390804,806
19,1,0,89.06288844872441,8.749042706571693,1077
19,2,0,104.8595919100205,10.58342840387914,1241
19,3,0,117.2406686684899,12.13707857243667,1379
19,4,0,115.5559740605991,11.69592174906589,1395
19,5,0,121.7690280791883,11.82982436996629,1470
19,6,0,121.0804494337248,11.97563563756237,1466
19,7,0,116.3053797611808,11.58454535721768,1407
19,8,0,124.6105651495438,12.48812770604275,1503
19,9,0,131.1722865131829,30.95381164742651,1527
19,10,0,122.9386882733258,11.91911858339213,1516
19,11,0,132.746992223454,13.3724271314443,1616
19,12,0,127.6805399383188,12.4151262453708,1576
19,13,0,125.0109110227795,12.51255477508396,1529
19,14,0,134.6793929342459,13.51246427397232,1632
19,15,0,129.967282816212,12.1949610506058,1624
19,16,0,130.7768067664036,12.9335117186269,1613
19,17,0,136.256802762594,80.07662089046056,1568
19,18,0,128.2973964362239,12.41578637249756,1592
19,19,0,107.0514022398323,17.31929880413779,1302
