# mesh name: boxMesh_1
# primitive scorer name: doseScorer
# iX, iY, iZ, total(value) [MeV], total(val^2), entry
0,0,0,68.83074174467986,6.908862511364284,815
0,1,0,92.46821672108719,9.13103087858828,1117
0,2,0,106.7917461120973,10.95341429090356,1272
0,3,0,120.3464441293584,12.03994623199145,1462
0,4,0,118.0547928841263,11.32947514789746,1451
0,5,0,123.7364611774231,12.68323558036325,1488
0,6,0,124.8110286927756,13.00473919620127,1490
0,7,0,130.3799428521594,13.04369328842505,1571
0,8,0,122.7477650577983,12.05610070848419,1497
0,9,0,123.9626251003114,20.20119068048249,1472
0,10,0,125.1605793425428,11.90936494235452,1550
0,11,0,126.179400771532,12.44469459744501,1545
0,12,0,130.8956318959354,12.71664392315874,1617
0,13,0,133.900761822883,13.05548135752758,1646
0,14,0,133.2876447957987,20.74124007279803,1594
0,15,0,131.4828068562007,12.59995012363239,1637
0,16,0,132.2369410666664,12.96357448515635,1625
0,17,0,135.5477902801911,12.9956405727939,1701
0,18,0,145.7363976524587,14.43247654780214,1800
0,19,0,119.784589861904,22.01228060972673,1469
1,0,0,95.49948065181572,9.302222639499306,1156
1,1,0,121.4743568410936,12.01245606400348,1463
1,2,0,144.6858478469216,14.62960949631958,1723
1,3,0,145.8117082890672,14.42406007176154,1767
1,4,0,159.2227624400922,15.92621771844204,1908
1,5,0,159.2398510093994,15.72151372644293,1932
1,6,0,175.6741754464935,374.538192149653,1911
1,7,0,176.0387308891409,190.7614923360773,2020
1,8,0,171.3723646799627,48.27240540077229,2013
1,9,0,170.4458642193343,57.25004235919467,2046
1,10,0,172.1164358362883,16.6698012121741,2123
1,11,0,168.1724432298728,16.0608817364506,2093
1,12,0,174.2819596365158,16.74445891387543,2169
1,13,0,173.6241773936676,16.90832020208626,2136
1,14,0,176.162253954029,17.44070544183584,2191
1,15,0,178.371737352827,17.309382639255,2242
1,16,0,200.1134455643703,239.1286894592758,2303
1,17,0,193.4613682298111,20.93482093135804,2377
1,18,0,217.453403011535,772.029896481651,2346
1,19,0,157.0320542046162,16.1279188501479,1943
2,0,0,125.769426751898,287.5897279122761,1300
2,1,0,136.2220902601219,13.34098447632894,1637
2,2,0,164.6205458991772,16.031952083947,1980
2,3,0,194.2928394562738,268.7588496395996,2156
2,4,0,176.1110788043064,17.15869817155657,2132
2,5,0,181.4388113743727,17.17092464694801,2225
2,6,0,215.3617507736404,528.4027737191491,2289
2,7,0,187.4364990835859,33.34134793826906,2244
2,8,0,188.6634982974503,18.09048512070836,2316
2,9,0,186.7336398519012,18.09838575631188,2310
2,10,0,191.2284920022172,18.54144086923694,2348
2,11,0,194.0291119485985,18.78799811653659,2384
2,12,0,203.7259878442078,45.53232390171446,2445
2,13,0,198.1271310309248,73.18153208675727,2363
2,14,0,190.5004733611786,18.95447348704238,2365
2,15,0,228.0289879769856,540.6771795759073,2537
2,16,0,201.8454278256831,26.651188628589,2460
2,17,0,193.7924906693823,21.27741238830704,2414
2,18,0,196.603685131141,19.44161176052072,2433
2,19,0,154.833439266539,15.1613783227366,1937
3,0,0,117.3765954841426,11.86552648956052,1395
3,1,0,147.8425033088057,22.66101450571523,1729
3,2,0,186.6622277263749,87.0180503205281,2125
3,3,0,186.93010420845,20.45284056816539,2216
3,4,0,184.6220396944914,18.18238898112628,2238
3,5,0,192.2938340092661,42.59019152761596,2278
3,6,0,191.5809822374833,18.96673925283055,2333
3,7,0,200.0340467454767,19.9193722315517,2419
3,8,0,194.3300999915251,19.15033211396283,2370
3,9,0,192.0217281334096,18.9932955611961,2336
3,10,0,199.6489092883959,19.21432827417042,2450
3,11,0,190.8792788234585,18.76699101427642,2358
3,12,0,196.4520425236492,19.92740129518661,2394
3,13,0,201.5827523747201,20.04616295741117,2485
3,14,0,196.3760704507675,18.93352729369993,2443
3,15,0,218.0472995194716,292.4390541290013,2504
3,16,0,199.3678186556813,19.11990055753118,2486
3,17,0,193.7233980608974,18.30318874285883,2446
3,18,0,201.4127522173295,38.32682913653486,2433
3,19,0,160.3367458922119,15.58915689200077,2005
4,0,0,121.0867037542344,22.6413907760377,1412
4,1,0,155.0836226041463,28.50856063633279,1835
4,2,0,179.2436423248043,19.7541761944284,2150
4,3,0,185.9274649998661,17.99383967127764,2263
4,4,0,193.8044203188298,19.51587640190729,2322
4,5,0,190.6821261417975,18.64283695163283,2313
4,6,0,194.9887001765919,19.71935781603628,2356
4,7,0,198.6587779384308,18.47106686741891,2461
4,8,0,198.9576957341995,18.71549399483028,2469
4,9,0,201.1583136209235,42.94916944747356,2450
4,10,0,195.4706370406524,18.91557385074903,2425
4,11,0,220.4661801848595,200.4677363308282,2471
4,12,0,203.616803163283,61.81295424530357,2464
4,13,0,198.2402379281661,23.73575172181163,2425
4,14,0,198.541884335215,19.38401752014747,2448
4,15,0,194.4164285696858,18.67481318288818,2429
4,16,0,199.7485998988848,18.83936450080344,2497
4,17,0,203.5550108808895,19.35013889712904,2554
4,18,0,215.8825396148271,307.501455078327,2446
4,19,0,165.9745898711644,16.0306547241046,2073
5,0,0,118.5786175825276,18.77172818713293,1413
5,1,0,154.2184668460713,15.39735417106801,1837
5,2,0,197.3573148826515,553.4920960658201,2109
5,3,0,184.5810726000016,18.22866179043118,2243
5,4,0,193.5693909837779,19.22599453576694,2332
5,5,0,198.7973658115177,29.82901348774818,2350
5,6,0,202.7667068172182,116.7123499505376,2355
5,7,0,211.3598969616056,77.62364992335749,2437
5,8,0,190.748291876378,18.65821371459586,2335
5,9,0,199.5472425124157,59.33237796799042,2352
5,10,0,200.080991093397,19.37839984985584,2450
5,11,0,208.9279618961376,56.42548412061366,2467
5,12,0,199.6828591595207,26.35821394117099,2413
5,13,0,211.2100973585058,286.4805781241271,2390
5,14,0,212.4506637103686,407.1672609329637,2398
5,15,0,194.9108764118554,18.47794372931777,2431
5,16,0,222.4759347473889,619.2727751410339,2445
5,17,0,203.5070512148461,99.94089550376833,2419
5,18,0,191.6923877994978,18.59429737424669,2383
5,19,0,161.8512179151307,16.00887295883814,2002
6,0,0,130.4107410680273,47.36008457237327,1475
6,1,0,157.5059555016375,20.22792142026136,1864
6,2,0,187.9036848481677,59.92386314476358,2201
6,3,0,185.1982118203316,33.51854051985376,2179
6,4,0,200.4391940256468,19.84104409735955,2421
6,5,0,191.8069378652339,21.12160871638597,2325
6,6,0,200.6765108258077,20.23779339123633,2422
6,7,0,197.9639977453311,19.32012781260442,2409
6,8,0,204.9744449808239,32.08046449519497,2453
6,9,0,192.183632624259,18.26584238678154,2376
6,10,0,197.1915285084653,19.44982435490522,2419
6,11,0,202.3464345376723,20.05025276770499,2467
6,12,0,198.1253895573562,19.37786823227324,2443
6,13,0,201.5568226913692,101.8306331056466,2364
6,14,0,218.9450586443574,175.7546425772603,2469
6,15,0,208.0754923442052,105.4627765102672,2456
6,16,0,215.7483672836279,39.64572705429531,2590
6,17,0,210.5579451801997,86.21497394346056,2534
6,18,0,201.7440266670617,19.62336796514017,2506
6,19,0,167.3526207295511,35.84314528678338,2048
7,0,0,128.8799676494662,163.5033885345913,1348
7,1,0,153.2926343771455,21.49387453420896,1831
7,2,0,187.9566855546414,44.13775118675758,2179
7,3,0,188.1006787628571,18.33440026588571,2305
7,4,0,199.3541926751543,24.14672504776965,2409
7,5,0,228.3789177873959,663.2381864076632,2428
7,6,0,204.2392720111261,53.43346740018884,2463
7,7,0,220.6472265092616,853.043014875254,2338
7,8,0,195.4216010422617,18.65408910574694,2423
7,9,0,210.7295434667341,94.14251928609552,2450
7,10,0,221.6200737159423,231.7941615123602,2450
7,11,0,202.5019823766383,75.49561627850319,2375
7,12,0,196.0626233488392,18.57196477702558,2461
7,13,0,192.096600247329,18.15934849289921,2397
7,14,0,202.6962130047403,27.70126826060339,2482
7,15,0,199.5266301958914,27.81704810608335,2443
7,16,0,205.0100528795487,49.14640836803628,2415
7,17,0,217.041781405923,273.0482827214985,2499
7,18,0,196.2088089865359,19.00440160179366,2461
7,19,0,162.2877793754147,15.34370047252857,2045
8,0,0,117.0921414750783,11.73119722548126,1402
8,1,0,150.7127251628595,15.21385891660769,1803
8,2,0,180.2880793802467,17.2606832750496,2190
8,3,0,192.1466859890131,19.28415806081471,2305
8,4,0,195.0212844243558,18.81307630808876,2378
8,5,0,195.8662739236618,19.46481436276412,2380
8,6,0,202.6300022149666,20.53645346208044,2424
8,7,0,200.9642879452125,20.47042853709353,2463
8,8,0,194.2313410689897,18.61208626617901,2400
8,9,0,203.0908376638306,20.27168953845666,2464
8,10,0,198.4158757186572,19.39510281041359,2438
8,11,0,198.2265076079425,19.50394522565734,2420
8,12,0,195.8981340736894,18.37566268411978,2459
8,13,0,200.4680097132218,38.05717296188974,2413
8,14,0,195.8156352807044,19.25946542157405,2416
8,15,0,213.4599742917348,313.2625223460589,2395
8,16,0,199.580786662491,19.35300698001484,2485
8,17,0,203.2368614308369,44.19234937029314,2461
8,18,0,202.6850060984898,25.06746520333054,2510
8,19,0,163.5484550249416,16.5518725050878,2034
9,0,0,112.7366018604652,11.21305160205761,1354
9,1,0,155.3119013211916,16.32342727173624,1817
9,2,0,179.7453713029556,17.2612189321914,2176
9,3,0,195.2136408165827,34.75819297243093,2321
9,4,0,195.5630344164348,19.88411793220046,2341
9,5,0,194.4939481502132,20.54957838492416,2359
9,6,0,195.5781657814612,19.15610824249759,2402
9,7,0,226.0209840851478,447.4804444530051,2414
9,8,0,204.2263016218479,20.1765333351322,2489
9,9,0,203.9979510192555,20.55950774812818,2487
9,10,0,197.8746142100731,27.26361518243784,2403
9,11,0,201.6936717786763,19.79154448821741,2488
9,12,0,196.2685332201652,19.17525741038573,2425
9,13,0,227.3973514594507,481.0998860314895,2443
9,14,0,209.9687207190564,124.8003975722079,2487
9,15,0,204.5027438757542,41.78344314554491,2482
9,16,0,208.7335664800395,35.56501996647684,2564
9,17,0,206.2095870676113,72.9035290205241,2428
9,18,0,193.1915929712061,18.63071818076406,2410
9,19,0,158.3136665762271,14.87902259833279,2006
10,0,0,135.501924731753,163.0244775704492,1478
10,1,0,153.3079380841029,15.41229986952676,1825
10,2,0,181.0597816473794,39.27891512173291,2123
10,3,0,194.4207675934655,20.13520469341445,2324
10,4,0,197.6751207416451,19.62878301958851,2367
10,5,0,203.4019327666152,20.52694122627221,2440
10,6,0,191.0751584144729,18.21997729328949,2337
10,7,0,194.6638970380786,19.83209369068047,2358
10,8,0,217.7947532190243,361.9347146039819,2305
10,9,0,204.1446801303049,20.67854206629212,2474
10,10,0,200.9459018628895,20.06212301410431,2439
10,11,0,205.0049044567228,33.4045743048105,2478
10,12,0,202.8600283205892,21.98244828793149,2501
10,13,0,204.1334363100786,21.92356736962364,2521
10,14,0,211.090818655755,103.8671849616464,2452
10,15,0,210.4372299717012,25.53136410956442,2602
10,16,0,208.0032649585754,21.61507991454288,2553
10,17,0,196.8101264031793,18.37677847948806,2495
10,18,0,200.6190269413534,19.36515721087214,2513
10,19,0,172.9590898296228,67.11386041951627,2089
11,0,0,111.4142268567122,11.59003923767268,1324
11,1,0,150.3174447462156,14.27270874407199,1832
11,2,0,174.8888673751745,17.31901774419923,2104
11,3,0,211.1985377330999,738.0375730463289,2207
11,4,0,194.3687435669225,18.85428717049506,2384
11,5,0,193.0426235719136,29.18403555597937,2322
11,6,0,199.6156425282931,30.83588755054843,2345
11,7,0,213.6282041702383,478.9609077108716,2304
11,8,0,195.8364339253586,19.45072255898703,2375
11,9,0,201.6661537992285,19.52339704236564,2462
11,10,0,202.0760386744763,19.78271388750881,2483
11,11,0,199.8141346450533,20.07970046894761,2439
11,12,0,195.4265213620099,19.21815278093649,2388
11,13,0,201.9405789027823,19.64858089606788,2489
11,14,0,204.9944273738017,26.86689450978431,2488
11,15,0,218.1435562827058,126.6860997439653,2496
11,16,0,194.5225829660669,18.89591999485868,2410
11,17,0,196.3723271713807,18.67484692683306,2462
11,18,0,195.3580661900177,18.75668425358236,2455
11,19,0,164.1102875204687,15.6314140059161,2057
12,0,0,112.2259676926098,11.16570075861188,1352
12,1,0,151.8871735258245,15.04532571171486,1839
12,2,0,164.5341496455686,16.83683967643703,1958
12,3,0,192.1326191827438,28.66670544261193,2288
12,4,0,189.1007396536347,18.45522623142248,2293
12,5,0,196.8100183284772,19.49251567175421,2380
12,6,0,192.395743853121,18.36124769904822,2374
12,7,0,196.930812735104,19.26937853890667,2409
12,8,0,201.7730428193322,19.62331980167904,2469
12,9,0,200.9823373762329,19.37884089321969,2488
12,10,0,206.1154480161784,80.95684951562066,2441
12,11,0,194.933630478282,18.28277316358389,2434
12,12,0,201.0147368203387,38.36954896085588,2464
12,13,0,193.5624589825623,19.28936473741178,2364
12,14,0,201.7043776594004,118.48183864968,2359
12,15,0,216.7288172526869,130.2642596289039,2522
12,16,0,197.2066648563028,18.91400097420468,2466
12,17,0,192.9214444417059,17.51635686696877,2468
12,18,0,196.3813813185544,36.71037145536408,2418
12,19,0,158.0217032999788,15.8735626376333,1949
13,0,0,116.2590039571432,12.08921078733194,1373
13,1,0,145.6583781693452,14.2895886707654,1773
13,2,0,183.2943438475476,18.31383367503228,2204
13,3,0,196.886655299342,156.1632400663555,2210
13,4,0,201.0243737876488,20.10921453755563,2414
13,5,0,213.457975151746,254.0399953880115,2388
13,6,0,193.6285607013781,18.91607351335135,2366
13,7,0,199.4404592298155,48.64549762733751,2365
13,8,0,210.940664518453,103.857018186623,2465
13,9,0,202.3846208643828,24.43034632216241,2460
13,10,0,200.5062770404749,47.22305400934367,2392
13,11,0,202.9150879974295,31.28507602858803,2462
13,12,0,201.7560610168109,19.15984320925322,2538
13,13,0,213.4845806092524,78.82700109701808,2510
13,14,0,204.3549455735167,51.44184782598379,2463
13,15,0,212.7272618616129,39.38580340975511,2568
13,16,0,205.8464112394473,132.8948827315272,2430
13,17,0,207.9507661179105,234.3675659914131,2414
13,18,0,197.2375703288321,19.10909053017429,2462
13,19,0,164.2983650196542,15.23332947068326,2099
14,0,0,114.7484929852958,11.37099958857869,1373
14,1,0,160.0307017492304,190.7765892772048,1789
14,2,0,182.8235797459622,69.95147988217305,2111
14,3,0,185.5969450440051,20.61635738839387,2249
14,4,0,193.0280861377567,18.42536705150136,2358
14,5,0,227.6660534472149,315.4787031202354,2376
14,6,0,197.5467463504089,19.31370065452316,2395
14,7,0,196.547927954077,28.81137442802827,2361
14,8,0,191.4514077039642,18.88213660796774,2321
14,9,0,207.2418559245697,21.74419349142705,2493
14,10,0,205.250794301213,24.61950863577057,2481
14,11,0,198.1298917548612,19.47657670741896,2427
14,12,0,209.5748438339458,77.73947388822508,2500
14,13,0,196.3276603977824,18.97484240363048,2421
14,14,0,195.1005115721557,22.08998555034691,2396
14,15,0,201.982002257416,19.82452693894464,2493
14,16,0,209.2702307503608,184.3606289454738,2436
14,17,0,198.4616133646485,33.91182743108995,2444
14,18,0,202.0440354654459,39.36118375667105,2473
14,19,0,156.4721111334117,15.32365194636711,1959
15,0,0,117.0472923478641,11.72169969675336,1387
15,1,0,157.6624635609722,101.6469817961108,1779
15,2,0,182.5522898098976,18.63524456630719,2170
15,3,0,198.1833811571896,131.6306301256945,2238
15,4,0,195.6888889102864,33.87780200291099,2318
15,5,0,200.1788846180042,142.5270501524666,2321
15,6,0,189.071286800161,18.72840329024986,2288
15,7,0,203.1263750505453,20.84996347896782,2458
15,8,0,203.9937546505816,35.66358574948935,2428
15,9,0,191.2718972721563,18.10524515936446,2377
15,10,0,199.0833909412984,19.53440013613539,2440
15,11,0,202.4823820910748,20.02562484905091,2459
15,12,0,214.6893756316227,391.4243918563828,2408
15,13,0,194.3038169539815,18.94944839612656,2389
15,14,0,204.369007333352,28.88219262007635,2490
15,15,0,205.3095130597494,28.4854022234418,2475
15,16,0,201.7694230219715,57.09932359002691,2434
15,17,0,211.0364253553286,57.5217019795905,2535
15,18,0,209.4212380849197,211.7687927777611,2404
15,19,0,162.372951487994,17.82579821867029,2000
16,0,0,115.2950439823922,10.99452847625268,1406
16,1,0,159.8237538780748,21.9583986797373,1854
16,2,0,168.1863460226313,19.25850635290109,1991
16,3,0,183.1221401021886,18.56138810925633,2179
16,4,0,195.8570608087063,19.66534035109453,2346
16,5,0,188.0296887475332,23.29481565256433,2291
16,6,0,190.7290368686453,20.65708986030058,2292
16,7,0,189.389201793689,18.72459185812009,2299
16,8,0,190.9959976854128,18.58238228612086,2334
16,9,0,195.2776523040206,18.88433034093954,2395
16,10,0,199.8239188519285,32.56060356030276,2373
16,11,0,191.9794417116699,18.57266023340676,2371
16,12,0,196.6507955288285,19.01840013571773,2428
16,13,0,194.6611762019605,19.51868691167128,2374
16,14,0,229.7155739875938,410.2549162030623,2439
16,15,0,213.7881378381406,292.8940348359795,2454
16,16,0,201.7767386370473,23.55686468753176,2440
16,17,0,203.2174441684654,57.80726166464125,2442
16,18,0,193.660910281922,18.70992019616997,2418
16,19,0,158.7377843694869,20.74067927307487,1974
17,0,0,104.2191439390234,10.51560896662059,1241
17,1,0,142.0651627838742,14.37441675872977,1695
17,2,0,162.9333781999138,15.9101507512443,1973
17,3,0,188.9140463298524,135.5405029335966,2114
17,4,0,188.6973197442181,19.03636634106139,2248
17,5,0,184.7780850490399,19.93547587702525,2220
17,6,0,182.1976679005422,18.0084992748321,2211
17,7,0,191.3161319356026,23.51562578307556,2303
17,8,0,180.1167469926268,21.24535306083318,2175
17,9,0,179.3203131318462,17.16250014267793,2228
17,10,0,190.1604353995309,18.60691142767741,2336
17,11,0,193.2797463046411,18.98029512514829,2359
17,12,0,185.4521470610513,17.49108789317507,2323
17,13,0,194.4379755723334,18.96764360303737,2405
17,14,0,193.622917926597,21.89220355455279,2344
17,15,0,204.5755006702952,51.31149612860122,2475
17,16,0,200.0378574579113,54.47713162978235,2431
17,17,0,196.5985371893843,18.91697196581734,2447
17,18,0,186.3150861817676,17.77486800205959,2329
17,19,0,164.9574699723968,26.67173208513877,2034
18,0,0,86.52604831172846,8.585883871394863,1046
18,1,0,125.4596880219493,12.72513731591397,1503
18,2,0,138.2718778289905,13.43500899728156,1671
18,3,0,181.2860385215964,825.2748511533553,1861
18,4,0,162.4487866984858,16.8991243819174,1957
18,5,0,158.2593025600557,23.20713213998679,1903
18,6,0,157.5946935134442,15.6130624154374,1895
18,7,0,160.4548176169088,16.15784561301505,1938
18,8,0,179.4138906694462,155.622084698248,2044
18,9,0,162.0844053977667,15.48731799084205,1996
18,10,0,165.9601423963058,16.33904896557589,2028
18,11,0,170.702250192744,16.54559036017102,2086
18,12,0,177.0732781153703,98.66193044546202,2059
18,13,0,174.6685038005211,18.54826789652278,2167
18,14,0,176.1995750425969,16.74304153630998,2189
18,15,0,193.388570762797,130.0896304842625,2262
18,16,0,185.6896947686915,18.19975035936685,2290
18,17,0,189.0364416633506,18.28017281462896,2357
18,18,0,185.2265274053,33.24980464239835,2282
18,19,0,151.6568589185367,13.95984234147112,1935
19,0,0,63.74458918087064,6.280529456030852,774
19,1,0,95.27964274133343,9.513687640548113,1151
19,2,0,106.685060364063,11.29048685721452,1276
19,3,0,118.8684088475092,12.1306880057277,1419
19,4,0,118.1876705241934,11.80709430478391,1438
19,5,0,124.4525487695385,11.72139276423805,1538
19,6,0,118.7356487142352,11.79227872021915,1428
19,7,0,119.7370179952912,12.13368601472093,1434
19,8,0,129.679148952058,12.39978634260953,1612
19,9,0,118.7936082371592,11.34800452022189,1466
19,10,0,122.4991441192864,11.5563425639019,1540
19,11,0,130.2159342064093,12.8282167613013,1597
19,12,0,128.2583381575808,18.63417471191402,1543
19,13,0,134.8707270362943,33.08185036078406,1615
19,14,0,134.3290096149819,12.97117144156964,1659
19,15,0,138.2878460190346,13.04741260481469,1724
19,16,0,134.8349228907409,13.01483394722185,1681
19,17,0,138.4343551075303,12.86055839503752,1752
19,18,0,136.297023064168,12.90021040983782,1717
19,19,0,124.9113411152958,12.61508962173923,1552
