# mesh name: boxMesh_1
# primitive scorer name: doseScorer
# iX, iY, iZ, total(value) [MeV], total(val^2), entry
0,0,0,78.97741174984286,7.663864180392462,989
0,1,0,110.8567472502043,10.70917614337947,1365
0,2,0,122.3182652873895,11.57428522684558,1528
0,3,0,128.6946141311049,12.54641379710591,1604
0,4,0,135.6731491590997,25.75858172419758,1641
0,5,0,133.346975510463,17.62192346432114,1622
0,6,0,138.8227314002122,13.86246696897199,1696
0,7,0,136.3113178665208,16.28504733961034,1660
0,8,0,157.7882703643399,388.7750343183502,1613
0,9,0,133.1334442126498,12.56865155636577,1656
0,10,0,135.1676284456906,13.22895970264854,1692
0,11,0,131.382011450156,12.36108550129422,1650
0,12,0,128.4761362818779,12.23383592076063,1598
0,13,0,131.3010176509378,12.32161978857166,1637
0,14,0,130.5659478759106,12.70950256361853,1623
0,15,0,128.7339792486532,12.19892914906586,1612
0,16,0,134.001731696389,12.68313882711658,1669
0,17,0,133.7909654623219,13.03338397038577,1648
0,18,0,133.2992552064513,26.95186127196547,1626
0,19,0,90.06258088171316,8.192322510720011,1163
1,0,0,116.7364892930014,11.17068075879713,1444
1,1,0,161.7420609911404,88.44643060652824,1827
1,2,0,170.8604199418242,17.37418693543725,2088
1,3,0,178.8744126629673,46.3838624719542,2116
1,4,0,172.0203845193915,82.72905423079901,2038
1,5,0,207.3826259594459,538.3944453535551,2135
1,6,0,175.5417942676292,25.73148678124767,2135
1,7,0,180.5759656749632,17.15805881965837,2265
1,8,0,176.9374070238245,17.77599223173628,2166
1,9,0,176.9114019324871,16.96275523987688,2208
1,10,0,182.4146930586144,17.51449762619887,2286
1,11,0,178.8958446097257,17.29197762858523,2206
1,12,0,184.6612116716707,61.34577768990557,2213
1,13,0,184.2398732490412,18.45195499280471,2257
1,14,0,196.1127136404738,176.8632214411354,2294
1,15,0,185.0744896505343,17.62299772633281,2333
1,16,0,183.7850888792505,17.81286658279862,2273
1,17,0,180.3001908142579,18.38688921096651,2198
1,18,0,176.3050704741007,76.40087246776437,2090
1,19,0,122.8964123779836,11.52656340729793,1553
2,0,0,123.6641669474407,21.3506843061013,1494
2,1,0,165.4549846266405,16.32496361372011,2037
2,2,0,193.8009587493832,21.15340350755262,2374
2,3,0,192.9268528295036,26.15827925749338,2353
2,4,0,219.8268936434968,322.2941688724428,2470
2,5,0,194.4458502736452,18.75233137566906,2403
2,6,0,200.3906671825994,19.89905322872892,2452
2,7,0,195.6442224553217,18.84875684392816,2436
2,8,0,193.9908028791926,21.98889514213769,2398
2,9,0,187.8283183737175,17.80593985647086,2350
2,10,0,219.8805428660688,238.2621904326831,2547
2,11,0,195.254731425262,19.55837274690976,2407
2,12,0,194.5386009594315,18.63810575128077,2439
2,13,0,195.408818536627,40.24920277794882,2389
2,14,0,196.7759296325505,18.77905000161639,2463
2,15,0,202.6858243194923,38.119565586127,2502
2,16,0,195.1345477912487,19.47896636033301,2409
2,17,0,197.9376677425581,18.98806620309496,2471
2,18,0,185.3988910501413,18.10082156634196,2303
2,19,0,135.0759314685703,13.3026706031411,1663
3,0,0,123.9583357243177,11.73745198953346,1558
3,1,0,169.4398932782969,34.69529827219838,2019
3,2,0,220.1283564478759,617.4336227904639,2440
3,3,0,203.4686275801771,24.88534268013253,2445
3,4,0,194.2045573404433,18.63633950687234,2435
3,5,0,197.2805338627345,20.86254698604229,2437
3,6,0,210.7589441990333,357.6517821432066,2375
3,7,0,198.2085808544139,19.04388087818642,2484
3,8,0,206.5333247985005,40.08986611152035,2519
3,9,0,198.2636450300461,18.78085759490992,2489
3,10,0,199.3061051868893,18.80084505313214,2507
3,11,0,199.3311425648644,19.73536263684962,2474
3,12,0,195.6006212383231,19.08297113169856,2420
3,13,0,201.3104587352897,19.66885115660882,2487
3,14,0,200.3721368497972,19.84315652881436,2469
3,15,0,221.905209085433,237.8158930432159,2472
3,16,0,228.2277349595934,485.9964028889602,2518
3,17,0,212.0782656729113,198.5332214350371,2415
3,18,0,185.1528513729928,18.12198581893066,2279
3,19,0,130.3285449575391,12.20788014397511,1644
4,0,0,126.5180241002127,12.2624577984335,1566
4,1,0,171.2148918990629,16.83885648778439,2118
4,2,0,190.2199378700391,18.62040753797861,2358
4,3,0,197.8992079218071,18.86656478463435,2457
4,4,0,205.8467767501087,50.15092079027333,2483
4,5,0,201.1162903303465,19.60551803105129,2496
4,6,0,235.23538017667,389.7684885908523,2578
4,7,0,198.8425220814611,19.60422730779273,2453
4,8,0,201.7123196216101,30.86672118208067,2464
4,9,0,194.8080005709679,18.9723444161279,2411
4,10,0,200.2121166992753,19.56622346518679,2471
4,11,0,194.9887573447916,19.42915392383108,2430
4,12,0,210.3800538302237,127.5169953048403,2502
4,13,0,199.3010710394791,18.38177498281775,2541
4,14,0,198.9292888976281,19.29459639224745,2462
4,15,0,196.941623978664,18.79845059262591,2464
4,16,0,195.5398144695477,18.38621138650906,2448
4,17,0,200.346149487592,44.78383401182366,2438
4,18,0,186.3881459336675,18.24347451984456,2295
4,19,0,141.0546781069326,13.48893554951672,1773
5,0,0,126.2572798693092,12.08315178755221,1552
5,1,0,170.1125539434579,15.8433442900754,2130
5,2,0,188.6411695678546,17.76598590010219,2377
5,3,0,195.9153944856186,19.24625766790626,2429
5,4,0,202.7203404822327,20.24730290571769,2467
5,5,0,198.8401155152608,18.85773862811603,2496
5,6,0,207.6123619519601,33.21306652019628,2492
5,7,0,200.9682067888924,21.2990493408043,2480
5,8,0,213.2212178853479,71.68134590849179,2531
5,9,0,197.7788054489664,19.76095364760203,2436
5,10,0,197.3519766487919,18.63893110056693,2475
5,11,0,195.2478817317783,18.72108198807721,2422
5,12,0,198.3924152151629,19.93480631671457,2442
5,13,0,214.5114633476945,329.1108133139251,2458
5,14,0,205.4487087499311,54.90112256050712,2465
5,15,0,198.5387078509956,18.82705616131259,2491
5,16,0,202.0705181808077,24.05506571503966,2473
5,17,0,201.7435637329473,20.41104533180011,2477
5,18,0,177.1407803976324,17.00779035641408,2203
5,19,0,141.579137970831,13.51610313142574,1770
6,0,0,125.0690599099456,12.45162147845347,1539
6,1,0,178.8262892873649,17.31309121273993,2208
6,2,0,194.4915122060778,19.35673829442554,2378
6,3,0,209.9712291180708,107.6489841995568,2505
6,4,0,202.7192393344693,22.03800714086369,2506
6,5,0,190.1907024530716,19.40052384585529,2312
6,6,0,197.9699305607774,19.42098472303741,2447
6,7,0,214.9452115622069,169.6228084246166,2504
6,8,0,203.3704425405616,32.67102995939121,2488
6,9,0,213.1987408105693,241.5951633821578,2485
6,10,0,194.9519163439003,18.13734129281458,2459
6,11,0,202.1938065065916,52.44145932409209,2460
6,12,0,193.8911243238315,18.80641280493213,2411
6,13,0,195.0557230566098,18.97121835664885,2411
6,14,0,202.795991688848,24.8692229499183,2461
6,15,0,202.2651823474373,19.37512387240141,2533
6,16,0,199.7566581104082,19.35593318682515,2502
6,17,0,213.1621076965926,88.91211107475061,2534
6,18,0,201.9475967392981,159.1958445502673,2361
6,19,0,136.0984739549139,13.19286704455855,1693
7,0,0,125.1897388615301,13.0406039356761,1521
7,1,0,169.3100962627474,16.27434136531847,2092
7,2,0,196.6139611397838,22.91257103222483,2402
7,3,0,195.5818739057903,18.93101629494369,2427
7,4,0,195.0581541913512,58.84129371570909,2354
7,5,0,202.1710692383574,19.94132016575806,2485
7,6,0,200.2730317811292,19.74606617967843,2455
7,7,0,200.789996462253,19.59160238886273,2497
7,8,0,197.7568682074535,19.3148727301195,2455
7,9,0,197.1252010832048,19.27338040718909,2429
7,10,0,202.9383045404609,23.42907164027506,2504
7,11,0,199.9503035098952,18.9138108489337,2499
7,12,0,198.875861865516,19.29695265695252,2457
7,13,0,205.862123224397,90.50758114397725,2461
7,14,0,200.8306835587218,38.96505168063877,2456
7,15,0,202.7027412304845,48.83208729825955,2450
7,16,0,192.4528761007003,18.22616239396563,2415
7,17,0,217.9466656497465,226.8760210306733,2510
7,18,0,222.3097393359344,1243.280483003513,2323
7,19,0,140.9761001796252,109.3498665165281,1647
8,0,0,127.8419885457113,13.01032803533002,1577
8,1,0,169.2097356557207,15.94111464442068,2117
8,2,0,192.2557550615675,25.91930968751682,2370
8,3,0,206.691937528287,187.4275763691984,2409
8,4,0,196.9253854766938,19.63576850546105,2423
8,5,0,204.9384371218304,205.4345635656463,2347
8,6,0,194.5654088665063,18.93913981243773,2416
8,7,0,205.0401669990343,20.35925207753744,2511
8,8,0,197.6632769005014,19.21872531926608,2452
8,9,0,206.6832174949056,20.58011334025752,2526
8,10,0,204.6865969194159,77.73649020460384,2414
8,11,0,201.5684103094929,32.32201186286119,2455
8,12,0,216.0162124627996,66.30361688021978,2602
8,13,0,211.6317092379581,71.49351875940035,2527
8,14,0,209.0492191718584,86.8572583306017,2484
8,15,0,196.5224226241811,18.430896249695,2467
8,16,0,200.7917735767446,19.94350636164497,2471
8,17,0,200.8987237878151,19.33151768777236,2485
8,18,0,186.2137069523981,18.06235454728727,2314
8,19,0,143.6660735858828,14.90307251209983,1770
9,0,0,131.3609879730697,12.69347399915521,1618
9,1,0,167.8808787512922,16.52719325762474,2062
9,2,0,198.8371364136075,19.41830673614921,2455
9,3,0,204.6032357537943,56.2367324600793,2459
9,4,0,198.1428509848957,19.0815720294042,2461
9,5,0,194.554711184637,24.45894274702038,2403
9,6,0,214.8207122101446,256.760750103886,2467
9,7,0,206.3585378429595,21.33734193114375,2507
9,8,0,213.0501302746209,54.75001749789213,2556
9,9,0,200.1676725860065,18.84697688220294,2519
9,10,0,211.7077773518802,122.4534696958408,2503
9,11,0,197.7929156875129,18.88265820823471,2474
9,12,0,196.218085349024,30.30384060201524,2375
9,13,0,238.8423277544361,707.8557612261676,2494
9,14,0,200.5529818437705,19.21507046159962,2501
9,15,0,203.1927593736871,48.58599967147933,2484
9,16,0,196.5678012647209,19.2308962776977,2434
9,17,0,202.1473399161225,19.72197289041769,2509
9,18,0,185.3690856086075,17.61648842651193,2327
9,19,0,142.0802397021568,14.03472079157928,1755
10,0,0,130.223177975621,13.54160049411514,1567
10,1,0,169.0102886182079,16.39509779958592,2091
10,2,0,196.3980051478294,19.47008533902076,2414
10,3,0,196.1105655126791,18.55751151853505,2433
10,4,0,197.11933338863,18.43245800387008,2467
10,5,0,203.6343787036264,20.56493114124303,2492
10,6,0,192.5119440460468,19.02169399303533,2387
10,7,0,194.5939120110746,17.88822016305546,2463
10,8,0,201.7622665832737,22.81586012489174,2506
10,9,0,198.8336266567368,19.46012335130968,2440
10,10,0,204.2794251399891,19.65693573664844,2535
10,11,0,206.3335046250676,20.17250252820442,2535
10,12,0,201.6172412316548,19.52641211986998,2501
10,13,0,192.2423192542548,18.11844268139047,2408
10,14,0,191.9026328614054,17.71841269093294,2429
10,15,0,201.1190999462449,19.55621991909999,2490
10,16,0,202.469596485154,19.43553378865336,2517
10,17,0,195.891499432799,19.4101965505163,2419
10,18,0,186.3495430624377,19.2783813802349,2284
10,19,0,139.8731795175322,13.82316339120088,1715
11,0,0,123.5442892871088,11.80870232119675,1536
11,1,0,172.0834742430393,16.72142647105023,2133
11,2,0,191.4374792828919,18.69005608758377,2380
11,3,0,205.3557272674603,19.38801516963892,2579
11,4,0,201.6597456226417,101.5045290529163,2394
11,5,0,203.4873640134791,24.65037616998307,2485
11,6,0,202.0490321292922,64.21836419397766,2393
11,7,0,211.7740941209768,32.56169297624816,2557
11,8,0,192.4424217660815,18.12546682426472,2411
11,9,0,200.4041320945443,38.86513409114779,2467
11,10,0,199.7473564281875,19.14536185942271,2495
11,11,0,196.2216395010617,18.79604232049959,2451
11,12,0,202.7311872494927,26.2496830210563,2466
11,13,0,200.2232924363719,18.75531923160137,2514
11,14,0,199.4696748110339,20.09192327707864,2451
11,15,0,204.9038916733878,20.00588590259082,2547
11,16,0,194.1381696104299,18.86209199315897,2409
11,17,0,204.3670176779794,39.53331531139681,2509
11,18,0,188.5985752334471,17.89469503524054,2360
11,19,0,135.9414969355247,12.67138161026819,1726
12,0,0,132.8337574950502,12.88294349731205,1630
12,1,0,178.4817482062581,30.86446351715101,2169
12,2,0,186.9484609015195,32.67650367263862,2292
12,3,0,202.5778198184142,33.57327797613012,2453
12,4,0,227.2847979213082,430.6558341453273,2439
12,5,0,195.8109124049436,18.71601401511271,2444
12,6,0,201.7679557268523,34.79837654713252,2459
12,7,0,214.4979777469045,314.7591324298966,2451
12,8,0,215.2225572942759,249.3067705667467,2473
12,9,0,190.6876267536704,18.2021795785052,2384
12,10,0,195.4421426036177,19.33193379463872,2423
12,11,0,208.1272190490165,43.06080599360462,2506
12,12,0,209.3532757738181,20.52391563555136,2576
12,13,0,192.1748011931953,19.3430941072776,2400
12,14,0,193.0239765206632,18.44090197624412,2418
12,15,0,197.3864032111463,19.33363268552479,2446
12,16,0,199.8794938948253,18.71935128633194,2513
12,17,0,218.1081086204094,477.515075607016,2452
12,18,0,188.8569605025299,20.88259298001003,2315
12,19,0,139.4984607134479,13.57144472933042,1731
13,0,0,119.6666232865929,11.03802056205674,1517
13,1,0,171.2800119691325,16.83208822196142,2093
13,2,0,180.8708143931865,17.02595004375396,2250
13,3,0,193.0840612625933,18.9989210736597,2380
13,4,0,199.3047216389984,19.73144907983298,2462
13,5,0,209.4830615543524,139.1136832243285,2465
13,6,0,215.7553347180965,131.9207541143662,2498
13,7,0,194.0623077263528,18.97389153536214,2405
13,8,0,203.4136243412665,29.04604282304599,2449
13,9,0,191.5708112057506,17.95985991761426,2415
13,10,0,204.3955316520673,22.07910710963818,2492
13,11,0,204.123872073186,26.29411787616837,2475
13,12,0,202.0353096304656,19.53592385573151,2519
13,13,0,200.5061211738833,19.49301638326001,2482
13,14,0,194.4790119945629,19.37921783767708,2398
13,15,0,194.4273763585099,18.32197625648081,2452
13,16,0,204.3361547259868,20.32207453894845,2500
13,17,0,196.4220407565325,18.75581492656471,2454
13,18,0,180.312775912492,17.24271769219571,2243
13,19,0,140.4233662081819,13.19341723049945,1772
14,0,0,132.1597783994491,141.7470143939943,1538
14,1,0,171.8752146637715,17.02278280333873,2122
14,2,0,191.678564412245,18.57373109710054,2383
14,3,0,205.6118035175725,36.47878173824673,2498
14,4,0,202.9314832709948,126.8487736157758,2383
14,5,0,207.1668586515098,62.04406599573593,2470
14,6,0,195.6230567284327,20.56206077513541,2409
14,7,0,199.805633477012,19.26117376090367,2505
14,8,0,219.0101687300339,267.9006481696566,2508
14,9,0,197.6266239181009,23.73289852401026,2455
14,10,0,199.9523559611512,19.62759404531238,2469
14,11,0,208.7710977045229,56.54774721916245,2521
14,12,0,202.7392679642485,19.71126997410616,2506
14,13,0,199.090955047013,19.60591142206749,2471
14,14,0,200.9874665342397,19.21416855181417,2496
14,15,0,207.4739347683524,93.68260425286498,2500
14,16,0,218.8875409639486,479.7096584605238,2429
14,17,0,195.0580073666462,18.84779405590441,2450
14,18,0,174.6071447216857,16.46489810282948,2199
14,19,0,137.2839065050536,13.20164642305895,1711
15,0,0,132.1686085183212,13.61190750652177,1606
15,1,0,178.2575761945257,50.24828808047978,2071
15,2,0,228.4625633735644,554.3877868345151,2404
15,3,0,212.3733578753629,226.1957336741135,2396
15,4,0,198.8797702292394,26.12238680495346,2435
15,5,0,201.8326065731581,20.12284228453177,2453
15,6,0,208.2872175490451,70.99976084181513,2477
15,7,0,198.9159964698077,19.58677136862032,2453
15,8,0,209.4304668886239,107.9890355029473,2467
15,9,0,200.3953961616341,21.7763676883342,2465
15,10,0,212.4559630360708,116.2748004651741,2452
15,11,0,201.2069947693121,19.69511975854517,2487
15,12,0,195.7764228421882,19.04204623364746,2441
15,13,0,202.9928146613785,21.80960623890899,2508
15,14,0,199.4583134637573,21.28175746505095,2425
15,15,0,212.2960751900586,98.35430564865054,2490
15,16,0,200.1520047827578,30.71291335950981,2483
15,17,0,202.2763197271412,19.30568028230293,2549
15,18,0,185.0571733429856,17.61171575351393,2318
15,19,0,137.8127457753218,38.31795050575583,1685
16,0,0,129.6102065044976,12.73408463616603,1590
16,1,0,171.6234435957257,16.03098865681065,2159
16,2,0,188.4726979581643,18.64943883690071,2311
16,3,0,192.2743786764495,18.93317537687597,2369
16,4,0,194.1381875585529,18.17240187519744,2423
16,5,0,191.0175684937101,19.08709332198714,2349
16,6,0,197.0231897954197,25.8866966814123,2399
16,7,0,204.9731299855459,206.5972019416289,2346
16,8,0,195.5502687855403,19.14302687732444,2427
16,9,0,201.9614907234143,21.27218806205103,2481
16,10,0,194.3897937114153,19.22670192191823,2408
16,11,0,201.4887655843887,18.87233797802232,2523
16,12,0,193.9194826371609,18.22825920253891,2436
16,13,0,199.1669499771917,20.17682957158406,2457
16,14,0,199.199842337278,18.79359966972254,2496
16,15,0,199.9601865840583,55.18513069231345,2408
16,16,0,193.2075105724377,23.0109753151335,2386
16,17,0,200.6805089131538,19.40868963866911,2503
16,18,0,178.0680859036608,19.89498065827009,2197
16,19,0,131.2358974652772,12.52174656348604,1646
17,0,0,123.6524078899051,11.88396919382236,1561
17,1,0,167.7943402890221,15.64880989228853,2089
17,2,0,186.984051369347,18.19023283604714,2309
17,3,0,192.1318673407536,18.69507304625485,2399
17,4,0,189.3132324234631,18.66513487220108,2320
17,5,0,197.7485043468364,18.82000764295822,2465
17,6,0,195.8960139235631,22.44317203476983,2402
17,7,0,198.328029243253,24.81394031574233,2425
17,8,0,192.5149094719928,18.68176139267838,2374
17,9,0,187.9281800453093,17.99692237030605,2324
17,10,0,202.2036781079005,67.78968291386838,2391
17,11,0,197.3838877950474,18.9890123885529,2467
17,12,0,205.7766169085868,213.4498264460289,2396
17,13,0,197.1048527372187,19.10397883501533,2439
17,14,0,217.3102229631591,445.7870562593998,2423
17,15,0,219.2983239796904,586.0949965764846,2397
17,16,0,202.7162698744328,19.58870063441799,2534
17,17,0,196.231506854034,19.73409769837586,2404
17,18,0,180.5912527162524,17.12384634209813,2249
17,19,0,134.6494302700391,13.10545792506568,1670
18,0,0,111.4480232026207,10.56777729516597,1383
18,1,0,148.7794061387194,14.41308814309343,1840
18,2,0,166.8723069864761,17.93310502737708,2040
18,3,0,220.1390689144286,842.5475212842497,2206
18,4,0,173.3635771752651,15.76658598939255,2196
18,5,0,192.8347374229412,193.2753655001399,2211
18,6,0,168.6264952641285,16.38315896971886,2102
18,7,0,184.466189274548,61.52836366034477,2184
18,8,0,181.7063504053337,49.72559100324824,2147
18,9,0,175.7593915192542,16.55918961050725,2188
18,10,0,175.9062703257823,17.01060906780543,2203
18,11,0,181.8388975659341,17.55146146648543,2250
18,12,0,177.1543733143011,33.76157604356592,2180
18,13,0,179.3323042910682,18.09802559598891,2215
18,14,0,183.9418384846794,17.72624993888133,2287
18,15,0,179.8108502464911,16.85174232848293,2262
18,16,0,189.2856270922919,19.21319101547644,2309
18,17,0,205.7919109098825,297.0345486088107,2348
18,18,0,174.2425271929984,19.48325312461825,2093
18,19,0,130.3110749098278,12.86866114283041,1614
19,0,0,79.40820403388007,7.288704643515751,1010
19,1,0,111.2265068873188,11.34350998461807,1361
19,2,0,146.2329824283193,252.8673519810502,1602
19,3,0,124.4142214520907,12.18598973954328,1538
19,4,0,124.5359303650383,12.31486456632284,1524
19,5,0,132.9886143930079,13.33750106334211,1626
19,6,0,128.469003382856,12.08819414070976,1625
19,7,0,132.585440678643,12.58493629827248,1641
19,8,0,132.8767179958307,12.7216737060991,1663
19,9,0,131.997296560679,12.71719074600154,1649
19,10,0,129.4435947398643,12.07074590998359,1633
19,11,0,133.5421143884754,13.68358174283513,1612
19,12,0,146.1855882981625,214.4627948254935,1645
19,13,0,154.9083510929421,374.9163502013572,1681
19,14,0,133.342859494642,13.15366494058689,1647
19,15,0,136.7536965847917,13.35463679734368,1694
19,16,0,133.5697896908239,12.79506188554738,1664
19,17,0,129.9220430611129,11.98961755942167,1640
19,18,0,124.7304521731482,11.82324959191935,1570
19,19,0,93.10761708899805,8.266391457858651,1195
