# mesh name: boxMesh_1
# primitive scorer name: doseScorer
# iX, iY, iZ, total(value) [MeV], total(val^2), entry
0,0,0,67.85826063724726,6.851984375523819,815
0,1,0,89.05879124489344,8.868661392973275,1053
0,2,0,101.0919629507604,10.37463264083466,1187
0,3,0,119.4981913317283,80.61719402633602,1314
0,4,0,116.8731692935707,11.55977821131765,1410
0,5,0,120.4365188835872,11.7638646950578,1437
0,6,0,120.6506469472653,13.01650892664427,1424
0,7,0,119.1715705810712,12.14426487022166,1418
0,8,0,117.1367383367065,11.39856149635688,1414
0,9,0,117.9764196251787,29.03170187923177,1385
0,10,0,124.6586093354549,12.61910757593526,1517
0,11,0,116.674696627992,11.07535190150597,1435
0,12,0,119.356683010353,11.56177881389008,1452
0,13,0,131.0073397187892,13.23466337250029,1572
0,14,0,120.0549240865379,12.26878981522134,1475
0,15,0,131.2571972992968,13.19726240526526,1603
0,16,0,126.3496295769394,19.28423857186143,1504
0,17,0,125.4580125509291,13.02595996272651,1518
0,18,0,115.1957087905047,59.83295733206798,1343
0,19,0,89.86951185315289,10.19770404627185,1097
1,0,0,94.52802016039584,10.30675228369865,1098
1,1,0,114.0836422738724,11.50575774635614,1349
1,2,0,133.9602951053802,14.34077755562395,1536
1,3,0,137.6013816459591,14.43235435376343,1654
1,4,0,146.2914030878374,14.87103019099758,1722
1,5,0,164.4521342657346,33.83955716428026,1900
1,6,0,157.3362152424888,15.80986000546402,1875
1,7,0,157.3437260145086,15.24763970718768,1911
1,8,0,157.9788400737206,17.64249140413422,1875
1,9,0,175.1735521297529,212.3096674224656,1907
1,10,0,156.7252309267963,15.1398255695991,1906
1,11,0,164.6244511015918,15.92148361250765,2009
1,12,0,162.429679039616,16.79361870471381,1918
1,13,0,163.7945109703011,19.02717096561948,2007
1,14,0,165.0270714892621,16.48161094791061,2020
1,15,0,147.3289042126149,13.41419999917766,1867
1,16,0,172.4227762080544,17.96633761472167,2092
1,17,0,170.3254824306329,16.42946132047544,2098
1,18,0,159.7002038810162,15.81162980271157,1958
1,19,0,141.1971373549866,287.7195517554104,1415
2,0,0,103.7498327246528,11.18758813681196,1201
2,1,0,129.3525349868807,13.2113504791779,1525
2,2,0,160.5741648185939,42.95652268784954,1819
2,3,0,169.7603591006737,17.17457733763692,2011
2,4,0,178.4126436266499,17.80175009579024,2124
2,5,0,181.0557257923174,17.85116756340923,2162
2,6,0,188.8970275309311,42.86364949331139,2196
2,7,0,192.6896073056782,145.9095400349487,2154
2,8,0,177.7130858119878,17.08808961066713,2162
2,9,0,191.499028434795,19.69050458190381,2279
2,10,0,185.8054416992254,18.10084719338531,2257
2,11,0,183.6246227304751,18.46774441674403,2210
2,12,0,180.482602538249,18.0648448050169,2175
2,13,0,185.2779568287087,17.4946503271087,2299
2,14,0,195.2809391335122,254.4754874511991,2224
2,15,0,213.7579742036196,369.4593472879163,2368
2,16,0,185.8027314168011,17.9203820542419,2295
2,17,0,174.7691618290045,16.45547986911739,2177
2,18,0,175.4823589742258,141.2482559244041,2021
2,19,0,129.4690882085174,18.13053972792668,1559
3,0,0,106.6827859377923,10.12584448532402,1293
3,1,0,139.1507163433254,14.37917661417645,1630
3,2,0,173.9918822649449,18.08162556477219,2015
3,3,0,185.4068990556431,18.81839479877673,2178
3,4,0,191.4885456322397,19.15919901445544,2272
3,5,0,187.8824555803625,19.20065209856614,2220
3,6,0,184.9012643482389,19.19680855983793,2188
3,7,0,194.4822585745209,19.05525059509833,2346
3,8,0,199.8095689144197,30.68303852270908,2382
3,9,0,184.4091163997998,17.91675215245083,2238
3,10,0,196.0347376198184,19.85348428831314,2336
3,11,0,197.4184136969606,19.77717585698906,2371
3,12,0,197.9138847757386,20.50595786190057,2381
3,13,0,192.5554981317595,20.10115201495037,2350
3,14,0,198.8400339654834,42.62520793983402,2375
3,15,0,193.5641564085447,18.47400200903742,2399
3,16,0,200.0733146978777,20.04007368592683,2429
3,17,0,181.3552509315921,17.38604887753719,2255
3,18,0,175.7796181743232,22.53626605146705,2149
3,19,0,135.2015563612678,66.87966825862081,1581
4,0,0,112.5020930850011,11.40576584929123,1337
4,1,0,149.4883925800823,16.14061717464028,1760
4,2,0,169.5345849045595,21.12614621740421,1980
4,3,0,193.1563132368621,20.64708689817347,2265
4,4,0,201.5288924023311,155.4994736737573,2270
4,5,0,195.5930907441715,19.66589586548908,2324
4,6,0,189.8871679850764,19.30960731966332,2262
4,7,0,193.8829368710415,57.88154278870957,2272
4,8,0,196.1991150370218,19.40681688035572,2374
4,9,0,196.2930365737511,19.59173234421099,2387
4,10,0,200.5300615841728,19.7356996267951,2426
4,11,0,213.9024203530029,208.3606934382966,2380
4,12,0,199.7382054351693,179.4188247303763,2316
4,13,0,198.9763522345955,19.13157471410257,2452
4,14,0,196.9164794343991,19.68607448954694,2393
4,15,0,187.7794889326514,18.11468409132235,2332
4,16,0,206.9927398429497,140.340281454632,2374
4,17,0,200.2528870821586,33.00557315231539,2385
4,18,0,175.9642356544383,17.21020155610189,2152
4,19,0,129.9703602267998,12.10943751227538,1625
5,0,0,111.3403535035257,10.88642453249743,1341
5,1,0,164.6320058312144,384.1582838543829,1724
5,2,0,166.1618669902031,16.69045914089678,1982
5,3,0,188.2107716634716,27.72442855794613,2186
5,4,0,191.6764378515439,19.24864791613751,2271
5,5,0,209.565583956702,64.71711727196553,2410
5,6,0,193.8704250950728,19.05190894574198,2347
5,7,0,216.7072634898691,626.4912566900967,2340
5,8,0,193.5315834104721,20.54565242856693,2323
5,9,0,218.022231461524,264.7723306633703,2376
5,10,0,199.2721663324654,19.80277529119671,2396
5,11,0,221.5109561286012,362.3223250156643,2456
5,12,0,197.996485857919,40.8585530565173,2359
5,13,0,203.5917214802353,20.53867225834725,2470
5,14,0,192.5288604914296,18.66113109697245,2367
5,15,0,200.6065249255515,19.67009043356921,2454
5,16,0,194.8784036819772,19.18513544150848,2421
5,17,0,195.5660136747268,19.09413944711801,2398
5,18,0,175.9518544825185,16.97018819411745,2173
5,19,0,132.8374107424009,12.8681034434672,1645
6,0,0,114.4842526256679,11.72720031963996,1350
6,1,0,145.4971418807252,14.9310986458227,1705
6,2,0,183.7341318555844,111.1134339201048,2057
6,3,0,204.7737292464376,349.2769009579956,2156
6,4,0,210.8559739485143,306.3082216049958,2316
6,5,0,207.6472350675557,20.63785430116637,2479
6,6,0,204.2881084813056,20.41095113502013,2445
6,7,0,199.8083176160911,20.3332938793104,2367
6,8,0,211.0460358053255,171.9880936148756,2364
6,9,0,210.1951713956877,151.2708061718691,2396
6,10,0,203.6817239014256,52.97087310487382,2390
6,11,0,187.0430044514023,17.67756124195004,2296
6,12,0,197.9487797292623,27.54833064732039,2364
6,13,0,195.103006089015,19.21651258845847,2371
6,14,0,204.9679674383127,21.41652239792252,2504
6,15,0,194.9023466252773,24.06058151779626,2352
6,16,0,215.5551041311568,71.17617029725641,2543
6,17,0,207.8676299056932,214.6784071771883,2392
6,18,0,180.6171316874184,40.67778651006814,2185
6,19,0,131.1809522763436,13.00817598971789,1602
7,0,0,119.5000660778762,149.58947926769,1279
7,1,0,149.2198397518358,14.63198923971602,1773
7,2,0,183.0859932257532,21.90685102418447,2146
7,3,0,187.2282237601515,18.86896263157341,2206
7,4,0,193.7127368786256,19.503749454937,2305
7,5,0,203.6847792107367,101.3368835838929,2316
7,6,0,195.4767162981269,19.27427135365154,2361
7,7,0,190.6097453305292,18.87645212723065,2299
7,8,0,202.4598000217151,25.33296881209642,2381
7,9,0,201.7580106280053,25.45263150163155,2394
7,10,0,194.9916563366808,19.01448234703403,2369
7,11,0,205.3059604804154,85.44142133727772,2397
7,12,0,203.0854514241502,19.87609745475591,2477
7,13,0,214.0061058055495,305.4916430003242,2388
7,14,0,196.6063571453464,20.65519462079987,2390
7,15,0,200.2380432701347,18.85456452355205,2491
7,16,0,204.2872695714342,20.17364003415689,2487
7,17,0,197.7779023218353,19.2193130463912,2465
7,18,0,172.6299450272617,19.79404162874952,2089
7,19,0,131.170757521037,12.82599743151182,1613
8,0,0,118.1763951195484,11.95155187703747,1395
8,1,0,147.4146880262145,16.38825486896748,1726
8,2,0,173.9523915329832,17.88715957904069,2031
8,3,0,191.8849151093184,19.77511998901987,2256
8,4,0,191.5284949555866,19.31559212536732,2276
8,5,0,200.9115196441023,20.43254449412419,2377
8,6,0,207.1112011576352,24.46700677074269,2462
8,7,0,199.0191522773853,40.26913235781512,2406
8,8,0,194.8593379453193,19.5628143889364,2334
8,9,0,197.5532634963645,19.54626158493827,2384
8,10,0,203.407048658247,19.68797254050711,2489
8,11,0,205.4742947480012,64.4653766742675,2398
8,12,0,195.8020753088076,22.45466433673862,2378
8,13,0,191.5771000256533,18.8190426678933,2347
8,14,0,192.4476760902793,18.96830239693134,2363
8,15,0,195.2343061174904,19.63029380664291,2359
8,16,0,199.5415916287733,19.59232512432189,2429
8,17,0,193.9592569967309,48.54368936438925,2314
8,18,0,183.9208720096271,35.26606082782462,2199
8,19,0,136.9019730921125,13.8635715597779,1678
9,0,0,109.3035101154532,11.12074004300292,1287
9,1,0,151.9622844261377,27.4723371614652,1762
9,2,0,168.0329814570837,17.22345567932674,1991
9,3,0,189.9516603736817,19.41864914932456,2249
9,4,0,219.8420095055216,436.6185047775967,2337
9,5,0,193.1785827005164,19.13999868132175,2332
9,6,0,202.0252730826547,20.36875004317191,2410
9,7,0,196.4967994000954,18.76259239997582,2397
9,8,0,195.4525678843052,18.90621389132739,2379
9,9,0,208.7554321576923,111.6902124130403,2393
9,10,0,211.3864787300439,122.5192856325436,2469
9,11,0,203.7304482448458,20.32129673095061,2458
9,12,0,197.4884589181318,18.6512667890263,2453
9,13,0,196.7624654685195,19.83448623827129,2382
9,14,0,211.8353318262182,154.2276194263962,2445
9,15,0,225.0504064483848,264.4936637339744,2494
9,16,0,200.7912133660503,19.48099997795032,2448
9,17,0,191.8774587569423,18.49982846791729,2361
9,18,0,173.3116398029337,16.78837227504345,2127
9,19,0,131.233540266603,14.33161039007985,1614
10,0,0,113.8216605540196,11.01550539191848,1379
10,1,0,170.0350447872453,422.2394230442412,1783
10,2,0,171.2158061286491,16.86034703545606,2062
10,3,0,199.6379680654426,112.2637894977843,2213
10,4,0,202.7450978731817,56.59148234502207,2319
10,5,0,204.2713142003245,20.43396483547129,2430
10,6,0,197.775201962055,20.40014312772264,2337
10,7,0,194.4613715056471,19.62283549186282,2365
10,8,0,192.54589787508,19.68512330885509,2316
10,9,0,197.8669278214971,19.48550240862678,2394
10,10,0,211.3083117304568,110.9962480039024,2392
10,11,0,190.5510709211025,17.96876628880075,2369
10,12,0,198.5286744627406,19.50230243062339,2408
10,13,0,202.1803925649751,20.47493912230343,2457
10,14,0,200.273539177317,19.9320629970802,2450
10,15,0,199.0078371602888,19.06945556759769,2442
10,16,0,205.8312948276036,21.00881337070721,2466
10,17,0,205.7656783545233,99.85370584774897,2395
10,18,0,177.5931810760953,19.33201249001766,2202
10,19,0,131.0060783919131,12.20422241596347,1643
11,0,0,111.4341645060442,11.17463901948244,1327
11,1,0,146.8374337718986,14.69374307868926,1745
11,2,0,170.7663683423889,17.16700107150785,2034
11,3,0,188.5623254367613,19.07956458547067,2245
11,4,0,197.3803220235783,25.46616661016244,2333
11,5,0,197.4115494909241,19.51560916352485,2371
11,6,0,191.7588431286485,19.09619464850425,2292
11,7,0,190.6397266982945,18.72122164036178,2316
11,8,0,196.0106558276363,22.72285525443991,2326
11,9,0,198.6315475958222,72.26275719980211,2326
11,10,0,223.7637404660837,517.5917399755123,2386
11,11,0,219.4917298668482,466.5351584950686,2424
11,12,0,205.4572605989872,20.75546959376989,2463
11,13,0,204.1723428863068,20.66715500600251,2475
11,14,0,198.3007268208383,18.74784543526305,2455
11,15,0,207.5586789246568,20.01809966279198,2548
11,16,0,194.5393964263501,19.21928559948159,2397
11,17,0,188.1074677795677,20.15029572180203,2302
11,18,0,171.4052751333028,16.50324425541078,2120
11,19,0,139.4792847152484,35.60787502956587,1709
12,0,0,111.8953664990321,10.95941659252999,1333
12,1,0,149.8898281479545,15.15283021835501,1778
12,2,0,168.4554702686688,27.67158497948621,1962
12,3,0,197.1413962244942,58.47757422591816,2304
12,4,0,223.3316744492825,824.8083929666846,2306
12,5,0,193.6360780187097,18.97746628416107,2328
12,6,0,207.6440226972256,161.23788010879,2334
12,7,0,202.6664268406774,20.55730740129723,2434
12,8,0,197.0322945345834,42.60248315422402,2306
12,9,0,203.295280064444,25.09502619525665,2411
12,10,0,201.0014742935648,66.18720392630719,2351
12,11,0,204.1437885101345,50.56789742160097,2407
12,12,0,203.4093240161523,79.19025256762399,2384
12,13,0,200.1097494291352,20.62292384287883,2431
12,14,0,201.577752298597,113.8103942837468,2346
12,15,0,200.4475232524435,23.87462472959002,2461
12,16,0,206.929242271441,114.975778739711,2391
12,17,0,190.7067683107852,94.57809545634157,2258
12,18,0,181.5373118010867,18.13660812423174,2236
12,19,0,133.9933190972266,12.69853868048845,1667
13,0,0,115.8870884164656,11.4471059966696,1380
13,1,0,146.0853653827131,14.81569006213348,1718
13,2,0,172.9359227222992,36.39384949693822,1994
13,3,0,189.09281939009,20.50880451604188,2244
13,4,0,192.6043925644297,26.56676796591344,2249
13,5,0,196.6996939805046,19.37548818361918,2356
13,6,0,194.5181950344774,19.01046295305725,2349
13,7,0,206.4378756596102,48.44718940797177,2401
13,8,0,202.3456498876237,178.2555782030353,2304
13,9,0,222.761720927694,175.7572584898295,2502
13,10,0,211.7296507391348,89.83038132139072,2467
13,11,0,196.4377234530867,20.71512642940709,2358
13,12,0,201.9739503194532,46.26664166986013,2412
13,13,0,203.6303599592991,20.41901795385916,2472
13,14,0,200.5817553387379,21.42532310408513,2401
13,15,0,199.8848840154421,19.70288596580084,2431
13,16,0,197.9929474043024,19.86739674212981,2404
13,17,0,199.1161869550303,19.48278912779627,2438
13,18,0,166.8651606003074,15.65023326284023,2097
13,19,0,134.770076060478,12.53504050359652,1691
14,0,0,113.5979144177201,17.09979226850682,1327
14,1,0,149.8924850714963,15.3541452900158,1763
14,2,0,175.4009903943061,67.99617358912465,1977
14,3,0,188.8977804297311,19.10597562175021,2234
14,4,0,184.8661132296394,18.72303894729346,2194
14,5,0,215.0509186590964,481.8214956472135,2278
14,6,0,194.7462483275852,19.40929918650129,2326
14,7,0,204.8401570394488,95.04817371882126,2308
14,8,0,195.2709730371074,19.27959617201381,2352
14,9,0,203.46984707326,20.12060105710463,2447
14,10,0,214.0790070131835,68.14240357690601,2492
14,11,0,200.8095304244507,20.27167855873148,2407
14,12,0,196.5075231249193,47.09936598459392,2367
14,13,0,205.5737554051686,41.60883047691949,2452
14,14,0,196.6330907979984,18.89858910797867,2408
14,15,0,191.322892538892,18.10562028734168,2378
14,16,0,199.5484355059865,19.46424161226083,2461
14,17,0,193.3336605269057,24.21490620015287,2353
14,18,0,174.5189587379113,16.91940670258859,2138
14,19,0,137.253404913499,27.27381548018404,1647
15,0,0,115.2937951410698,11.06953490782455,1389
15,1,0,141.7762214906315,13.86877172684823,1698
15,2,0,169.9136662333672,17.44527898583672,2006
15,3,0,188.4632211022759,45.35536473279904,2161
15,4,0,193.2833215975717,52.86998474211095,2209
15,5,0,188.9198964556971,18.84039880403523,2258
15,6,0,195.0355016313418,19.89489468267967,2325
15,7,0,192.7595696537383,19.19397154898243,2330
15,8,0,191.9130465205423,19.73054541589461,2279
15,9,0,204.23886047957,35.65294671103793,2421
15,10,0,190.7148719281901,18.27259463611297,2335
15,11,0,203.645393493513,80.09299885569891,2360
15,12,0,200.5723374025052,19.85631761978367,2420
15,13,0,195.1230546065987,18.81125644549748,2383
15,14,0,202.7084565212572,19.81183255868504,2455
15,15,0,194.2533471015936,23.98748426194019,2372
15,16,0,202.2426621534449,20.52232058813109,2445
15,17,0,184.6421927412978,17.137635895999,2311
15,18,0,179.909194659222,17.83399328106584,2193
15,19,0,133.0648598489757,17.22210574847075,1606
16,0,0,109.0884477115562,11.13097225462288,1290
16,1,0,151.980181489977,32.5679715809327,1696
16,2,0,168.4990912639129,16.92821835880084,1992
16,3,0,184.3761464666813,19.21454053979748,2160
16,4,0,185.0474278307776,18.29563956981117,2208
16,5,0,188.6735192890761,20.8512829142074,2234
16,6,0,190.63843334224,19.33532024917367,2258
16,7,0,200.4501265573975,44.34458675283132,2308
16,8,0,231.6803357100472,910.7486415260229,2287
16,9,0,192.7454389872632,34.20774380023048,2307
16,10,0,188.952324197962,18.65718719671955,2279
16,11,0,192.6268433602763,18.79766301647767,2341
16,12,0,196.9352700327066,18.93690966534264,2413
16,13,0,186.4351533029435,20.35307958121384,2270
16,14,0,189.3237833100156,18.69226089970901,2302
16,15,0,196.945517552507,36.45547834657232,2381
16,16,0,192.477402793132,19.16048393292033,2335
16,17,0,242.1345722065577,1448.070150962635,2392
16,18,0,197.2368062485653,583.628582318646,2127
16,19,0,129.3117399862437,12.56729261606438,1603
17,0,0,108.880895894924,11.06203624776244,1272
17,1,0,129.4853515711026,12.6267190416415,1562
17,2,0,148.2501525608724,15.4623165413513,1744
17,3,0,171.8250466456179,17.87884981844694,2004
17,4,0,171.8290848911677,17.16778067682152,2030
17,5,0,170.4742111599404,16.42411916518927,2077
17,6,0,186.0420291783091,69.58251785406105,2163
17,7,0,179.5368445218682,24.76524797822118,2141
17,8,0,172.6912929621782,16.94942897767956,2100
17,9,0,177.6497770224617,24.28736481074138,2131
17,10,0,192.7914315294724,126.0162331241075,2185
17,11,0,193.7990749397928,131.9766962433544,2210
17,12,0,182.8449210285297,18.00409985272629,2224
17,13,0,184.5557323113575,18.07622269046172,2259
17,14,0,182.47798438563,17.2773241560508,2266
17,15,0,186.8045470895521,18.68198112951606,2276
17,16,0,190.5412092155291,18.66783605884871,2336
17,17,0,191.2891631525887,30.97897236766294,2311
17,18,0,171.6517726086166,17.64617447143069,2110
17,19,0,128.6224068994491,12.21099827480193,1601
18,0,0,88.09619305309657,8.834080640879987,1042
18,1,0,109.9287624817,10.99853407306538,1311
18,2,0,136.7333738720479,13.74845822805089,1625
18,3,0,142.0029761106447,14.32266806518195,1685
18,4,0,152.1007994161645,14.84424344890523,1831
18,5,0,159.8838908634626,100.7829977697875,1800
18,6,0,160.4560306628833,18.5905995014722,1899
18,7,0,153.7491344686009,15.63055083191725,1858
18,8,0,157.292990501544,36.31291894555261,1843
18,9,0,156.0191318400273,15.22051315265458,1890
18,10,0,151.4211739866799,14.75020731732929,1846
18,11,0,161.0406796202002,75.03391887857077,1893
18,12,0,156.6744775538596,18.46033487613833,1885
18,13,0,174.2548866901085,42.7639946195701,2036
18,14,0,178.1554360866475,147.8346728744528,2023
18,15,0,165.6088704169642,15.79028144383504,2063
18,16,0,166.2590925866105,16.27395298756321,2022
18,17,0,169.9745831825125,53.54218255971544,2020
18,18,0,142.6751455521458,13.89175683416232,1758
18,19,0,118.4050171385497,10.86664852531336,1490
19,0,0,68.58535615043829,7.032439580214992,815
19,1,0,93.37705704492086,9.471608211632743,1097
19,2,0,101.0794818036723,10.1991455891132,1198
19,3,0,123.5107521270567,71.09894069693301,1362
19,4,0,120.7510946813372,53.46038607442779,1352
19,5,0,118.1522081550595,26.64159372266204,1377
19,6,0,131.3626519959426,147.1496890477235,1427
19,7,0,118.9534380589501,11.72287581802907,1430
19,8,0,125.7088054661034,12.97276345606699,1497
19,9,0,118.9856045405293,10.96953275138935,1484
19,10,0,122.3904246892578,12.12905958928853,1477
19,11,0,127.0176206947026,12.30232803160176,1563
19,12,0,130.2961437386621,13.27636664750133,1564
19,13,0,125.3930805779786,11.77422430168432,1561
19,14,0,120.2046138321577,12.24505513021121,1454
19,15,0,127.7419654633486,12.19377465934361,1572
19,16,0,128.2245475676457,12.48236051855896,1573
19,17,0,125.2813791389237,47.16487976079411,1475
19,18,0,119.018542582429,130.1789737112237,1343
19,19,0,84.88093854486168,8.284539681275735,1056
