# mesh name: boxMesh_1
# primitive scorer name: doseScorer
# iX, iY, iZ, total(value) [MeV], total(val^2), entry
0,0,0,62.32525665455222,7.263749121290895,658
0,1,0,77.83327698204403,8.525038493645436,837
0,2,0,85.27849026497151,10.1486880502468,913
0,3,0,98.78023984104153,11.0382988998211,1089
0,4,0,100.8550443908729,10.64834947555106,1133
0,5,0,109.2446466260102,11.89967389793418,1213
0,6,0,115.9264203498036,12.30583295650333,1292
0,7,0,114.6428550327945,11.65700912702731,1303
0,8,0,126.3177277169726,209.158791379584,1280
0,9,0,128.6509463761953,172.6181719084769,1291
0,10,0,120.7401834587162,12.61899055417638,1393
0,11,0,116.3372127095919,11.68925869028081,1385
0,12,0,110.4102034994384,10.65820877831505,1348
0,13,0,117.6083816107267,11.85469286833134,1414
0,14,0,123.404135857044,45.48013511617795,1414
0,15,0,120.6205734128939,12.06836654763931,1453
0,16,0,122.5361704382451,12.19891334312823,1481
0,17,0,125.7764581602166,12.57775939256555,1534
0,18,0,122.6555307184037,12.26063970575994,1499
0,19,0,100.650330707811,9.863514709507221,1248
1,0,0,66.814368844261,7.312247085595715,720
1,1,0,85.93812601217944,9.128631372501108,938
1,2,0,107.9958141706935,11.83077462984084,1160
1,3,0,127.729681993262,14.68915465355045,1368
1,4,0,136.2589634742889,16.85305575584475,1484
1,5,0,131.0367266041938,13.5396982424723,1472
1,6,0,137.3160403779399,15.15080381820855,1512
1,7,0,142.5994536894827,15.73711936962112,1570
1,8,0,147.6294626725617,15.55181592102981,1676
1,9,0,145.755060672754,15.12026558295162,1691
1,10,0,136.3711223756917,13.84061250768631,1582
1,11,0,149.6785058052093,15.40052676075149,1745
1,12,0,147.8149555420248,17.1357764267415,1755
1,13,0,147.344633221745,14.34749094938569,1775
1,14,0,145.5279742249721,13.92226327601398,1772
1,15,0,152.4875424958669,15.25117648096498,1824
1,16,0,153.9400506090133,15.93657133015324,1839
1,17,0,195.8007724169791,999.4154164012759,1985
1,18,0,169.582231533197,17.38392049658036,2035
1,19,0,135.3980472669273,12.76211368704937,1685
2,0,0,89.97436032351469,10.00032130951622,958
2,1,0,105.0509695152846,11.65501106668242,1118
2,2,0,128.1303035716945,14.6903744768578,1361
2,3,0,149.5726000921421,16.81084211530183,1620
2,4,0,164.0401790071997,122.0080048588506,1655
2,5,0,161.0085763991019,16.86306971576036,1785
2,6,0,160.9302433713952,17.18320547156632,1788
2,7,0,166.4047988551893,22.63466808067919,1843
2,8,0,159.4155997660599,16.55172218655747,1822
2,9,0,163.7185432210796,17.83551606233048,1837
2,10,0,170.5805243103813,17.76761769026504,1968
2,11,0,170.8280334610896,17.261343820176,2005
2,12,0,162.2335795922607,16.25027975561659,1935
2,13,0,173.5238638444505,17.08475745541246,2080
2,14,0,175.7047248273709,20.13812856234632,2080
2,15,0,185.6004248758364,20.06463645244385,2211
2,16,0,183.9807669503286,18.42040201818634,2227
2,17,0,185.0994846840048,18.5379760953671,2245
2,18,0,205.019883215687,507.9726559366936,2234
2,19,0,148.1326014086762,13.80874268774401,1861
3,0,0,92.37726855868196,10.05781432273566,1002
3,1,0,116.969338520666,13.25407778811737,1242
3,2,0,136.8852880568067,15.1615810483636,1463
3,3,0,159.5276655477003,17.45021465096985,1728
3,4,0,172.7733675477683,63.45131466407576,1801
3,5,0,169.4426991111074,17.95274337949279,1883
3,6,0,170.5472910182614,20.75218759740734,1888
3,7,0,169.5347159390189,17.6320943463197,1925
3,8,0,181.3040505187066,18.39818696130773,2084
3,9,0,184.5902078882785,19.15354201548314,2118
3,10,0,190.0028953483244,58.23244510503127,2127
3,11,0,183.6755443782619,18.90123403843488,2141
3,12,0,185.4228680257756,19.37371297956273,2155
3,13,0,207.790458015359,592.8894256824831,2199
3,14,0,204.0863570584816,130.6782528193158,2276
3,15,0,188.1225015961794,18.61564766051083,2260
3,16,0,186.3871481029929,18.66500424651437,2258
3,17,0,196.2193661333229,19.13107412223353,2403
3,18,0,180.6645152408157,17.77388097365525,2222
3,19,0,152.3068666555175,14.84817511296561,1884
4,0,0,98.1581812250392,10.8621602738122,1041
4,1,0,118.0191316587244,12.71059940894935,1275
4,2,0,160.1807512083467,25.11132989263434,1666
4,3,0,161.6014778090642,17.80308772689189,1746
4,4,0,174.9074596626494,18.37889411886475,1925
4,5,0,183.0128147106477,20.01391259906625,1987
4,6,0,185.9556227537551,20.06807968532202,2070
4,7,0,175.7785616363258,18.42562274131895,1983
4,8,0,178.5785727043035,18.41665542479334,2052
4,9,0,200.8940129938027,20.83431889708164,2317
4,10,0,188.8724045365121,19.75749985134639,2171
4,11,0,189.7606491961327,19.87110934249096,2197
4,12,0,195.5403117318196,27.72963985920293,2287
4,13,0,195.2601895794576,19.62068219429837,2337
4,14,0,194.9966926036609,18.60546912382933,2371
4,15,0,197.9010225507596,20.13977966522802,2342
4,16,0,209.5912734672098,331.4119548187705,2337
4,17,0,197.4783104629455,19.35688128165451,2405
4,18,0,186.9968156197572,18.3106433946742,2310
4,19,0,162.9381586353754,18.90033069492501,1944
5,0,0,101.9096557196454,11.22467516950766,1094
5,1,0,132.5965833483295,14.59746636502997,1424
5,2,0,162.3337618991514,365.9416127277244,1562
5,3,0,171.7362213531516,19.17685828264691,1848
5,4,0,184.7468986927891,26.54121350249631,1989
5,5,0,185.7570871440479,20.79433583572079,2016
5,6,0,188.721592094762,20.96983954665062,2129
5,7,0,190.7788420572141,19.42149607214846,2181
5,8,0,190.801322414616,19.93166606832944,2172
5,9,0,190.742983751709,19.41393357084347,2216
5,10,0,192.9973816024129,19.17761419191701,2249
5,11,0,198.1079017374262,38.68765330636857,2315
5,12,0,211.3983145316739,115.7803370283216,2326
5,13,0,191.6502618118769,18.61610250646805,2298
5,14,0,187.912547852564,18.5282209246837,2264
5,15,0,202.744129186528,119.0321035315304,2312
5,16,0,192.0483713366938,18.15934224760727,2366
5,17,0,197.900295173316,18.83820142841427,2446
5,18,0,182.0117434383067,17.27120373210189,2283
5,19,0,156.398579672791,16.13285632882582,1892
6,0,0,99.95973901868062,10.94468039336004,1066
6,1,0,128.1495341576078,13.88777084931779,1403
6,2,0,150.6769643992272,16.30126386541964,1632
6,3,0,160.3053032299286,17.12678514854553,1770
6,4,0,187.5626658572416,82.16983888248393,1996
6,5,0,192.5595477258974,20.49392639639038,2149
6,6,0,204.7293603385896,51.21403552028056,2197
6,7,0,195.9772199400769,48.17710652551859,2159
6,8,0,208.3407767128331,21.82736868192325,2352
6,9,0,193.9776154993833,24.09754496655592,2202
6,10,0,203.18625818301,20.95287267254121,2350
6,11,0,193.2675804730565,18.93271303191721,2293
6,12,0,195.7719504864809,19.72794886829457,2298
6,13,0,189.9094999938207,19.4881707377281,2280
6,14,0,202.2130959769028,20.4421260969277,2407
6,15,0,192.0376659851003,19.2975126716485,2316
6,16,0,204.2645899282612,75.57419746874103,2382
6,17,0,202.1442685178528,150.8476744483945,2351
6,18,0,187.4028436438715,18.14413622450207,2329
6,19,0,159.9897165350505,50.85786879273321,1913
7,0,0,103.7561779310198,11.34271303638811,1111
7,1,0,135.710100958563,14.42631522544206,1492
7,2,0,155.2094743799182,17.71785581095271,1652
7,3,0,173.6002252293252,21.79270298697502,1875
7,4,0,181.2693191690703,18.74211120217237,2033
7,5,0,204.5373396436335,321.9202998421816,2075
7,6,0,185.8007081173709,19.28063617654902,2087
7,7,0,197.3755404080146,87.56612905800641,2145
7,8,0,189.7763681466826,19.3749180889042,2180
7,9,0,193.3989782069991,19.55278731673902,2251
7,10,0,197.0220004451716,27.92434625910635,2254
7,11,0,191.3436116201701,19.80277156249195,2215
7,12,0,208.8371854456757,133.0065193083733,2353
7,13,0,196.2969208484056,52.90445329533973,2303
7,14,0,192.4818069417175,19.05049286190456,2340
7,15,0,204.5710000479087,20.87044843560551,2442
7,16,0,185.0162220875248,18.15472212956626,2255
7,17,0,189.3950271735961,17.40804174401395,2368
7,18,0,194.9340307505415,21.95431018658009,2366
7,19,0,154.9480223403068,14.94443386627341,1925
8,0,0,106.8855427008652,22.3233837136404,1135
8,1,0,134.8392683119117,14.16326028363797,1477
8,2,0,167.8801816796189,75.31255644809706,1719
8,3,0,190.2383259161104,94.46012466378878,1955
8,4,0,175.7995624986393,18.87287343737087,1923
8,5,0,194.0789118528581,89.51069223781839,2058
8,6,0,191.7631593800816,21.68744541155086,2134
8,7,0,214.1688071835291,358.76350594349,2199
8,8,0,197.513982916828,58.85405277251213,2198
8,9,0,194.48255239979,20.66194577222781,2227
8,10,0,208.4117926021651,222.655397067386,2247
8,11,0,196.9052773551482,21.39878618631539,2293
8,12,0,187.0655080081433,18.11997954472332,2256
8,13,0,198.2989941331813,19.4008495545647,2383
8,14,0,195.6061945614767,19.40903274974541,2329
8,15,0,195.9378128343438,19.35889317079414,2371
8,16,0,198.8453071417306,19.64182120185942,2415
8,17,0,194.2023543128331,19.08407265444644,2372
8,18,0,189.3967785163489,19.94380663169525,2308
8,19,0,156.3324784922601,15.21921530985164,1940
9,0,0,109.7454567849322,12.33536662837823,1172
9,1,0,135.0610811083157,14.91782332449604,1438
9,2,0,156.9397663738295,16.91139893407137,1706
9,3,0,163.4675616008458,17.43293252960926,1791
9,4,0,188.8255177689722,24.57924260376143,2073
9,5,0,203.4480526263272,71.47263732537077,2136
9,6,0,195.9074158270834,44.08966940070415,2111
9,7,0,185.068859513417,18.77973569560711,2116
9,8,0,205.3729691475289,31.68460341932921,2251
9,9,0,191.5230315184067,19.58813981599955,2220
9,10,0,192.4065305584604,19.05643434126314,2247
9,11,0,210.6391781579805,100.618099847687,2314
9,12,0,203.5082950435856,39.83176256792159,2340
9,13,0,190.7143290013028,18.71502809299336,2305
9,14,0,187.7741887268699,17.70590648781107,2290
9,15,0,222.0211581201602,683.5721557000163,2262
9,16,0,202.0291642622445,21.65791976863436,2420
9,17,0,200.4202892601734,19.63502336370058,2451
9,18,0,190.0825265786258,19.03438191820219,2343
9,19,0,154.8842018653304,14.7057419130783,1941
10,0,0,102.3769087302406,11.00329272938346,1097
10,1,0,130.9591007090503,17.24318778556328,1402
10,2,0,154.3193372464895,16.91231857374748,1652
10,3,0,175.8751408275042,19.46703989823044,1910
10,4,0,180.6163909823353,19.86367843060294,1973
10,5,0,195.5637934843867,50.72989869067211,2109
10,6,0,191.5063841798502,19.98340679804074,2147
10,7,0,202.7974386214472,115.5177670236113,2179
10,8,0,206.0188459009935,26.5929191054898,2318
10,9,0,200.0768216173485,20.60672830312554,2302
10,10,0,200.4091452488144,20.84473309653782,2314
10,11,0,212.711859630938,298.1703220820709,2308
10,12,0,197.8332152614374,20.00225535225302,2337
10,13,0,193.9111816630277,22.93533785130333,2295
10,14,0,212.624498608055,221.2472803794578,2366
10,15,0,191.4682070620916,18.32749306550352,2343
10,16,0,210.6749908431551,313.6731639258638,2303
10,17,0,202.3330433095833,44.79377998277953,2422
10,18,0,200.7760286780349,98.63871654609919,2370
10,19,0,150.0163875612334,13.81920889721042,1909
11,0,0,102.3014374306782,11.42888006644866,1094
11,1,0,131.1695900234618,14.55916890417172,1393
11,2,0,154.3693706474872,17.59871375187543,1635
11,3,0,171.9782941465348,19.39336577687592,1863
11,4,0,180.8225285449962,19.51004133170141,1971
11,5,0,194.6974007972041,40.7400230877949,2105
11,6,0,187.186183186094,18.52867025705741,2145
11,7,0,196.2330092996769,20.80704024801426,2207
11,8,0,196.9852023557036,19.83708182800297,2285
11,9,0,194.9755915740166,20.57528960829351,2221
11,10,0,226.9402685224717,945.8501455319142,2295
11,11,0,197.1485725800407,19.62026415437284,2321
11,12,0,200.3450259766278,21.69096799417316,2288
11,13,0,195.4709901980739,19.31964066171453,2355
11,14,0,194.8928826618825,21.92667800014201,2323
11,15,0,198.6814815588569,19.50056287739273,2399
11,16,0,198.8991315312385,62.33122667749976,2344
11,17,0,196.253432140468,22.92761263908216,2380
11,18,0,183.4424514699558,18.15094101254991,2247
11,19,0,150.7921198844171,14.39341954881179,1879
12,0,0,116.0688458731946,52.87408607594543,1177
12,1,0,132.5370909402191,14.75564054590014,1411
12,2,0,152.2452767297659,15.63790789797142,1692
12,3,0,162.1360305346221,17.27722764434591,1777
12,4,0,184.735489551077,19.62523794599917,2042
12,5,0,190.9276237157194,29.19608193703695,2065
12,6,0,194.5313599548433,58.86405457513526,2123
12,7,0,207.3977736855204,221.5292549401896,2179
12,8,0,190.561801270869,19.66254941931147,2181
12,9,0,208.1700657637491,42.68209537904809,2329
12,10,0,198.8203849990048,41.2427206830065,2246
12,11,0,194.4621682999328,19.43401314763249,2291
12,12,0,202.5637145629823,20.44928961923574,2373
12,13,0,195.6140263942835,67.45978250397904,2256
12,14,0,200.0558195748004,19.71248753614765,2403
12,15,0,194.0081882855121,19.18340924981645,2354
12,16,0,198.5624390619787,19.92056196521201,2380
12,17,0,194.1760251728902,19.58855793587856,2355
12,18,0,193.1908162965603,18.3827146149475,2391
12,19,0,161.5567825313839,68.30512053332393,1912
13,0,0,126.2543572034872,487.1549238549579,1115
13,1,0,128.1435216444069,13.78621609446789,1387
13,2,0,151.0676553742589,16.19274886300783,1638
13,3,0,168.8694576762859,17.72616837876345,1857
13,4,0,177.6147048460328,19.13288717967926,1953
13,5,0,190.2149331011157,27.30170135778741,2082
13,6,0,177.0207656506458,18.17277206900942,2007
13,7,0,191.6108756716609,20.87878941327429,2131
13,8,0,196.0022062770653,20.07923720639012,2271
13,9,0,197.1264460344136,20.50224533189024,2240
13,10,0,197.7761209031536,19.82716604266796,2313
13,11,0,198.3061773651236,35.29209962113712,2239
13,12,0,196.0479138792331,54.71759125512066,2250
13,13,0,199.9166226636528,20.2164209467584,2358
13,14,0,195.0298921775498,19.12294009646286,2366
13,15,0,203.9839778121234,53.2361526852758,2402
13,16,0,199.8136128449166,19.42979262988104,2450
13,17,0,217.6874520482121,480.5439332239318,2421
13,18,0,196.0384495429996,19.05120182447818,2413
13,19,0,157.428587528884,15.28956126738519,1953
14,0,0,99.06499167585061,10.87807337737417,1059
14,1,0,124.1735596585445,13.27981973500044,1341
14,2,0,153.5482468881869,28.62727490097992,1636
14,3,0,172.6405665944919,55.91986101996169,1801
14,4,0,174.9087057136375,50.63751592421975,1866
14,5,0,181.4486713025452,25.39570731880456,2008
14,6,0,194.3866630228334,22.1798347844312,2139
14,7,0,204.3506102874302,247.0594736743173,2141
14,8,0,184.2782356937463,18.67653339806212,2134
14,9,0,191.5336464421414,35.2221959692646,2182
14,10,0,192.8266911890609,141.014860472921,2145
14,11,0,199.4362232439869,20.97558825260785,2313
14,12,0,212.3658810709332,265.1330185481926,2253
14,13,0,201.5576359569241,19.88332084598628,2402
14,14,0,191.0473295082972,42.01810260014103,2270
14,15,0,195.0426505844556,18.70046774095397,2388
14,16,0,192.7145568693725,18.8311376384275,2337
14,17,0,190.5799494628386,18.5178403843754,2366
14,18,0,200.142300493845,103.1574115945115,2361
14,19,0,154.6214413310512,15.21891852883366,1924
15,0,0,104.7707120847528,75.93317872185504,1037
15,1,0,123.3623081230272,14.06452945665721,1311
15,2,0,150.7689852365257,17.21522309979782,1590
15,3,0,161.0849669749614,17.61931950382235,1735
15,4,0,175.500158491135,18.94151653940994,1925
15,5,0,177.1999749521178,18.66019436671571,1999
15,6,0,183.8818912861939,22.72389165709392,2002
15,7,0,182.2567183646488,18.84105601959354,2082
15,8,0,189.332329776402,19.75136616648676,2159
15,9,0,191.0301835093598,99.15334497662212,2097
15,10,0,180.5726936718709,18.59933497072598,2097
15,11,0,188.1530642688535,19.09033887795935,2195
15,12,0,195.8545774489266,20.57123491712137,2313
15,13,0,189.8523926400498,19.37984811605286,2239
15,14,0,192.2639309053845,19.66704007916784,2319
15,15,0,195.9530263936783,19.39762657549432,2370
15,16,0,186.8373317616644,18.0130376561154,2298
15,17,0,191.3361170448122,18.28005677134882,2359
15,18,0,190.6326165901283,30.62533772857057,2304
15,19,0,154.7775168999684,15.13229328502534,1929
16,0,0,96.42361160073067,10.55901736575184,1033
16,1,0,124.0886666402999,15.97803230097017,1331
16,2,0,152.4441589483182,156.6972657187693,1513
16,3,0,153.3117845120117,36.23460966407561,1634
16,4,0,159.829600886863,17.31502613285466,1744
16,5,0,161.1945703452787,16.59417894376868,1824
16,6,0,175.2445157497281,28.3223403979967,1904
16,7,0,181.4954731405728,19.33644739883332,2054
16,8,0,195.4117020122017,129.6077299956038,2081
16,9,0,190.0575902859471,20.53094412222179,2150
16,10,0,189.8138664302286,211.778626582481,2043
16,11,0,178.3708539763118,18.09218867972001,2099
16,12,0,187.7068995247724,21.92202025394032,2212
16,13,0,188.2339431690197,18.95379278691129,2249
16,14,0,192.1882103825613,22.83063123962798,2274
16,15,0,205.1940514708677,132.6623038230127,2293
16,16,0,216.7271386729219,785.3412015034348,2360
16,17,0,189.9570057154195,19.40442060377359,2311
16,18,0,179.4020280877323,17.66433896876128,2206
16,19,0,151.6345056439785,14.36804872218556,1898
17,0,0,83.98189797859756,8.901665333975178,918
17,1,0,100.4903839717108,11.2898610092266,1083
17,2,0,126.8734265065591,14.12559818243522,1348
17,3,0,144.6513668286796,25.43675434997084,1546
17,4,0,152.807039157789,16.44148534443895,1685
17,5,0,162.6197743514174,163.5846754574225,1716
17,6,0,165.1916031110056,33.99452223402547,1805
17,7,0,157.8497141664239,17.46370184095557,1785
17,8,0,174.1335460154224,97.27105704228423,1888
17,9,0,170.6721580324753,54.34781478959574,1888
17,10,0,178.6147637184845,150.8464584253159,1934
17,11,0,176.448727499219,70.38011149049984,1999
17,12,0,178.3182940189654,49.83102865112102,2011
17,13,0,174.8859037987249,17.07862878001824,2093
17,14,0,173.2582761338911,17.57131914841106,2061
17,15,0,177.6571299962624,17.43952760162469,2148
17,16,0,186.2857411702259,18.4968919365054,2259
17,17,0,181.4879165771763,17.18029228936728,2262
17,18,0,177.8376282896968,18.4640654716458,2199
17,19,0,152.5665615617441,15.63160579564758,1858
18,0,0,67.77263289958663,7.131282609027164,751
18,1,0,86.16778000069736,9.653247952484595,913
18,2,0,101.1751106948766,10.38470286557851,1121
18,3,0,132.8939736135857,91.67496726025898,1356
18,4,0,127.8913116700438,13.89631993850987,1407
18,5,0,132.8051220213188,13.72140892819149,1485
18,6,0,142.6366413287876,34.83003079774625,1519
18,7,0,148.7547073474766,16.53144118728943,1634
18,8,0,142.6832125790955,14.5837921534361,1636
18,9,0,145.0546857315473,15.09398026974787,1674
18,10,0,134.7586067195391,13.36491648447071,1572
18,11,0,165.5970608031657,276.4586358124558,1685
18,12,0,147.8104603834596,14.58890510758484,1756
18,13,0,154.7056637897821,30.41635114920499,1799
18,14,0,153.3054465852955,15.85533236960797,1800
18,15,0,158.8659772844827,16.08285191879752,1895
18,16,0,156.8768047063201,15.11486794368174,1933
18,17,0,155.6137753377458,15.45511136142495,1899
18,18,0,175.4495272587912,171.163461554013,1989
18,19,0,130.1323013099918,12.62268569560828,1610
19,0,0,59.58390746751197,6.618170510620981,635
19,1,0,77.78629023221589,8.688210164652217,832
19,2,0,90.38730165887517,9.992318629087437,969
19,3,0,93.4622596752359,10.01312728646381,1022
19,4,0,106.2035066593121,12.71154518554648,1133
19,5,0,103.9627149798366,10.6272065205905,1173
19,6,0,112.3252846804283,12.15974393888305,1236
19,7,0,113.1117868648946,11.6150020028258,1302
19,8,0,116.6315604399678,13.93139891206687,1317
19,9,0,112.8554871759918,11.28999281516693,1326
19,10,0,113.8120926965288,11.61597919039312,1325
19,11,0,119.2598616604086,12.41659435056416,1395
19,12,0,140.0272732378722,479.0907465488551,1396
19,13,0,118.340398921844,12.63236174259973,1382
19,14,0,119.1691024573193,11.83054868403349,1426
19,15,0,117.9285146097621,11.7264279576363,1429
19,16,0,118.9951025833245,11.19319921416438,1479
19,17,0,119.7830907341504,11.50143261167317,1486
19,18,0,118.3154733052274,11.71765809800929,1456
19,19,0,107.5945980676367,33.30662077674793,1271
