# mesh name: boxMesh_1
# primitive scorer name: doseScorer
# iX, iY, iZ, total(value) [MeV], total(val^2), entry
0,0,0,66.22450178975993,6.936175769867878,753
0,1,0,76.04370181940209,7.675495901598782,879
0,2,0,93.06324943797647,9.715329163918755,1076
0,3,0,123.9120545322035,143.5873665781008,1284
0,4,0,112.5330249534005,11.54369430242092,1319
0,5,0,113.2485130613256,11.38883006183094,1327
0,6,0,109.1239696708189,11.07944198153147,1271
0,7,0,129.6709960792679,131.0139428286781,1399
0,8,0,117.2404355102949,11.62971256155705,1400
0,9,0,147.7433612634818,898.6965647567873,1382
0,10,0,122.7247554925935,12.16661605069486,1473
0,11,0,134.0562962222914,139.5261966899723,1444
0,12,0,132.5915938099644,81.6974617366042,1426
0,13,0,118.7423585217107,11.48092349144073,1448
0,14,0,123.9004335596291,12.57335679543994,1491
0,15,0,131.5206508141641,196.4918403360199,1471
0,16,0,122.0673422086138,11.46271946226837,1527
0,17,0,123.2086932680615,11.43675469230402,1548
0,18,0,136.3268023823763,15.73874091541763,1686
0,19,0,114.3815156572824,10.44253890203247,1462
1,0,0,79.34425111110333,8.544521433889178,900
1,1,0,105.9361589174635,10.75720360079542,1212
1,2,0,119.232993854145,11.89963635189658,1380
1,3,0,131.175178723674,13.44573421138626,1512
1,4,0,143.7458187880878,14.37499772666779,1671
1,5,0,151.3665609904253,16.01851012851635,1744
1,6,0,135.3051101234637,13.27421135626643,1599
1,7,0,154.628371739522,23.3611366386851,1805
1,8,0,153.6723968853879,36.28725458577591,1761
1,9,0,150.6543484355794,14.8955470384324,1819
1,10,0,143.5466610734693,13.86109485094901,1733
1,11,0,155.6616880884876,15.32998643129425,1865
1,12,0,168.8423818317085,83.45313370366772,1893
1,13,0,160.3846597187448,20.469864200922,1921
1,14,0,160.6722548566074,16.52598087953349,1941
1,15,0,188.0824976773212,206.3788268788118,2100
1,16,0,175.2494201647062,17.33532769106676,2146
1,17,0,186.044929043084,35.58088454199741,2229
1,18,0,212.7222187220509,394.7097505818575,2307
1,19,0,152.4551162525922,14.71980518723561,1884
2,0,0,90.19484871944636,10.7282752288069,1021
2,1,0,137.4749485253868,235.6537653054181,1325
2,2,0,148.4054871736521,246.733080426713,1507
2,3,0,156.1030523094526,51.04581523475359,1715
2,4,0,185.2909575156871,390.5687563721779,1910
2,5,0,184.2772836762686,228.2682935481203,1951
2,6,0,178.3597639239745,27.20183677877307,2040
2,7,0,175.7402082252301,18.23192902372573,2030
2,8,0,178.8115429849694,17.82596813563226,2110
2,9,0,176.4459549990577,18.11177551533113,2089
2,10,0,181.2758124870907,17.9093409996491,2179
2,11,0,189.1306815203897,40.15116844838067,2190
2,12,0,177.8084819389136,17.33166527538961,2167
2,13,0,191.5450176205736,35.40405044102723,2234
2,14,0,183.097056578429,27.55180830910996,2236
2,15,0,187.3926949480436,17.98449049819742,2325
2,16,0,190.007173917769,18.95667033583538,2308
2,17,0,184.6576647852063,18.08418017112646,2282
2,18,0,198.7512246594326,35.7094798544584,2353
2,19,0,166.5384820372556,16.38515121186749,2053
3,0,0,108.9813324841315,11.39916285839614,1226
3,1,0,130.1908700756501,13.18561111031156,1506
3,2,0,161.8658853099305,37.5998966938387,1759
3,3,0,189.1438642660355,413.076654869656,1938
3,4,0,179.8934937087307,18.83591465033751,2051
3,5,0,192.7224025132691,142.6583893665513,2062
3,6,0,189.1229042688068,35.70265261221852,2134
3,7,0,187.0105243396467,18.54077280166699,2218
3,8,0,187.4525619013787,18.94964548366888,2221
3,9,0,203.6754074005146,215.6762912335562,2217
3,10,0,189.0273443757481,18.98340115219835,2252
3,11,0,180.5092267854058,17.11089677901009,2214
3,12,0,190.6038315701661,18.3971468273773,2331
3,13,0,206.2495532538495,95.68116596014494,2386
3,14,0,193.6763113047316,23.72986670938012,2365
3,15,0,200.4937785131571,32.66882514389716,2404
3,16,0,200.4469953658704,51.06089886837338,2381
3,17,0,194.6811063081568,18.49031898387143,2410
3,18,0,196.0283041140747,20.72672820859876,2421
3,19,0,178.2853463878634,530.3664617959573,1942
4,0,0,107.194003776577,11.31196998843856,1219
4,1,0,132.3770916855803,14.20585642445536,1479
4,2,0,148.5678943017811,15.01768275659754,1724
4,3,0,174.7552807809649,18.23691156730682,1994
4,4,0,181.4076755741053,18.74100923983452,2097
4,5,0,189.9665648073953,19.52443377401322,2205
4,6,0,197.2653601355551,55.8219843569468,2190
4,7,0,188.1627091575604,18.40856651996058,2242
4,8,0,196.51566805884,19.59116292499033,2352
4,9,0,192.640569982411,19.08488577515082,2300
4,10,0,192.3253139966361,19.32184306839252,2294
4,11,0,212.8035177385462,428.2328676667263,2332
4,12,0,192.2072009337985,18.60444716692738,2332
4,13,0,185.4033214945789,17.57534670383505,2288
4,14,0,193.3462816903423,18.03725930384627,2411
4,15,0,205.1966065198009,61.55032111232435,2421
4,16,0,204.4729880713981,34.77728000801736,2461
4,17,0,192.5963279005948,18.78350342491585,2367
4,18,0,190.3993478640516,18.13294629697119,2378
4,19,0,165.6562772023992,15.93858420854956,2071
5,0,0,109.9248999345259,11.38333691156965,1250
5,1,0,137.9313355805191,14.46052336999909,1567
5,2,0,156.19210306388,16.64634746882866,1763
5,3,0,172.2106586338893,16.81000139580089,2032
5,4,0,190.3930403415411,19.54395210184402,2195
5,5,0,191.1566486461608,24.17083437456522,2209
5,6,0,194.0594189916309,19.11084351067104,2291
5,7,0,196.0471670648332,21.67327890184033,2304
5,8,0,196.4981126340174,20.17678838014622,2321
5,9,0,196.0262323986674,19.18960333859712,2360
5,10,0,193.7667883662442,20.50437755362131,2311
5,11,0,202.1029479030021,20.02617000834633,2446
5,12,0,195.6520936778338,18.2675049517885,2428
5,13,0,201.9365617585511,31.26993128745612,2446
5,14,0,198.3395512554531,19.74245348120606,2414
5,15,0,198.7315568964144,20.9142144690194,2432
5,16,0,203.2195337239395,55.70741918868758,2449
5,17,0,197.9243167826716,29.86347234605512,2415
5,18,0,213.997318492325,159.358558967081,2507
5,19,0,164.4506604735681,15.91329164459754,2062
6,0,0,107.4998544754049,11.11135533633264,1231
6,1,0,139.9442194825813,14.73165397332373,1584
6,2,0,160.0896674815301,17.01512870889185,1813
6,3,0,172.1150799010541,17.33834356156889,1982
6,4,0,189.4918963497637,19.37477542438434,2206
6,5,0,194.7033819021945,22.48186149732932,2270
6,6,0,202.925890017763,20.87888236024854,2361
6,7,0,192.0760206432396,19.00800084050625,2292
6,8,0,199.4450460258656,21.62926014050966,2340
6,9,0,222.3393113670587,437.6555842468826,2387
6,10,0,187.6166755658195,18.20813719009322,2274
6,11,0,187.7968162256832,17.85037788020966,2274
6,12,0,211.6087421728377,142.2488250161678,2381
6,13,0,190.7888992526665,20.31382307648002,2317
6,14,0,209.5161318380627,54.34892454581816,2465
6,15,0,196.5861678827672,28.04309128058174,2404
6,16,0,216.0420990447686,144.6279099814047,2479
6,17,0,199.7386971219132,19.83722970877698,2460
6,18,0,214.1270923504927,70.88194492739987,2576
6,19,0,169.6421409795024,16.30604780311793,2118
7,0,0,105.4527926092208,10.92962776678702,1200
7,1,0,135.9175725499043,13.77255892495187,1553
7,2,0,169.1432284917595,87.45765113387827,1838
7,3,0,184.0904587163845,38.50215616361028,2085
7,4,0,181.9633723998257,18.79242701805858,2099
7,5,0,197.2394300629916,23.14720091704814,2290
7,6,0,186.2486658183643,18.66273091379355,2211
7,7,0,198.8972089689555,20.52844899525558,2324
7,8,0,202.289890584828,52.98416661265664,2297
7,9,0,197.0370235662445,19.47110833611041,2355
7,10,0,200.1138220155076,19.73547085101223,2391
7,11,0,199.2559570626475,28.21133608817877,2320
7,12,0,203.1763009014977,20.1643139960448,2434
7,13,0,215.2989062760847,336.0829694509997,2409
7,14,0,193.924171692228,23.80957661909472,2328
7,15,0,192.0822242988525,18.56355200133135,2390
7,16,0,214.7918459081834,198.6460063723479,2447
7,17,0,197.0452196863649,26.43111412410873,2434
7,18,0,204.564402644527,139.0307042989656,2396
7,19,0,167.2061996759829,15.78114272897689,2107
8,0,0,109.2986636955015,11.07995912259992,1245
8,1,0,147.5936460567091,85.17680334919247,1578
8,2,0,162.0147715464993,17.15451064511722,1847
8,3,0,177.0717805643357,17.66278046695962,2067
8,4,0,191.8707769999555,19.34516644996236,2240
8,5,0,195.9122755426862,33.74930750771447,2234
8,6,0,210.5292470565206,216.0024711396605,2268
8,7,0,190.6155414804704,18.97261219241199,2270
8,8,0,226.4635217114987,265.6993008234233,2395
8,9,0,201.9772402959752,169.8245621756762,2272
8,10,0,198.008295912618,20.06050208153209,2350
8,11,0,192.9216338174906,27.69896625187845,2284
8,12,0,187.8742618815712,18.27444862223988,2285
8,13,0,194.9152391089593,19.93517756753379,2362
8,14,0,197.0310699916915,27.84266711982281,2397
8,15,0,185.6208634801558,18.01830082575102,2280
8,16,0,204.2871875245425,24.9167718464512,2457
8,17,0,192.4765310902287,18.34341519536416,2403
8,18,0,193.5968669350382,18.44525739606428,2414
8,19,0,168.6776900864777,16.69791677028703,2089
9,0,0,106.4906809124555,11.52884212517463,1199
9,1,0,147.162851682264,78.68156204954873,1615
9,2,0,169.0869728080609,23.97823962868168,1902
9,3,0,186.6803718960453,27.99044394326021,2092
9,4,0,185.7669302179154,19.39628120947901,2144
9,5,0,185.9459582873719,18.28676676904995,2193
9,6,0,197.9743775003877,20.23804011560419,2304
9,7,0,225.2280576818443,647.4171099768338,2289
9,8,0,206.2800104496858,28.39540448001629,2416
9,9,0,203.3585087946055,26.64513716115788,2378
9,10,0,199.8563009808456,20.94473195974299,2374
9,11,0,197.8580284410426,19.32003973360974,2400
9,12,0,201.8964091398788,19.90962767290896,2451
9,13,0,195.537433334581,19.73755936770179,2353
9,14,0,198.650480638476,19.86039068495072,2395
9,15,0,195.4585644093711,18.44490848261161,2435
9,16,0,201.228301747791,19.13471181536875,2510
9,17,0,201.3085701036596,20.14779736431215,2463
9,18,0,192.9125079396732,18.55827191347421,2395
9,19,0,162.1382966255429,15.20434634177033,2057
10,0,0,106.6710845292422,16.00718594623423,1211
10,1,0,138.281364250599,14.34684673718721,1584
10,2,0,177.5891975551277,369.1140177320261,1810
10,3,0,179.6279222705003,18.02861329088245,2099
10,4,0,187.5018464080104,25.21159928371261,2140
10,5,0,207.466661274077,21.92632154757281,2381
10,6,0,202.1254676637261,20.69803639825723,2367
10,7,0,211.6141357239882,156.4240052727174,2332
10,8,0,196.1598271904768,20.02788177041962,2292
10,9,0,196.9540352619601,20.11334071079161,2316
10,10,0,215.4351759588932,104.2852773241576,2437
10,11,0,193.1906197165118,25.82299950168229,2305
10,12,0,202.5908786592761,20.59777941023817,2433
10,13,0,199.823345511682,19.46682355962161,2435
10,14,0,195.5362149503311,19.11752660696614,2395
10,15,0,198.8117249062011,19.34385306133372,2448
10,16,0,193.9906026297163,18.251231903376,2418
10,17,0,198.7726097286957,19.48426026973902,2454
10,18,0,194.7781309502254,19.23720152263559,2405
10,19,0,164.9943606792238,15.84049162479814,2077
11,0,0,114.0016687322836,98.01304616936731,1191
11,1,0,137.0123940699428,13.80292882418861,1578
11,2,0,159.9785365017934,16.51141190227493,1827
11,3,0,188.8554653868914,19.18892155891182,2191
11,4,0,220.336054264488,893.9715629137372,2216
11,5,0,196.2030978652841,36.5556774444058,2229
11,6,0,192.0520903567474,19.23438453679944,2258
11,7,0,200.2227671534048,27.0890536481493,2321
11,8,0,201.2941255086604,22.1079952667911,2350
11,9,0,196.3034194285032,20.04471219282864,2329
11,10,0,189.1729825392132,18.63774550527459,2286
11,11,0,199.9952555052526,19.54709167978599,2423
11,12,0,210.5069990391088,65.6350761216995,2432
11,13,0,194.6206937718223,19.63894644465867,2342
11,14,0,226.8455508505757,406.8439608596197,2434
11,15,0,199.7402169969381,78.09416103200982,2396
11,16,0,195.0990158723189,18.87765682381132,2443
11,17,0,199.8852819180856,18.84264244100727,2506
11,18,0,203.1890330287662,20.44974577262715,2487
11,19,0,170.003431269648,16.79299307622692,2089
12,0,0,107.4014010192371,11.15197152665768,1234
12,1,0,127.3672407916754,12.84479208074989,1468
12,2,0,162.4686907526469,16.14440445223597,1904
12,3,0,180.4968591275974,18.53873843397872,2081
12,4,0,187.1341131591309,18.71550269548761,2180
12,5,0,188.5255008937471,25.19770964509852,2188
12,6,0,192.4882724777822,19.42150829006909,2261
12,7,0,191.6097592692738,18.81926076737523,2290
12,8,0,191.3862615570694,36.43097531629208,2242
12,9,0,196.2738419453122,19.86245426485366,2331
12,10,0,204.0759115016165,20.74754309236749,2417
12,11,0,199.8578859832611,22.8070364176984,2402
12,12,0,202.2260297149574,22.30180437775999,2413
12,13,0,199.6356226280695,19.83108438186741,2404
12,14,0,199.2503924495856,20.65878991635015,2432
12,15,0,196.5748347920706,36.01820830822139,2337
12,16,0,203.1575323602092,19.24361251898666,2540
12,17,0,203.2635997632585,104.0154285048839,2365
12,18,0,190.674600481021,18.30006920283077,2379
12,19,0,163.4063262986371,15.89471889604453,2047
13,0,0,111.0960012079989,11.53079961237821,1260
13,1,0,142.0778847917522,15.1370966885243,1596
13,2,0,155.5383965540331,16.05328141061897,1788
13,3,0,186.1152356009178,31.37345071621286,2079
13,4,0,186.0825487334141,19.21358059758541,2160
13,5,0,193.3008475839047,56.89287639953689,2181
13,6,0,209.3843568139082,90.40916419205936,2302
13,7,0,191.6164413296616,20.1902069836151,2270
13,8,0,201.2894337380095,21.03926202087244,2355
13,9,0,193.7605408196615,19.47471936583871,2331
13,10,0,193.9956636865552,19.13187862551554,2358
13,11,0,202.8140708962014,31.02254621773157,2398
13,12,0,195.6887798554615,19.30262374216267,2349
13,13,0,205.8471792240287,387.2573471077624,2257
13,14,0,202.0593424967002,39.74191363966673,2441
13,15,0,216.0482096098195,511.1394572492989,2360
13,16,0,197.7447890035525,24.54561967890124,2427
13,17,0,200.7184253182206,21.8349424330708,2477
13,18,0,191.6241682553067,19.89760292071855,2384
13,19,0,166.7146970964583,16.45099575190843,2093
14,0,0,106.8463390252777,11.42109477614532,1204
14,1,0,134.8962069957433,13.66585880657157,1563
14,2,0,159.8357226391113,17.00829494182674,1835
14,3,0,170.9113406288268,17.34171233023978,1991
14,4,0,184.5609431776068,19.61182714186414,2115
14,5,0,178.2857037775463,17.94609550962695,2081
14,6,0,194.9955396415281,19.7091308727937,2269
14,7,0,198.1546652677694,22.39143685954623,2312
14,8,0,192.6489659544968,19.88180610853583,2254
14,9,0,201.5673448195763,30.70563841375993,2385
14,10,0,219.0537766333887,612.7479717269218,2352
14,11,0,195.2088768076781,19.86335229317472,2342
14,12,0,199.0428047652167,19.60071185186286,2423
14,13,0,207.0688877371014,72.37841907808478,2480
14,14,0,197.6002556771242,19.23100347112646,2403
14,15,0,192.8984999866057,18.92623204045461,2378
14,16,0,199.9705175074199,20.82878826214462,2443
14,17,0,200.4773610721172,47.13289120604321,2427
14,18,0,210.561546475081,206.4788487644609,2418
14,19,0,160.9559183880695,15.48888572510913,2015
15,0,0,107.5835645073584,10.97689792730643,1221
15,1,0,130.8827860752182,13.80984712476909,1493
15,2,0,165.1473304736718,17.26330119380753,1885
15,3,0,170.7572993543117,17.71051535712056,1963
15,4,0,183.509948069061,18.26450879437071,2146
15,5,0,190.8132823763664,19.72856469349949,2206
15,6,0,192.8653651322222,42.2594407863101,2206
15,7,0,200.1373496972327,20.16528878867211,2347
15,8,0,195.9457182088755,20.30319815847529,2299
15,9,0,225.612960666402,405.6245520809786,2359
15,10,0,202.4823348085004,140.7839819709815,2259
15,11,0,199.8915274832792,105.2730227254398,2263
15,12,0,200.4925251781094,59.23676102126765,2344
15,13,0,195.804825175985,18.40501678809174,2446
15,14,0,201.1666824525496,19.92702200734938,2449
15,15,0,195.3536842247252,18.52390974313582,2426
15,16,0,197.3905020040569,18.93847178094483,2444
15,17,0,205.1622211869718,20.26261415413879,2549
15,18,0,205.1823495888287,81.3398540978326,2437
15,19,0,162.5982966148791,15.6894255706314,2031
16,0,0,107.0424847009158,47.85080618681744,1151
16,1,0,138.0527290393307,76.83671792365676,1490
16,2,0,149.2955620445463,15.73079386410959,1708
16,3,0,162.8268776931501,17.25820209159618,1858
16,4,0,174.3727767904499,17.73520675517216,2017
16,5,0,171.7641493249335,17.00927942666297,2014
16,6,0,176.3569330980662,18.07002813145427,2071
16,7,0,184.8202781675055,18.66592667486077,2171
16,8,0,176.6447675725591,18.03766920418825,2084
16,9,0,188.0072429069631,19.1765987023829,2215
16,10,0,179.8839372848756,17.87174842825911,2172
16,11,0,193.894214843267,34.16565535078872,2254
16,12,0,195.3840817522421,18.89581303888852,2371
16,13,0,202.7227738843022,182.5283245677148,2311
16,14,0,186.5623357928142,17.80565918856257,2308
16,15,0,191.2360827241149,23.90987099459377,2359
16,16,0,199.6060155858746,21.69715739019724,2417
16,17,0,214.7118226058323,500.7198697248576,2432
16,18,0,199.7638416559043,19.82345192104981,2469
16,19,0,175.7893538073153,91.30345373700045,2118
17,0,0,88.18866628979302,20.79307301914158,977
17,1,0,125.9482451718704,25.90017109057247,1393
17,2,0,141.0838900584312,14.56780197130663,1618
17,3,0,159.7399019514097,16.60656079952192,1833
17,4,0,166.142008726104,16.98637670268377,1926
17,5,0,158.2214893649672,15.87460369389759,1858
17,6,0,167.1264475241891,16.9663823890699,1959
17,7,0,170.0921831707661,17.38022154059568,2006
17,8,0,197.0301826389566,599.2029927353072,1985
17,9,0,175.6465191264714,18.18224064535534,2057
17,10,0,179.3086462857662,17.72332473731767,2148
17,11,0,171.9624708571486,16.9926093903473,2076
17,12,0,184.7569536525476,56.40684357397411,2135
17,13,0,185.2502153786708,17.83618646923604,2263
17,14,0,191.4409652673741,67.37737191454323,2211
17,15,0,205.8014265463958,175.0800717291393,2350
17,16,0,185.7865058139689,18.35796477015046,2288
17,17,0,188.6288716252652,18.42376500759538,2332
17,18,0,191.3122273323759,17.74272775610463,2400
17,19,0,168.8196709992989,33.41957681950149,2022
18,0,0,79.29894613358641,8.623737570470924,887
18,1,0,122.5975489891926,313.3471170234017,1115
18,2,0,123.5725582070229,17.53911470535332,1383
18,3,0,128.3222860791668,13.36619219259027,1484
18,4,0,140.8630402590138,16.05477740225594,1594
18,5,0,174.222268919974,214.6876836809051,1737
18,6,0,167.8851088883472,274.8768374510395,1780
18,7,0,149.2059803579712,15.14810606308052,1753
18,8,0,152.6208510771965,15.4947048186852,1803
18,9,0,156.0369350377676,22.51087226512594,1841
18,10,0,152.7082573897614,15.32209343624004,1824
18,11,0,159.3066440303798,16.0507218800714,1912
18,12,0,152.7074076969488,15.4133933264928,1833
18,13,0,170.7606415117567,106.3011424008104,1927
18,14,0,164.8922187976572,15.89017037071579,2025
18,15,0,174.3354513826068,16.98223223566554,2144
18,16,0,166.6845219015149,16.36774564659613,2054
18,17,0,170.4863827926632,16.43993312128777,2116
18,18,0,175.0433385655314,17.12934878560233,2166
18,19,0,152.2595187922353,15.03904624308457,1894
19,0,0,61.68089114929553,6.622706514245295,692
19,1,0,89.6494400220809,53.52374758652918,926
19,2,0,135.3400355416987,1476.793341150413,1104
19,3,0,104.7276081695176,10.30845109717322,1227
19,4,0,109.7570494234531,28.38401878920052,1237
19,5,0,117.0073919214418,12.16302003331361,1378
19,6,0,116.2872974915395,11.67565886353436,1367
19,7,0,118.08454764278,11.7389926338239,1405
19,8,0,121.5884385840754,12.033319215646,1446
19,9,0,115.9201698306669,19.89740237807028,1379
19,10,0,116.904300531841,11.66620755619992,1396
19,11,0,124.4714603861703,12.40663013829278,1509
19,12,0,128.7557108915888,70.49588557472978,1447
19,13,0,140.3691606166828,436.7829590801292,1473
19,14,0,126.4563763074289,12.71365243671017,1537
19,15,0,118.7694305155488,11.4637210326669,1460
19,16,0,125.8699091938064,12.96201714817233,1529
19,17,0,129.1091904214159,12.4015494411718,1611
19,18,0,130.8656548351475,12.40146287420075,1636
19,19,0,115.6477659413999,10.67739434923815,1475
