# mesh name: boxMesh_1
# primitive scorer name: doseScorer
# iX, iY, iZ, total(value) [MeV], total(val^2), entry
0,0,0,70.23576322564928,7.66980940775542,812
0,1,0,87.01798641916659,9.223442546510299,1007
0,2,0,101.0356748520537,10.45872021091459,1177
0,3,0,111.6093229840356,11.3627840733025,1327
0,4,0,114.1424325588546,12.15869325297377,1365
0,5,0,116.6453330110157,12.04256353562305,1384
0,6,0,117.0707650272515,11.74234985245545,1406
0,7,0,120.710672999597,12.2142303907938,1446
0,8,0,121.2575473027193,11.66860200116271,1475
0,9,0,115.5059284271363,11.49716753397132,1397
0,10,0,122.3705823228475,11.67109955142199,1516
0,11,0,128.3803882003555,90.64918771932516,1459
0,12,0,124.1401487792251,12.15933083078483,1516
0,13,0,126.216146586383,11.88325136204667,1557
0,14,0,122.371461646861,11.7094632017178,1512
0,15,0,125.6527928727557,12.23660458219549,1549
0,16,0,127.440297820282,12.43791155491515,1563
0,17,0,129.62441806124,12.11941621516105,1627
0,18,0,132.7519949284387,12.89345884093595,1652
0,19,0,101.9473306482369,9.922516505277596,1273
1,0,0,86.28831014309537,9.457557446194112,1020
1,1,0,112.4005289535708,11.69587283291283,1298
1,2,0,126.315722228109,12.89648557140208,1477
1,3,0,141.5892282484428,31.46765926499356,1648
1,4,0,145.4026173378691,14.85907387181891,1710
1,5,0,157.98344586339,27.32063773939546,1868
1,6,0,153.8731793824326,15.25707703948425,1852
1,7,0,175.2229199930555,345.6484551643121,1902
1,8,0,154.2696029112204,16.264418595866,1826
1,9,0,158.8267589584802,16.18605771133476,1907
1,10,0,156.2460791849177,15.10779122473148,1909
1,11,0,162.2136364522992,16.19910757959883,1966
1,12,0,158.7194070613404,15.7695987768838,1928
1,13,0,166.9157152269712,16.32064153994168,2054
1,14,0,169.6957102486325,16.75080890221085,2090
1,15,0,165.857146755825,15.71882051684468,2066
1,16,0,186.7450879961489,65.96107799213742,2199
1,17,0,175.909602189557,16.8210056517507,2190
1,18,0,176.1692890014958,20.52634944766594,2165
1,19,0,145.8897812101754,14.14853294573466,1805
2,0,0,107.1898766810862,53.77090916088736,1174
2,1,0,130.2605987787876,13.61789144384593,1516
2,2,0,156.7972729210199,16.17277106752065,1840
2,3,0,169.3161831002144,17.10920503210511,2002
2,4,0,183.2856224947178,83.97705551627855,2061
2,5,0,196.5140522256241,237.9932244477973,2151
2,6,0,180.5339772584653,31.494793061829,2141
2,7,0,199.2853477775274,420.09598202947,2133
2,8,0,190.2934630372421,189.5529736911606,2143
2,9,0,214.8308802072641,758.6545860236622,2263
2,10,0,184.2287551512875,17.58386921534769,2265
2,11,0,181.2399272126572,17.39149509006151,2208
2,12,0,178.1094589936694,17.10245404049939,2191
2,13,0,203.3031136148526,180.2499112296304,2363
2,14,0,183.2103552323081,17.37974916419122,2282
2,15,0,197.0224164053363,24.84473801275244,2406
2,16,0,193.5033109323547,24.94409867585023,2336
2,17,0,190.3928221963744,18.37881901014298,2366
2,18,0,181.9655752322466,16.92785338068783,2301
2,19,0,145.5254696065844,14.94928587066924,1757
3,0,0,111.4359818694474,11.42439051514675,1313
3,1,0,138.8362462814297,14.00480106630815,1640
3,2,0,169.3010494665353,17.74573718547747,1964
3,3,0,182.6781905279848,18.51919953952052,2149
3,4,0,180.6116794151284,18.00728620535988,2160
3,5,0,187.2055379817099,19.25767296480792,2216
3,6,0,189.8910765596833,19.24016015519835,2261
3,7,0,192.9696159457298,19.55480918085363,2319
3,8,0,189.2207496629147,20.56446541259482,2293
3,9,0,191.1043296092678,19.43131374353238,2279
3,10,0,191.7603484351701,18.96653808337722,2306
3,11,0,192.6013653795545,18.49911877072238,2362
3,12,0,195.2908249711846,18.80650088370977,2395
3,13,0,189.9014844951049,24.98818648108107,2301
3,14,0,222.4718948756357,719.3165150673278,2394
3,15,0,194.6516029909226,20.90128179076583,2426
3,16,0,202.6049486975353,20.34520675547558,2456
3,17,0,206.6484548306238,137.1280306901408,2373
3,18,0,185.2392742912201,17.09618463443161,2347
3,19,0,149.0847873369748,14.76784712931406,1845
4,0,0,113.7779166065712,11.65055242485981,1326
4,1,0,153.0090014409245,113.2846910892606,1686
4,2,0,169.4941392364682,52.76297143474332,1923
4,3,0,192.1337377936865,23.0929433021209,2226
4,4,0,185.8845668951647,18.79798229096933,2201
4,5,0,192.5185702650497,19.25325440627567,2293
4,6,0,201.7146097338133,86.70666230628025,2251
4,7,0,190.4813544244724,19.30634204609277,2290
4,8,0,196.4975113189064,19.89824991037993,2349
4,9,0,196.6922980197931,19.65050150116308,2367
4,10,0,200.6825041631361,19.74721458189966,2429
4,11,0,204.6548080585202,20.93295204830733,2431
4,12,0,192.7894498186599,18.54952554520813,2361
4,13,0,200.3477522893944,19.08850647808937,2475
4,14,0,194.0444753681169,30.82243825881707,2347
4,15,0,198.683550488512,19.50549329803779,2453
4,16,0,190.3821581917914,17.59623397065769,2413
4,17,0,210.4635170535141,22.28134606209496,2546
4,18,0,204.553838409107,83.18498312740569,2441
4,19,0,149.68308282151,15.0891984841702,1830
5,0,0,110.776821808791,11.57809815444979,1290
5,1,0,144.7485057756743,15.29558467094854,1664
5,2,0,179.5007763256571,206.0016388521131,1947
5,3,0,190.9159298441154,26.325851483159,2218
5,4,0,186.6787898905243,18.39383743497899,2230
5,5,0,195.4961326782123,19.58854940635841,2335
5,6,0,192.2915478023816,19.09490946360015,2317
5,7,0,191.6388499019821,18.58643220335333,2330
5,8,0,195.1866712063147,20.0230350295782,2338
5,9,0,204.5955543939455,57.27329577667369,2401
5,10,0,195.7993225409485,22.55196812616619,2387
5,11,0,202.5843097949263,22.82088588446499,2403
5,12,0,196.4810887883526,19.58463155235215,2389
5,13,0,199.3690926452696,19.14303702892607,2460
5,14,0,198.5667475669155,19.21057704150885,2471
5,15,0,199.1560495900947,20.40753842135598,2414
5,16,0,207.2130298285907,20.19666772730403,2553
5,17,0,207.3711006570699,42.20309965897039,2492
5,18,0,204.2835377356105,192.8260348262505,2358
5,19,0,153.2482021260919,15.0757030879533,1903
6,0,0,119.8332026062451,68.43826809060663,1318
6,1,0,144.9603192906536,14.94019520607886,1692
6,2,0,170.5472296745293,16.78989200920017,2029
6,3,0,177.4093021563326,17.75955326630173,2096
6,4,0,187.7832799197079,28.90905591696069,2201
6,5,0,206.9945955224138,105.9626527228394,2388
6,6,0,217.2675625494818,199.2061339559439,2425
6,7,0,210.3229755300458,192.6299655141599,2317
6,8,0,201.3602689869079,20.41362432276796,2413
6,9,0,199.297119753097,19.7167367929407,2408
6,10,0,222.7037287683634,430.8123205300746,2464
6,11,0,192.6158545829338,27.2740791146239,2313
6,12,0,195.6084134432322,18.62004042468682,2409
6,13,0,192.5908762792071,18.62115893204174,2370
6,14,0,197.1150278303969,18.99741205450447,2437
6,15,0,201.2683254704119,19.72837779932836,2456
6,16,0,198.2987715600753,18.71858357811151,2475
6,17,0,200.1560999233172,34.64458105221498,2443
6,18,0,187.3896759789228,17.98226705788991,2333
6,19,0,150.9100788208419,14.89347418495456,1881
7,0,0,122.5712963843675,159.1707576852528,1289
7,1,0,150.6197521858733,14.95988277712057,1805
7,2,0,186.4380519414873,163.4804680774984,2078
7,3,0,202.9533849748402,167.7799603749039,2187
7,4,0,197.2212300811017,22.84368886361088,2289
7,5,0,198.88793350082,20.6546477579898,2335
7,6,0,195.5973633475649,19.34625109545089,2379
7,7,0,205.3465929544625,245.6707380359043,2294
7,8,0,196.2433057753824,19.56475564895645,2355
7,9,0,196.3976216056313,20.20499118332108,2390
7,10,0,207.547755702428,21.06310280236213,2494
7,11,0,198.082698294038,19.68702912999307,2395
7,12,0,199.4324390924792,19.41928256776579,2427
7,13,0,198.1767601604615,20.63764554251109,2397
7,14,0,189.3902603132402,18.05127246896058,2340
7,15,0,205.1435150950974,20.44795437763814,2517
7,16,0,201.6460363417587,20.46620389827089,2490
7,17,0,204.7811436339276,24.33307553144564,2520
7,18,0,186.8425394992638,18.83599970978884,2303
7,19,0,151.9618531674369,14.16309982113204,1922
8,0,0,115.84449695231,11.99191510403995,1340
8,1,0,160.017937061696,84.19117037183133,1733
8,2,0,186.1953914800561,270.4404828553611,1965
8,3,0,194.1349082844324,30.72186161519998,2232
8,4,0,195.7837989890874,30.26947905352615,2295
8,5,0,195.6542276790009,19.65779713893457,2341
8,6,0,209.1755063668869,21.00863374024015,2478
8,7,0,199.2212200059655,43.13559620710772,2372
8,8,0,196.6608412883122,19.31912921091116,2396
8,9,0,192.3460213276604,18.42827400456519,2362
8,10,0,201.2918161278613,20.60360157750012,2433
8,11,0,197.987764025215,19.50841472676876,2393
8,12,0,204.4023509990462,28.63081305605581,2434
8,13,0,196.0642909677628,36.3440298849791,2351
8,14,0,199.4718462137897,21.57600709634261,2441
8,15,0,197.0145286518351,19.07938716150429,2434
8,16,0,197.0018806648667,18.85507461061106,2456
8,17,0,195.5667417232085,28.44743663001454,2427
8,18,0,196.6845282896167,19.21766209436385,2431
8,19,0,145.1026255715192,13.47077958187477,1833
9,0,0,107.8036307381459,10.77607064097903,1274
9,1,0,145.0940860673029,14.19523096893448,1727
9,2,0,173.0853113818312,18.10465494838901,2045
9,3,0,200.5485489657797,65.56910688104627,2289
9,4,0,196.7511477356962,106.2166867026467,2223
9,5,0,192.8467384022086,19.54677285695895,2288
9,6,0,195.2511819370689,19.27408818910106,2340
9,7,0,205.0782209928414,19.90448819058698,2488
9,8,0,199.6174688426189,19.92709487688389,2401
9,9,0,199.1930920904518,23.02417920776693,2362
9,10,0,199.0902971964106,22.66429068038154,2404
9,11,0,203.7552159162989,39.54308546181693,2445
9,12,0,193.7672704878065,18.52509793990622,2402
9,13,0,201.3534596431982,25.52413656206366,2471
9,14,0,234.0297902986704,908.2076498622449,2428
9,15,0,226.2212468352635,229.3943908663196,2554
9,16,0,199.5087332682713,23.58939374475958,2462
9,17,0,191.9537861904566,19.98546009490995,2362
9,18,0,186.3628746162484,17.27976661228981,2358
9,19,0,152.0552617933242,14.4134973791485,1907
10,0,0,105.0979607331929,10.18484232090095,1261
10,1,0,148.6911611746416,15.31548745254825,1732
10,2,0,174.4190457379473,18.22612407152552,2029
10,3,0,186.2788190335008,19.40117302097799,2178
10,4,0,207.1387012678283,78.73301457260509,2366
10,5,0,201.1861961842884,20.76738955985061,2369
10,6,0,195.3424848307465,19.52469586048709,2333
10,7,0,197.5289466298944,21.77697073261477,2373
10,8,0,195.3408016800371,19.18884783377603,2395
10,9,0,196.8192592795993,39.23950670392885,2375
10,10,0,225.0431901090662,310.8727719144597,2413
10,11,0,202.0928257380405,21.08682635905564,2436
10,12,0,197.1494005825801,22.03644950276802,2382
10,13,0,224.2807442376873,558.3657554559074,2449
10,14,0,199.3773241019632,19.93433940822427,2443
10,15,0,203.1020411043902,20.15888922549368,2529
10,16,0,199.4950934252096,19.46010352037408,2478
10,17,0,200.5884873361671,19.18303645548363,2522
10,18,0,210.5369529335364,472.2983639940867,2368
10,19,0,154.5997001331272,15.05490950727094,1931
11,0,0,105.7264363824537,10.88328504298222,1249
11,1,0,151.8271397327843,15.5426635259969,1779
11,2,0,168.3861102778505,16.83103017407643,1985
11,3,0,179.1969102543941,17.63431111937749,2141
11,4,0,193.2436307404222,19.52140763279323,2286
11,5,0,194.5145847317395,19.47733986393859,2315
11,6,0,189.6037770102491,18.70316182826908,2272
11,7,0,211.4076450113755,177.6760859759474,2356
11,8,0,192.8984911471576,19.30604183564264,2311
11,9,0,197.0332359418908,25.02276697060467,2383
11,10,0,195.7775750867983,29.55949827749282,2322
11,11,0,196.1960991868291,19.49391228715559,2376
11,12,0,205.8855741149078,20.18187284669365,2515
11,13,0,197.4621020448439,23.42585523955165,2366
11,14,0,232.5018639411114,410.9823355448071,2508
11,15,0,206.5299447423702,122.1828075721965,2409
11,16,0,218.1893660938828,420.1974966522871,2479
11,17,0,198.0862374078374,18.92474469345439,2460
11,18,0,195.4048754340967,19.70785238156081,2406
11,19,0,154.1484117884549,15.02899803519572,1908
12,0,0,108.476629077571,11.0463919643318,1269
12,1,0,143.6782654216311,15.63631727176601,1684
12,2,0,165.231611908545,17.80337493985334,1914
12,3,0,190.3365118636017,21.65302107223923,2221
12,4,0,188.5775319802617,18.96790066954716,2252
12,5,0,194.2129919213599,19.02733708106346,2347
12,6,0,190.0740161773539,18.69894663346541,2292
12,7,0,202.2259619178255,20.3939920873906,2408
12,8,0,196.2647022261328,42.72592734911735,2286
12,9,0,199.5457802803356,20.02911371900029,2401
12,10,0,197.2025712867037,19.5078010717301,2400
12,11,0,202.1589666203807,28.06514802191977,2447
12,12,0,199.5881520719253,20.35025827385924,2420
12,13,0,201.0219569545401,19.78756974311218,2451
12,14,0,192.6438002501289,18.23196616873592,2407
12,15,0,227.1632483017586,269.7057479547069,2476
12,16,0,200.8933415120049,19.16720178161147,2492
12,17,0,187.4022657247345,27.0256361085341,2319
12,18,0,194.4900042148072,19.38989443884721,2390
12,19,0,155.4611172096603,21.77757460148547,1931
13,0,0,118.4837328280065,12.10772537160213,1387
13,1,0,145.4464406357124,14.59740782422793,1708
13,2,0,167.1437188780557,36.70502423749389,1929
13,3,0,190.2427022678098,19.25909760447143,2248
13,4,0,181.6919341300461,17.61883860335887,2201
13,5,0,197.3223430030936,19.92492538529588,2348
13,6,0,199.6994386625552,19.94197780409952,2381
13,7,0,196.8673387763757,19.64781385093892,2344
13,8,0,197.2228420953815,19.15089009175019,2401
13,9,0,211.4640990903333,33.24822093142771,2505
13,10,0,198.7546312656688,19.04852028913941,2438
13,11,0,199.6925163607409,19.55092413611628,2440
13,12,0,204.025236419857,77.55962512333748,2418
13,13,0,199.9157863389014,27.29704478538984,2418
13,14,0,201.6561672208618,19.66644091046689,2490
13,15,0,211.4320656959998,68.37890937950664,2483
13,16,0,238.0987536937493,980.2937900925995,2429
13,17,0,201.1907585629293,19.3559718161614,2495
13,18,0,195.3058211492249,178.3013364592465,2287
13,19,0,169.4032890491891,177.4432135864173,1885
14,0,0,110.5366279542559,10.56307713871601,1328
14,1,0,141.49711349509,14.37955485792873,1655
14,2,0,167.1924591747538,16.5509047994611,1985
14,3,0,180.5172969465241,18.12710003446777,2133
14,4,0,188.0797518703678,21.26063733308402,2210
14,5,0,206.4892735984573,186.5132048914324,2267
14,6,0,194.6352402770149,19.80545292324559,2304
14,7,0,198.9371223527066,20.2163604380919,2350
14,8,0,193.9455081182724,25.51169034439779,2304
14,9,0,201.5594742501634,19.20986457696285,2478
14,10,0,203.0999985316683,20.10860233221572,2459
14,11,0,197.033313917244,20.6346327238098,2383
14,12,0,189.5148731607107,18.47468120620209,2337
14,13,0,234.9379299229356,445.2812807004941,2496
14,14,0,200.6467272480758,21.4499267751368,2413
14,15,0,214.2166317419539,229.3099428689378,2409
14,16,0,210.4909326316489,57.1260627497453,2526
14,17,0,207.4262216961995,113.3620689209639,2440
14,18,0,184.0907410530466,18.58533668104855,2304
14,19,0,172.6196463858206,241.5801630279373,1898
15,0,0,117.3367043051282,49.56731401330772,1307
15,1,0,155.827441367653,170.6169109518627,1706
15,2,0,164.1012768796546,16.39820841873258,1947
15,3,0,178.1795656283338,17.84127023742138,2111
15,4,0,192.047660456471,72.23318618934474,2215
15,5,0,181.8820541618068,18.04824132706529,2179
15,6,0,196.3580709278789,28.28765891304019,2307
15,7,0,205.674195872578,117.9644045777047,2357
15,8,0,207.3720831846406,204.987583481157,2305
15,9,0,197.2214754129505,19.19398261870057,2399
15,10,0,190.3234335729136,30.80876915378233,2290
15,11,0,194.3740912945669,19.0851974460357,2374
15,12,0,207.2510037926414,52.66956139983929,2434
15,13,0,198.0897211761318,33.55250991544569,2351
15,14,0,202.1060478227772,21.60344047117174,2430
15,15,0,197.1048230856258,19.2781773124303,2426
15,16,0,200.858963497628,19.06376572937878,2503
15,17,0,199.5945249871054,20.1906095416003,2463
15,18,0,193.7132334860558,20.74587483647029,2422
15,19,0,147.9026974296308,17.49890879875181,1824
16,0,0,110.9701595689914,10.84462963620073,1311
16,1,0,144.2018629647941,14.24813592661407,1703
16,2,0,160.425090038606,15.70744842292043,1905
16,3,0,181.0346992719761,18.29703331369198,2172
16,4,0,186.8902580096014,19.15078543628503,2196
16,5,0,195.8388114759,22.29552377011072,2286
16,6,0,182.7823933789442,18.39043993540082,2174
16,7,0,191.9625661600267,18.83134077552614,2301
16,8,0,198.6006553351228,129.7150144545868,2277
16,9,0,193.8360397282035,19.06421056076088,2337
16,10,0,190.8855333150098,19.51512313184296,2291
16,11,0,188.5480964279779,18.53976414711853,2304
16,12,0,198.8692231822779,33.19919380343087,2392
16,13,0,193.9394264252563,31.2254354364495,2296
16,14,0,187.6067638635041,19.00270636669722,2315
16,15,0,198.1630327374131,19.55128517575012,2441
16,16,0,191.7078102913225,18.06372280986928,2405
16,17,0,201.2235265938327,19.07003612123212,2515
16,18,0,191.9806624175953,18.74943194662204,2389
16,19,0,150.3596660440547,15.1379554209432,1850
17,0,0,103.6162190518424,26.42363532976803,1176
17,1,0,128.5900734551769,12.91943833818649,1520
17,2,0,145.6863522682156,14.67277883996039,1716
17,3,0,161.2915620683863,15.826845719113,1922
17,4,0,171.6645601124557,17.6232527319136,2021
17,5,0,179.5715636351779,17.78194286087162,2144
17,6,0,175.5291104187075,17.52708275513466,2109
17,7,0,172.2406612127056,16.90977220926073,2081
17,8,0,176.4103461403021,17.64414412720664,2127
17,9,0,179.3169959669097,17.54741553498975,2174
17,10,0,183.2022730331372,19.93091629426981,2188
17,11,0,192.2817066150898,28.27295099331711,2311
17,12,0,183.6953010018568,17.98431149991328,2253
17,13,0,188.8216753688995,39.18835995509966,2237
17,14,0,194.5012291493079,35.1109403325002,2317
17,15,0,193.664425240477,19.72048141219927,2362
17,16,0,193.2683109637357,18.83688310066487,2384
17,17,0,188.0379101059959,18.22509720914384,2346
17,18,0,192.5389632488586,35.98845225047668,2324
17,19,0,152.7453409876223,14.64615799901279,1908
18,0,0,81.12664473533269,8.363198853821013,965
18,1,0,112.5544828053187,11.22419055474037,1335
18,2,0,147.5192838917631,160.5987490196109,1562
18,3,0,144.3469672627788,23.4829688981952,1665
18,4,0,150.5132602733435,14.54368611053135,1820
18,5,0,143.7062117261684,13.73226722370216,1748
18,6,0,156.3866054365883,15.41969800298998,1878
18,7,0,156.4457715861014,15.20259419557264,1886
18,8,0,152.3846769848482,14.48953126217365,1866
18,9,0,154.5333597930966,14.71139595834092,1879
18,10,0,152.1827688917215,14.82745804278277,1870
18,11,0,154.5551303270322,14.81356977812538,1904
18,12,0,164.4247521122334,48.02612593999071,1908
18,13,0,168.7753981785033,16.09079428619453,2092
18,14,0,174.4197243039544,22.32423568304218,2088
18,15,0,173.4222975078581,16.51598071112163,2156
18,16,0,175.0009515471967,17.9336198889408,2160
18,17,0,184.0664766356709,115.7745511455629,2147
18,18,0,178.4778715930702,17.71232354507885,2192
18,19,0,144.1015517854526,13.12056819250585,1817
19,0,0,70.66288487964894,15.91557218457028,798
19,1,0,89.93848047855047,9.25248518891061,1047
19,2,0,102.1710507181271,10.33375912373153,1201
19,3,0,111.5220644994577,11.52019061570545,1309
19,4,0,108.6489081458743,10.89957205396274,1294
19,5,0,115.6161815100967,11.73020090637185,1375
19,6,0,114.7035836520892,11.28007360669509,1375
19,7,0,117.3349231520472,11.58633025117294,1411
19,8,0,118.3121234024248,11.98974394489419,1426
19,9,0,121.8133549862948,11.6347405843501,1488
19,10,0,117.0564530541739,11.21673960625618,1441
19,11,0,126.9181267246648,14.68417367680477,1529
19,12,0,129.9632257896621,14.71173041409812,1573
19,13,0,137.0893658340704,126.68176421456,1571
19,14,0,129.2702204000259,12.32903058232093,1603
19,15,0,126.185134177563,14.732894025787,1569
19,16,0,132.9586180988656,13.26565690986841,1636
19,17,0,127.6441457573053,12.0620254780887,1595
19,18,0,130.4823744058923,13.15312444961617,1604
19,19,0,102.7011168569662,9.95411548325345,1278
