# mesh name: boxMesh_1
# primitive scorer name: doseScorer
# iX, iY, iZ, total(value) [MeV], total(val^2), entry
0,0,0,74.66720704947103,44.83309420523637,778
0,1,0,78.24177039084427,8.028341081047474,913
0,2,0,100.7961520830354,10.03216833004981,1174
0,3,0,99.45045748361484,9.465123615298763,1198
0,4,0,126.6601146965773,361.8235342766522,1277
0,5,0,119.9290519677384,12.72379019808514,1376
0,6,0,113.7946792906997,11.39322223084382,1353
0,7,0,117.4971870446889,11.63804621131453,1408
0,8,0,118.7122906809712,12.37592548522398,1419
0,9,0,119.9338035529752,12.58791957835112,1413
0,10,0,123.755640616442,12.7428124124994,1459
0,11,0,119.3344074341192,33.43701231790602,1407
0,12,0,126.0750664310047,12.92033545957666,1503
0,13,0,125.8246620348174,12.42536640707935,1531
0,14,0,121.0917342736625,10.94563530675188,1525
0,15,0,128.2166982048917,29.48533999517991,1566
0,16,0,128.2993838101286,12.38446495751099,1598
0,17,0,131.9191400330141,94.28540338268317,1555
0,18,0,142.5880787605143,45.36337294797508,1723
0,19,0,130.7272814209493,12.76856449064203,1624
1,0,0,83.95221645758382,9.14197190395652,941
1,1,0,98.05811442728969,9.767526495623079,1144
1,2,0,122.9031900093603,13.13394580943273,1413
1,3,0,143.0185688864537,15.2876033777106,1634
1,4,0,139.2049811847659,14.12781616650867,1628
1,5,0,150.479352610791,14.76434030425645,1790
1,6,0,150.8945298357132,14.97329362598133,1794
1,7,0,152.5255735899634,15.2442267340685,1814
1,8,0,157.1403530725038,16.043559350353,1865
1,9,0,153.8049350422186,15.1460644329531,1860
1,10,0,165.2415361449555,93.02071614014551,1905
1,11,0,153.4506286230171,15.65285996606483,1859
1,12,0,158.1481824031724,16.78975391479574,1894
1,13,0,172.5151234007804,45.43742457756267,2003
1,14,0,164.1538654092255,16.10492971376213,2005
1,15,0,172.2232013540007,16.84042603671789,2110
1,16,0,175.1533840995833,63.66547999955223,2080
1,17,0,180.2627631674529,20.260548794525,2252
1,18,0,190.7509217164682,19.11253887207133,2357
1,19,0,168.2418845148856,16.0272882019801,2102
2,0,0,98.55188674535479,11.17528213007839,1101
2,1,0,119.3942738734476,12.69772873268094,1366
2,2,0,167.2922646565946,685.4654504869118,1651
2,3,0,152.9097308854965,15.65532733722352,1776
2,4,0,166.3672464526919,16.99656989200207,1935
2,5,0,203.3412458343597,618.6171465586305,2114
2,6,0,185.8153967954669,55.52875835723263,2109
2,7,0,181.333675263768,24.01916897859944,2111
2,8,0,188.2330371740395,210.5487655954386,2111
2,9,0,179.6176791118361,18.34765723581151,2126
2,10,0,179.0808208024232,16.95661851218098,2214
2,11,0,182.1268798318887,17.81213254692288,2201
2,12,0,180.7187791738668,17.30362616499471,2221
2,13,0,186.2135979993776,24.65504588217552,2234
2,14,0,186.2499733907073,17.81042706895252,2316
2,15,0,208.8157635206718,384.141214299116,2359
2,16,0,194.2299628208887,38.3078404588629,2339
2,17,0,185.5216374006339,17.43928020999343,2341
2,18,0,189.5971236884336,18.14761165390574,2365
2,19,0,176.2368077491264,17.45516319576793,2170
3,0,0,100.0855437210072,10.26487257042624,1165
3,1,0,139.4973677313859,28.78850918984022,1556
3,2,0,150.6168400871827,14.81004268030603,1779
3,3,0,173.8607089628208,17.67909901320172,2024
3,4,0,185.2172590281096,19.29028559488876,2133
3,5,0,183.4963920497181,18.88921683431624,2146
3,6,0,187.3367055728444,19.93752489512072,2199
3,7,0,195.58842558552,28.71283982603526,2307
3,8,0,194.1138849485027,19.25419630915459,2317
3,9,0,186.7534604867305,18.63844851930509,2236
3,10,0,193.7571497048656,19.08074659662329,2333
3,11,0,192.7404514409125,32.65678849457667,2303
3,12,0,195.2887755810688,19.58398393930221,2351
3,13,0,200.5073331818789,63.07845270030809,2404
3,14,0,191.2578937180173,19.68209033782142,2312
3,15,0,203.9498815531474,19.91348499840974,2495
3,16,0,231.111292231682,816.7921511004841,2501
3,17,0,196.6568245372803,18.72355675502608,2450
3,18,0,194.4552475273224,18.66536758668319,2423
3,19,0,179.4732301550679,17.37283691098905,2223
4,0,0,104.5731991568097,10.88998768714179,1201
4,1,0,169.2868393913847,729.4367276879326,1581
4,2,0,153.3047320401076,15.92097547263258,1787
4,3,0,186.1261888504702,19.35332824985781,2125
4,4,0,187.2105585881327,19.31179747010438,2186
4,5,0,192.2745208153366,19.33583778351907,2260
4,6,0,186.396801076422,18.76247707401811,2205
4,7,0,198.3739564290187,320.9754352305632,2187
4,8,0,189.6884436297182,22.23455721073832,2253
4,9,0,192.4166948831823,37.53322119795217,2241
4,10,0,203.0538980860297,34.78515572086551,2430
4,11,0,194.9624095898048,49.96693907724347,2321
4,12,0,188.4512688264504,17.7449864128917,2336
4,13,0,192.0093280145841,23.16824744628655,2326
4,14,0,200.1700409692529,19.12829670833015,2485
4,15,0,190.7043556573124,18.15583133437543,2376
4,16,0,199.4994770732748,19.10991459927535,2477
4,17,0,212.7964808835216,99.19014105562945,2507
4,18,0,194.6478464403843,18.21554276921681,2452
4,19,0,170.9921852247009,15.92713367979368,2159
5,0,0,111.7063934288188,11.89986946401813,1276
5,1,0,139.9336237125496,22.80875603166903,1590
5,2,0,167.6059843092642,49.46273778986529,1870
5,3,0,183.5016478959277,23.69093656009439,2084
5,4,0,194.6612696747162,20.06290639304672,2255
5,5,0,193.1392376337503,112.3570618175091,2190
5,6,0,194.1588199851444,18.97717086904062,2328
5,7,0,194.435639628421,19.47166464594932,2307
5,8,0,194.9985667556413,19.28364972724476,2333
5,9,0,202.1432172782736,76.21411833225125,2293
5,10,0,200.0357358690372,19.93819853252921,2426
5,11,0,203.4793844046825,20.15689569635288,2465
5,12,0,213.506873085906,128.997771619684,2478
5,13,0,214.3670486103389,74.55502350241936,2511
5,14,0,201.7260137730438,27.38403586223981,2443
5,15,0,214.1277567051182,169.4241286769132,2496
5,16,0,195.8713884688974,33.6252566990479,2389
5,17,0,201.2349273445406,49.02333000491416,2403
5,18,0,199.9933507155571,30.60553584143073,2473
5,19,0,175.5703255611883,17.08816170483464,2184
6,0,0,114.4673973075127,54.89068610009755,1233
6,1,0,142.5739497668799,14.77972010963898,1637
6,2,0,164.3857437311102,21.64518158518194,1858
6,3,0,201.9880527420959,439.9326784808165,2126
6,4,0,186.9719533279371,19.1933464051172,2186
6,5,0,201.9333917182635,20.34199957692294,2375
6,6,0,189.4155777571507,18.12210229040693,2295
6,7,0,193.7810359207022,19.66480135286686,2292
6,8,0,200.9515540956208,20.88908390321542,2389
6,9,0,208.0823539270597,23.84088764497918,2438
6,10,0,198.8730983563903,19.92730300289383,2380
6,11,0,210.5438913622374,222.0401916301327,2373
6,12,0,240.2649026395528,1047.302880345166,2420
6,13,0,201.2989853135739,40.7530915760294,2398
6,14,0,203.5356794221638,37.66328895975432,2417
6,15,0,192.9737094745246,18.39016793870823,2395
6,16,0,207.6670125350848,19.78562890335236,2597
6,17,0,201.3414544709909,19.89768957551878,2525
6,18,0,205.8397336137984,20.1896411490709,2557
6,19,0,178.1106818869892,17.42355335508249,2207
7,0,0,109.0131907845496,10.93423087862043,1280
7,1,0,138.3297711526813,14.07122914556009,1613
7,2,0,195.5676501546274,653.9558896586221,1979
7,3,0,182.8216764352775,18.3482017054558,2139
7,4,0,190.8531066592881,19.39830778968187,2235
7,5,0,193.5760053431866,19.68983543842426,2279
7,6,0,192.0361033898368,19.2924135118096,2257
7,7,0,191.268328127291,18.70136851519713,2292
7,8,0,195.8435252117488,20.63675207725176,2319
7,9,0,203.2643858740668,20.45602153914592,2426
7,10,0,197.4208774967433,19.19430690342549,2404
7,11,0,199.128672211434,20.07556687747159,2384
7,12,0,196.751953287982,19.05907021624956,2397
7,13,0,206.1108556611947,58.48525397985278,2406
7,14,0,197.4678758801495,26.65234919382701,2391
7,15,0,210.5896047258386,124.5142978838226,2385
7,16,0,207.5463140196051,79.36477447924345,2491
7,17,0,200.13481802571,46.61337727569938,2411
7,18,0,200.9506608712807,19.12827920965602,2516
7,19,0,181.2581027097019,21.33019060038915,2241
8,0,0,115.5234185052856,12.55306534514514,1323
8,1,0,142.8367619836967,29.10979575413712,1605
8,2,0,164.8616602217617,17.17441147378775,1887
8,3,0,182.0837739926278,18.2486048342504,2128
8,4,0,188.244815163395,18.93829048302183,2222
8,5,0,193.9576401561088,19.9425688655247,2264
8,6,0,221.4412612310381,322.4867944257714,2333
8,7,0,194.3052131666155,18.89924431757574,2348
8,8,0,203.1751345346794,42.75673407619833,2332
8,9,0,197.1622283320234,24.57981129830876,2346
8,10,0,202.6652802033498,33.50156347221533,2387
8,11,0,197.059988282398,19.75505702057479,2387
8,12,0,197.9612274323665,19.33684994119207,2411
8,13,0,190.587059828894,18.92516960971566,2314
8,14,0,194.7504250745478,19.05940532512373,2371
8,15,0,196.9738898950374,19.05581122039748,2421
8,16,0,198.6483733041651,20.40359721808622,2437
8,17,0,208.5114258613485,134.219691632349,2443
8,18,0,214.1538507580095,74.47729254463601,2511
8,19,0,192.8361260049731,197.8831190980745,2239
9,0,0,104.1907998737327,10.79247422084239,1196
9,1,0,151.4137107688396,58.7860303167362,1667
9,2,0,177.1755001746706,23.74581397288254,1998
9,3,0,178.5763790861539,17.93765481466418,2098
9,4,0,185.3345950471348,18.44027182959224,2193
9,5,0,196.3377191229753,20.05226282472501,2285
9,6,0,204.1216363879053,35.53166760748007,2345
9,7,0,199.7158457026782,19.7366840544335,2380
9,8,0,199.723770702075,20.27293580125783,2368
9,9,0,197.7465824944306,19.49325596530502,2378
9,10,0,203.1489452091395,25.02126945064699,2413
9,11,0,208.4692568407384,36.11720676304587,2448
9,12,0,206.9824582198255,126.1282232007047,2390
9,13,0,210.5501998865154,411.0031890477616,2367
9,14,0,199.9347018432474,25.92787941813875,2448
9,15,0,197.8286552785173,19.07999354294147,2452
9,16,0,220.2752753865388,352.2374242303061,2448
9,17,0,195.0406294076531,18.97701315866102,2410
9,18,0,204.3073144397318,29.33530659864431,2516
9,19,0,176.6591899982728,37.01850393995331,2184
10,0,0,135.4475641046845,287.5526205786357,1258
10,1,0,145.6574008986271,20.25308409121855,1651
10,2,0,167.1742640266789,18.31005258727129,1883
10,3,0,188.7015168342627,46.62466349874701,2133
10,4,0,198.0000714148792,20.56839490906193,2283
10,5,0,200.8934421541296,20.78222222839678,2328
10,6,0,209.0315439156582,44.39723718486313,2390
10,7,0,196.4278124113843,19.38797442567393,2342
10,8,0,192.219240958675,19.19052496529192,2302
10,9,0,192.4998936304973,18.56259151779268,2346
10,10,0,202.7437655444388,19.86461135084175,2437
10,11,0,198.4907315922258,36.03834695069035,2354
10,12,0,192.5846170473412,18.90457834889695,2345
10,13,0,201.6862758003222,23.137521038743,2459
10,14,0,196.1543756314117,19.16944297511428,2416
10,15,0,202.1975092257464,19.82240795025717,2479
10,16,0,197.9765760549445,19.07042871175567,2459
10,17,0,201.3018197529611,20.9248093235441,2495
10,18,0,194.6174846214001,18.61310596834544,2450
10,19,0,165.6739887280931,22.65132023431748,2074
11,0,0,108.1138667886683,11.75250135881623,1233
11,1,0,141.5278229411403,14.15581871514866,1639
11,2,0,165.934452459717,17.04995567023057,1927
11,3,0,185.5128190592566,19.64378039037124,2115
11,4,0,191.8997142062,23.64056097113469,2211
11,5,0,217.5379477115877,436.5458967208961,2312
11,6,0,195.0591358706212,19.55183951272933,2322
11,7,0,239.5288641744191,549.1592303770179,2401
11,8,0,212.2450273812377,149.6782008859948,2416
11,9,0,190.8917437115769,18.88111150864697,2287
11,10,0,192.7575395858273,18.73947916014713,2340
11,11,0,195.1437980319321,19.02670015460956,2382
11,12,0,203.5319977915225,19.60996062716777,2499
11,13,0,216.1036368263897,243.6836689924044,2368
11,14,0,198.6792374622424,19.34246748252955,2462
11,15,0,200.6260716487476,19.5979786072991,2462
11,16,0,217.2822682783999,147.9451845761315,2413
11,17,0,257.078726008767,1509.026144694843,2484
11,18,0,203.0815934041408,29.18641010040363,2516
11,19,0,173.2489679084523,16.2007004490641,2191
12,0,0,107.1201386217088,11.44065502272103,1202
12,1,0,140.3969477497197,14.89457755334596,1602
12,2,0,161.6324000773859,16.59725365449914,1887
12,3,0,187.8633596874534,30.76832008089876,2147
12,4,0,197.957101436378,22.18405056815955,2276
12,5,0,189.087620167156,19.05934544312526,2221
12,6,0,195.2649364318243,20.21762043051436,2288
12,7,0,191.5796384733123,18.24359221839418,2320
12,8,0,187.1667277622257,22.76464321093479,2222
12,9,0,227.4594599985712,428.2047222132496,2400
12,10,0,196.6759933551291,19.57092495794633,2382
12,11,0,210.1251442337586,659.2843471374532,2268
12,12,0,200.254010472905,20.14510068723779,2425
12,13,0,204.858954995527,31.87731253254994,2455
12,14,0,203.2401775080586,117.398122195386,2405
12,15,0,194.4912106276532,18.69919237199086,2413
12,16,0,212.7230519667358,104.1448980687636,2535
12,17,0,191.2897300372202,18.78949045400852,2367
12,18,0,202.932389837797,19.68101822870902,2520
12,19,0,193.9685252780552,250.6372182960081,2257
13,0,0,111.2283620983901,11.38126682586252,1289
13,1,0,134.4905381988807,13.84856317611902,1579
13,2,0,170.7473053554863,95.70811514674642,1885
13,3,0,190.3751938582279,77.49851482761161,2102
13,4,0,187.8383561850541,18.99659400917318,2208
13,5,0,198.5316344572722,45.39078495951583,2244
13,6,0,190.8166845635408,20.34470574599555,2198
13,7,0,196.1091972314119,20.98980220565567,2306
13,8,0,190.3543223815809,18.71896587816102,2282
13,9,0,213.1144865158959,75.98565133230109,2472
13,10,0,224.3814490869768,514.7643039085518,2443
13,11,0,212.5951526932571,221.5150272973242,2407
13,12,0,208.8715591143798,122.5260075010002,2368
13,13,0,193.7147969342411,19.13777119602477,2357
13,14,0,201.2925595328236,20.278161984068,2453
13,15,0,210.2648126192862,74.85274140968022,2432
13,16,0,195.5695090272185,19.36729633062863,2412
13,17,0,210.1523595920075,127.2886443134732,2435
13,18,0,188.4913405966761,20.20847645576762,2393
13,19,0,175.5154559900214,20.00106934712599,2196
14,0,0,116.2988852271769,12.45167092004736,1320
14,1,0,146.1819654988325,27.07504022732335,1645
14,2,0,164.3788472658259,17.55611090111858,1866
14,3,0,176.9605660236535,19.37187658229275,2044
14,4,0,193.1744817266725,102.7312630955955,2110
14,5,0,204.4401724552261,446.6748418685185,2216
14,6,0,192.9615752445677,19.07703216871199,2293
14,7,0,197.1937483295899,19.5101681405151,2347
14,8,0,202.7736889182322,116.3790852337175,2282
14,9,0,199.0231307190548,54.22392056544858,2305
14,10,0,209.3390237273607,33.46386004926543,2487
14,11,0,193.9985036884203,19.65750385838632,2346
14,12,0,193.8415483947361,19.77861418722199,2372
14,13,0,205.6603493376798,50.91739493969401,2437
14,14,0,197.0245359363836,19.58565369763826,2372
14,15,0,197.5306786799099,18.95605832498964,2458
14,16,0,197.7151694907336,18.89981837747928,2450
14,17,0,194.618380865001,18.5799555184671,2441
14,18,0,206.2060221038189,236.9328663305197,2401
14,19,0,170.3023007363135,16.05250209391122,2137
15,0,0,109.968308404529,11.70873236287632,1269
15,1,0,133.5105085901748,13.03474394315093,1571
15,2,0,167.2415080338448,17.24526678064761,1931
15,3,0,173.6602251877724,18.58865935525743,1980
15,4,0,196.826697162805,168.946261602543,2150
15,5,0,208.3760390901879,277.3064408509564,2203
15,6,0,196.7785896970212,43.83788445271405,2255
15,7,0,191.171309254142,19.93574646495707,2254
15,8,0,194.4646386073665,21.20119881235503,2289
15,9,0,192.9160981477927,19.19422554119867,2327
15,10,0,212.9169713951189,519.1620201592282,2285
15,11,0,191.6838726630267,18.75788472372871,2325
15,12,0,195.7004989389115,25.17290245988766,2405
15,13,0,211.8803426792286,239.0430334368158,2404
15,14,0,197.9290243199645,19.00430916310244,2447
15,15,0,220.9544969564426,574.2310807028604,2441
15,16,0,212.7129215129521,197.5416841523853,2449
15,17,0,206.2148435851689,65.50859384040515,2488
15,18,0,205.468220396916,20.13766576220058,2537
15,19,0,190.2347620507703,171.6968538896101,2206
16,0,0,103.0886997425556,11.8389058815279,1157
16,1,0,133.974618610265,13.47217132381108,1555
16,2,0,159.2342406650133,16.22694844425991,1854
16,3,0,173.5852569997441,32.2070852657445,1974
16,4,0,174.6255787659235,17.90892442536373,2013
16,5,0,206.2546917293301,618.1031037231519,2150
16,6,0,180.595820106848,18.61199114550611,2124
16,7,0,199.0886542785792,73.95500809263362,2264
16,8,0,183.484330634944,18.33559504714468,2178
16,9,0,192.4595551702813,19.46034640103696,2299
16,10,0,196.5704064466626,85.21264003348544,2257
16,11,0,183.7841887337883,17.92665991325251,2232
16,12,0,189.3281901322794,18.41693801226934,2325
16,13,0,188.9606419103259,18.48122016066127,2325
16,14,0,184.7961103254422,17.51329092544071,2304
16,15,0,198.4128003744877,19.13573955905909,2456
16,16,0,188.7594393568546,33.69636230455028,2322
16,17,0,214.279235167052,83.65585567435041,2508
16,18,0,194.5711768828309,18.97541747257965,2432
16,19,0,188.2272872108016,143.2387222650021,2209
17,0,0,87.33797037344367,8.519918937106153,1024
17,1,0,126.6959997980553,12.88768096371446,1464
17,2,0,151.581021317824,29.91803436307636,1712
17,3,0,165.4106356372766,17.41224261393689,1900
17,4,0,168.270419372886,18.03442506241105,1934
17,5,0,178.3601015861275,94.0366041711445,2008
17,6,0,177.304885927031,20.35451605480627,2063
17,7,0,179.271101759055,18.67990557572396,2094
17,8,0,173.7377712854155,18.3356419414072,2054
17,9,0,186.4163136900783,64.16918592462663,2137
17,10,0,177.3621051672192,18.24937475398357,2122
17,11,0,183.9453390490116,31.85249214654135,2188
17,12,0,187.617039229465,52.70855512094258,2210
17,13,0,197.3679081121982,121.8001834054622,2269
17,14,0,183.4873625127332,17.87940656318154,2253
17,15,0,193.5730527952001,110.978576235516,2312
17,16,0,196.2747773515461,19.41770039720201,2414
17,17,0,201.7762751109139,21.70223627329943,2484
17,18,0,220.4892375958501,838.0799967310983,2402
17,19,0,175.0268362745545,19.07320639502539,2180
18,0,0,80.97718021214695,8.198135650381266,948
18,1,0,102.5231851010011,10.19657598821059,1193
18,2,0,129.3149073276018,13.59396495812342,1483
18,3,0,136.1124445958035,13.30227076066287,1610
18,4,0,139.8794987938242,13.69136338638799,1663
18,5,0,151.5127894177399,16.04883605250657,1788
18,6,0,145.7560462402401,14.97342756120036,1718
18,7,0,150.6946465390067,14.5942702832784,1807
18,8,0,157.8362780717045,15.70140635129855,1884
18,9,0,178.3407127144469,344.8333837528377,1902
18,10,0,166.2496407101268,99.76667431376939,1862
18,11,0,157.8178776509048,32.29212783257206,1870
18,12,0,153.8943972423523,17.91459268475053,1870
18,13,0,166.097749493546,16.27327139676589,2036
18,14,0,168.086385348943,16.60094334668351,2045
18,15,0,169.2244616598155,15.80808571169534,2123
18,16,0,169.7790909431452,16.15913202994008,2131
18,17,0,191.0002438308126,93.53699523445731,2239
18,18,0,186.9204001935427,18.31220564045761,2289
18,19,0,171.2809592411605,16.26754158508142,2152
19,0,0,67.30029416593344,7.569021890584168,741
19,1,0,82.30451543638243,8.302823575091441,955
19,2,0,98.96603612357869,10.22317569779864,1138
19,3,0,104.3773399232265,10.32014051274947,1227
19,4,0,110.8866956248345,11.04940777098965,1305
19,5,0,114.7029692002396,11.78716248070551,1343
19,6,0,116.4598606201179,11.45902676015819,1396
19,7,0,116.7091488675478,11.6216142544745,1400
19,8,0,122.0926982599545,20.72275071721065,1428
19,9,0,116.3405393816437,11.09636969751342,1419
19,10,0,130.7351525835786,98.30203995724105,1448
19,11,0,119.5073891518681,11.35060924047907,1482
19,12,0,126.290390796497,12.68420303552418,1527
19,13,0,119.929643264748,11.32034154747342,1489
19,14,0,130.9607910208124,53.13653157719965,1530
19,15,0,127.5882809737112,12.2797494970391,1576
19,16,0,133.2766057241196,13.57203114876424,1616
19,17,0,133.6782954025934,15.78932180066141,1622
19,18,0,146.8580123155019,26.42326829394918,1809
19,19,0,128.1164492390263,11.72053129896078,1635
