# mesh name: boxMesh_1
# primitive scorer name: doseScorer
# iX, iY, iZ, total(value) [MeV], total(val^2), entry
0,0,0,75.57855989653244,7.424109857094812,926
0,1,0,101.9471694338042,9.858889758794021,1254
0,2,0,118.944051397548,11.70152875617341,1466
0,3,0,123.6018296144285,12.24646869490425,1523
0,4,0,124.9893293558796,12.18657791052592,1547
0,5,0,125.3998694645292,12.16061005265352,1545
0,6,0,130.6110748174658,12.53945764905985,1614
0,7,0,131.0063345712961,12.84674981063916,1613
0,8,0,126.1341804826284,12.35364951425708,1551
0,9,0,125.6760554104955,18.36445836690781,1540
0,10,0,131.4013145897866,13.05044135185321,1602
0,11,0,128.0667625674013,12.94894621408615,1562
0,12,0,142.2917284075368,165.6531688182842,1611
0,13,0,132.7581966667645,22.75545765566755,1597
0,14,0,132.9287157021669,13.2326184822145,1630
0,15,0,127.6191014338517,12.18048483381673,1579
0,16,0,133.8094959085695,26.35153746373323,1591
0,17,0,132.1773039824546,16.35499140539694,1589
0,18,0,117.674285100669,11.53275785619991,1448
0,19,0,83.73825953247464,8.153876220927001,1041
1,0,0,115.4340863122729,12.00884187500437,1372
1,1,0,139.2974464509514,13.97740896700083,1691
1,2,0,165.9338219855267,16.70696656665964,1998
1,3,0,192.3394824303921,367.8681239759437,2061
1,4,0,164.3698102939428,17.58848134448987,1985
1,5,0,175.6926859459157,63.94720678675122,2026
1,6,0,170.1997706007869,22.99939920903047,2060
1,7,0,173.6738447727779,19.72329609991262,2135
1,8,0,177.0736641137933,17.58344250721175,2152
1,9,0,170.0097950550754,16.56535923051394,2095
1,10,0,170.176349484756,16.6318010534507,2106
1,11,0,169.9400640664504,15.90866282832189,2122
1,12,0,177.3991442927963,17.20449042833776,2176
1,13,0,166.4799780426158,16.06694460981852,2050
1,14,0,175.2148392641958,17.52258081915247,2144
1,15,0,173.6874974619174,16.21907777960202,2183
1,16,0,176.8211989266666,17.42995807096992,2177
1,17,0,171.0989113702911,16.11375367323036,2144
1,18,0,156.6258534358803,15.49965123664315,1930
1,19,0,117.5182054867665,11.71755315378018,1435
2,0,0,120.2038386809768,11.97638367822686,1460
2,1,0,155.6965888070328,36.04995371203511,1882
2,2,0,191.4707772828434,90.6203694826449,2185
2,3,0,191.241342236158,18.32260851897519,2368
2,4,0,207.334858487897,495.2597353208978,2218
2,5,0,190.2327903738335,40.57947368215483,2263
2,6,0,214.1254028086429,389.9447669958572,2355
2,7,0,192.6776714095611,32.87934755776776,2365
2,8,0,193.9170162141139,18.70351947995855,2390
2,9,0,208.1635758764181,303.6344341673453,2361
2,10,0,208.5406187328993,115.0963075947395,2417
2,11,0,188.9652828357998,18.41986180007562,2341
2,12,0,189.3432223472563,18.26494774628077,2346
2,13,0,187.6579904918543,18.00777529399792,2318
2,14,0,213.7656798500347,294.4788015400943,2403
2,15,0,196.8701036928681,19.15684964636991,2437
2,16,0,188.2714206427244,17.55269566690868,2364
2,17,0,185.9170516136227,17.92653848836085,2301
2,18,0,167.0299660814185,15.42771334278754,2107
2,19,0,124.4340680905133,11.61149431307576,1567
3,0,0,124.6121318244452,12.58194633245928,1530
3,1,0,199.4636734310889,495.9206105043477,2038
3,2,0,210.5114589525822,296.7538124447569,2340
3,3,0,213.6567847889736,601.2982524044075,2320
3,4,0,200.0321172520812,56.91741762789003,2369
3,5,0,190.277550318841,18.13823549515431,2362
3,6,0,197.3258503319944,18.58196866775742,2456
3,7,0,197.833819961857,19.08565122903976,2441
3,8,0,194.4903902611305,18.2827100822587,2435
3,9,0,206.4099077459306,43.79453988026393,2464
3,10,0,205.4607204336359,19.64079380221777,2540
3,11,0,201.2898780272992,20.03345537492619,2468
3,12,0,196.0981918483708,18.96311121741736,2403
3,13,0,196.0281559801224,17.97918477163477,2490
3,14,0,221.7561598155596,731.2637265670295,2398
3,15,0,200.2095729114662,19.08536649648601,2489
3,16,0,193.0266926666021,18.04281732639892,2409
3,17,0,183.755105699771,18.01260787982217,2279
3,18,0,167.016277755478,16.236578012233,2055
3,19,0,146.4437629799872,373.1601844196271,1611
4,0,0,126.2842793798946,15.46282647935033,1524
4,1,0,174.6203212608957,35.9999075979225,2045
4,2,0,218.0634028575109,348.616820284664,2326
4,3,0,189.7434000189281,18.33663664063281,2344
4,4,0,200.3398824585802,19.65339449949282,2467
4,5,0,196.1848381885593,19.2765768113379,2413
4,6,0,204.6102219804086,20.3730489479884,2488
4,7,0,202.4229950009027,20.24685381440425,2470
4,8,0,195.7242029334659,31.94287081274342,2400
4,9,0,209.5925891099101,107.4595287083276,2461
4,10,0,204.0965562210648,43.65731062635344,2455
4,11,0,203.4032531885429,19.63526732530697,2513
4,12,0,208.8495397707112,110.7714381114156,2436
4,13,0,201.2467184253434,19.18178414320271,2526
4,14,0,197.9918061102636,19.66833914488948,2411
4,15,0,200.6946727583406,19.484836500867,2485
4,16,0,182.9692526386746,17.08744233684431,2312
4,17,0,201.701159022311,20.04393341258933,2455
4,18,0,176.1252045726419,22.20329778777777,2141
4,19,0,142.1159427633509,98.74106137623137,1611
5,0,0,124.2453133092456,11.46689033798468,1561
5,1,0,167.1244529675256,31.64686153355294,1998
5,2,0,188.1794880890851,18.52747109790172,2284
5,3,0,200.7933264254689,21.81952751624889,2431
5,4,0,196.032171635764,19.34559197145752,2415
5,5,0,198.9445515889111,19.2841977108932,2442
5,6,0,197.7790484463741,23.14966575133828,2442
5,7,0,209.2003604976506,77.12911741193679,2502
5,8,0,219.6813218776096,554.6549099565863,2360
5,9,0,201.3630193192944,30.82545151305095,2445
5,10,0,198.6549570674042,20.82114998695159,2431
5,11,0,200.6596451589327,19.85575853744531,2456
5,12,0,209.4193999163919,147.2850288301767,2435
5,13,0,192.4857162021055,18.53274906563115,2382
5,14,0,197.0804646434802,18.82717543184411,2438
5,15,0,201.3924051217567,19.35792794920778,2509
5,16,0,197.2849507922957,18.87200312514238,2449
5,17,0,199.2859042667358,50.11107872131661,2409
5,18,0,174.6173689314418,17.0504797567139,2163
5,19,0,136.6105520719236,14.04136348558773,1690
6,0,0,122.2954481254458,12.28663296074629,1488
6,1,0,197.157406682998,259.818722929194,2107
6,2,0,188.8044588957945,18.28678509463785,2325
6,3,0,195.1741163506631,19.06517481422854,2392
6,4,0,198.7946338112107,19.59707027232405,2424
6,5,0,201.4293490689812,20.24574281685608,2450
6,6,0,195.1696956298429,19.3130798517618,2382
6,7,0,204.8512075944508,20.51464149147671,2500
6,8,0,196.0419548014349,18.84274536446746,2429
6,9,0,189.706135674787,18.52031479034704,2338
6,10,0,202.1825022501573,20.20808129436807,2488
6,11,0,201.6226874701871,19.335306802391,2511
6,12,0,196.9253181247305,19.54821480240244,2404
6,13,0,189.5062965078324,18.1672207500216,2349
6,14,0,194.8131779086326,18.59299228818002,2405
6,15,0,195.30000996407,18.72465029490178,2419
6,16,0,204.2920974855573,19.7347273566933,2511
6,17,0,199.7899757878997,29.75751783452913,2393
6,18,0,178.7652943598768,39.45806899448773,2163
6,19,0,152.4884129948919,486.7161442601684,1624
7,0,0,146.3106471227236,303.7272803608548,1574
7,1,0,171.3434091932816,96.32690177909686,2018
7,2,0,196.1756452587678,19.60695308167961,2388
7,3,0,193.781949596305,21.36360865158801,2337
7,4,0,205.8397929722478,86.49880026384002,2406
7,5,0,200.0506533283574,19.93417561404515,2421
7,6,0,205.1910394082796,20.36981553169672,2498
7,7,0,192.2704909949074,18.42388696009787,2395
7,8,0,194.8113765965979,18.10625563771083,2459
7,9,0,204.5436143348628,27.01204805746839,2498
7,10,0,201.7995978155315,24.41658921119005,2481
7,11,0,195.6711066333013,19.05783981290564,2440
7,12,0,197.1816781432917,19.60329770949137,2397
7,13,0,192.0712937005515,18.63673102684872,2372
7,14,0,200.4654103426286,59.2944636553928,2459
7,15,0,199.513857412799,20.15092299010863,2440
7,16,0,198.1078574581127,49.50743353964873,2385
7,17,0,194.8268612756719,18.88967767583806,2412
7,18,0,184.1427423771564,83.64858103003111,2184
7,19,0,132.1667940563749,13.25051414425064,1631
8,0,0,134.4180435176918,217.7457042914148,1477
8,1,0,168.5933055816646,16.54308990444699,2063
8,2,0,190.6123898283243,18.74444623845425,2340
8,3,0,198.2850986734506,19.63509369884933,2420
8,4,0,214.1614238345672,285.7107054414486,2422
8,5,0,203.7692374911494,50.41163520973427,2426
8,6,0,196.8014941063428,19.50747883684875,2389
8,7,0,203.0006574971685,20.91014549309924,2494
8,8,0,191.1471728859745,18.2372418643069,2384
8,9,0,213.6883239146148,126.2335124790699,2497
8,10,0,198.7139699612794,18.74170857418164,2490
8,11,0,199.5610871017999,19.60769304573475,2434
8,12,0,207.5719377651685,20.65178205496385,2535
8,13,0,203.3366159350688,22.67525830430047,2460
8,14,0,200.9163124248992,19.32193456337297,2495
8,15,0,205.5703421534987,67.20080137640562,2451
8,16,0,195.3928650106209,21.00403818378429,2366
8,17,0,188.3077426266374,17.97241810363482,2362
8,18,0,183.805422663426,18.79905327638501,2248
8,19,0,130.2775832397869,12.72732442912354,1610
9,0,0,119.09827604048,11.16857000831724,1493
9,1,0,163.7797498420534,16.34287909849877,1984
9,2,0,195.7111183415257,19.52143662791772,2375
9,3,0,193.48251897932,18.43735768689401,2393
9,4,0,199.832579900051,19.64732741262442,2457
9,5,0,203.780750424427,20.11582549005232,2501
9,6,0,189.9358135092121,18.26394129031576,2358
9,7,0,201.8899835562302,26.07532200220939,2440
9,8,0,208.891950714609,122.7273781970369,2469
9,9,0,233.6470574080332,637.1754889428189,2537
9,10,0,200.3204990904971,19.83792902870383,2445
9,11,0,199.3731755014823,23.7445572993686,2434
9,12,0,204.2753001137149,22.68661262588875,2491
9,13,0,197.1655655281144,19.12559013386502,2441
9,14,0,207.0515707346409,20.44284166691153,2529
9,15,0,205.0215273459141,36.80331622857212,2464
9,16,0,195.5673924580695,18.76374355357502,2431
9,17,0,205.7411691246876,185.2828857849585,2415
9,18,0,167.7157536867136,16.91940706139501,2078
9,19,0,147.6372451536385,289.7005607654779,1647
10,0,0,123.6525330071509,11.89609506436351,1530
10,1,0,167.9522787696671,16.76982603789667,2043
10,2,0,190.5636078931861,18.91180073884586,2307
10,3,0,200.6277472580522,19.66172221623303,2459
10,4,0,201.9095832253604,38.24426136694521,2441
10,5,0,199.1899981659915,19.67423358415794,2442
10,6,0,194.6725733439569,19.07265398906958,2406
10,7,0,203.2475912557459,29.87849940258896,2483
10,8,0,197.4566973135192,23.35718417686146,2371
10,9,0,198.1463940103168,18.8534779143248,2452
10,10,0,205.7206368634904,110.79585507565,2449
10,11,0,196.5702391980549,18.84957578814688,2433
10,12,0,206.1413379214225,115.0724040397547,2456
10,13,0,203.6488069310578,20.54549272833862,2472
10,14,0,204.5292834569113,28.23423447266215,2463
10,15,0,206.1141055231399,28.42773213189595,2512
10,16,0,199.9261660860161,19.38699815984858,2468
10,17,0,191.0764490216047,18.22420378118508,2351
10,18,0,184.2022336689964,18.36650678133089,2264
10,19,0,132.9555497597113,12.51608047465943,1664
11,0,0,126.0496512743325,12.49843186612171,1537
11,1,0,165.6937576346789,16.03764270011278,2032
11,2,0,183.0448952127647,17.88999298419728,2263
11,3,0,196.220275549938,18.67442884267376,2434
11,4,0,200.1720130806499,19.13220554132883,2470
11,5,0,194.2906427884876,18.48136895300166,2408
11,6,0,197.4498127343545,20.52504267576743,2413
11,7,0,199.3660731630447,19.45248079968496,2442
11,8,0,210.2748221549055,140.9034315402987,2452
11,9,0,204.0077436888374,20.54125683237234,2510
11,10,0,204.519627291285,19.79242606079405,2542
11,11,0,199.2227204953518,23.34608809603324,2461
11,12,0,205.1065391446271,22.04370307842924,2476
11,13,0,233.9787533442726,1160.261481682093,2490
11,14,0,214.8081727566838,329.4454333678049,2436
11,15,0,210.3915079769309,58.08216410506807,2496
11,16,0,199.9844096716922,19.32454332256785,2459
11,17,0,198.7537196895792,21.91260066027497,2426
11,18,0,174.8145005857967,16.28387547368495,2195
11,19,0,132.1477922148939,12.77527815165487,1650
12,0,0,122.7129508046879,15.03113169117953,1497
12,1,0,182.7875186038146,366.7713979459706,2016
12,2,0,188.3117667254364,81.08159170957144,2234
12,3,0,187.87025036395,17.96862497327326,2334
12,4,0,199.1274184556438,19.88450516271732,2433
12,5,0,202.1650409326741,21.23559849054385,2463
12,6,0,199.9571113157484,19.83199441281608,2451
12,7,0,196.2408800215908,31.10779586796673,2344
12,8,0,207.6459461314559,64.33382480709506,2475
12,9,0,203.0609262147059,43.90598515270563,2441
12,10,0,198.0825065559742,19.42582874424616,2436
12,11,0,207.8172077809456,31.3216000230812,2509
12,12,0,207.4254394924829,73.51124214476766,2497
12,13,0,201.5533342465559,31.5538534671752,2472
12,14,0,200.2303560195405,19.46487503570116,2462
12,15,0,201.5955589596605,25.95819970168176,2461
12,16,0,207.0621599045482,64.73642475832291,2459
12,17,0,181.8571657947753,16.56102357837673,2308
12,18,0,171.3590368269187,16.22373262279683,2139
12,19,0,135.6370318435485,14.14620859822697,1688
13,0,0,117.6993777833386,22.22809036919088,1432
13,1,0,156.6273497435567,14.15868137058854,1984
13,2,0,186.7502189533812,18.65910530087478,2264
13,3,0,190.9316642526782,19.09892412811317,2315
13,4,0,209.2541885233788,63.70191981296874,2445
13,5,0,203.2992733892548,42.31926491382732,2440
13,6,0,198.1061035524634,18.64822264462665,2473
13,7,0,195.6163227269186,18.78703081580256,2400
13,8,0,192.2750754841294,18.2236094021345,2388
13,9,0,200.8622758287246,18.75861539049174,2508
13,10,0,199.9860517865251,36.34215591981969,2398
13,11,0,204.2298969159592,19.88100616723728,2512
13,12,0,196.8618380100891,19.44941356717732,2415
13,13,0,194.3121380997221,18.93289603718497,2407
13,14,0,193.8816183385811,18.41603939407042,2428
13,15,0,203.8464273891224,26.43348743014025,2500
13,16,0,206.0051644767525,114.2924411001239,2407
13,17,0,187.9595024449741,17.76987829660913,2356
13,18,0,176.8289001638042,17.43599113772274,2160
13,19,0,134.2381267716453,13.11388195166446,1652
14,0,0,118.5782537110816,11.18434283038632,1487
14,1,0,165.4743802763372,16.38308270175736,2024
14,2,0,183.5527649139487,17.52988712122488,2259
14,3,0,238.2896597836783,1078.695264437743,2335
14,4,0,200.1050076550464,20.49044946563484,2437
14,5,0,199.1331597173108,18.92397244807156,2467
14,6,0,198.4919248396604,19.2956669409905,2454
14,7,0,202.9885431945933,20.04561657448088,2493
14,8,0,199.1803974629064,21.58038240905728,2444
14,9,0,208.886508902095,40.04257027910847,2521
14,10,0,224.9512466840398,211.8494510908014,2542
14,11,0,205.6034960260552,28.2449221368289,2497
14,12,0,204.0481582074492,21.94308080361453,2465
14,13,0,202.8543138334032,20.13731582085795,2493
14,14,0,194.7619263904406,18.42267198203426,2425
14,15,0,208.2392768401009,81.59787502228879,2437
14,16,0,190.5594130320953,18.16102485915092,2363
14,17,0,189.2111729917436,17.95795952775345,2366
14,18,0,173.6480790543857,20.42563297195888,2140
14,19,0,129.1413428029194,12.09804180549241,1628
15,0,0,130.6692449157894,13.50196618598052,1556
15,1,0,177.4463803747808,47.27745312142987,2059
15,2,0,222.2787760088551,316.6534301259988,2407
15,3,0,189.3349244036569,19.20743823369533,2281
15,4,0,198.6313806385458,20.50692154045095,2386
15,5,0,190.3393982992944,18.32502009686046,2368
15,6,0,189.5920485922429,17.75492055116322,2363
15,7,0,194.1689745246769,18.93796490783015,2383
15,8,0,204.0078789428808,82.70916052283849,2396
15,9,0,193.8865665365132,19.30594967857409,2358
15,10,0,195.3087035696691,18.62830344198484,2421
15,11,0,199.5943160884885,19.45671368393076,2457
15,12,0,199.9194165202462,19.54088027784584,2472
15,13,0,197.9664971411261,19.25228286706161,2433
15,14,0,205.6323833940731,55.24127051228487,2462
15,15,0,197.9682270631253,37.09832981709202,2390
15,16,0,205.0592925835383,43.04909830812994,2435
15,17,0,192.3162434832295,18.6339720002823,2372
15,18,0,171.9760980551539,16.02200359608279,2160
15,19,0,128.7203908523518,12.23238269740414,1611
16,0,0,125.7879301227776,29.75372590523713,1507
16,1,0,163.7429834548955,15.76346704844461,2020
16,2,0,184.8448003368233,17.63865483061494,2278
16,3,0,191.8567904751561,18.96167251176134,2353
16,4,0,198.332884612383,19.71555688873743,2414
16,5,0,195.417989759085,19.35568779171983,2404
16,6,0,192.9219464030237,18.87466864849921,2370
16,7,0,199.1077284812622,21.56915625333702,2450
16,8,0,197.3977423276541,38.07293570820335,2360
16,9,0,201.4966428092752,19.88007090493483,2468
16,10,0,194.0723225563103,18.88219062100936,2373
16,11,0,196.1946747353516,39.3548189413651,2378
16,12,0,206.4854266023091,224.0910100099346,2358
16,13,0,193.8038057921728,18.98099625555716,2401
16,14,0,198.2634340940598,19.28025307784822,2445
16,15,0,205.9170382389325,43.01652483359447,2439
16,16,0,191.4083409993318,18.37104947492848,2392
16,17,0,200.6078987487517,22.58068216961211,2409
16,18,0,182.2503852390109,119.0948056093398,2135
16,19,0,143.2629158783942,325.9633283492035,1540
17,0,0,122.3411177387221,19.89600968138419,1434
17,1,0,159.5789257899671,16.25477856606168,1955
17,2,0,181.6852518710925,17.67368497214432,2243
17,3,0,199.9661999434928,186.0299789178545,2285
17,4,0,192.6169727245222,18.72352898244072,2352
17,5,0,188.2615783470016,18.9305463745857,2295
17,6,0,196.5539835756362,19.16110567719912,2409
17,7,0,205.803367142536,273.478928901065,2337
17,8,0,195.472187212385,30.6888408967169,2370
17,9,0,186.8898086113801,18.13502545920872,2299
17,10,0,200.0891457597391,54.61172519007138,2415
17,11,0,204.2968056494946,101.6022671677841,2364
17,12,0,229.5231169787176,519.3026672187455,2358
17,13,0,195.7474431125726,18.50587936812724,2472
17,14,0,195.7643144459967,54.56588462957406,2343
17,15,0,202.1101303436841,29.26234187077704,2450
17,16,0,192.6340843235302,19.36974120253162,2333
17,17,0,188.4969986078342,18.79876352564469,2305
17,18,0,168.1343106331127,17.30656645066262,2028
17,19,0,134.6464492895863,44.79030130014999,1607
18,0,0,116.0854041893722,66.90058638954781,1325
18,1,0,154.509992050687,132.7681545432272,1720
18,2,0,166.9672457865143,25.55546444332146,1963
18,3,0,179.7346101373869,131.9605537119203,2051
18,4,0,188.5793116729132,310.666246956568,2118
18,5,0,168.6730765663937,31.12264959928335,2050
18,6,0,163.8213314459087,15.94241642047553,2023
18,7,0,169.5222716251034,16.63145493764113,2085
18,8,0,178.227650972188,52.42411237781005,2104
18,9,0,173.8947778307002,16.77251391328419,2144
18,10,0,164.8754289968108,15.90922902696265,2038
18,11,0,178.1799097486579,115.4986140015829,2035
18,12,0,169.2959850148543,17.58886004487982,2046
18,13,0,182.9047467127155,91.02833013669961,2141
18,14,0,181.7335011074789,115.7310190262952,2097
18,15,0,172.5879955887881,18.32015409870509,2109
18,16,0,182.4358438308088,22.26656606087298,2233
18,17,0,171.4499244223201,17.09189859954765,2111
18,18,0,149.8971778596824,14.241089669769,1873
18,19,0,124.0408005435633,14.38453177102679,1497
19,0,0,74.85650769919583,7.088414974700874,927
19,1,0,104.5672646889919,10.24856220011,1273
19,2,0,147.2950014331739,706.5326421178871,1462
19,3,0,125.299461583214,16.82099786896968,1497
19,4,0,148.133251646433,574.4059388456044,1486
19,5,0,130.5124108933798,13.29868526232823,1580
19,6,0,126.4371083573735,12.07242087135636,1561
19,7,0,128.8198898647261,12.99677061739221,1600
19,8,0,126.661712138715,12.09212318912943,1564
19,9,0,125.8186122034956,11.97254563295524,1556
19,10,0,132.3470436941874,13.01493821145888,1623
19,11,0,127.6571597174478,21.75071829262705,1549
19,12,0,128.0658239262858,12.70360792606854,1572
19,13,0,139.1881847915756,155.3062011615409,1587
19,14,0,130.7741647355063,13.14914218348286,1599
19,15,0,136.3689109452991,14.26983710369131,1638
19,16,0,149.4402234738283,352.2408409549759,1626
19,17,0,118.6722389388888,11.5978474126989,1466
19,18,0,115.6184539850274,10.87166742527296,1456
19,19,0,86.61647821982611,8.887962469026657,1061
