# mesh name: boxMesh_1
# primitive scorer name: doseScorer
# iX, iY, iZ, total(value) [MeV], total(val^2), entry
0,0,0,56.07183026085484,6.327944581713413,577
0,1,0,71.8651331437956,7.979351701813586,748
0,2,0,83.17339702263894,9.564937086497695,863
0,3,0,95.12779227564437,10.57400374473116,995
0,4,0,99.00072120851871,10.66411015440485,1057
0,5,0,108.4311785649879,12.11236384758034,1160
0,6,0,104.3254813110802,10.86934192715179,1158
0,7,0,108.4321730666342,12.09254612488322,1196
0,8,0,114.243804491342,13.51680129959073,1271
0,9,0,112.6469876529343,12.05276287237161,1268
0,10,0,126.7971125384663,48.92429759713173,1383
0,11,0,116.9116329217573,18.51452013932219,1310
0,12,0,113.3847513946739,11.57015165084649,1324
0,13,0,114.9177414989386,11.52784600848172,1351
0,14,0,111.9590987252213,11.1428482722827,1343
0,15,0,131.188887399329,284.1448150213547,1400
0,16,0,121.0654950349407,12.64180589259112,1444
0,17,0,120.362405451077,11.76695915090998,1469
0,18,0,117.1556567192923,11.07024290543541,1472
0,19,0,115.9479454306769,11.3555008657178,1438
1,0,0,68.94535000348425,8.07706608635111,695
1,1,0,85.4922768024059,9.632978114986379,873
1,2,0,102.8064183473577,11.87483693141454,1056
1,3,0,122.6462745408567,51.46866755436804,1204
1,4,0,117.5025569111784,13.77185060198353,1231
1,5,0,134.8867636380099,14.84172864793061,1445
1,6,0,131.4256965064439,15.46632012988437,1427
1,7,0,132.9437175429121,19.23270930217575,1434
1,8,0,135.8863071479792,14.45903242548239,1515
1,9,0,134.6180712292623,13.76389268538611,1538
1,10,0,146.9867312453366,27.34705254570418,1658
1,11,0,147.2634810279648,56.95681704367253,1630
1,12,0,147.6429216284927,15.0338433516266,1724
1,13,0,139.4263575012593,13.88672683509685,1649
1,14,0,147.7173451582293,15.0758247471402,1729
1,15,0,151.4004636599254,14.89217258294383,1825
1,16,0,154.60352179444,15.01447940938089,1869
1,17,0,173.1994364690258,60.26799083068449,2000
1,18,0,167.9592782995455,16.44116034689234,2061
1,19,0,154.372952651231,15.23016575405693,1897
2,0,0,96.96369224214774,193.0304333819614,836
2,1,0,106.244064895119,12.74679356817629,1059
2,2,0,126.463870691332,14.40546754951998,1313
2,3,0,133.9118280173799,18.89424818770993,1364
2,4,0,143.5401606577368,17.10804768982317,1474
2,5,0,154.5451507390129,17.77731835493687,1617
2,6,0,151.6629519837853,17.80313336558682,1641
2,7,0,157.7469092770648,17.51639580270684,1719
2,8,0,153.0414351551516,15.99701794930782,1713
2,9,0,189.5318987287952,280.5757707657529,1837
2,10,0,164.1896845286624,17.22924133069873,1863
2,11,0,164.4928916925795,29.87494943600894,1888
2,12,0,168.2170274159382,17.14744784291406,1968
2,13,0,165.4214942477319,17.73694647445647,1928
2,14,0,166.8327899433505,16.53303886641569,1990
2,15,0,172.6575064541126,25.90305889739988,2031
2,16,0,171.272555388414,16.30266737533515,2122
2,17,0,204.1128853592573,787.94236807965,2093
2,18,0,179.06780844069,16.71534852685565,2243
2,19,0,172.1041908023103,16.7538991792854,2124
3,0,0,91.17748355115043,10.90537516920346,909
3,1,0,114.0114312868494,13.10229223581345,1171
3,2,0,130.6493814318389,14.91392589260404,1350
3,3,0,150.8517934790742,17.32581566718687,1555
3,4,0,153.1387601458256,16.75983599440044,1628
3,5,0,166.8096262845862,61.10733441692071,1716
3,6,0,198.7121212411993,602.3658980803556,1851
3,7,0,168.3429925061606,17.35859716800732,1881
3,8,0,176.8287509243807,18.75805753145229,1964
3,9,0,180.3408109741652,21.49217102545429,1982
3,10,0,179.3138325011914,19.08629850541864,2006
3,11,0,176.7324944984884,18.16563146237662,2047
3,12,0,179.8042633913163,19.20623228565134,2065
3,13,0,183.4279276381847,23.76094423801045,2137
3,14,0,185.0357624704276,69.93882197767579,2112
3,15,0,181.4167781623459,17.81753258934231,2197
3,16,0,199.2097666130409,190.4642409276319,2267
3,17,0,200.4927930832364,34.60323179834256,2394
3,18,0,198.0240767661374,112.8516738319321,2285
3,19,0,169.0858136152435,16.01016446584788,2131
4,0,0,93.63167914404919,10.50340337863345,953
4,1,0,116.666916631657,12.52004636442958,1228
4,2,0,152.9607810031088,45.56056325713673,1514
4,3,0,159.0640948723696,17.55738413316562,1666
4,4,0,171.0809247466661,19.11559411908887,1812
4,5,0,177.1863279552521,19.94796886015176,1884
4,6,0,180.4549694256839,23.57929270252326,1935
4,7,0,182.7336040384764,22.59985062659567,1998
4,8,0,185.5456142657155,24.87269070799649,2003
4,9,0,194.0629333383687,117.9096388036376,2056
4,10,0,180.9989168143559,18.86512798170853,2061
4,11,0,184.1171290251326,18.53787560470396,2144
4,12,0,185.5958918170899,18.6700312630994,2170
4,13,0,193.061825041322,20.40602747330533,2225
4,14,0,215.923241903685,436.8118756989469,2291
4,15,0,220.3262025248495,535.6761812647685,2370
4,16,0,196.6479856693901,19.46968731930123,2378
4,17,0,179.54452770503,17.65592748678593,2184
4,18,0,193.3451047855816,19.32914240463837,2362
4,19,0,171.0461338463202,18.22943305328252,2120
5,0,0,99.41802942685595,11.17312649030477,1020
5,1,0,129.4662430521591,20.5776982454767,1307
5,2,0,143.2907531972274,20.86168419424734,1460
5,3,0,171.4441625947935,121.4165702640775,1670
5,4,0,180.8140439520376,30.0593766592964,1875
5,5,0,184.1966619419389,26.92541993885361,1934
5,6,0,183.5656444950096,20.13811729999753,1975
5,7,0,187.9731133436006,20.4161703400271,2063
5,8,0,185.109002446514,19.10194762085906,2090
5,9,0,196.1591299931641,21.32855130500888,2181
5,10,0,194.6390937995929,21.26235902166301,2194
5,11,0,190.9872576064786,19.79700615999666,2208
5,12,0,193.1558125681282,35.15031220673973,2201
5,13,0,188.9066646396504,19.23774623593755,2195
5,14,0,190.5673229400926,17.77716181640388,2331
5,15,0,194.9870599827834,19.4621706711498,2336
5,16,0,191.923925913717,18.99114485919081,2317
5,17,0,196.1646251582349,19.09998389175284,2379
5,18,0,195.2058428482684,18.94913097548371,2400
5,19,0,177.3682829477721,104.1651266985213,2112
6,0,0,98.46032971986837,21.7282710618443,956
6,1,0,121.9390700589575,14.09336386138355,1249
6,2,0,165.5216749329474,210.8985218998126,1558
6,3,0,173.3351120246318,19.97504064119425,1787
6,4,0,177.9288540915133,19.37566817992873,1896
6,5,0,189.9379699937902,39.64950240134068,1983
6,6,0,198.6533317284298,29.63805118138316,2129
6,7,0,193.5968352262926,21.05422094780573,2113
6,8,0,193.7109915599283,20.84656047508485,2132
6,9,0,202.2027833089101,58.60810959171145,2205
6,10,0,185.0431719407524,18.71171811311748,2144
6,11,0,199.5316555512009,21.26120118279489,2246
6,12,0,189.5164124858167,19.18578935747761,2210
6,13,0,189.1971531698724,19.56888053719753,2201
6,14,0,193.4549325855086,20.00125145581499,2280
6,15,0,193.2119752569735,19.07395191111907,2327
6,16,0,199.1237631217808,26.75278059742104,2369
6,17,0,197.9569568888016,19.30299855399931,2421
6,18,0,197.3258089897608,41.15987506096491,2382
6,19,0,174.4851605094273,42.08807686619831,2105
7,0,0,99.55360340413128,12.23784447557702,1003
7,1,0,129.4612763086693,14.98456256491798,1324
7,2,0,150.2041836852648,16.95279420522399,1569
7,3,0,166.4478164029902,18.5658731354004,1748
7,4,0,178.3465378033481,19.15121049776274,1913
7,5,0,207.1587880103654,251.6137643675061,2087
7,6,0,191.8541871498883,21.4397252739394,2091
7,7,0,185.9344926791358,19.8159524696594,2055
7,8,0,191.7136187688124,21.03586039092227,2110
7,9,0,200.3158276849249,28.56524874251147,2211
7,10,0,194.4566383499765,43.03115885949898,2180
7,11,0,191.8857399298106,20.07901885641747,2196
7,12,0,195.6011315058062,20.07965156481642,2251
7,13,0,201.5663351166504,20.91630826558132,2331
7,14,0,191.7041457151902,19.00141517447668,2289
7,15,0,193.3577246004246,36.46108097894002,2254
7,16,0,200.8454201193287,20.12131511981412,2424
7,17,0,195.7485460470437,31.54488177323748,2354
7,18,0,199.8338302463152,19.24268820075483,2460
7,19,0,163.9009274297469,15.67193423723474,2049
8,0,0,112.1105565536073,13.30898814910786,1123
8,1,0,126.1964309499231,14.56861179782864,1295
8,2,0,151.0358542368276,19.69274687652993,1536
8,3,0,173.6973646284436,32.4783324971627,1777
8,4,0,169.8016227445213,18.87407159908882,1788
8,5,0,188.2502722521347,56.31932502820666,1923
8,6,0,199.7592629168111,71.70762262309317,2037
8,7,0,198.8659371360258,51.02014067104569,2111
8,8,0,199.3911222734324,21.98210381159609,2164
8,9,0,201.0150935185036,21.63824914017786,2239
8,10,0,193.1686414619983,20.17174723800388,2186
8,11,0,202.5467305611462,20.81261013437419,2333
8,12,0,198.1138868255923,20.5437058080531,2291
8,13,0,199.6446542089527,20.84070854039862,2337
8,14,0,196.302239218775,19.81599059939536,2308
8,15,0,187.0755646725095,17.85100007665788,2279
8,16,0,193.4413918999202,19.45361944897529,2312
8,17,0,192.4582884938933,18.69829190035195,2348
8,18,0,189.9602768901042,18.31772411873045,2351
8,19,0,182.144868493904,18.39365409724455,2228
9,0,0,100.416174861117,11.91477804423645,1004
9,1,0,135.1282838340022,85.61929135098609,1301
9,2,0,148.0562205013882,16.42547605636607,1548
9,3,0,170.9357409005433,19.15084921164306,1782
9,4,0,175.3491353690848,19.1825444724086,1869
9,5,0,183.1479706769819,19.97458707638689,1980
9,6,0,196.2883748211603,24.03474025435203,2087
9,7,0,193.3633333775019,21.13534679696162,2103
9,8,0,212.9040084042006,237.3939217917986,2199
9,9,0,194.7048603784207,21.12700241723588,2166
9,10,0,195.7198974890726,20.02177407006216,2245
9,11,0,196.1216714865201,20.63192927055377,2247
9,12,0,195.0941755174855,20.5505190230765,2282
9,13,0,194.1723590390621,20.2062941777993,2256
9,14,0,197.2682079595629,20.2336236127246,2321
9,15,0,193.5283115820567,19.34552522872489,2333
9,16,0,189.4668589889092,18.6802137661363,2298
9,17,0,201.9655313155884,19.77141167727591,2488
9,18,0,184.5598878973472,17.37396489480527,2317
9,19,0,181.7789650228312,162.1745210691157,2113
10,0,0,103.0569889656701,16.33054375678532,1028
10,1,0,125.4384725424013,14.66105950542851,1267
10,2,0,162.9935544287235,321.1114410470857,1521
10,3,0,170.5857403908697,18.78339947778609,1814
10,4,0,180.8652059740704,50.0026324389344,1885
10,5,0,213.8807834726128,849.8225647476255,1983
10,6,0,212.137953730114,413.0686213360563,2079
10,7,0,226.0805034277199,464.0049494733585,2123
10,8,0,215.5086707234472,223.8551521401286,2180
10,9,0,227.7432758206549,770.4909090495634,2159
10,10,0,197.3355406245767,21.90365663835233,2231
10,11,0,197.1231255694141,19.85559266119228,2297
10,12,0,215.0254429511161,172.6318369013465,2233
10,13,0,193.5935548813181,19.74896266323702,2256
10,14,0,193.8448903465539,19.03726728634512,2308
10,15,0,192.7922574254282,79.49880684357827,2226
10,16,0,189.1068309253979,17.37961983669877,2337
10,17,0,194.6126585714597,18.95543403681805,2392
10,18,0,189.3951096652934,17.96597349626519,2361
10,19,0,171.8023167992023,16.4508581586533,2127
11,0,0,106.0459860026149,12.34776022211815,1077
11,1,0,123.2596985843502,13.79112503088815,1284
11,2,0,152.0739562403304,86.57908163012897,1479
11,3,0,175.7656247692958,40.88108764386415,1804
11,4,0,178.2765740302015,20.72517703198024,1876
11,5,0,188.5777856551546,20.14339989572849,2042
11,6,0,186.7418484791809,20.81472720187059,2007
11,7,0,191.1492584814171,21.73873850892519,2057
11,8,0,200.0435637711408,21.54746741741484,2208
11,9,0,200.8925943501997,21.11136338344089,2275
11,10,0,192.7090249962693,20.07046194568331,2200
11,11,0,196.6957840903598,20.09565499747915,2262
11,12,0,191.9912793631117,20.41171593202064,2202
11,13,0,208.9166230569369,56.33528633357514,2361
11,14,0,202.4735850527497,163.9001920694648,2214
11,15,0,194.5355551609682,19.00198338826926,2342
11,16,0,218.1206923877561,376.9519938213173,2389
11,17,0,193.5775204657345,18.46986398909425,2383
11,18,0,194.5423336711893,19.59437371246904,2354
11,19,0,174.3060299413046,17.71088259480285,2112
12,0,0,100.6980814580326,11.38445198405675,1045
12,1,0,133.5475829864689,15.64352651444901,1355
12,2,0,177.1028970004359,835.1019360435677,1549
12,3,0,166.3883112713715,29.32178797955136,1705
12,4,0,179.7077866382215,19.96152312432861,1901
12,5,0,186.7134544013694,20.73067667578324,1979
12,6,0,189.6644159877482,20.5551713373403,2060
12,7,0,185.5755443376149,19.71208919527037,2068
12,8,0,195.3272525953959,20.29834225977622,2190
12,9,0,204.6457422889569,21.47986071247968,2310
12,10,0,204.213761832304,21.6660218066773,2310
12,11,0,205.1148336803273,124.8950350872983,2248
12,12,0,195.8565168666082,50.0554523964412,2244
12,13,0,212.7232519515384,127.5252722782713,2318
12,14,0,206.1120200195337,133.4603897230255,2274
12,15,0,199.9856368643071,28.19154959659071,2335
12,16,0,203.0950695688627,43.93172927130711,2414
12,17,0,201.1543318115277,33.420984840174,2420
12,18,0,194.910433248426,18.93786136375412,2409
12,19,0,165.7480166704092,52.53037500243089,2032
13,0,0,102.9187615679421,11.6329804140991,1047
13,1,0,127.9795499260792,30.57390063752791,1261
13,2,0,151.1799239727854,17.3430233169248,1561
13,3,0,174.6746516626258,20.09219856532094,1785
13,4,0,180.6021060144977,20.16109014923848,1909
13,5,0,186.661334098533,20.72184107342459,1991
13,6,0,184.7613807302749,20.88786222830544,1980
13,7,0,191.7253715479628,20.99904781990638,2086
13,8,0,188.2717123854409,41.81995243922919,2052
13,9,0,203.8164657278172,34.82716499112725,2251
13,10,0,237.989686089989,637.1724013520458,2222
13,11,0,191.6550604362449,19.95533889616682,2205
13,12,0,209.5444413482585,384.5528543816744,2212
13,13,0,185.5737135490147,21.93189586091084,2206
13,14,0,189.2833145094076,18.69466561568655,2264
13,15,0,222.2554117431089,355.4495538450462,2383
13,16,0,192.0977492666432,18.33112409583945,2360
13,17,0,200.0537989406951,83.57290022242536,2339
13,18,0,188.8102061175753,19.82630120769846,2325
13,19,0,174.3500241726504,16.81808855888088,2176
14,0,0,96.67536219111328,10.93653821245268,996
14,1,0,128.6830502261724,14.97648615519461,1302
14,2,0,140.4969443654144,15.76049127475698,1466
14,3,0,177.3214949926255,82.45140507350629,1736
14,4,0,173.8857485008398,30.8860812242599,1799
14,5,0,216.9107183264538,1347.663080457804,1933
14,6,0,184.2650260250572,19.97831390874912,2008
14,7,0,191.7996013430254,22.85366730390258,2065
14,8,0,179.3309000249504,19.46611080087701,1970
14,9,0,192.8290025958222,19.70604937793849,2186
14,10,0,195.9851427190628,48.54112275078271,2183
14,11,0,195.2806479315215,25.23925847102648,2223
14,12,0,197.3412013742169,90.63131168656825,2184
14,13,0,191.8824314836263,20.97202714601946,2260
14,14,0,201.5107111469611,43.66841080126283,2335
14,15,0,197.6922439615007,20.87465830335871,2357
14,16,0,200.8960933505631,145.0216305868232,2320
14,17,0,189.8449748510293,18.21570771831219,2336
14,18,0,229.1715855002033,423.2859552606258,2384
14,19,0,168.975052951905,16.58427176189599,2103
15,0,0,98.63700549700359,11.49098155068701,988
15,1,0,118.2653954066244,13.53319691019501,1217
15,2,0,139.2148203072673,15.59575819292576,1439
15,3,0,165.6160648061958,130.0245186545689,1610
15,4,0,168.701054340777,27.76194582099085,1759
15,5,0,172.7163762746854,18.85652304148576,1850
15,6,0,176.2032279738901,18.78864335193726,1941
15,7,0,174.7226610049488,18.8319794197167,1916
15,8,0,185.2644224092076,31.30260212675946,2011
15,9,0,214.3418250468155,387.7021559360559,2133
15,10,0,189.0283890132416,35.3269736472028,2097
15,11,0,197.4302105286508,155.2478562877852,2112
15,12,0,189.797588960555,24.08040224744649,2188
15,13,0,195.308158644343,22.83331035374245,2286
15,14,0,188.4176981188876,22.3913758032417,2224
15,15,0,194.4317337177983,54.78422443152486,2227
15,16,0,213.5440601181362,235.9275819966618,2360
15,17,0,190.8653575348796,19.00851238259617,2304
15,18,0,190.2104175041364,29.88008525986715,2289
15,19,0,170.3124430358125,19.42554664288863,2129
16,0,0,89.04631378051668,10.12000018809226,908
16,1,0,111.1500852069544,12.75540414393756,1135
16,2,0,124.5248975953417,13.71633190071223,1290
16,3,0,146.3037508727061,16.33306537107261,1531
16,4,0,166.3990591175562,19.01080323136707,1739
16,5,0,161.6354020641321,17.66499956767552,1740
16,6,0,179.0523125610131,85.71955855322919,1827
16,7,0,181.8489973153177,39.94206801945754,1927
16,8,0,176.6302852097206,29.59994130572869,1914
16,9,0,174.2569865407782,27.81195384544718,1897
16,10,0,180.6247553636617,19.17685857430417,2057
16,11,0,183.7082287620442,18.59731216245005,2133
16,12,0,185.5253343690268,18.92157536921128,2146
16,13,0,188.6129022207271,19.34628262866028,2220
16,14,0,181.7586305617365,18.37944527129882,2155
16,15,0,195.7208074074385,46.19055912795908,2271
16,16,0,186.8671695233277,18.68940628916691,2259
16,17,0,192.9563906641198,19.73498138854056,2305
16,18,0,193.0355466110121,64.36081358585726,2313
16,19,0,172.4577130533959,16.87772748975598,2124
17,0,0,81.05812485951793,9.218314347215902,823
17,1,0,102.7437187175542,11.79230237471376,1049
17,2,0,120.2427861171613,20.76604229212945,1210
17,3,0,137.0966417313737,18.48623224009997,1394
17,4,0,149.925730010184,40.82137930876512,1522
17,5,0,147.0614113026443,16.23755497188988,1575
17,6,0,149.9304783375723,16.23396506228387,1637
17,7,0,166.0771317456228,151.4684689899082,1680
17,8,0,171.4750494302614,144.3853451052877,1773
17,9,0,175.8903238154804,93.841921289331,1864
17,10,0,168.0465530636457,132.7403384621336,1799
17,11,0,160.2843651848599,16.08190942997714,1867
17,12,0,169.8008932741338,18.2287608526914,1945
17,13,0,171.448485104651,17.97494428734064,2011
17,14,0,173.1483275957779,17.37903005165841,2051
17,15,0,177.907781083519,119.1892405228664,2046
17,16,0,181.0123438498213,40.08956496773223,2120
17,17,0,177.0469013419087,17.10380507509413,2170
17,18,0,179.9809467714337,17.09823804241379,2255
17,19,0,168.0848478542044,15.95207281509758,2087
18,0,0,72.37871014055604,8.65260862815725,724
18,1,0,88.2208942157113,9.901947585146109,898
18,2,0,109.7216477392425,12.21730466403868,1139
18,3,0,120.992835246636,13.83024287448972,1259
18,4,0,126.0969783834133,37.0837068937547,1258
18,5,0,130.5159001904438,16.54314061653093,1363
18,6,0,135.8197293639811,15.44642309609465,1445
18,7,0,133.7275117929905,14.31228681563843,1475
18,8,0,128.2214146221657,13.55430003159798,1428
18,9,0,137.8479188253668,14.04799457912273,1565
18,10,0,135.1756781640958,16.27646465656649,1545
18,11,0,144.6632110319911,14.91991569918191,1661
18,12,0,140.28873719692,14.31712709666875,1645
18,13,0,140.1725269538572,14.11171396090451,1651
18,14,0,172.3458079386322,302.2811207440324,1847
18,15,0,150.8944128926682,15.00156472003319,1814
18,16,0,159.6131791033599,15.59405187027197,1935
18,17,0,155.5458136620027,15.16677080708935,1905
18,18,0,162.3214344973731,15.91488263333896,2013
18,19,0,148.246678417563,14.05347221735711,1857
19,0,0,56.24773217591781,6.503283812066036,573
19,1,0,76.73949237184949,8.667672084525835,782
19,2,0,86.48334826586813,28.36331607761194,860
19,3,0,94.71644029738631,10.57977767187678,1001
19,4,0,95.91782656942581,10.72324715919243,1021
19,5,0,106.7264622068688,24.1500173135933,1113
19,6,0,102.0738091874821,10.95370037612611,1117
19,7,0,108.8673820672618,15.01407712155016,1198
19,8,0,108.0818675094673,11.15886759981059,1222
19,9,0,112.007431392185,12.00960915462451,1262
19,10,0,113.9404705041752,11.96221436577336,1294
19,11,0,107.9847148950523,10.96072100493311,1259
19,12,0,109.892118654241,11.02967443139896,1298
19,13,0,116.1070348995047,12.80925900925103,1344
19,14,0,113.5128247738589,13.30318429142199,1329
19,15,0,115.630196776864,11.38338922395149,1388
19,16,0,114.6266830481187,11.70744450392025,1374
19,17,0,118.8493971221054,17.5086789192402,1429
19,18,0,128.484458106419,16.88867454923908,1555
19,19,0,115.1086037141328,10.89287085325775,1441
