# mesh name: boxMesh_1
# primitive scorer name: doseScorer
# iX, iY, iZ, total(value) [MeV], total(val^2), entry
0,0,0,73.68658070321116,7.532153194676465,870
0,1,0,120.8781709308483,391.7934955504508,1219
0,2,0,118.8341395865833,13.12050613324714,1441
0,3,0,118.0171575873359,11.5124409525132,1456
0,4,0,144.8824327189922,550.9719401611077,1454
0,5,0,128.5969723155299,55.62761654673504,1478
0,6,0,129.7728150656913,62.29719011334986,1496
0,7,0,120.0377372877979,12.2578641412815,1443
0,8,0,143.1743556153751,185.6935835235764,1489
0,9,0,126.7346488271675,17.05356489328418,1497
0,10,0,147.7425172357774,253.2420856496228,1534
0,11,0,120.2000559350549,11.53719795647767,1480
0,12,0,125.4246748754582,12.35915577697248,1534
0,13,0,130.5260354566026,49.09916907360897,1520
0,14,0,129.5281901209962,58.7023039178416,1509
0,15,0,127.5707031975195,12.59785494723363,1563
0,16,0,125.2026110125993,12.65259509428605,1490
0,17,0,112.542365699676,11.14183866100679,1359
0,18,0,98.64365695935152,9.523999801300153,1208
0,19,0,72.9655913066517,6.637160595877322,930
1,0,0,107.0961708505866,10.59571081520834,1301
1,1,0,138.241761950077,14.69898694419753,1638
1,2,0,166.8241366397023,288.6671108734376,1772
1,3,0,160.8530881162188,15.97796231210982,1950
1,4,0,163.2973615559626,42.98146001001616,1901
1,5,0,172.9301830477332,17.76810945550274,2081
1,6,0,158.9028713653218,15.88831216823882,1930
1,7,0,160.071481369591,15.53009209332075,1962
1,8,0,163.8705589553255,16.3131090760057,1987
1,9,0,169.8346438794176,165.282358865519,1960
1,10,0,166.9697910246413,70.43161715266572,1969
1,11,0,166.4965329526624,16.4795594611688,2027
1,12,0,160.8866805282928,18.7338240906761,1946
1,13,0,170.9767144816083,32.81489696072953,2042
1,14,0,160.0941867479458,15.72924461715355,1945
1,15,0,158.993230169136,14.96436675186825,1969
1,16,0,155.3864885518391,15.13603199131429,1908
1,17,0,163.1019484050881,156.0207607364885,1880
1,18,0,134.3082180136881,13.30938159403861,1618
1,19,0,95.19834687854639,29.9558882746641,1122
2,0,0,114.6556031680518,11.22481881532643,1401
2,1,0,154.8685650493475,15.08512206501705,1874
2,2,0,166.994617188968,18.35211630006433,1955
2,3,0,187.575436999557,19.24545183163507,2247
2,4,0,195.8184386710511,93.13621337462125,2266
2,5,0,187.1561632163821,20.32780964270994,2256
2,6,0,188.9813748067384,18.81446360789944,2280
2,7,0,192.9105139997997,19.04437537483436,2339
2,8,0,185.5030188121487,18.1140216372191,2273
2,9,0,189.5283441626353,18.79172163388791,2299
2,10,0,190.6782519778225,47.02011101882751,2280
2,11,0,192.7541646594114,19.31108018531183,2326
2,12,0,188.120830782798,19.05015474112369,2260
2,13,0,188.0603682346059,93.16657611652596,2212
2,14,0,184.4559693518226,17.84058909324854,2273
2,15,0,181.2993212808963,17.19054356149187,2242
2,16,0,187.6304592714463,29.45163222685676,2230
2,17,0,166.76327458487,16.35548313082229,2027
2,18,0,157.7844477445295,18.83780208830184,1876
2,19,0,116.2742340231988,11.50621574454351,1404
3,0,0,121.0363547520697,11.65594238427559,1487
3,1,0,155.7285779687838,15.27474102233697,1905
3,2,0,195.5418430168656,168.353782254559,2210
3,3,0,188.5680104392078,18.75807127549554,2292
3,4,0,203.5662811843803,45.27056964006208,2415
3,5,0,192.38401692353,18.39141618583367,2379
3,6,0,193.3719291454818,18.61910159373862,2390
3,7,0,197.806715242983,20.2249074167043,2371
3,8,0,202.4773374750247,20.07012900272155,2466
3,9,0,200.7644047559035,116.7277065767673,2341
3,10,0,199.8810157105499,20.77158471669191,2357
3,11,0,188.7252815821113,18.81285892189288,2273
3,12,0,199.6786680002227,19.47900021345874,2430
3,13,0,230.5204849870666,894.8149244201362,2358
3,14,0,213.4880095181902,424.6773949781469,2317
3,15,0,189.4234666364659,34.38775426356067,2258
3,16,0,189.1655835804818,18.92443612396934,2311
3,17,0,192.0315330476471,117.8194771769848,2166
3,18,0,161.5291000514838,16.24418510345557,1958
3,19,0,116.8390594100012,11.2710488176732,1434
4,0,0,127.4547258795512,24.04094049587395,1506
4,1,0,166.4476303434581,16.55284412712918,2005
4,2,0,187.5550435579576,18.61329315791949,2292
4,3,0,195.9625963295793,19.35781883026012,2387
4,4,0,196.2928632066624,18.54161096338117,2423
4,5,0,224.7207992619249,668.5938620233686,2437
4,6,0,195.2877589268096,20.06031499601331,2337
4,7,0,194.4608535945976,18.98131145162492,2388
4,8,0,212.8572867841892,148.623082457952,2407
4,9,0,197.8777275072364,19.46920635343638,2424
4,10,0,198.5064253652663,20.94305722963241,2409
4,11,0,205.4250185071377,36.10815303623662,2453
4,12,0,204.7230736404097,55.61362066294545,2405
4,13,0,190.4975870391677,17.96529509687007,2359
4,14,0,213.3120661433952,207.2020448922195,2366
4,15,0,197.5514585107701,26.063766617023,2410
4,16,0,202.1971688334472,19.9438825258438,2450
4,17,0,199.8362212410633,156.4790468197203,2302
4,18,0,173.4554256544116,291.0516645727818,1914
4,19,0,120.9285782762222,11.79194808551132,1476
5,0,0,124.5232555508352,11.77367784757013,1546
5,1,0,161.1893697248667,16.2378024123401,1940
5,2,0,185.8451962628336,18.50928204603775,2227
5,3,0,200.5899161571085,20.11577399095545,2418
5,4,0,203.1768851726437,123.6063456629323,2361
5,5,0,208.6550899041855,69.03134196583116,2426
5,6,0,197.5603852766744,19.98560843885392,2385
5,7,0,203.8759007446067,97.24396196214376,2377
5,8,0,199.3974559327453,37.0111163229632,2383
5,9,0,201.1616853752383,19.51651532380043,2463
5,10,0,194.3125902963958,20.6514000595241,2354
5,11,0,210.1777769979173,119.835413997926,2428
5,12,0,212.6585445503895,181.8573172396292,2388
5,13,0,201.8721262938871,19.75102038710231,2462
5,14,0,202.6275763002435,19.45852887975259,2460
5,15,0,209.8500240733298,353.7070563237441,2379
5,16,0,197.4110709183002,67.38360874089913,2308
5,17,0,183.5370801566857,18.01982664919898,2240
5,18,0,154.3813238396411,14.91083452659497,1889
5,19,0,122.5332719375872,11.9798370931503,1490
6,0,0,129.906674422792,13.42400698764048,1557
6,1,0,161.4090165610726,15.85603006477422,1972
6,2,0,182.2779663076907,17.57620286634737,2242
6,3,0,195.3686810656473,18.395526837839,2414
6,4,0,218.4675000616572,205.23927386491,2486
6,5,0,201.1853950721108,19.60136449270996,2454
6,6,0,193.6092786974435,18.80972370133753,2377
6,7,0,201.80723177555,19.35429461260093,2476
6,8,0,198.5948915195018,19.4174437747996,2439
6,9,0,203.7520952067396,36.19694189823412,2456
6,10,0,200.54247238831,20.07775989894546,2418
6,11,0,189.3870980046963,19.71229871457748,2282
6,12,0,231.7825981413989,962.8413617472777,2411
6,13,0,198.2039844823824,19.21638471525061,2426
6,14,0,206.5590106656696,251.4499336462289,2324
6,15,0,199.143544109316,19.81226221035172,2407
6,16,0,189.5209833221236,17.91488822411095,2353
6,17,0,183.3789612963507,17.40394547878126,2268
6,18,0,158.351354638577,15.39985402422795,1946
6,19,0,123.0006088620199,12.00233771177909,1489
7,0,0,127.2947626502918,77.42201094771382,1472
7,1,0,170.8955263631823,59.75538118140253,2002
7,2,0,195.8608096367343,66.95593713824729,2304
7,3,0,224.1753362241043,833.4157896241954,2367
7,4,0,193.6027798671498,18.83574954702279,2370
7,5,0,207.2511401887803,279.6126740507834,2346
7,6,0,197.0492086859799,19.25770517609079,2407
7,7,0,194.7140744286667,18.76178207716405,2385
7,8,0,196.57328589341,18.57392311993379,2414
7,9,0,196.7179763490481,19.40892327098605,2395
7,10,0,213.1123939124479,55.98281363214805,2514
7,11,0,189.3315587477043,18.20542543522672,2344
7,12,0,222.5028098783053,373.040264291888,2423
7,13,0,196.9869985361341,19.37411539944407,2413
7,14,0,191.5683882218511,18.62267888691634,2339
7,15,0,215.3631754570025,66.956444450484,2532
7,16,0,203.3765940900084,20.56289233276596,2447
7,17,0,180.7626662386588,17.42746417965761,2227
7,18,0,157.2425161686073,14.92213470477428,1947
7,19,0,123.3565605848725,14.24184056772573,1479
8,0,0,125.6579291224558,98.30139817726206,1404
8,1,0,163.5227856959264,16.03819682252034,1997
8,2,0,180.723900546894,17.65593037176044,2221
8,3,0,198.149183257526,19.54130567999038,2409
8,4,0,202.0394273765938,20.38972794581094,2433
8,5,0,202.438472693729,20.57253996461343,2429
8,6,0,224.0304659606679,447.4569671914368,2422
8,7,0,202.3476272031323,19.95222739932568,2442
8,8,0,202.5645437190261,19.59112007990834,2489
8,9,0,198.4290163585702,19.45727935260235,2434
8,10,0,202.1965377424483,19.6909582493571,2464
8,11,0,189.898803974789,18.14862956845314,2352
8,12,0,201.2805274497868,19.68717821950172,2461
8,13,0,191.5111996086291,23.5770979193206,2306
8,14,0,213.4513110104953,345.11676771652,2417
8,15,0,199.3389879161432,34.88360492911461,2360
8,16,0,204.3852690901316,19.89240441503685,2498
8,17,0,186.7705497371486,19.61954433651363,2253
8,18,0,172.7195999352477,70.59972506232982,2033
8,19,0,121.226969425157,11.1909215502198,1514
9,0,0,125.2138661680502,13.07043395074589,1497
9,1,0,156.3285073145447,15.39911976506851,1912
9,2,0,199.241002134813,121.7068216833205,2284
9,3,0,199.1653022750772,54.90852907212601,2376
9,4,0,197.1573008287698,21.55052361346413,2390
9,5,0,203.4311918507618,54.03862184873131,2396
9,6,0,210.7472648150313,96.96831570095489,2420
9,7,0,208.0222114975116,20.98291173899353,2503
9,8,0,199.679855510647,48.24491388783046,2398
9,9,0,219.4923905798452,424.6467052596837,2368
9,10,0,200.759237267305,19.3462423790988,2457
9,11,0,204.6595263821446,20.61881825971652,2463
9,12,0,201.8436079596866,20.36521813156425,2438
9,13,0,199.0263716356777,19.20163209463222,2450
9,14,0,204.3466428523114,25.38258166750132,2463
9,15,0,234.6069852977205,756.8099900416677,2515
9,16,0,197.5689911043195,20.75947553145848,2395
9,17,0,183.5014278838967,18.78989322811723,2205
9,18,0,176.8876707971453,326.8006593157082,1938
9,19,0,123.2795263510846,12.46403976364962,1499
10,0,0,121.0605174334094,13.69267251777697,1462
10,1,0,156.0364501272511,14.81098273236303,1937
10,2,0,185.8836412368327,18.32398382530685,2276
10,3,0,202.3989429263813,55.23071974142597,2371
10,4,0,200.167002416628,19.75493371222922,2434
10,5,0,204.4015311688245,20.22430937298654,2478
10,6,0,193.027617028428,18.12319257570369,2410
10,7,0,194.6434215464788,19.38685867740734,2372
10,8,0,203.8630531650929,21.12962673947813,2432
10,9,0,201.2755726711759,39.72319706666632,2391
10,10,0,203.1936582856615,57.61992148810775,2423
10,11,0,213.8014097239399,161.9589217833529,2468
10,12,0,202.0323962609974,25.58398989377631,2402
10,13,0,202.0845600942779,80.81312201455371,2381
10,14,0,203.0216616968886,19.84190918013313,2454
10,15,0,192.433105217015,18.43251624738548,2367
10,16,0,199.6548201834732,19.97984877779233,2400
10,17,0,196.1882094587053,121.7281432828857,2252
10,18,0,168.2293343215848,54.91606218283028,1944
10,19,0,141.8686732888377,151.9598116901792,1560
11,0,0,115.4432944220213,11.04757306245501,1410
11,1,0,177.3847291938893,297.7611782121287,1974
11,2,0,188.1866084912999,43.53913576346697,2208
11,3,0,195.740836053426,18.9510201671966,2402
11,4,0,206.4159969569414,47.17305717007261,2485
11,5,0,196.1080157735133,24.59357898136524,2358
11,6,0,195.3106362516165,19.4482944736295,2376
11,7,0,196.8813968456342,19.25200249349955,2395
11,8,0,197.187321741178,18.80922780491426,2418
11,9,0,195.8693297358093,19.17812039887986,2391
11,10,0,199.6579980013735,29.67463727545796,2405
11,11,0,197.4914564640484,19.95920955120745,2375
11,12,0,208.5838494284052,43.7393569343375,2494
11,13,0,222.4595962010635,321.6455802333388,2375
11,14,0,198.236719876279,19.41455656874033,2416
11,15,0,195.8318747766323,35.39693994996912,2350
11,16,0,193.5371416043095,18.83121428923993,2351
11,17,0,180.1778784434024,18.29395344899022,2174
11,18,0,164.4410859850666,15.90099937108936,2011
11,19,0,122.037302745363,15.08130984237541,1485
12,0,0,118.9080410026585,11.84677969050754,1454
12,1,0,162.2370762517773,16.06722740927784,1971
12,2,0,181.7744203121412,17.93249953213455,2192
12,3,0,188.7065967975426,23.48446588922878,2313
12,4,0,195.7341608034333,19.10263778010563,2396
12,5,0,231.7307674047211,569.8636193151569,2522
12,6,0,201.8557716634441,30.19584228805717,2420
12,7,0,191.3060353478546,18.48977833907428,2356
12,8,0,195.6929951584509,19.64100635772572,2355
12,9,0,217.1454385042333,134.0594426010033,2461
12,10,0,198.0475023803619,26.32253457757777,2412
12,11,0,198.5216319447647,18.70281890159524,2464
12,12,0,189.5035871802493,18.86305059838513,2294
12,13,0,203.9456938268152,30.33699198479384,2414
12,14,0,190.0068991861485,18.43495781098732,2328
12,15,0,202.6703699689335,19.79525420706386,2462
12,16,0,200.2502068701293,20.06031749235498,2417
12,17,0,177.6357092840859,16.92289325139495,2192
12,18,0,162.8791307802593,16.56806629796684,1969
12,19,0,123.5989651453438,12.09057107256578,1502
13,0,0,123.8150081000875,12.01760144366362,1510
13,1,0,162.4103659034571,16.00825088965046,1975
13,2,0,185.952490637753,28.06343887478052,2243
13,3,0,190.1033215719692,18.79608687288343,2316
13,4,0,191.4245054371779,18.54850557432429,2348
13,5,0,194.9671929198136,33.15904488256737,2323
13,6,0,198.1788833919387,18.82741191476603,2440
13,7,0,208.9496441510935,283.8390151350451,2356
13,8,0,199.8765552465198,20.46564884757862,2447
13,9,0,204.359849672322,22.12752268479451,2492
13,10,0,200.8814504196026,21.66780870621265,2412
13,11,0,201.6017967039823,21.36043462208405,2438
13,12,0,204.5899212628391,24.68478464677975,2462
13,13,0,211.6130532087575,21.72502280242406,2536
13,14,0,200.5095215190562,19.68495398207534,2427
13,15,0,196.0192059130219,19.54917049100608,2401
13,16,0,193.6617123925582,19.14837870217139,2349
13,17,0,177.1173852639547,17.32245091128509,2157
13,18,0,155.1468838868484,14.88480686790646,1915
13,19,0,121.4960748428385,12.07755625077167,1471
14,0,0,116.9880056363447,12.06842099085428,1421
14,1,0,166.4423206892323,20.92917199436681,1958
14,2,0,181.010502313729,17.81732090524502,2209
14,3,0,190.7737631166615,18.45880999306414,2354
14,4,0,190.2118302102824,18.02268956197369,2337
14,5,0,214.1517976128302,294.9688448900441,2353
14,6,0,206.6667392249105,43.71687209984572,2452
14,7,0,197.6213374114066,19.53916610787543,2425
14,8,0,197.8256059212211,57.71734746724299,2335
14,9,0,203.3140071390645,20.99561530016177,2430
14,10,0,206.5096955060606,40.28556285961536,2463
14,11,0,197.7447687376707,24.72204922144193,2404
14,12,0,204.2222718089585,40.19846932448893,2429
14,13,0,205.9232294639229,25.24160282936641,2450
14,14,0,193.4710515574757,19.19638865887843,2357
14,15,0,195.3805352966461,19.07142631614019,2375
14,16,0,189.1900560704361,18.42908196983983,2303
14,17,0,177.2901942594054,17.03656614680873,2189
14,18,0,164.0881648157715,15.29947972981756,2029
14,19,0,120.1966472090578,13.88541379068773,1462
15,0,0,124.1312077827918,11.983419857501,1525
15,1,0,165.0091786969091,21.76421015734672,2000
15,2,0,183.9193073064589,22.95996081580898,2245
15,3,0,200.8971421259951,116.2917308294558,2272
15,4,0,191.17960287858,19.10087669349686,2315
15,5,0,191.2241617376592,18.69717909651272,2331
15,6,0,200.852948156722,34.76390021057537,2369
15,7,0,204.8235725659115,94.52686062610076,2392
15,8,0,202.5956023520706,20.31708873908408,2447
15,9,0,198.1156382812288,19.37716811922438,2429
15,10,0,203.3258346104599,19.6716353634463,2499
15,11,0,197.771709343568,69.68391066723242,2382
15,12,0,198.4982919106214,18.90685132235545,2438
15,13,0,208.0927055054632,213.7015402496386,2352
15,14,0,205.7235761496947,107.8855397379771,2392
15,15,0,196.7447756164409,19.14550982601397,2397
15,16,0,194.6643815290116,19.74261818207735,2336
15,17,0,179.5909832915418,21.30646902711407,2196
15,18,0,162.5365266672753,15.61521334325129,1971
15,19,0,146.9658566527415,490.5297856336311,1538
16,0,0,126.3626468682285,14.14563593058468,1530
16,1,0,184.0682239196556,523.5312596581998,1924
16,2,0,203.155354033429,586.2695412964968,2231
16,3,0,190.1762494838166,19.06963808015002,2290
16,4,0,192.623748259255,19.39084713137369,2328
16,5,0,198.5616944742286,41.71107694105667,2354
16,6,0,198.4071486245601,36.18262670512763,2350
16,7,0,201.1827823801821,20.20377358331064,2426
16,8,0,208.3046958027732,138.4175075018309,2400
16,9,0,206.0040071832494,157.3279984179752,2385
16,10,0,193.7650867818967,19.7449581792449,2325
16,11,0,201.9892667334367,43.48106757769955,2414
16,12,0,190.281192906992,18.68812267986337,2326
16,13,0,191.7442090953809,18.73014961249968,2337
16,14,0,192.3305248100839,19.22360246350813,2327
16,15,0,188.8535497431961,17.91219651881531,2331
16,16,0,192.3811503588168,26.14397531265852,2337
16,17,0,213.0477877347818,423.9596843242883,2359
16,18,0,160.7840085074498,18.79349750691564,1925
16,19,0,118.3329258208928,11.54875334546114,1444
17,0,0,115.1246864774272,11.17654055116273,1413
17,1,0,169.7645037452492,173.6068331563088,1871
17,2,0,178.8582169834069,24.29346697583113,2135
17,3,0,182.8157078102001,17.29662911352313,2251
17,4,0,180.2848531752164,17.19560289358234,2212
17,5,0,175.7640189333474,18.12676198532621,2159
17,6,0,185.8598002576807,18.32930392228014,2265
17,7,0,189.5168439786998,18.45592468625126,2309
17,8,0,179.7285204087189,17.87861739011634,2184
17,9,0,185.8324035589047,20.90492534244015,2241
17,10,0,181.835442618986,17.52472625051401,2239
17,11,0,177.2154789185487,17.3541869063034,2171
17,12,0,189.7098688397002,18.95572577041367,2293
17,13,0,186.4047681322247,36.31676023287551,2178
17,14,0,183.9220898288035,74.45851517316579,2177
17,15,0,185.7420217002236,18.17370650244753,2281
17,16,0,185.1810729169222,18.39463228128561,2240
17,17,0,173.8294659755065,17.36685396933649,2091
17,18,0,150.3544771664706,15.93265512504636,1796
17,19,0,105.411434981285,10.15885084834313,1303
18,0,0,95.82381797385882,9.53738387239345,1154
18,1,0,132.7799667212993,12.60898558595676,1632
18,2,0,143.7687603369787,13.89072066089736,1762
18,3,0,163.4936379203929,16.49736288009171,1956
18,4,0,163.295469261131,34.02236728789823,1943
18,5,0,166.2169879527374,28.78520062586441,1989
18,6,0,159.3185193217112,20.38113653095427,1926
18,7,0,161.4735912130906,15.94554863781866,1964
18,8,0,171.9405498742362,17.85632455448564,2068
18,9,0,188.8941085619936,520.1542283753674,1960
18,10,0,151.8018985619916,14.31008049991607,1880
18,11,0,160.6730878294823,19.91256890670504,1936
18,12,0,176.0045266884472,51.42544319879109,2005
18,13,0,175.6327414177681,133.6662362999391,2022
18,14,0,168.2615874821394,16.63578056542395,2044
18,15,0,158.9537572025199,15.92015512730014,1917
18,16,0,166.2294720494979,16.77052968873401,1995
18,17,0,153.5048271960394,15.43500219262777,1838
18,18,0,129.3805432759004,12.47499853799296,1588
18,19,0,103.6359907306055,10.01994441340413,1269
19,0,0,73.51570774499091,6.925217036831326,909
19,1,0,110.4738110365592,119.0391691519456,1217
19,2,0,120.5218351347301,12.1813503305968,1447
19,3,0,119.7578067148592,11.84976513341917,1446
19,4,0,146.1015998402,652.1855659698764,1460
19,5,0,129.523100765369,19.3890868513089,1554
19,6,0,122.5998629057952,11.69559887102351,1520
19,7,0,125.3333069125891,12.3699598090218,1513
19,8,0,137.1376583823074,37.15503927515206,1575
19,9,0,140.2154730589517,271.5580978722996,1513
19,10,0,121.7019017894658,11.3912874707641,1516
19,11,0,127.4908704106598,12.85488885687694,1545
19,12,0,121.6311204946079,11.37155581118099,1526
19,13,0,128.8969467474508,49.73463839452445,1490
19,14,0,129.5668909451693,12.34760967851238,1592
19,15,0,128.4760319640677,53.77327678318398,1486
19,16,0,138.7926839501066,291.1051368668947,1507
19,17,0,116.5502914855998,12.18874856599924,1421
19,18,0,95.81665737931837,9.325880207095883,1174
19,19,0,79.5676227267881,8.047557765901221,971
