# mesh name: boxMesh_1
# primitive scorer name: doseScorer
# iX, iY, iZ, total(value) [MeV], total(val^2), entry
0,0,0,79.14787786053687,97.36657148680594,830
0,1,0,89.05462548966904,8.539309223252006,1106
0,2,0,104.9044212365118,9.861141643175067,1301
0,3,0,115.7287363511472,14.02271978985142,1403
0,4,0,112.7566667051343,10.76252910821266,1407
0,5,0,116.2403173454362,11.16399440963609,1439
0,6,0,119.2062315271815,11.95716922138609,1472
0,7,0,118.148508389615,11.44536337303447,1468
0,8,0,118.1802758419636,47.94837866363211,1435
0,9,0,115.2277393271737,11.62326176961328,1433
0,10,0,129.2696384037975,14.4421354022691,1627
0,11,0,118.1615952931563,10.94990705980333,1510
0,12,0,124.0033704776639,11.8061846551564,1563
0,13,0,133.2027484701945,39.56208015189995,1631
0,14,0,126.2926099339731,11.59037312562348,1632
0,15,0,131.2545176109591,48.3200970020896,1565
0,16,0,128.2847155683199,12.91977009555795,1629
0,17,0,128.903288580532,15.41297548002459,1638
0,18,0,146.454195031924,346.9196004797548,1623
0,19,0,99.87690191275603,9.459322024520322,1280
1,0,0,95.07756965388867,9.201322173766819,1167
1,1,0,110.8998308455547,10.65149469322842,1377
1,2,0,137.9936951779664,57.59564734340779,1613
1,3,0,140.9451791033159,13.83217424276751,1727
1,4,0,152.2978196274233,14.70858475007633,1900
1,5,0,151.6558693846794,14.79512568957533,1868
1,6,0,160.5674112366259,15.11480679527783,2004
1,7,0,174.5910834744041,174.7812647443158,1963
1,8,0,156.2796576934496,14.88100586724055,1959
1,9,0,158.968727281353,14.89812905144744,2022
1,10,0,162.4887894340388,17.78114273787582,2026
1,11,0,161.8912028574133,15.03564700436469,2058
1,12,0,159.3862438706927,14.70734547628837,2039
1,13,0,168.2843415652574,16.85910737723359,2086
1,14,0,178.3580331774912,33.11030415874639,2194
1,15,0,163.4277563120899,15.21740820540148,2098
1,16,0,177.8350792541029,16.94343874968665,2251
1,17,0,180.3176623971968,18.24995589101195,2284
1,18,0,177.1910634047612,24.3922105196551,2236
1,19,0,135.1630512059691,12.76772353760487,1722
2,0,0,125.9906130504866,556.1321742590757,1243
2,1,0,125.5624493081383,11.82492079770481,1579
2,2,0,160.7127865755925,21.59146758937843,1931
2,3,0,160.8832949678056,15.12240979685932,2015
2,4,0,178.4316525677731,17.62306722191236,2189
2,5,0,181.0880674413935,17.27340685513619,2249
2,6,0,204.0308944949818,462.603254327938,2233
2,7,0,183.2724680580259,17.26955460322039,2296
2,8,0,177.4814749294374,17.42847690718029,2228
2,9,0,185.5259949841949,33.75327422374977,2273
2,10,0,196.1288369923321,300.320850148488,2268
2,11,0,200.8779123113723,186.7593955059158,2312
2,12,0,184.3238875325213,18.25028850725355,2301
2,13,0,191.0030727903373,38.51183158616298,2395
2,14,0,204.0837802592439,304.0085963229867,2342
2,15,0,187.1578913648214,18.1510540870209,2389
2,16,0,195.2235818445783,28.66518480905795,2443
2,17,0,186.8150580193801,17.34745578640714,2399
2,18,0,189.3138471501229,79.99946178653228,2293
2,19,0,145.3942754247771,14.55182876498966,1811
3,0,0,111.8492045555689,11.56793011117655,1348
3,1,0,142.0656249560653,14.59334202949511,1712
3,2,0,170.1118534190223,20.55526486881277,2025
3,3,0,191.1694250090864,210.3740344887392,2186
3,4,0,184.1181527278359,17.17803286173274,2312
3,5,0,186.6252964645137,18.35629111668621,2294
3,6,0,184.2131128885088,17.6895062155284,2304
3,7,0,182.1774535747207,17.4793279422786,2320
3,8,0,193.307131421271,18.0787003641568,2440
3,9,0,184.5658507231781,17.00244108639209,2353
3,10,0,218.0319665617359,309.4955766929802,2431
3,11,0,191.5033347289512,39.9839038246454,2319
3,12,0,195.8857667976619,46.54390435989227,2385
3,13,0,188.3503178992328,17.73977834129668,2397
3,14,0,187.3190870691348,17.15783513723879,2423
3,15,0,195.4071407487555,38.50972016399606,2435
3,16,0,193.9793439888335,17.77932203643217,2504
3,17,0,190.6468367434614,20.2463988689201,2462
3,18,0,182.3930404271742,16.69360159058298,2378
3,19,0,143.7934311291243,13.64325308427441,1854
4,0,0,116.0330241585708,10.98550837452854,1438
4,1,0,151.6863734998638,14.63216737471299,1877
4,2,0,179.3292188124213,224.1975104718317,2016
4,3,0,185.9204141138077,17.68874003287231,2308
4,4,0,191.1709178862736,40.24894698224211,2294
4,5,0,185.6791874100114,18.2686166575328,2295
4,6,0,180.2838694703329,17.62552086582903,2216
4,7,0,185.9514683306963,17.56964290740389,2351
4,8,0,186.314414389907,22.09369971128688,2316
4,9,0,189.5484269711173,17.37411735519791,2421
4,10,0,218.9671888376458,718.3814181313236,2425
4,11,0,206.5817529049694,125.0118724355924,2458
4,12,0,196.5821112238245,35.57026967188063,2457
4,13,0,192.3949828130359,17.91409763372299,2455
4,14,0,188.3384092080138,17.87462075831917,2378
4,15,0,193.57722510622,18.52994472119192,2456
4,16,0,203.0645250625624,281.1717714304676,2403
4,17,0,195.1866149244231,18.09559389248437,2504
4,18,0,186.0048488364723,17.31045189421586,2392
4,19,0,155.7088403976839,194.6761265854276,1801
5,0,0,113.4975413081079,11.14976684357641,1387
5,1,0,148.5077911432846,14.64726385028589,1802
5,2,0,169.0505877253443,15.80131695939951,2109
5,3,0,178.6198670753762,17.18953910104823,2225
5,4,0,187.3200876156686,31.34001761979842,2267
5,5,0,188.0018148317808,17.80739467634302,2357
5,6,0,201.7520973944525,19.45735857483069,2513
5,7,0,189.025285704295,18.69504107201849,2334
5,8,0,187.206265715217,17.95680297028987,2359
5,9,0,198.2098976934734,60.91602526726408,2411
5,10,0,191.0229594949031,41.52438092399213,2365
5,11,0,191.399411627633,18.01519259412694,2421
5,12,0,188.6532164790292,18.80128277537914,2378
5,13,0,194.3363442871321,17.96558988649538,2477
5,14,0,192.5917901947664,17.91009795385736,2467
5,15,0,194.9626721768316,18.85492530842379,2466
5,16,0,198.0607923246832,18.9995664146381,2497
5,17,0,210.2757805638831,334.7315983349709,2445
5,18,0,186.9695191713455,18.14643959921703,2347
5,19,0,145.7958975802818,14.06312937394241,1857
6,0,0,112.094707465408,11.03200835174537,1365
6,1,0,146.0749999455101,14.32945263701889,1806
6,2,0,171.3516103873181,16.12858440118592,2144
6,3,0,181.3231480460899,17.74847505940997,2232
6,4,0,187.4411562141308,18.84186969592324,2291
6,5,0,217.7847281744133,224.6753396828825,2462
6,6,0,197.7157264352528,19.2934796253841,2438
6,7,0,192.1596103901229,17.90871692177673,2434
6,8,0,197.3895157386256,20.69829310496036,2439
6,9,0,194.3489590929765,18.54652889735649,2455
6,10,0,193.1230158556672,18.29342137652279,2438
6,11,0,193.316573095141,19.05145076485009,2419
6,12,0,191.5110770283446,18.70311751799142,2400
6,13,0,196.6510033397091,58.17684757790603,2383
6,14,0,190.4904413676037,23.99437536566225,2404
6,15,0,200.864996911127,86.67900737896537,2459
6,16,0,198.3613004599556,18.33461880990841,2549
6,17,0,191.319668780329,17.97136532858766,2446
6,18,0,187.9662285847788,17.78845898930078,2401
6,19,0,154.8718012851082,235.5266607074782,1795
7,0,0,113.8337897968772,11.38171692699505,1381
7,1,0,147.9905098183685,19.77524862977525,1810
7,2,0,182.1201620813735,51.27544082524843,2181
7,3,0,189.8240305764798,61.31523066970932,2277
7,4,0,195.5641082283673,19.44799377470645,2406
7,5,0,193.2315156656263,31.67297190595847,2354
7,6,0,192.1557532598193,18.31005660750523,2394
7,7,0,194.0592957651269,25.02247230604369,2381
7,8,0,193.8500743410687,18.66099481098161,2417
7,9,0,185.0641127078728,17.43456992007437,2336
7,10,0,197.120122542893,18.860284923338,2466
7,11,0,198.6902072703976,67.36140149457314,2424
7,12,0,189.3273084557088,17.97027771392062,2395
7,13,0,194.9747809199916,18.24885932027935,2492
7,14,0,193.312804351325,63.6604197695323,2353
7,15,0,200.0338696273822,92.75708666390157,2427
7,16,0,195.3057175422262,18.70932903021617,2463
7,17,0,195.9213656283921,18.31041140149432,2507
7,18,0,183.0274451741092,17.26973412458175,2336
7,19,0,142.382417444165,13.18807101504692,1841
8,0,0,111.9071391880669,10.98238980295601,1375
8,1,0,143.2751329330804,14.22702652257992,1756
8,2,0,170.5906879632817,20.19365254288425,2059
8,3,0,190.811035483691,34.70303230358746,2286
8,4,0,193.4508017413503,19.46988777221921,2373
8,5,0,193.0824469095661,18.6408534572536,2404
8,6,0,197.8122233421807,19.32544288048172,2448
8,7,0,189.777154641319,17.95703196592519,2381
8,8,0,198.4585001001186,71.80306200922082,2376
8,9,0,189.991248589747,17.85075853747479,2407
8,10,0,218.9916906609883,294.8921387957649,2511
8,11,0,189.7508086797909,18.50862355649393,2399
8,12,0,198.1295212187129,39.31487614011637,2441
8,13,0,192.8144676501811,18.46062341927962,2443
8,14,0,202.6591139233831,126.7941409391665,2441
8,15,0,189.6330624107754,17.51405186891635,2447
8,16,0,195.127379037536,18.18978907584852,2490
8,17,0,189.885350914576,17.42370458835479,2466
8,18,0,184.958511932085,17.34225591999059,2379
8,19,0,142.6319095755356,13.04329373312586,1849
9,0,0,108.7022610927722,10.37041675963751,1345
9,1,0,146.6753586568022,14.27591679673714,1818
9,2,0,171.8562158603333,17.43047982892737,2070
9,3,0,187.013418967867,18.31925913836744,2289
9,4,0,197.7426468803552,86.98661752941562,2352
9,5,0,192.4705180748587,18.93924620516033,2380
9,6,0,187.4831188243886,17.28390821487642,2369
9,7,0,207.0065551169342,69.33547488462486,2466
9,8,0,192.1390948925543,33.78069211730273,2398
9,9,0,197.5961342338213,36.63311029067144,2420
9,10,0,197.5925995240314,37.63209182662571,2420
9,11,0,190.4912629407065,18.00982293102253,2415
9,12,0,194.0412435859666,51.68156570447428,2401
9,13,0,187.3783370170656,17.41998717490637,2392
9,14,0,189.6674646411776,17.72725221850903,2449
9,15,0,201.2606043460645,19.54006176978783,2555
9,16,0,189.7582483460706,17.82015262494206,2424
9,17,0,191.7149062098628,18.71477388330633,2410
9,18,0,178.5425550650895,16.06452459805837,2327
9,19,0,143.5318754390606,13.45081070246283,1846
10,0,0,108.3749839448845,10.36708846788035,1330
10,1,0,142.9906339541269,13.53504590989264,1789
10,2,0,176.9962069964591,20.38850748693923,2138
10,3,0,192.595949846987,34.66237891311941,2302
10,4,0,193.3005024618082,139.0185235050287,2301
10,5,0,219.6046121582757,556.9930108790726,2435
10,6,0,207.8726342444509,325.3676694434642,2368
10,7,0,192.4586109587486,18.75317869348618,2384
10,8,0,190.2705713560421,18.51067756825513,2362
10,9,0,193.8748076800144,21.02297630502305,2400
10,10,0,195.0097001531008,21.41144546152405,2402
10,11,0,209.9684020212647,297.0576767036749,2410
10,12,0,197.4818913959663,19.41882158946104,2470
10,13,0,196.4690985503135,18.79629232687865,2454
10,14,0,193.0894510002227,18.51869024989513,2453
10,15,0,199.7295288058416,19.52513815585657,2513
10,16,0,211.4633229086427,100.4065797640656,2509
10,17,0,210.3800094708133,68.52910845758997,2562
10,18,0,186.0563211729175,16.48588909731728,2428
10,19,0,138.26463824345,12.70737125823401,1805
11,0,0,109.1739618623006,10.3642967716472,1357
11,1,0,150.9081813131154,14.80757901713551,1851
11,2,0,188.2899319413773,79.99267475030042,2171
11,3,0,180.8934766815199,18.01500990583309,2214
11,4,0,190.5241225669959,18.73050880546363,2342
11,5,0,179.9684399994751,17.37462444544425,2242
11,6,0,190.6276683403732,23.25077749078168,2309
11,7,0,199.0969807725422,19.40627125141935,2467
11,8,0,188.6410102723489,17.95371180965886,2382
11,9,0,197.6766110923412,19.12828107507174,2467
11,10,0,190.9810469059491,18.64091619722235,2370
11,11,0,197.6905378893135,19.40269177909792,2507
11,12,0,195.0475109544899,18.54751557315107,2470
11,13,0,195.0740373764814,18.41416027707538,2473
11,14,0,215.1408343798063,229.8648044535284,2527
11,15,0,190.7724039182288,17.81321230878613,2450
11,16,0,211.7929401255338,221.7845948318023,2544
11,17,0,189.5999228382042,17.52613863766172,2437
11,18,0,188.2364155584511,17.70929927593185,2421
11,19,0,146.5033877543821,14.13911931745009,1857
12,0,0,111.0357096165766,12.865085993225,1353
12,1,0,147.5459495861276,19.06227411782367,1770
12,2,0,170.8894375622478,20.89625014813853,2054
12,3,0,204.7641867338382,399.6023587533323,2279
12,4,0,190.2396549067398,18.24772594365571,2369
12,5,0,191.8618746704618,19.61646482347767,2380
12,6,0,199.2313267201021,70.88573647645308,2333
12,7,0,190.4736548478928,19.50962737241021,2389
12,8,0,197.7406748052284,73.15668696033215,2368
12,9,0,190.3595791803882,18.23896283063177,2380
12,10,0,188.3901609295228,18.01806386911601,2380
12,11,0,192.0220876828892,18.29565109829232,2429
12,12,0,198.5057056399745,64.70428316404242,2388
12,13,0,194.2249394046802,91.61462675825457,2377
12,14,0,232.8530302566842,1962.604255133014,2414
12,15,0,193.1381897874244,18.94043486661115,2428
12,16,0,196.6433236223624,18.033154658436,2542
12,17,0,179.8941708870361,16.54788885563698,2326
12,18,0,185.8520368595323,18.19973387021549,2350
12,19,0,148.9954430237759,33.91734833882366,1875
13,0,0,112.9453372133575,11.26611611044702,1388
13,1,0,146.7576594754511,13.95298919483998,1823
13,2,0,168.964709396616,17.82642427892284,2072
13,3,0,207.4766333151781,516.6904005866976,2204
13,4,0,184.515245794011,18.06309029806203,2291
13,5,0,206.5549972192584,100.122513786442,2431
13,6,0,210.0790864433331,175.8716371911607,2425
13,7,0,196.276431704485,20.09007269459524,2426
13,8,0,191.0496916059922,19.57371905331157,2389
13,9,0,203.9282486327654,50.69040198523285,2471
13,10,0,194.8754757255868,18.65041209107546,2456
13,11,0,208.9457968891265,109.0141406076177,2506
13,12,0,188.2556137224619,17.33106685995281,2403
13,13,0,195.5082078241936,18.31114567743344,2497
13,14,0,196.1196674890011,18.2443464919295,2511
13,15,0,189.4481447908423,17.8323002991059,2435
13,16,0,193.6084695955825,18.94730346310262,2471
13,17,0,192.1463765573248,18.07628259293254,2469
13,18,0,179.0318520355723,16.26710020607473,2330
13,19,0,143.4719830659951,13.1809440036332,1856
14,0,0,114.5711942570871,11.47362585820786,1394
14,1,0,141.5229453532332,13.59642078575991,1751
14,2,0,201.2239018212737,728.3885460237261,2113
14,3,0,182.4860158923751,17.36375234151237,2266
14,4,0,184.6129482928975,18.53046556057673,2271
14,5,0,194.1896266190197,28.12464840908493,2352
14,6,0,207.7402479210958,184.6424004950541,2383
14,7,0,201.5108121748487,332.1606626902478,2280
14,8,0,187.187322422759,17.7993116395465,2346
14,9,0,194.2220551527325,18.6864903916371,2431
14,10,0,193.6814723490241,18.25567679856151,2458
14,11,0,206.918611854599,217.4268159335514,2450
14,12,0,193.4620024987474,18.29160345972965,2445
14,13,0,199.4111082670777,42.44088739833321,2514
14,14,0,207.0504030184994,213.2909087193832,2473
14,15,0,218.5830709344453,759.9662038226014,2416
14,16,0,211.9857883635114,104.7069431302474,2551
14,17,0,206.3513846302949,222.0368744787493,2385
14,18,0,180.0701767720557,16.88299873018016,2320
14,19,0,144.5113124542856,13.53948488084192,1861
15,0,0,108.5539245983303,10.49962375738587,1353
15,1,0,143.6590547354716,14.43117426961877,1743
15,2,0,173.1462410216654,27.08449678660588,2089
15,3,0,184.8460210222123,24.98051951775152,2242
15,4,0,197.4026127111592,49.19361477356899,2320
15,5,0,191.2940524495172,21.96294002407537,2356
15,6,0,187.0969992289802,18.57042192511005,2300
15,7,0,187.8584726445377,21.22461567938151,2331
15,8,0,202.3361808779267,68.19817559477669,2415
15,9,0,197.4720923670386,18.8575025203702,2489
15,10,0,192.8860025678713,82.10496773931703,2324
15,11,0,193.8346251194814,18.27401338424741,2452
15,12,0,199.0420711218966,69.43973650570152,2377
15,13,0,183.6616975847535,17.52336578586172,2312
15,14,0,188.4988808457671,17.59260711316092,2405
15,15,0,199.0469644746131,27.64703130030926,2505
15,16,0,195.9373559285988,20.88264530245652,2455
15,17,0,219.4240387021865,171.680861144291,2510
15,18,0,184.2682759507281,19.52323331309853,2334
15,19,0,170.2920668945393,964.4272479085887,1779
16,0,0,129.0575666617451,653.9610480597536,1288
16,1,0,150.9600556325032,15.25118257819011,1848
16,2,0,181.0560755803475,320.0969827246679,2028
16,3,0,187.6385583353721,38.49237492805208,2240
16,4,0,181.927210537888,17.80747349504701,2225
16,5,0,189.3496824958114,19.35553302232204,2342
16,6,0,186.000111126477,17.88240351938554,2309
16,7,0,185.0498724809601,17.26412703621306,2339
16,8,0,208.3376306000958,456.819855614753,2352
16,9,0,188.0775450760348,17.88789409737206,2381
16,10,0,197.9005971999085,73.56672291008599,2380
16,11,0,204.143330952073,289.1859660486299,2370
16,12,0,197.3323215501401,92.28724944663735,2371
16,13,0,182.9333904044874,17.49004394209256,2330
16,14,0,183.2609587447371,17.50102498870964,2344
16,15,0,193.634729510076,18.41233952818102,2470
16,16,0,189.5140334624394,18.82195407910889,2376
16,17,0,204.3578182033137,33.30170483349245,2535
16,18,0,183.1511234523127,17.03713520158942,2351
16,19,0,141.7067374077279,13.71849630782507,1800
17,0,0,101.085265539372,9.711038364621805,1254
17,1,0,145.5271473640004,234.2958036189314,1630
17,2,0,158.1144625357946,15.32218624078847,1940
17,3,0,164.6166688800612,16.20023958727248,2026
17,4,0,171.4186079691339,16.47469212515841,2115
17,5,0,170.8748425691699,16.70248088819156,2110
17,6,0,180.5174651361035,17.494320873892,2246
17,7,0,175.6977835072559,16.71052087747408,2236
17,8,0,174.4344421388329,18.58995381039337,2167
17,9,0,171.7126408651229,16.14470632697851,2168
17,10,0,188.2756209054207,51.86921588408328,2265
17,11,0,182.7357882362519,18.49875159478497,2293
17,12,0,215.7539784332096,758.7205815340417,2351
17,13,0,189.1911805384908,34.05716564705988,2330
17,14,0,192.3373176505708,92.40534398928637,2340
17,15,0,199.9814322049371,123.1610293169919,2431
17,16,0,188.1787615802151,17.98212220507687,2398
17,17,0,185.9555557993598,17.44209130638491,2404
17,18,0,185.3031096863864,20.81558252112497,2325
17,19,0,144.6580075100501,13.72521263656836,1852
18,0,0,90.71791565800379,13.02666378026671,1094
18,1,0,124.1855727350784,56.79698594613227,1410
18,2,0,143.1848223536112,44.0132870989231,1675
18,3,0,145.5609531598801,14.07354923681033,1799
18,4,0,145.3503220368234,13.28000614538564,1850
18,5,0,155.1575103835708,17.63151393445445,1911
18,6,0,168.0334045111211,143.9681623334164,1953
18,7,0,177.1390218803818,695.7388653981056,1912
18,8,0,162.4847666013949,100.1673671043322,1915
18,9,0,191.2152800968357,785.3595030324689,2005
18,10,0,152.2506068555256,13.60097315780922,1975
18,11,0,161.1519337274629,15.96470878187307,2008
18,12,0,168.4810295866972,104.6875221426338,2026
18,13,0,162.475730473447,15.36885391525494,2089
18,14,0,178.6956292845244,28.77757208296565,2211
18,15,0,180.0335377250477,77.837012564151,2198
18,16,0,175.0672267017915,16.0885985029859,2276
18,17,0,176.412403204495,16.93810771884812,2232
18,18,0,172.1460435841169,16.50461292721287,2187
18,19,0,139.3901438654823,13.30291681660621,1784
19,0,0,65.90190218049767,6.303410835714371,812
19,1,0,91.01756362326174,8.7914011163215,1121
19,2,0,109.4813291550144,37.48789189940281,1291
19,3,0,126.6517230149255,194.6178754630424,1379
19,4,0,116.3670643009187,11.57771850661131,1428
19,5,0,115.5698128994594,11.25163802192688,1431
19,6,0,111.0460893454724,10.61994406190909,1376
19,7,0,119.4790234545082,11.68933218235779,1485
19,8,0,127.0382196008817,20.85668977334173,1548
19,9,0,123.6306784422122,12.21382045127065,1551
19,10,0,115.5136072360905,11.13847924520089,1459
19,11,0,130.1291014167739,45.23730220629064,1600
19,12,0,122.9878324297015,12.04255250279293,1546
19,13,0,128.8832898323054,19.87381029445519,1600
19,14,0,166.2620017487875,844.8254179449375,1599
19,15,0,149.8506165406289,489.0278397036354,1639
19,16,0,125.3485176070412,13.04627803724,1610
19,17,0,123.8472973648456,11.05022534208247,1622
19,18,0,129.0890606672104,12.49007790141909,1640
19,19,0,99.76687510122751,9.906511973728014,1248
