# mesh name: boxMesh_1
# primitive scorer name: doseScorer
# iX, iY, iZ, total(value) [MeV], total(val^2), entry
0,0,0,64.97111246528802,6.168239921591702,789
0,1,0,75.58223694544976,7.94268437467752,883
0,2,0,91.75692351011057,9.598880723372787,1068
0,3,0,101.7811283830529,10.31363437557736,1203
0,4,0,113.4110083153656,17.14150449409356,1295
0,5,0,112.405112480603,11.61684491258238,1313
0,6,0,111.5572571785865,10.43832210647949,1373
0,7,0,130.7655941855943,295.0516192326705,1374
0,8,0,125.2760044174625,230.3401761057318,1334
0,9,0,115.4683544249175,11.16705785332283,1412
0,10,0,113.8743131208566,11.27923895453107,1374
0,11,0,115.918928831678,11.0018938009102,1436
0,12,0,112.4391499927724,12.66536875902277,1382
0,13,0,128.1840897140365,375.7071789199858,1366
0,14,0,115.53048477484,11.16995816421287,1425
0,15,0,121.0469625026675,67.32343225516782,1394
0,16,0,118.3091423696103,11.6966701994355,1448
0,17,0,111.1213131150738,26.98443155878683,1356
0,18,0,97.90296731652116,9.60434054811701,1212
0,19,0,75.4843331280493,7.418849871141506,926
1,0,0,76.22924799249923,7.467223842868774,911
1,1,0,94.9797973708432,9.334440565113255,1132
1,2,0,121.1537220666757,13.83310819378729,1430
1,3,0,132.9594075243608,12.78568992236598,1604
1,4,0,134.5045393007701,12.82627250979639,1638
1,5,0,139.0726375895238,13.65019209820977,1673
1,6,0,134.699980039132,13.08124532872886,1637
1,7,0,145.0825692921597,15.52894808915707,1718
1,8,0,146.1358800051467,14.21995285741756,1779
1,9,0,148.4016638002068,14.68446830531527,1791
1,10,0,148.6394892037693,15.01010277227104,1791
1,11,0,144.809747522889,13.93688692206177,1775
1,12,0,150.0725748511148,14.93453966352317,1819
1,13,0,143.3181800701673,13.62691649086607,1778
1,14,0,141.3320553572373,13.16383081828005,1773
1,15,0,141.7473870545268,13.66930042738135,1748
1,16,0,130.2302701443766,12.42634155240157,1623
1,17,0,142.6799048534287,28.89008990574778,1718
1,18,0,128.1785250389395,12.30145082552248,1604
1,19,0,92.61184166850447,8.561086606031861,1165
2,0,0,87.76453656621113,8.56164541704568,1048
2,1,0,110.7632812926531,10.70665889024768,1341
2,2,0,144.5339640655129,15.00439019880365,1679
2,3,0,144.6527232953087,16.44263943462222,1711
2,4,0,153.3841638977476,14.58760773122749,1870
2,5,0,178.4109263247396,447.6249175101459,1894
2,6,0,168.0715084821526,16.75060110580003,2025
2,7,0,164.6069834550421,16.49277502982279,1958
2,8,0,168.2314072527444,20.45558543144261,1994
2,9,0,173.6980797014505,30.21009578534753,2089
2,10,0,170.8015817235827,16.71774791447508,2074
2,11,0,174.381953413596,17.12837692034396,2125
2,12,0,168.8353470389537,16.53132121198976,2049
2,13,0,173.6523603351512,17.87698018795528,2127
2,14,0,170.4073140369064,17.0881058597336,2119
2,15,0,170.6210281941548,20.85429622207873,2076
2,16,0,172.9520915458889,16.57870777239319,2139
2,17,0,175.5298064106412,119.2016755666396,2044
2,18,0,142.8891325533758,13.36569760685365,1820
2,19,0,117.9396168671784,96.70609060125317,1358
3,0,0,100.171308929839,9.502831999120268,1205
3,1,0,123.958391655466,12.51345316130684,1475
3,2,0,154.2958740132461,15.98860601885357,1800
3,3,0,162.9425778504209,16.29943397890349,1951
3,4,0,196.8238986761643,460.4185391313523,2014
3,5,0,169.0217032614611,17.02420642418753,2012
3,6,0,181.9244847200779,73.44443736348951,2077
3,7,0,176.2072313028362,17.40082743517462,2126
3,8,0,178.2505694754221,17.18207648872236,2174
3,9,0,178.6190730941815,17.39391331574073,2170
3,10,0,179.5639753174535,17.16517764344485,2214
3,11,0,178.3148032113259,17.20757389928589,2195
3,12,0,185.6154694663863,46.48285463817011,2216
3,13,0,174.8176099744986,16.45901580853337,2173
3,14,0,184.8226350011492,18.759027829044,2262
3,15,0,189.3332423562367,21.21295464425561,2300
3,16,0,176.6560375587475,16.62346846004029,2217
3,17,0,167.2184008938731,15.97518661435379,2084
3,18,0,159.8793766939537,43.92687081127089,1900
3,19,0,117.1264696525469,11.45609525541252,1457
4,0,0,102.5118427968286,11.14582290361097,1174
4,1,0,133.9506450375703,14.11290966325442,1556
4,2,0,156.5212936002522,16.01397069542501,1832
4,3,0,175.6268500795756,17.89166383030129,2090
4,4,0,178.3557108326315,17.59064427236071,2137
4,5,0,182.7115247610278,18.16562858473722,2186
4,6,0,204.1083692371237,542.6611703811211,2190
4,7,0,188.4940442583115,18.80983664431786,2270
4,8,0,183.1759765199018,18.0229164308188,2213
4,9,0,187.3710119350795,18.46438158456609,2284
4,10,0,187.5929440770256,18.78355997749934,2255
4,11,0,179.3725097465803,17.94352155600184,2174
4,12,0,185.4214693784178,18.16150447803447,2271
4,13,0,190.9843158247181,26.50986509354593,2329
4,14,0,196.375831448277,101.092760850502,2305
4,15,0,187.0865184813975,18.3812552896661,2297
4,16,0,178.3441491494074,16.52173445667529,2258
4,17,0,195.7383715793389,408.0581470525752,2195
4,18,0,161.4316042220736,16.40866031360974,1961
4,19,0,119.8675332040561,11.26642101039334,1512
5,0,0,109.2226304102015,10.86982069875739,1300
5,1,0,130.7801068532673,13.2487635039289,1552
5,2,0,161.8784812761619,16.55515293481794,1916
5,3,0,172.6605392670286,16.76542327117127,2076
5,4,0,182.6392473869455,17.69376049917671,2196
5,5,0,188.2896875149752,19.17250816547018,2243
5,6,0,220.7469816813223,690.0897638756383,2304
5,7,0,201.0486668818556,506.4925858129226,2187
5,8,0,193.7845614533344,19.05336359264172,2324
5,9,0,198.4736211347585,20.01192648792369,2370
5,10,0,195.5833810813494,19.87564788062098,2335
5,11,0,188.6266870526473,36.59772160912488,2255
5,12,0,195.2027899752653,202.3618890272979,2223
5,13,0,195.1583169784764,41.96091517678845,2406
5,14,0,225.153044031913,742.4112190010333,2353
5,15,0,196.5490858789057,63.63915820438326,2331
5,16,0,189.6019784051574,18.59144896416433,2346
5,17,0,216.3188320617858,751.944136968312,2250
5,18,0,173.5581262619483,358.5778073904123,1945
5,19,0,139.3829574219848,200.2108890343901,1520
6,0,0,104.4012247301516,10.60344476274553,1232
6,1,0,138.3875921904738,13.77460604029076,1640
6,2,0,159.6542139671236,16.12708085761466,1880
6,3,0,177.9110802332792,31.00780641380158,2075
6,4,0,187.9485363664869,18.76988361905367,2228
6,5,0,188.925915511566,37.02457847920077,2193
6,6,0,190.7784102390063,19.63837961568598,2253
6,7,0,197.0792214207243,33.36680239623281,2312
6,8,0,192.8157752154694,18.65950881036592,2357
6,9,0,202.5647442823935,44.62543278260878,2377
6,10,0,191.722025528154,19.1140905926241,2319
6,11,0,190.8418720202708,18.25233614991334,2350
6,12,0,190.7721087894918,79.63875035455737,2261
6,13,0,197.3940658257563,19.36188779869494,2407
6,14,0,216.3883779169772,275.4622404939304,2393
6,15,0,188.5296839876053,18.46888894745876,2303
6,16,0,204.9341749969501,101.0234622786562,2386
6,17,0,181.6857833624303,22.53616401578514,2222
6,18,0,155.4529843057462,14.59347281645456,1953
6,19,0,120.1713714620159,10.89635571958423,1531
7,0,0,106.795867491525,10.75173721372976,1262
7,1,0,134.8354260127446,25.92149511476581,1560
7,2,0,162.3727745493588,16.88295491013542,1900
7,3,0,178.2733459271672,20.9549882591405,2108
7,4,0,181.0114199120035,18.06198132489713,2170
7,5,0,204.7184728930586,85.13888542322151,2298
7,6,0,190.1787628572789,27.12566751384559,2217
7,7,0,187.0607472474929,18.96656984398485,2266
7,8,0,200.769871459669,70.59660516369593,2339
7,9,0,196.7385546131559,79.11692748862072,2276
7,10,0,183.0593599014971,18.73722962676561,2212
7,11,0,188.5927943760871,17.96588782231071,2325
7,12,0,193.8507637376461,40.16681014704042,2324
7,13,0,192.8230677816083,18.96516960522759,2367
7,14,0,194.3701667007562,31.24685061983667,2311
7,15,0,192.0839052223599,19.76296767467815,2348
7,16,0,182.7593012911946,18.89163611406226,2225
7,17,0,184.4959573914388,30.44639458860553,2227
7,18,0,160.3141812282688,16.43675496781355,1967
7,19,0,121.3275757111255,11.4783034262706,1521
8,0,0,112.5731139210796,11.11256242037739,1336
8,1,0,135.3038079045622,13.46795161573552,1601
8,2,0,157.9516708209148,15.48412998896308,1887
8,3,0,183.3597028854988,34.49450916934866,2120
8,4,0,185.1381228849203,22.77452609101487,2186
8,5,0,208.0331079675212,321.7425541879353,2225
8,6,0,211.5401002516818,474.6909537591779,2262
8,7,0,193.7180913834047,27.71839774568321,2261
8,8,0,195.9027758017518,164.1574462505808,2179
8,9,0,192.7994695354123,19.12705707471977,2326
8,10,0,220.2348738036698,501.3366956601137,2339
8,11,0,191.8524334229123,19.16187874499446,2312
8,12,0,190.5427395771666,17.58096027897761,2372
8,13,0,186.3022376185733,18.08898480329663,2303
8,14,0,190.7826234892151,19.00884303639715,2346
8,15,0,192.2291250962466,19.06440533600772,2335
8,16,0,197.1745821712407,56.7561204287141,2355
8,17,0,201.0972166862966,551.5244694784847,2171
8,18,0,163.7901544102542,101.3672817201001,1901
8,19,0,118.9095983296374,12.23746205507397,1475
9,0,0,111.9942828095486,11.56544020486144,1318
9,1,0,140.6439225121938,22.55454280841216,1609
9,2,0,160.4322366509456,46.99460192333972,1824
9,3,0,169.0831781442236,16.95817372011016,2025
9,4,0,180.853573651498,18.23095902827017,2147
9,5,0,183.4358282204463,18.17880861026526,2195
9,6,0,197.0615776033821,134.7540797781822,2230
9,7,0,246.3072542075766,1153.924747857149,2350
9,8,0,188.4667472712881,18.7417967703625,2273
9,9,0,195.2785435456231,19.84768981520181,2328
9,10,0,192.0837118080346,18.34309380536355,2354
9,11,0,184.9357186461025,17.89704977239787,2268
9,12,0,192.5750291670732,18.36780467949512,2384
9,13,0,187.8266502810279,17.95622537644001,2312
9,14,0,191.855787510192,31.58790984604188,2286
9,15,0,180.8381958290335,17.94966243792117,2227
9,16,0,221.8581411338703,556.8957277033523,2348
9,17,0,183.5414322162151,17.87801814689875,2273
9,18,0,158.6111289491641,15.18191645430496,1971
9,19,0,115.8284312075586,10.76069046954949,1471
10,0,0,102.8151436090976,10.11438114283753,1224
10,1,0,139.615385072228,13.84589725642356,1663
10,2,0,158.9036110842765,16.28625977338647,1859
10,3,0,175.9076594972759,17.57730092549251,2083
10,4,0,188.1754442506995,18.37242291294245,2260
10,5,0,186.8015226557934,23.76100406261277,2190
10,6,0,194.4770547798308,19.67725637839013,2299
10,7,0,185.6803885527677,18.66440190831825,2222
10,8,0,213.2189211124251,264.4473597856782,2315
10,9,0,193.1161010807738,19.17698608277433,2322
10,10,0,184.872255540313,19.51332470168525,2249
10,11,0,205.0660753134804,127.6016652101757,2353
10,12,0,194.1550665884793,20.7104429386378,2367
10,13,0,192.1760313556422,18.76862398739118,2342
10,14,0,199.9205480890538,20.08854474449896,2428
10,15,0,207.0787962263702,321.48095678662,2355
10,16,0,214.3490553682223,310.2225895649695,2309
10,17,0,211.0082653541027,670.0105983594958,2271
10,18,0,170.6878193863524,78.06700098198947,1965
10,19,0,124.7061109434035,18.05894164791794,1537
11,0,0,105.5550107167799,10.5808627420234,1249
11,1,0,140.4220382806694,46.28051422473926,1604
11,2,0,162.2844728052395,38.57630798252894,1846
11,3,0,169.9941983710233,16.97321853900029,2027
11,4,0,198.1897791806616,244.6568235121915,2152
11,5,0,185.625578506043,18.78509691922625,2216
11,6,0,188.2459152598167,19.00365087661896,2239
11,7,0,187.61755203205,18.7383074431086,2227
11,8,0,192.9767949107654,18.68014355180871,2363
11,9,0,192.9623152664608,19.55114507051657,2335
11,10,0,216.6917174793818,470.4159113277247,2328
11,11,0,204.4197525740455,107.4915981372965,2359
11,12,0,191.6469331196415,22.36843477608734,2304
11,13,0,189.950816492543,25.41824537783612,2316
11,14,0,205.0040417282274,92.39223150630565,2353
11,15,0,197.0995636864661,94.77587916456355,2309
11,16,0,185.9614458776837,17.95877567651444,2283
11,17,0,182.6981308513194,17.84421241152614,2256
11,18,0,152.5687052165346,14.63985042972667,1908
11,19,0,121.0751089465648,11.49607724096652,1524
12,0,0,104.5451026968006,11.69454953642443,1236
12,1,0,137.9392152383762,46.94863385199803,1605
12,2,0,152.83364180055,14.89971875837693,1841
12,3,0,169.1423106688174,16.4717547290815,2033
12,4,0,189.1394893027077,19.23392307545556,2252
12,5,0,186.1318194553334,18.20147851818966,2229
12,6,0,193.7626111413521,18.85020535769634,2334
12,7,0,194.9605185797569,19.23433109349968,2350
12,8,0,195.0595447532335,22.13701683572875,2299
12,9,0,190.3201079810096,18.32376781640724,2328
12,10,0,200.1123540354939,87.84601515279817,2335
12,11,0,196.2307357424948,60.03096717641256,2294
12,12,0,198.4200369283732,205.576970946238,2255
12,13,0,196.0447276192,84.58639776541443,2306
12,14,0,192.6944755162462,18.73394207620754,2374
12,15,0,190.9454357170197,18.38167603130002,2376
12,16,0,190.0683851277689,18.29071747694368,2351
12,17,0,177.3091991133188,17.60472681111279,2174
12,18,0,152.5013447318686,14.83813378007959,1896
12,19,0,129.8749034438958,30.84385213398377,1509
13,0,0,103.7254766704768,10.32111867220245,1227
13,1,0,139.2075472558597,14.77067220436856,1621
13,2,0,173.6656074610403,285.8618949797236,1874
13,3,0,183.3717197994185,38.77155385780458,2100
13,4,0,177.3948000453509,17.50191086003646,2117
13,5,0,182.6850984734513,96.52736026461555,2101
13,6,0,202.8675348153826,479.7684855924155,2185
13,7,0,185.8353454732496,18.03258413746684,2250
13,8,0,203.1471677304322,54.60965812517904,2364
13,9,0,194.789119761585,19.3908821042537,2334
13,10,0,196.3926058508217,46.70320868949879,2330
13,11,0,186.6397490253356,20.55102702517086,2261
13,12,0,198.2281912485379,26.80275184592691,2378
13,13,0,200.4168984433944,19.91255614432649,2426
13,14,0,190.4717838451265,18.49087977863147,2339
13,15,0,194.6546305805065,20.05862267629137,2366
13,16,0,186.9602816167197,17.92319351781673,2327
13,17,0,175.9287561791153,21.84428996108978,2148
13,18,0,156.3054164810711,15.08139810656089,1944
13,19,0,116.7306988314678,10.71497404522125,1485
14,0,0,116.5717877277331,22.05958489578299,1310
14,1,0,134.1514576339187,15.12478987228914,1563
14,2,0,169.3915534885687,123.0546443125807,1831
14,3,0,181.55790161902,264.2803990924406,1951
14,4,0,175.3353065037582,18.43700138074712,2073
14,5,0,181.7031937175907,62.53442718392562,2079
14,6,0,179.82518046685,17.91494333091463,2139
14,7,0,185.7964665415332,19.99862419100895,2228
14,8,0,192.2368012361869,18.94104581668539,2316
14,9,0,187.6476604559323,18.61532109941922,2265
14,10,0,204.1528806296116,66.3175851756487,2367
14,11,0,191.118209185503,18.60940178386708,2327
14,12,0,190.7547113261805,18.70750918090729,2307
14,13,0,196.2533031259467,19.29960655870923,2379
14,14,0,190.0493672953816,18.23754084696761,2355
14,15,0,182.3332674579652,17.74690126477476,2248
14,16,0,191.1867448527854,61.63755038632259,2289
14,17,0,178.7192915286273,17.22874916727971,2211
14,18,0,162.1068115548103,21.77052726296186,1978
14,19,0,113.5772704790884,10.35195801513841,1442
15,0,0,102.32943701649,10.74585153137308,1192
15,1,0,134.4784221941742,13.82143647312579,1581
15,2,0,155.6932961007892,15.94476632977434,1834
15,3,0,172.3646303055774,17.21261192114781,2055
15,4,0,177.0813011883259,17.91612763790675,2091
15,5,0,186.620209685124,94.47112954434962,2090
15,6,0,180.227238705364,17.78284809239816,2177
15,7,0,191.9172375217154,88.7594786082264,2168
15,8,0,189.5451725945598,18.65599787026569,2279
15,9,0,191.5504947414937,18.38514685526976,2324
15,10,0,182.0423665842347,17.39611508459397,2237
15,11,0,187.269191708028,25.63896080582255,2263
15,12,0,187.9073079688787,18.40781189361439,2304
15,13,0,216.2075957734737,510.9736249471275,2271
15,14,0,188.8612020020043,27.3482985225545,2317
15,15,0,184.5695080214239,17.75677920135342,2279
15,16,0,186.685624792712,18.78050498950796,2275
15,17,0,176.7537340150382,16.92874350629407,2206
15,18,0,147.5730146561006,13.99965429759556,1859
15,19,0,122.4951854173931,11.99455952608098,1531
16,0,0,108.84894270607,110.0249160816849,1174
16,1,0,129.5334405763476,18.82501263665076,1516
16,2,0,143.8522056425729,14.57993914546075,1691
16,3,0,160.1491216670855,16.92451801371692,1872
16,4,0,184.1886349965399,170.8247654554058,1991
16,5,0,175.4832250044082,17.6880045347937,2076
16,6,0,182.1466443010143,18.06807364360167,2163
16,7,0,181.6836374210071,18.01762522190695,2180
16,8,0,174.6497448183708,38.21670522250412,2063
16,9,0,186.2466115552081,19.6579983970408,2243
16,10,0,181.870944023424,23.09440958000318,2184
16,11,0,173.39368310016,23.47857573337105,2085
16,12,0,183.3195374642572,18.24846869977975,2237
16,13,0,178.3957532182521,16.9826938381341,2199
16,14,0,189.5545965136661,38.24731043346408,2273
16,15,0,181.1582808387749,19.00982667268867,2176
16,16,0,187.352867980019,71.76900034164311,2248
16,17,0,165.4711801907026,15.64444922586506,2070
16,18,0,161.4285478392737,206.9803631744816,1780
16,19,0,113.6768238673205,10.84591603877679,1426
17,0,0,92.68491876739621,9.773472486637724,1077
17,1,0,114.9910052553236,13.33339973565,1345
17,2,0,137.6936231501354,14.32937514893856,1618
17,3,0,151.8590248009614,15.10923328301221,1813
17,4,0,175.2736776011564,147.47636805721,1872
17,5,0,168.4939033202468,16.98621158283676,1997
17,6,0,166.9037441692741,47.69187749567851,1937
17,7,0,177.2050008104383,149.4835865393283,1988
17,8,0,166.3103200085858,16.62146294540783,1993
17,9,0,166.0960860374801,16.1669845178172,2021
17,10,0,168.6576942069955,27.05655953346679,2009
17,11,0,179.3160448815499,92.37381626583932,2057
17,12,0,169.0295929604045,36.94877207585489,2010
17,13,0,194.1948821429241,236.6537218761934,2101
17,14,0,165.6976482731697,16.33807348111621,2041
17,15,0,172.7119456626403,53.83904216319751,2081
17,16,0,188.9479704094664,326.5368937431237,2054
17,17,0,173.7674640929729,234.596617597696,1959
17,18,0,140.7937173818607,13.87599425349743,1720
17,19,0,113.0917865311516,10.85226895247038,1410
18,0,0,77.32936672269626,46.19710895642353,860
18,1,0,99.78174284401823,10.28967920224776,1160
18,2,0,118.2171426617626,40.42035187342443,1336
18,3,0,126.2384395822184,12.29889208775149,1518
18,4,0,131.6338041345443,13.32390087859485,1570
18,5,0,143.2269651086496,14.23582935313153,1719
18,6,0,145.1662971861114,14.55723310285844,1738
18,7,0,149.6942702726455,89.58831574255767,1720
18,8,0,148.3559137102837,14.56367042711825,1799
18,9,0,148.4070938330868,25.19642039396791,1752
18,10,0,140.9341413032952,13.84967391270106,1712
18,11,0,143.2639093497548,14.53618038769349,1734
18,12,0,144.3863170793548,14.66710747166222,1734
18,13,0,150.1705146392449,14.63204778791554,1836
18,14,0,145.7313926401036,14.54398436562189,1783
18,15,0,149.1568217868016,30.70932716941833,1795
18,16,0,154.3062321927109,53.05796112344434,1834
18,17,0,139.0227242071141,13.39152180419409,1728
18,18,0,130.0309519749376,37.5976454180234,1563
18,19,0,97.65886651463853,9.711086519028257,1201
19,0,0,62.25118849833222,6.372171818013252,732
19,1,0,80.30830272367825,8.231086411161987,948
19,2,0,94.25981547976389,9.602536581619962,1105
19,3,0,101.9765298818503,10.19972613552771,1227
19,4,0,107.6291526019682,10.9910400702541,1271
19,5,0,108.9272304452096,11.0812259105841,1299
19,6,0,112.4510842166109,10.84578873848413,1362
19,7,0,107.4535044162342,10.91746968071674,1273
19,8,0,114.699985635435,11.38851796281542,1391
19,9,0,111.1772222876847,11.12226415828689,1350
19,10,0,114.8264187910134,11.53462967932884,1392
19,11,0,114.7298584121554,11.40151501868041,1398
19,12,0,108.1706984990379,10.7004541422762,1325
19,13,0,122.5701842747849,30.67569000227709,1428
19,14,0,116.5902400436498,11.11232047332317,1446
19,15,0,128.3872854028729,85.3599701581747,1497
19,16,0,114.0382970821536,11.05592721982301,1421
19,17,0,105.1926947434499,10.69248276010421,1267
19,18,0,99.12450246776054,150.8864996686168,1102
19,19,0,83.95031040275198,117.6944781221851,902
