# mesh name: boxMesh_1
# primitive scorer name: doseScorer
# iX, iY, iZ, total(value) [MeV], total(val^2), entry
0,0,0,65.16107007117881,6.555054025277647,778
0,1,0,76.61586925041335,7.152376806496328,927
0,2,0,97.65459541137341,9.76907876400241,1150
0,3,0,104.0873215212992,10.45898058988736,1253
0,4,0,107.797839172446,10.33152562703977,1307
0,5,0,112.0843954861904,10.99408353204679,1349
0,6,0,110.14067596281,10.58149781956096,1335
0,7,0,121.4895802765283,83.53535565881029,1387
0,8,0,114.1393353507539,11.53027422619442,1385
0,9,0,113.6802398038021,11.22390436090927,1396
0,10,0,115.1310959541331,10.98355209118147,1428
0,11,0,113.6831967045567,10.63484548637512,1433
0,12,0,118.424933577333,13.26557426977999,1456
0,13,0,144.0406051524323,635.7503968802358,1489
0,14,0,116.2833197685414,12.35566407630958,1455
0,15,0,116.9372482762149,11.30972082565652,1461
0,16,0,117.4112045404255,11.39474002303372,1467
0,17,0,118.6399079103764,11.05587260941742,1515
0,18,0,113.137950680317,12.79524679001766,1437
0,19,0,83.50179874576175,7.720841971357292,1076
1,0,0,78.94556844230362,7.650550386122699,940
1,1,0,93.53215603575714,8.599732116711115,1149
1,2,0,122.9148651486183,12.33843650198173,1461
1,3,0,146.0108233565165,102.8048403846406,1597
1,4,0,147.8122250684636,77.53996251441322,1678
1,5,0,141.8153764478344,14.14869320777556,1717
1,6,0,137.5072707415182,13.29659858222885,1680
1,7,0,148.9772306947772,14.52631430573203,1805
1,8,0,152.0219232802887,18.72787815751305,1816
1,9,0,171.2988877992736,607.1095700372748,1823
1,10,0,159.9577865391427,40.96395620633655,1870
1,11,0,155.3150403220632,137.9336091782378,1792
1,12,0,171.6524512744195,260.8945343871565,1921
1,13,0,154.0750498745096,14.83567212280795,1922
1,14,0,163.0632607338387,138.2625780725402,1872
1,15,0,178.4848019613855,834.8264767996627,1899
1,16,0,157.1016927642787,18.27347028725675,1958
1,17,0,174.5461975402184,220.1610596129461,2021
1,18,0,177.9286563373754,281.8973731105544,1924
1,19,0,110.7300543131136,10.59588669229923,1394
2,0,0,92.39724861228939,9.627167258716296,1078
2,1,0,116.1284556316418,11.24308975938679,1397
2,2,0,143.5703574826979,14.48513060137266,1701
2,3,0,149.8214734107772,14.48362919814106,1813
2,4,0,157.1528817345121,15.64587665906068,1887
2,5,0,179.4305237066881,114.4006482709653,2055
2,6,0,171.0012800483165,17.85695301624661,2054
2,7,0,174.7290016280889,17.28876301009167,2101
2,8,0,175.9964679247776,17.20400733682848,2157
2,9,0,166.4884703240943,16.41713744951875,2042
2,10,0,181.7289127085002,17.87227513412882,2219
2,11,0,179.2492170521368,35.693122878598,2168
2,12,0,174.3749890588649,16.6907534753465,2155
2,13,0,177.4097545033591,37.79333519900033,2151
2,14,0,178.8657530630247,31.70574686497587,2181
2,15,0,200.2294523631822,504.5241031921642,2223
2,16,0,191.1584791167045,126.7705187640413,2221
2,17,0,178.4519146442679,17.36620643434554,2226
2,18,0,166.9549913639491,16.25135512901483,2112
2,19,0,125.6841960548226,11.8347913777764,1618
3,0,0,96.3687086682684,9.773235282890113,1151
3,1,0,128.7503889152334,12.79017090336247,1533
3,2,0,150.1499295512076,22.80919239052166,1764
3,3,0,164.791361185228,17.59540346808361,1957
3,4,0,173.8499895791038,17.51108640645535,2085
3,5,0,172.2071469256565,17.02237448129342,2084
3,6,0,172.0889412491146,17.83291318264644,2072
3,7,0,177.9726983776625,16.80095391682416,2192
3,8,0,182.3287279728928,17.48221243928134,2242
3,9,0,187.5219561277913,35.59606061740956,2261
3,10,0,189.7099931606903,22.52082754442368,2313
3,11,0,188.3819912371706,46.93053931563934,2248
3,12,0,182.0151523362374,17.48690744314012,2264
3,13,0,185.6215918368203,17.5218115970147,2327
3,14,0,193.8553339265989,39.55185702654517,2336
3,15,0,189.4728799585661,20.00202670061497,2366
3,16,0,195.7783034256137,20.66136565397747,2404
3,17,0,189.138650963013,18.07052438017418,2397
3,18,0,169.5943548016363,16.32255499309273,2147
3,19,0,131.3285688361517,12.11270141051091,1677
4,0,0,102.5189143984697,10.49209559524524,1207
4,1,0,129.7661329003494,13.38255851077109,1552
4,2,0,154.540976476685,15.55652020239076,1834
4,3,0,170.6929082414405,17.42088541519347,2024
4,4,0,175.1460846606912,17.3488292885095,2120
4,5,0,179.2878100341737,17.52465272112996,2161
4,6,0,193.6557592272414,19.22641304175939,2333
4,7,0,187.7278900859153,18.42662436468958,2281
4,8,0,191.045011776095,18.87942090552216,2313
4,9,0,195.271311946288,110.6625388485344,2274
4,10,0,185.7957062412538,17.95770729812817,2282
4,11,0,182.5341444267771,17.58222520637163,2270
4,12,0,188.3048358252319,18.63395764787953,2315
4,13,0,187.7240452625926,19.92019581532929,2338
4,14,0,196.8161002888773,20.91963375377955,2444
4,15,0,185.0913762013517,18.9074841076161,2310
4,16,0,180.6700293450052,20.78779718411693,2313
4,17,0,181.5868686069027,17.54952548549484,2278
4,18,0,192.1061682407303,525.9226183265663,2190
4,19,0,133.9631027424742,12.83600292833746,1707
5,0,0,110.6655699835284,85.19020529918714,1240
5,1,0,137.4069322529806,13.92209586052041,1627
5,2,0,159.5475263724771,15.98441984453524,1907
5,3,0,173.6084186348298,17.57141816564269,2057
5,4,0,178.519818115623,18.26712073239721,2105
5,5,0,186.851059001252,18.54733503775778,2258
5,6,0,187.9518457863832,18.47269078671556,2279
5,7,0,189.0219315323945,32.20676108889156,2253
5,8,0,194.8688236163143,19.4458888326248,2361
5,9,0,197.2953212083165,19.01120079571623,2419
5,10,0,188.3420260648505,18.30829111925604,2307
5,11,0,192.9115934199205,19.02606911425731,2341
5,12,0,190.8968427138099,18.17111539738475,2367
5,13,0,202.2322771341065,61.02345233250732,2403
5,14,0,187.412484891588,17.64951200768375,2358
5,15,0,206.4201627772836,193.0767321454251,2416
5,16,0,215.0595730205912,201.5923122780989,2465
5,17,0,192.5038145823171,18.0281348929976,2453
5,18,0,166.7151246417227,15.16538166204298,2150
5,19,0,134.3799492284607,12.90275918673475,1700
6,0,0,111.5515596358051,11.59975774343492,1300
6,1,0,158.9073030758134,512.6512300464359,1642
6,2,0,158.5738928037553,22.88620711154265,1883
6,3,0,189.9841924064983,185.2403261365973,2085
6,4,0,189.2310557527388,18.6076907772917,2271
6,5,0,199.0874937085122,58.62438631729808,2309
6,6,0,185.5966717016206,18.66489894475477,2230
6,7,0,178.9740521879858,17.14372925111071,2198
6,8,0,193.606073222508,22.10834317307348,2374
6,9,0,192.7617799787146,18.75713524372971,2358
6,10,0,191.8013996023835,18.95895788304487,2335
6,11,0,194.5451666714043,58.19324617029007,2337
6,12,0,191.5721188938612,18.94049823200442,2353
6,13,0,191.9470823303823,18.31534473161387,2372
6,14,0,193.8103400769775,18.32464650341303,2436
6,15,0,194.3338657514772,18.97679736438892,2423
6,16,0,196.4706532094496,18.96629804619697,2457
6,17,0,192.1108208873428,23.54845713104472,2421
6,18,0,180.0461648859926,17.66007131500146,2295
6,19,0,133.0457958302746,12.16173244686435,1702
7,0,0,119.413081462833,130.0203950241015,1300
7,1,0,139.4496291423584,126.2000944573601,1547
7,2,0,169.4642857797487,44.25434619564489,1960
7,3,0,197.2768823741667,183.8492449218791,2158
7,4,0,185.3550792276023,18.69160391269497,2222
7,5,0,210.067240585416,332.5537891445808,2237
7,6,0,182.4466516186379,17.52246725473315,2223
7,7,0,219.3676796015487,619.8296099546845,2345
7,8,0,191.451045009323,21.52490622491369,2326
7,9,0,199.8771469458611,24.34859269328652,2397
7,10,0,203.7277798548751,215.4175285376682,2332
7,11,0,185.1573543146853,26.48959037006327,2258
7,12,0,193.0577115534157,18.493327703911,2393
7,13,0,194.4222080791611,18.9513597647704,2415
7,14,0,198.6589375604923,78.41324519101171,2391
7,15,0,195.6044334965856,19.31615501149724,2419
7,16,0,196.7234994746163,18.64198935896573,2506
7,17,0,194.721167898255,39.96851612500429,2413
7,18,0,174.7058579960326,16.54330314488146,2209
7,19,0,140.2520252485154,13.6723415840546,1756
8,0,0,106.8479538967421,11.0102450893241,1253
8,1,0,131.7706287041374,12.67593411607654,1593
8,2,0,172.0833695893936,123.0884153201316,1930
8,3,0,187.9931256471788,29.75984414120321,2207
8,4,0,182.5393453491873,19.84397227240068,2201
8,5,0,209.2607259987383,350.5658469490441,2322
8,6,0,190.4179895166044,24.04364542073002,2294
8,7,0,171.8529047052472,16.47533416606376,2121
8,8,0,231.4065513868158,1660.297683613744,2298
8,9,0,193.0337495609113,24.64528957542279,2302
8,10,0,199.450293184714,20.33965728954209,2400
8,11,0,200.7623532909968,98.9856667352477,2302
8,12,0,194.007004633909,121.4471594391271,2301
8,13,0,188.1007860995261,17.74818232470429,2371
8,14,0,188.16701859121,18.14363918563171,2344
8,15,0,186.352650692921,17.77275217466941,2340
8,16,0,188.2604910365564,26.96994125325119,2339
8,17,0,191.8053721591832,86.85841020458787,2333
8,18,0,171.2276990210426,15.4942178810699,2200
8,19,0,146.1889603463631,75.2408504010937,1743
9,0,0,112.9098634286618,59.70580337939915,1248
9,1,0,134.8494718731374,13.22598829701149,1624
9,2,0,154.0291447104751,15.4653885316942,1843
9,3,0,189.3465049723397,190.6445234107172,2072
9,4,0,184.6065509965489,18.81470120790483,2208
9,5,0,190.2687391909697,19.03185616643032,2287
9,6,0,210.7581853502247,223.0088893639197,2334
9,7,0,190.2716505411721,18.70643203483381,2306
9,8,0,202.4909633224832,149.8970758900948,2323
9,9,0,214.9642234910325,162.4224235193641,2389
9,10,0,192.120598931612,18.54020881758322,2375
9,11,0,184.4972577887621,17.9551938111408,2280
9,12,0,198.5446654674198,24.42804146271973,2440
9,13,0,192.9596919153701,18.63356172539925,2403
9,14,0,192.2949126063657,18.90359145771675,2365
9,15,0,195.6213216300831,19.87428128276924,2408
9,16,0,193.2938785098248,17.92066477274184,2459
9,17,0,207.9800227504084,342.4795871069786,2398
9,18,0,170.2006994891984,16.07338762571991,2174
9,19,0,137.4408550868232,13.45682664140004,1744
10,0,0,103.7942300583008,10.58656672910786,1243
10,1,0,144.3451895896573,59.74991361011151,1617
10,2,0,152.6584651778431,15.36620312488041,1805
10,3,0,184.6110643804691,120.6730169086139,2085
10,4,0,182.2493137997985,18.3857021235739,2199
10,5,0,190.3424516025191,19.27923343324124,2267
10,6,0,201.8125136778835,92.53105865884308,2297
10,7,0,193.1841810435996,18.43581320436308,2381
10,8,0,186.2873628102488,18.26899436372861,2274
10,9,0,188.0847274329787,18.11729816080938,2313
10,10,0,197.3212921246854,23.32443701959379,2395
10,11,0,189.7432912955829,18.5260509775034,2383
10,12,0,221.2295260495589,535.5094556058556,2376
10,13,0,200.7632134728728,61.96801614816839,2419
10,14,0,190.6255909739946,19.15406399075922,2352
10,15,0,194.4441500946972,28.91622225396459,2392
10,16,0,196.3711068412247,35.68465359931749,2453
10,17,0,192.7198466311137,18.24735233294529,2427
10,18,0,175.1129149390046,16.2761993159415,2229
10,19,0,140.1838148281663,21.72785255507155,1725
11,0,0,119.3075979675101,201.0067728063364,1257
11,1,0,131.2775458299633,12.7500108060904,1567
11,2,0,165.7931800976495,47.92821555693018,1907
11,3,0,175.9094650438021,22.49161441600501,2080
11,4,0,184.942643510131,20.05107465070871,2190
11,5,0,184.6434948048436,18.73780455324963,2221
11,6,0,194.0165842880655,92.64753489842933,2272
11,7,0,186.920489866117,18.50634393989079,2259
11,8,0,218.3100957742398,577.7278828537848,2376
11,9,0,187.9425279581951,18.35633856950882,2302
11,10,0,187.4395501896092,18.36703888037517,2303
11,11,0,201.2448634975101,222.2385874031841,2303
11,12,0,186.9511666645526,18.35932771033437,2291
11,13,0,187.8912083167907,18.47491055696938,2322
11,14,0,202.4683229987345,99.93236546840798,2408
11,15,0,193.4690715488394,18.4673548650694,2415
11,16,0,197.7863280735937,19.01153497752322,2503
11,17,0,203.2370759517198,332.9979952665946,2375
11,18,0,173.0245451086266,16.31499326718721,2196
11,19,0,144.5811601292552,14.9206492457054,1779
12,0,0,103.6655575612245,10.73824645872434,1213
12,1,0,138.0724434113064,29.91619020852018,1599
12,2,0,157.0970411980262,15.45705662308382,1893
12,3,0,169.9881096667285,17.10614276017707,2040
12,4,0,198.8247196380978,74.81473002755345,2277
12,5,0,184.0843178216431,18.90841449177215,2239
12,6,0,188.9482013405748,18.96615118829797,2268
12,7,0,193.1690641374711,18.76399381059621,2350
12,8,0,193.1595882898047,32.15132587001442,2291
12,9,0,199.9085379882411,72.02364048119634,2342
12,10,0,196.7924829592366,24.78276766793863,2412
12,11,0,202.5328952261083,66.63700348540836,2361
12,12,0,191.6159714864867,19.2832119082245,2358
12,13,0,184.0772430236743,17.44857236198687,2312
12,14,0,209.2588956565129,190.5012330882303,2458
12,15,0,200.6259452312631,120.3259436947244,2404
12,16,0,193.3175730094391,18.85875126531463,2412
12,17,0,192.9043773875922,54.73659149310273,2373
12,18,0,177.168013874681,60.25522446422114,2151
12,19,0,142.7412863797205,64.3259537854327,1697
13,0,0,109.9694937614036,19.06953487982067,1280
13,1,0,137.5196425431792,20.89762323852886,1584
13,2,0,169.3313228229548,251.8887556430288,1836
13,3,0,191.6840180966223,159.3729287611243,2175
13,4,0,179.5036789959512,31.11950086927347,2123
13,5,0,184.744261624668,18.21454830674735,2239
13,6,0,185.2051372373759,18.63628983504242,2238
13,7,0,182.7469003463013,18.43733750023688,2186
13,8,0,189.6811575611891,19.2392667306223,2277
13,9,0,202.8763029475436,32.99091941047032,2446
13,10,0,206.0735634897853,161.5606948301943,2377
13,11,0,200.3898405137077,28.99688323180738,2415
13,12,0,196.7914121881265,37.84004095797377,2381
13,13,0,199.5404331149184,137.5890699612471,2377
13,14,0,185.1064673464205,17.23406662495956,2350
13,15,0,190.6654284553206,18.53541757512598,2375
13,16,0,216.9873011929014,590.2367242844607,2415
13,17,0,178.9387494067858,16.57484110094228,2273
13,18,0,179.4686663488272,60.98809356454716,2190
13,19,0,137.9553449782583,13.26915224312618,1731
14,0,0,118.2729026800628,122.9656990313892,1252
14,1,0,134.9945301757442,13.47429612322673,1617
14,2,0,161.4910884675834,42.71047085539274,1860
14,3,0,170.7350833701085,16.93703022679998,2044
14,4,0,181.1846281206346,18.27140324187932,2160
14,5,0,179.6175599215395,17.65379907119396,2177
14,6,0,186.1480811465364,18.67771898857245,2247
14,7,0,193.83022170314,53.42603737333487,2285
14,8,0,193.7833281802683,19.49492830689439,2351
14,9,0,200.3049946073245,215.2692801945171,2293
14,10,0,191.4052619442673,43.37482030732126,2296
14,11,0,192.7389921842601,42.73539097854484,2348
14,12,0,193.9261103151445,19.70851489092366,2390
14,13,0,195.8404729853492,30.05748237981809,2381
14,14,0,192.8427298051863,21.93777391724058,2388
14,15,0,191.0907927309215,18.63109884167149,2394
14,16,0,201.0402591615278,283.5205465701487,2364
14,17,0,218.9350201811062,820.1336098105173,2409
14,18,0,178.2770816736215,33.14475608745808,2193
14,19,0,135.4164987855042,12.76656642634264,1708
15,0,0,98.00531448363326,9.365456237068315,1193
15,1,0,131.4615698928288,13.16652230468619,1555
15,2,0,154.8687575722621,15.31436159798884,1861
15,3,0,169.6975721807525,17.52348275431673,2004
15,4,0,176.9392600140152,17.50647209102448,2122
15,5,0,178.3658520152636,17.71459633295871,2163
15,6,0,186.6133829582273,21.1878738313211,2230
15,7,0,191.0261115563973,19.30244491379509,2289
15,8,0,197.9844657026907,39.83207514612614,2351
15,9,0,189.0870385806694,18.36475385531044,2323
15,10,0,185.7564644422104,18.32021369555963,2304
15,11,0,186.6143265934774,18.93891204837357,2315
15,12,0,203.819294479054,182.1289426657256,2292
15,13,0,188.649358494016,22.30619375719524,2322
15,14,0,191.0556110813152,27.03301054688312,2353
15,15,0,202.2054630116306,47.75845453647905,2434
15,16,0,194.8328924510053,18.09957709784218,2485
15,17,0,192.3867706503042,21.98374017129308,2381
15,18,0,197.6212294721641,528.9039596860829,2208
15,19,0,139.1721818798489,13.23636425061311,1769
16,0,0,102.9782245606027,10.30286673786751,1224
16,1,0,133.2747753217338,13.6052913171251,1578
16,2,0,146.7609519299109,14.61214879626293,1763
16,3,0,167.7680963626189,16.65021298829047,1996
16,4,0,168.3661970031691,17.17270699136562,1987
16,5,0,179.4684345168315,17.82595101064998,2163
16,6,0,176.5615818317433,27.97737071904153,2130
16,7,0,182.5059129402432,18.35955245169705,2197
16,8,0,188.240575919149,26.17604424880231,2218
16,9,0,189.2715754467997,51.38519439141817,2208
16,10,0,183.5274837813915,30.62503016692532,2208
16,11,0,188.9216192164913,22.76694905514871,2292
16,12,0,184.6959842241424,18.23910501505509,2283
16,13,0,183.2309954740418,17.85357690319274,2281
16,14,0,185.681220365246,22.6418550774475,2318
16,15,0,181.0453533110018,16.90936964713995,2301
16,16,0,185.7116873696469,18.21837420636426,2303
16,17,0,209.3884464611595,714.2825836092222,2267
16,18,0,174.2564267707938,17.37610429996746,2176
16,19,0,130.4458533490608,12.3973203275185,1662
17,0,0,89.24718670730131,8.828264024596869,1079
17,1,0,122.1700449638608,12.5820982152704,1436
17,2,0,143.2249396958377,14.07189476415117,1710
17,3,0,151.6496218319784,15.6580246370021,1794
17,4,0,167.0699540894675,71.27934400985158,1897
17,5,0,165.6994998223315,16.8388298393059,1961
17,6,0,174.477540532504,21.48654160027142,2091
17,7,0,168.6250955368462,40.07723814745985,2012
17,8,0,167.6626268988364,19.98228282495968,2028
17,9,0,165.1481593874911,22.3480705524409,1993
17,10,0,169.6833870204201,16.13517301336289,2110
17,11,0,172.9247812492571,16.17497613379561,2143
17,12,0,168.2430509357263,16.74688412110885,2091
17,13,0,176.704079849117,17.28610618320853,2194
17,14,0,173.5904097169058,17.02696063530743,2167
17,15,0,180.1683164122833,17.9021977729037,2242
17,16,0,187.3806078310957,78.39820072422398,2247
17,17,0,173.3522741343229,15.98336716406005,2221
17,18,0,170.6912055408623,16.32189342389891,2145
17,19,0,122.1811689751141,11.57675044969121,1564
18,0,0,84.67043871137903,30.75982622352713,948
18,1,0,110.1627220592451,97.992137880917,1183
18,2,0,115.628267018256,11.22876166250103,1395
18,3,0,130.3634790855291,12.83511628116196,1561
18,4,0,141.0383767926108,13.98573489471113,1679
18,5,0,151.8046577161283,57.84895682139948,1742
18,6,0,141.5634285841144,13.60055103097019,1732
18,7,0,155.6331515361906,86.95300416531961,1789
18,8,0,154.067612623104,33.11282556886979,1813
18,9,0,145.6897200801777,14.87596081797924,1781
18,10,0,153.8867085263068,16.66938431824854,1843
18,11,0,147.470469943899,14.06688829728922,1824
18,12,0,151.3869713291022,15.16166038912999,1858
18,13,0,167.5895638241309,174.6695326512285,1918
18,14,0,160.9712693076536,15.24053502645863,2024
18,15,0,166.497657257591,16.48402959505383,2067
18,16,0,161.7126146000369,15.59079879912736,2036
18,17,0,155.8144903362418,14.87609618986532,1960
18,18,0,147.5143695473309,13.79685919070543,1884
18,19,0,116.9969592528217,11.62918939645185,1459
19,0,0,61.78710552783358,6.101910427941196,739
19,1,0,77.16980821709501,8.005534501171429,914
19,2,0,97.67091949542183,10.00945697118835,1152
19,3,0,100.4513655899771,9.979009549853602,1195
19,4,0,109.1004703199382,11.42756576044808,1284
19,5,0,109.5577864007383,10.82960141159874,1323
19,6,0,110.0909133930051,10.6051302316586,1337
19,7,0,106.0611330319697,10.57511094155462,1289
19,8,0,116.0552011755238,11.09853957715076,1433
19,9,0,113.9239636523961,11.42075526952923,1374
19,10,0,115.4019826593379,11.52878870621502,1412
19,11,0,112.4274587556807,11.02123292147329,1415
19,12,0,116.6566969298659,20.48676034374864,1408
19,13,0,116.5962800181185,13.32685190942358,1447
19,14,0,119.7114400501463,12.03764750466031,1470
19,15,0,120.5006781630482,11.8141490560996,1499
19,16,0,116.8791825210659,11.51094467272033,1461
19,17,0,122.9452466429449,15.30267454650866,1516
19,18,0,106.2176427158759,10.08309172687803,1350
19,19,0,85.23293929415145,8.065779133464151,1081
