# mesh name: boxMesh_1
# primitive scorer name: doseScorer
# iX, iY, iZ, total(value) [MeV], total(val^2), entry
0,0,0,60.10568702072521,6.397010444596678,685
0,1,0,75.83517236977227,7.918763436000196,868
0,2,0,83.59015192437018,8.88266510243032,954
0,3,0,120.1611107356635,450.0395617804876,1180
0,4,0,98.05399565848136,10.38238687757074,1134
0,5,0,103.058061914226,10.22842922694019,1216
0,6,0,108.4756621337077,10.85215262362063,1284
0,7,0,113.3450436939817,11.76050575089731,1338
0,8,0,112.7283731339564,11.3129229545512,1348
0,9,0,110.9913547021427,11.26909492236152,1332
0,10,0,113.7859388505038,11.14921805707532,1370
0,11,0,114.7459805537809,11.02584189783369,1406
0,12,0,110.0561022745761,10.74829201596844,1344
0,13,0,113.5182462192485,11.21185814827936,1388
0,14,0,118.3725929229855,11.37556820517858,1458
0,15,0,130.4905908390226,264.5064372942421,1415
0,16,0,119.3015973241956,11.88396690801164,1458
0,17,0,119.8379733922205,11.92671021494576,1479
0,18,0,101.5666049297666,9.433754051893681,1288
0,19,0,78.82575582560943,7.739329063490958,982
1,0,0,72.9297417246834,7.437095265564404,840
1,1,0,90.21550119190189,9.166665961382801,1050
1,2,0,110.0964312651886,13.4775149283609,1256
1,3,0,132.4032998188302,55.18876590253583,1454
1,4,0,133.6867345988878,13.61534642767125,1548
1,5,0,131.7348590725753,13.35147660335891,1540
1,6,0,134.55688969314,13.7188236247996,1597
1,7,0,154.3136004900597,36.29868731060799,1740
1,8,0,140.3835629065935,14.2669690249527,1677
1,9,0,143.5371690563237,14.04551445294205,1723
1,10,0,143.8334180742229,14.33702431610863,1740
1,11,0,160.631202451693,72.91960804223716,1794
1,12,0,141.6975740922732,13.44090736980223,1745
1,13,0,147.7028627334766,14.12120786035087,1825
1,14,0,152.3289015537413,41.29325205571142,1775
1,15,0,136.1379917739958,12.44784411406076,1726
1,16,0,151.9717062520259,36.32842024417972,1809
1,17,0,143.755905473265,13.6839917451401,1788
1,18,0,137.6540385227363,13.08569649924258,1731
1,19,0,102.3319269679043,17.53799419935127,1243
2,0,0,90.01867256783063,9.540545739866991,1025
2,1,0,105.5461222043813,10.88878159566431,1206
2,2,0,129.6726029561793,13.55773611823711,1477
2,3,0,154.5498306151053,81.7845612965621,1670
2,4,0,152.0802220049763,15.96120549769073,1754
2,5,0,156.0518284627193,27.81596970316275,1780
2,6,0,158.5722693800096,46.42037302587521,1794
2,7,0,157.3415801466521,16.28209889589383,1834
2,8,0,163.1072445526707,16.17243409690278,1951
2,9,0,168.2159475953725,17.38028084915309,2002
2,10,0,166.0002046727764,16.03461468520431,2022
2,11,0,182.7875101929765,442.2785859957053,1978
2,12,0,169.8456733531992,16.89561167748479,2042
2,13,0,167.5151885616822,16.33735997061616,2058
2,14,0,189.006198321783,238.5613946314575,2044
2,15,0,168.0342569467793,15.66427616569752,2126
2,16,0,171.7656234335041,16.72812556293853,2138
2,17,0,180.7452158338078,280.2171390155866,2056
2,18,0,155.4685702256937,15.47195868815346,1906
2,19,0,114.7435597486431,11.38771935689487,1427
3,0,0,93.05390979447094,9.290037325540411,1083
3,1,0,113.9677646166477,11.92830653283956,1303
3,2,0,139.777331340412,14.04560707801981,1618
3,3,0,155.3928704900919,16.19942563574554,1789
3,4,0,173.9400260480093,48.01828717049013,1913
3,5,0,165.107249539465,16.96550737717552,1918
3,6,0,167.9937387056902,16.95614385851769,1975
3,7,0,172.95912186514,17.18832410267247,2051
3,8,0,179.4687680811427,21.97982500404759,2122
3,9,0,185.6377235914956,20.93240615156205,2187
3,10,0,202.8554523698757,594.8736310124906,2162
3,11,0,177.0389327344002,17.7701349849796,2142
3,12,0,181.5991384402778,17.91795954910992,2201
3,13,0,177.4628173817312,17.25942140762806,2174
3,14,0,188.7168337892378,64.38495376373477,2222
3,15,0,202.3997023311698,415.4489273291444,2242
3,16,0,174.1495837643172,16.78494998577009,2174
3,17,0,175.2628537971809,17.52949748748293,2158
3,18,0,154.4891593932872,14.78356497198187,1940
3,19,0,121.716715927468,11.82471879548228,1515
4,0,0,112.8804932351185,32.05964542452121,1251
4,1,0,128.0155849066693,13.45900443929991,1464
4,2,0,150.8697209305705,16.26615808676927,1719
4,3,0,161.3817370982952,16.43229873413567,1875
4,4,0,178.1765673641483,18.77527532213008,2049
4,5,0,185.8925577499014,34.79377251100939,2126
4,6,0,190.4938217109957,42.72171922432266,2190
4,7,0,186.4906821679447,85.10835386462752,2101
4,8,0,197.3238579865476,92.89166092841093,2238
4,9,0,200.499863997813,153.8479360415718,2198
4,10,0,211.8088662576309,404.7449036644587,2236
4,11,0,180.995320947738,33.18217803655472,2144
4,12,0,182.7728917673973,18.37891946126538,2208
4,13,0,181.4457642816715,17.26989347952159,2241
4,14,0,197.3333542702507,34.70483655508077,2383
4,15,0,185.076504699462,18.3090245460286,2263
4,16,0,186.5128503723305,19.22401571752184,2287
4,17,0,199.7522766736208,197.0654716685243,2276
4,18,0,176.7898150365132,50.1360741392519,2111
4,19,0,125.4053495648649,20.62968810613784,1544
5,0,0,99.48422123086446,10.5134174868284,1133
5,1,0,126.5448353702802,13.22628255896933,1450
5,2,0,149.6476884449945,16.01895387783916,1689
5,3,0,163.9765523867565,16.45511456678969,1917
5,4,0,209.3497484514648,743.8582749053384,2107
5,5,0,186.6917319832617,19.25065286801114,2174
5,6,0,183.9320608807471,28.62083790348282,2113
5,7,0,190.092172108621,43.08017986695979,2180
5,8,0,199.3741583863252,80.48264667098859,2234
5,9,0,202.0589415922297,77.24419261898015,2321
5,10,0,201.6761986844371,136.3161176935977,2300
5,11,0,189.5766520056718,18.41011305959899,2312
5,12,0,183.7910422173626,17.99595782259364,2250
5,13,0,194.7919468596687,71.03317708570162,2326
5,14,0,194.8263769257984,80.20462728181809,2321
5,15,0,190.7861807808625,19.73468361982786,2351
5,16,0,187.4973469264988,23.70883331183382,2297
5,17,0,180.3556256213583,17.22499395985849,2250
5,18,0,157.1731158146445,14.82613290969661,1984
5,19,0,127.3049652290503,12.17295519218632,1602
6,0,0,109.3766774330741,20.8764170693397,1214
6,1,0,129.8846267305557,14.10185550949973,1461
6,2,0,159.3491638285444,51.53824774926407,1733
6,3,0,166.9319557706476,16.37360484364144,1959
6,4,0,179.8043923106218,18.84596715531992,2060
6,5,0,191.3365896436129,19.45640506689595,2231
6,6,0,189.8673832833636,19.41925775449835,2218
6,7,0,190.8489175598451,18.84926139276637,2277
6,8,0,222.467651482045,441.3783287056826,2274
6,9,0,194.2497625284062,20.02553530213782,2287
6,10,0,190.0107971625399,36.65411155698193,2200
6,11,0,187.9987269178627,24.36356528141494,2279
6,12,0,195.2006125315552,89.03583999889435,2280
6,13,0,192.6320214524709,21.18112854051134,2375
6,14,0,188.2295811883744,18.2801749555229,2329
6,15,0,224.8328985912513,1364.191853347303,2312
6,16,0,194.999923338304,18.52094119775825,2445
6,17,0,184.975360906285,35.48326286745446,2245
6,18,0,167.6008584299068,16.31266375370829,2072
6,19,0,129.8269424133033,12.88096385639906,1611
7,0,0,99.65534628822371,10.90809435846843,1129
7,1,0,132.2715792306894,14.22867550947028,1499
7,2,0,168.9772665791006,207.7235470211543,1757
7,3,0,174.0000396424472,40.14680247825978,1933
7,4,0,194.1570694483422,45.24040619617134,2176
7,5,0,182.6148456233506,24.90870209324147,2106
7,6,0,178.6088213574452,18.36565754952147,2124
7,7,0,186.9434831179432,18.30222281093587,2253
7,8,0,190.2477039242875,19.57064584882226,2250
7,9,0,189.4508936931044,19.78345097045103,2237
7,10,0,189.5838203978954,19.66635939036629,2234
7,11,0,183.4242054508977,37.79378523356216,2159
7,12,0,206.9074654474924,73.18866233057331,2373
7,13,0,195.1442990626537,19.37478698377166,2363
7,14,0,187.7958254529682,32.11286964185332,2242
7,15,0,199.119092262,35.36464378943353,2388
7,16,0,182.9875525523549,17.35010019041134,2277
7,17,0,186.4840705592014,21.76374455707874,2296
7,18,0,162.2691001171616,15.63017744151494,2048
7,19,0,126.3423740854691,11.68060884783263,1606
8,0,0,109.4944205597428,11.42649902369954,1243
8,1,0,133.1226950650762,13.05428740958319,1554
8,2,0,152.3528719814646,15.58389648019584,1762
8,3,0,167.7356889595783,17.35771829398345,1947
8,4,0,188.6118357942618,141.1942728824732,2086
8,5,0,189.5970396423002,19.31396090711812,2204
8,6,0,187.5735989970493,19.54039403879823,2187
8,7,0,190.4714725405962,28.62018061061056,2206
8,8,0,201.1875406753979,169.5971688824668,2252
8,9,0,192.3535927104779,19.61854795079898,2294
8,10,0,188.845475542242,19.64949917871115,2294
8,11,0,196.7644476900525,19.18419104974355,2392
8,12,0,188.152417610326,17.39021587127256,2322
8,13,0,192.2109391074491,18.66597874793178,2365
8,14,0,187.3643663220756,17.77375163000611,2323
8,15,0,199.2952412403486,211.3736833801266,2341
8,16,0,192.8433417410695,55.24026483094375,2318
8,17,0,181.9878611482319,17.27148170445793,2283
8,18,0,160.4847792244108,14.9944677606715,2041
8,19,0,124.6260521426908,11.55071974824001,1575
9,0,0,102.0805751475433,10.13251450254971,1187
9,1,0,129.3934042491759,13.90563343107786,1486
9,2,0,159.4978391822079,47.65328910782041,1780
9,3,0,170.4545279500768,17.89685246925053,1963
9,4,0,183.086059615433,83.95223737001193,2040
9,5,0,179.5760216007899,18.58967494847351,2092
9,6,0,191.0682158221091,35.62946662695899,2188
9,7,0,188.8786753279468,29.26304443947752,2195
9,8,0,192.6737770087979,19.61167438567349,2306
9,9,0,189.1677203747259,18.31296878753813,2287
9,10,0,202.6339811518804,135.5316588049734,2273
9,11,0,188.1994400281519,18.41171682444996,2295
9,12,0,191.2013169521816,18.6468453001753,2332
9,13,0,191.8585253253937,24.28978293139175,2377
9,14,0,195.9173662104337,48.86405834103334,2349
9,15,0,187.1375467579555,18.25615572211435,2294
9,16,0,186.2409460106419,17.53200364747768,2341
9,17,0,184.0983254296464,18.72630715959242,2287
9,18,0,196.7294507436465,586.5247077413884,2044
9,19,0,119.1421724154174,10.94189562736226,1520
10,0,0,102.3142703504198,16.2605445106063,1181
10,1,0,126.8032599760454,12.80175907727606,1470
10,2,0,167.1193799996781,119.8490773642119,1800
10,3,0,182.3669088945331,35.7525873908149,2046
10,4,0,176.2283429356928,26.3767593643565,2019
10,5,0,183.9388037811654,18.43502205843958,2189
10,6,0,188.7931256894647,19.08639518846391,2225
10,7,0,197.6534767542003,26.14319081983272,2326
10,8,0,192.5195695059643,24.80724829193767,2244
10,9,0,192.5505416220196,19.67680901503227,2286
10,10,0,196.9134028343516,41.27560097479812,2322
10,11,0,192.4287100230647,18.49698269161076,2359
10,12,0,194.2642387425962,43.92486086287806,2275
10,13,0,185.8063602403797,18.1532983664551,2275
10,14,0,203.1137460502648,331.2107485287118,2308
10,15,0,188.414114222963,22.11233793586137,2337
10,16,0,187.8302528242107,17.52909774175428,2362
10,17,0,188.9807548914903,18.27257487002413,2352
10,18,0,163.5260651304674,15.67646119114625,2047
10,19,0,125.4811205326428,11.56681228950708,1605
11,0,0,105.7869223104043,45.57991862086582,1156
11,1,0,129.7253041719651,13.47119951056899,1501
11,2,0,150.8720391491109,15.82943165284877,1732
11,3,0,169.7217413565196,17.40712084363518,1966
11,4,0,208.1125526344776,244.2887455635359,2097
11,5,0,193.4044733824492,52.70216190510708,2181
11,6,0,194.186387093725,20.27810638395854,2262
11,7,0,186.272373203308,18.78480123722708,2215
11,8,0,192.4599947865027,26.55409681317696,2261
11,9,0,194.4919417231728,19.42400931250265,2329
11,10,0,187.9432126180373,18.26434815098873,2296
11,11,0,193.004273347726,18.77603497699685,2350
11,12,0,191.6842182321419,19.10476067684954,2333
11,13,0,188.5912563539314,18.28043031797664,2314
11,14,0,195.8772713398339,19.77985706209596,2360
11,15,0,199.0000401866082,162.5396472338169,2338
11,16,0,195.9005805815121,41.67301960485901,2384
11,17,0,178.1508711289497,17.10017065261084,2219
11,18,0,173.9523870559019,22.24097211954931,2146
11,19,0,128.577475154988,12.38276009530688,1593
12,0,0,100.7209507508444,10.1536762208053,1167
12,1,0,127.5748786985324,13.13217355724586,1467
12,2,0,158.256366976602,16.19496374087533,1837
12,3,0,174.0938804159597,60.40732892637924,1950
12,4,0,200.9464931388694,317.4039535702028,2100
12,5,0,189.2815055421966,42.99920193047251,2182
12,6,0,188.2216964240887,18.76968455260668,2238
12,7,0,199.718989425219,23.64477527336932,2320
12,8,0,192.4610661573948,68.9241828355005,2219
12,9,0,199.1082635942267,20.45300447415135,2356
12,10,0,195.0437228597943,20.22129927825585,2314
12,11,0,203.7002947988644,97.83889910951193,2332
12,12,0,180.4947094532908,17.17457607273281,2224
12,13,0,181.5591411787877,17.26379841041828,2257
12,14,0,192.9577696490216,18.91189015273332,2381
12,15,0,197.6103905316363,19.95257226791425,2400
12,16,0,214.9033818822616,296.9873571164383,2367
12,17,0,178.8170445446568,17.42577809509406,2203
12,18,0,163.4732492338138,15.42384034292899,2074
12,19,0,125.0883598788494,13.14939552771773,1552
13,0,0,97.5533421557854,9.828308099685509,1124
13,1,0,126.0896033989434,13.27811521037521,1442
13,2,0,162.7397843480505,105.8540653206238,1751
13,3,0,166.1462695015123,22.54840658089956,1902
13,4,0,177.0538254016926,33.8720453593868,2009
13,5,0,194.9812869197987,108.4494924124182,2096
13,6,0,189.5725377633088,20.49546508106586,2216
13,7,0,185.9934746431768,23.96633567008235,2170
13,8,0,192.7217691574466,19.59880022418935,2291
13,9,0,193.3654093993085,19.17954611495741,2321
13,10,0,187.291030429803,18.58061742832862,2269
13,11,0,186.189650140842,18.26251972024657,2280
13,12,0,189.7430720060296,18.67094760702288,2307
13,13,0,222.5068654441282,1239.469759298112,2305
13,14,0,192.0771709744213,19.19793621295283,2338
13,15,0,192.2547229778525,18.72068711632019,2373
13,16,0,194.8332058177543,19.7292129968109,2439
13,17,0,182.2351459281365,28.85456053821595,2278
13,18,0,158.652093383932,15.14887370207149,1993
13,19,0,126.3291344050581,12.20564087039734,1587
14,0,0,102.8349942771104,36.73110011825385,1138
14,1,0,124.333969039451,12.52282397878455,1459
14,2,0,145.2683788398794,14.7240750292218,1689
14,3,0,187.3345715302331,214.122874916789,2003
14,4,0,178.9194838977037,18.70293370287401,2072
14,5,0,198.928841780523,411.0550738083596,2057
14,6,0,183.7345562561221,18.49308513601811,2162
14,7,0,207.6089576684031,482.7400188173543,2187
14,8,0,188.9649770689886,66.60381093182824,2166
14,9,0,198.0814644085901,279.1924687765749,2161
14,10,0,187.4208336259738,18.57013091376514,2253
14,11,0,197.6083353160213,68.71961624725822,2324
14,12,0,193.6778986569971,19.50656233512161,2328
14,13,0,183.7955518375011,17.53039810232229,2278
14,14,0,191.1774015658775,194.5021297591179,2206
14,15,0,203.8514029258625,245.3022228094894,2356
14,16,0,187.1857001491949,18.29421777084462,2328
14,17,0,187.3562468348947,58.60118576350008,2274
14,18,0,188.3976623575285,805.727877398375,1989
14,19,0,122.3746949349325,11.62854184214182,1544
15,0,0,109.7719735255035,120.1276459121327,1118
15,1,0,142.7173338540088,95.67383119974298,1471
15,2,0,144.1200157426407,14.67531996364661,1663
15,3,0,163.0062318882306,16.63114038680208,1894
15,4,0,171.7801686683822,17.5037285360165,1988
15,5,0,166.1931170801497,16.56972156046618,1968
15,6,0,177.6908980466254,17.85039059847621,2091
15,7,0,178.6705638627689,19.0366753340644,2100
15,8,0,198.5076862554507,322.5105736955161,2178
15,9,0,181.8577602609375,17.13546095099635,2219
15,10,0,188.297616723822,183.6379332799976,2116
15,11,0,186.6049795291961,24.90883622583663,2240
15,12,0,185.9974484469881,24.50067133848107,2263
15,13,0,198.8650527027474,252.9147292872379,2235
15,14,0,190.2344700114945,76.9411102515589,2266
15,15,0,197.9605413941626,36.37831895817182,2385
15,16,0,189.1611803975745,19.56895982358064,2321
15,17,0,182.3236070855736,17.96481113909345,2241
15,18,0,166.6715266240124,47.61592552231764,2024
15,19,0,134.7401486557613,52.02771518200792,1595
16,0,0,93.58910750372897,9.497174183981368,1082
16,1,0,123.1643663796619,13.04574408263076,1427
16,2,0,143.0664641812447,145.8479832352912,1520
16,3,0,175.8682123638173,258.7827710831991,1845
16,4,0,184.666466660793,209.6991594729631,1918
16,5,0,169.7688153805594,19.37652287908442,1972
16,6,0,168.2520448903492,17.54565590851436,1984
16,7,0,170.3643993713566,17.05913030405232,2027
16,8,0,178.5346015898886,38.70424287602466,2058
16,9,0,192.8959512700274,46.02912911269093,2189
16,10,0,167.3666938723244,16.31597215257618,2042
16,11,0,186.6939069155396,59.77631262326073,2154
16,12,0,186.9126152498942,23.1521265090872,2236
16,13,0,183.7677291070727,40.80405751151262,2196
16,14,0,197.0917345623294,232.0042958954417,2185
16,15,0,180.156413597735,17.28343206200762,2245
16,16,0,204.6150977285548,237.990281777921,2373
16,17,0,185.8753003313302,100.6118893411571,2164
16,18,0,173.7341023462906,202.9816947644167,1964
16,19,0,126.536733320604,12.5008941112981,1558
17,0,0,86.82458466883288,8.601006809392983,1006
17,1,0,116.473899098947,13.83332868580556,1317
17,2,0,141.535434610688,188.7523114354804,1469
17,3,0,145.7050867914925,14.89930234735547,1686
17,4,0,156.5729193239352,16.10810895335053,1820
17,5,0,158.020430533646,15.65599560171766,1875
17,6,0,167.0299590328432,37.6888267323353,1884
17,7,0,162.2825265063021,16.38103454594376,1907
17,8,0,166.947900901314,17.04154634002632,1969
17,9,0,156.9764655271829,15.05229877941767,1907
17,10,0,164.4804286837522,15.79939460021245,2015
17,11,0,157.3051477180503,15.8027258331849,1887
17,12,0,169.0923465031706,16.44275940013798,2064
17,13,0,166.0274542098295,16.89676402659036,2007
17,14,0,164.6063505999385,15.74586247360749,2033
17,15,0,187.229082429093,319.2031797436499,2080
17,16,0,178.007430619873,17.46716328338576,2180
17,17,0,162.7251006070892,15.95802713676887,2031
17,18,0,150.4826251310876,30.16269709977555,1819
17,19,0,121.4178676947075,12.24988497130531,1490
18,0,0,68.55950126182458,6.986336268053531,796
18,1,0,93.67872113796345,9.857375567945628,1067
18,2,0,111.9134827313759,11.47425353614874,1293
18,3,0,132.3182067367431,52.31069824567974,1428
18,4,0,124.0700451622145,12.18562577896072,1469
18,5,0,138.4395953745914,13.96338295884518,1630
18,6,0,135.6101457307509,13.3824212400122,1605
18,7,0,147.7106158730422,85.61878997214347,1655
18,8,0,143.5489645822307,26.5271028839522,1670
18,9,0,147.43275544684,14.85510776924263,1749
18,10,0,140.2784986410701,13.58393391327347,1694
18,11,0,147.8426913581078,15.88217419717357,1749
18,12,0,142.2517177717943,14.33153637921912,1707
18,13,0,143.9266935619848,13.81011429970932,1773
18,14,0,147.3146397004608,14.95744558882747,1799
18,15,0,154.2813090629676,14.90258819416399,1900
18,16,0,154.0483424575703,179.7609430046512,1739
18,17,0,141.3212576998629,13.65829414247495,1764
18,18,0,124.2656219783475,11.55964385811737,1574
18,19,0,107.5865468763598,10.62388383226989,1320
19,0,0,60.10208358179842,6.142430235332165,691
19,1,0,73.11154379474013,7.48962229270331,839
19,2,0,88.8045616510649,8.948666270272474,1043
19,3,0,103.8993457199025,47.27324982314508,1114
19,4,0,105.2033868808662,11.0507792212018,1207
19,5,0,107.9568752955753,10.88972061692911,1272
19,6,0,120.9934150846639,138.7255673905709,1278
19,7,0,111.0640678858536,11.42899138067137,1314
19,8,0,116.2244087501982,12.24547802514165,1357
19,9,0,114.3211857537635,13.95704141994892,1318
19,10,0,112.3937325404859,16.19407204540185,1343
19,11,0,115.354953670906,11.77622553973052,1388
19,12,0,115.2675089522916,42.23397473899116,1362
19,13,0,116.795392423903,20.89967468686871,1368
19,14,0,113.1864520350539,11.0159444004166,1391
19,15,0,113.670542122374,10.84451307081605,1411
19,16,0,114.7407364744591,10.87184477547556,1429
19,17,0,109.1906189039933,10.86451136056937,1351
19,18,0,104.0322969689706,10.31673709404498,1280
19,19,0,75.74786418571111,7.179097204078193,959
