# mesh name: boxMesh_1
# primitive scorer name: doseScorer
# iX, iY, iZ, total(value) [MeV], total(val^2), entry
0,0,0,63.73699769400461,6.192331638519563,769
0,1,0,73.79210290895755,7.442078227316729,884
0,2,0,92.94414330774109,9.537586377888497,1095
0,3,0,101.9289387904399,10.70788903310437,1187
0,4,0,114.5117210298832,70.89217101586959,1263
0,5,0,109.7303124510201,15.46501064158343,1294
0,6,0,108.2705295661751,10.57375461239999,1303
0,7,0,115.1991230882309,11.27219513631499,1400
0,8,0,116.5001841727632,11.8713689845627,1377
0,9,0,114.0855762868775,10.88514784716711,1400
0,10,0,115.9349149426535,11.57056391745144,1385
0,11,0,115.1920163369717,11.249489061406,1402
0,12,0,112.114448705633,10.52746920036626,1400
0,13,0,114.8097879345458,11.14712708176182,1410
0,14,0,116.2733191797297,10.99557356051184,1436
0,15,0,106.1551287246501,10.27151725450038,1323
0,16,0,113.9157324072396,11.27642727657501,1397
0,17,0,111.2284165194219,17.55559330941443,1349
0,18,0,94.79098884928599,9.098604919269421,1182
0,19,0,74.32851840481283,6.910204941281405,940
1,0,0,80.27957680529823,7.916825977096424,961
1,1,0,97.87525924340414,10.24445980845562,1133
1,2,0,117.9115907452904,11.9401209527326,1388
1,3,0,138.0624715015406,20.56540312438741,1584
1,4,0,132.0694177524038,12.95241878057364,1593
1,5,0,138.6803453322836,14.35766240608975,1647
1,6,0,135.9882864100561,13.00114344358779,1670
1,7,0,140.5650930172355,13.54031742119099,1710
1,8,0,171.0153079374608,416.2291023928638,1818
1,9,0,158.3927106714625,76.78981241162788,1787
1,10,0,150.3878533945577,14.68013446987118,1828
1,11,0,149.8577574742695,52.44803473933149,1755
1,12,0,177.955289073342,961.1621073220057,1809
1,13,0,147.1210736548816,14.67920976454518,1788
1,14,0,143.5826677168522,14.85881979815938,1725
1,15,0,145.3770379643227,14.40865640938901,1789
1,16,0,136.063029725878,12.82584673670798,1696
1,17,0,140.8472910515111,13.71152940029103,1737
1,18,0,127.6895764591625,12.7153180755222,1561
1,19,0,91.71833929492679,8.826677426879472,1140
2,0,0,86.3361249826891,8.322372891155336,1039
2,1,0,112.759392773629,10.78068253228774,1365
2,2,0,160.4624257951949,273.8383731871824,1691
2,3,0,149.2466916623017,15.10720952847717,1772
2,4,0,151.4622894579701,14.09275418889746,1862
2,5,0,162.4468340463491,16.2371107847249,1933
2,6,0,173.4519865234497,18.46456107944762,2048
2,7,0,194.7904712431947,685.2479680394064,2017
2,8,0,163.0033298980477,16.1361679942536,1983
2,9,0,170.5352231012571,16.74579468061491,2066
2,10,0,164.9639068110766,15.60013401164186,2034
2,11,0,175.5877747416321,23.94786475952946,2099
2,12,0,170.5120447396058,17.10978298029243,2047
2,13,0,168.7677373245109,15.79693148661118,2119
2,14,0,171.8198219218677,18.33148722985599,2111
2,15,0,168.1467508506769,16.20345719772223,2081
2,16,0,181.2863440115608,69.5661943509587,2137
2,17,0,164.2187050284111,45.17142813687922,1982
2,18,0,140.2852636169634,13.66691377835824,1745
2,19,0,109.6044294636468,24.49319446115789,1320
3,0,0,102.2433781311963,10.31310285615839,1220
3,1,0,123.3963431818798,12.48763044630822,1454
3,2,0,150.7981986795465,15.31562896805307,1790
3,3,0,165.734939361693,16.23838568278757,1982
3,4,0,167.1694442760011,17.34305454459395,1974
3,5,0,164.8996800454195,16.47196429410166,1976
3,6,0,173.9335258461851,16.76429627667285,2104
3,7,0,175.5829686788097,17.73529909833401,2089
3,8,0,176.2101197366982,17.22980352152417,2138
3,9,0,180.0344332011356,17.93807794278111,2172
3,10,0,186.0827173476032,25.84603589809995,2245
3,11,0,194.2310252004058,182.0636972061685,2214
3,12,0,183.247913390542,18.11085866161682,2230
3,13,0,182.4857530813227,17.79441960423037,2232
3,14,0,198.2283506766838,140.3783201030763,2277
3,15,0,191.7564025896557,101.5901193672317,2241
3,16,0,184.689113064767,39.282755239745,2233
3,17,0,168.530923841282,15.86962617933621,2109
3,18,0,150.6832178160276,15.07693480716729,1844
3,19,0,117.0623359581434,11.6750216879178,1449
4,0,0,105.4703852319828,16.60169801769852,1219
4,1,0,142.9164311241251,58.00845284107098,1579
4,2,0,152.4879860636114,15.24708470397612,1801
4,3,0,170.2700074331352,17.34075939639434,2023
4,4,0,177.3751659216894,17.16761055827607,2145
4,5,0,179.6315001830092,19.43972633531074,2118
4,6,0,183.2752230811067,17.63042676974046,2221
4,7,0,201.2724264930084,75.40071554099224,2308
4,8,0,182.6734900666893,17.67197130809785,2246
4,9,0,210.1615676046363,373.1820738210567,2300
4,10,0,211.7354014501558,309.3111318382055,2262
4,11,0,180.0446701675855,18.17522218742098,2177
4,12,0,190.1650860115548,18.20463125348616,2339
4,13,0,188.1141244888796,18.05024215218867,2323
4,14,0,187.3669608843174,74.77458851853429,2212
4,15,0,217.9581935330239,450.854342829623,2328
4,16,0,184.3214369150559,62.01057781971875,2214
4,17,0,174.9988644094991,16.53908027060177,2182
4,18,0,152.6897250946128,14.8571518235065,1877
4,19,0,118.4908217084655,11.75879512449456,1463
5,0,0,102.582074914266,10.52343120861709,1203
5,1,0,132.4364367481344,13.91517829153589,1573
5,2,0,172.0268113223622,108.3416771405739,1916
5,3,0,171.0681309911059,17.56786347796304,2014
5,4,0,180.2999460558757,17.29346663198535,2172
5,5,0,198.9185338605971,149.287587255339,2216
5,6,0,195.5476869984005,20.51050748448717,2297
5,7,0,185.6657144830786,18.89477363344382,2226
5,8,0,191.2041623748954,18.62360510253841,2305
5,9,0,235.5518926196672,1808.54448067555,2306
5,10,0,192.5655779674656,19.1541721014202,2325
5,11,0,187.8790633991792,18.32494248605316,2310
5,12,0,186.9369384747559,18.44737074340605,2271
5,13,0,196.181555871723,57.91173082989992,2335
5,14,0,187.448690128163,17.74729760748354,2321
5,15,0,187.8338592998165,19.92788337885573,2312
5,16,0,188.9982112342541,55.59483188529997,2277
5,17,0,175.9896485517416,16.78336197520051,2186
5,18,0,158.3242780589957,15.47115754717453,1955
5,19,0,126.1925545069777,12.07287856368837,1574
6,0,0,103.0346539916789,10.58653878878052,1213
6,1,0,140.9665783146713,51.11626131189379,1575
6,2,0,163.1204163065826,34.36279839821105,1859
6,3,0,178.0317390675069,17.76478442642858,2114
6,4,0,188.825283913297,18.97093299875173,2231
6,5,0,182.8526390754703,19.41870353027338,2178
6,6,0,184.1884789668447,17.91027327652967,2229
6,7,0,196.3916405376793,56.53569150006306,2307
6,8,0,192.0548352840807,18.89156740784414,2313
6,9,0,212.0336783751848,207.7500976583034,2331
6,10,0,187.6934489435828,18.5228010775001,2272
6,11,0,198.3714175080836,74.84364607189607,2338
6,12,0,187.7731807343649,18.47086245646776,2291
6,13,0,198.090517930975,19.45334152186564,2412
6,14,0,197.1754485064369,77.80578359999242,2319
6,15,0,195.8651961166666,75.13855786230557,2291
6,16,0,195.5156938727862,32.72391117258844,2379
6,17,0,176.5179716996581,16.86268876880541,2192
6,18,0,155.366402035272,14.83884132878254,1947
6,19,0,119.7559680535611,11.0624479195877,1520
7,0,0,110.3021897672388,11.24912850107717,1292
7,1,0,138.0263821940153,14.6373777109624,1607
7,2,0,154.165078475362,15.28042712354314,1830
7,3,0,184.3747499515469,37.97413034428644,2126
7,4,0,190.9302410093658,57.56316052113038,2169
7,5,0,197.4375013443159,20.08402950176131,2348
7,6,0,205.7760543088207,151.552210530967,2253
7,7,0,199.9860225059483,188.2523504661186,2275
7,8,0,201.3939952475602,41.87966635614387,2362
7,9,0,192.8727269981055,19.96086588304272,2297
7,10,0,179.8514449893822,17.78264927461516,2182
7,11,0,194.6142139003718,63.68876191288278,2302
7,12,0,188.8104183705589,18.11942504385598,2324
7,13,0,209.6493232736668,224.5729109659558,2387
7,14,0,196.6284015773435,19.97380578860023,2370
7,15,0,193.0338051331678,18.59317806300134,2379
7,16,0,186.8698378851605,19.3089592890109,2267
7,17,0,175.392149618139,17.089539829916,2180
7,18,0,161.2725823200396,69.06839324170075,1917
7,19,0,121.293346524293,11.53618137845108,1518
8,0,0,109.7054673520705,10.64543517311644,1320
8,1,0,138.389113770325,15.44401117977723,1620
8,2,0,162.3750041865391,16.64521195629092,1897
8,3,0,179.163328573169,20.18168346030716,2081
8,4,0,183.8590411591854,18.58718830267397,2192
8,5,0,202.6548703932019,213.8867840191398,2175
8,6,0,183.8335719468973,18.1247051416034,2201
8,7,0,191.9319744700789,19.5746587877886,2280
8,8,0,190.9960162021175,75.07638543254761,2209
8,9,0,191.0757935032648,18.36271080568987,2324
8,10,0,192.8343342550588,18.77159641252513,2345
8,11,0,189.4373411946372,18.70235049668722,2325
8,12,0,186.8874585499471,17.70641218762472,2313
8,13,0,185.7802412589301,18.12416502464804,2290
8,14,0,199.6331117839508,154.4608429404779,2276
8,15,0,188.5249587313004,21.10834660803117,2296
8,16,0,190.0148932666646,18.89203811145613,2325
8,17,0,172.7372811318184,16.8362253196683,2135
8,18,0,156.1117551212219,15.13890953181253,1938
8,19,0,117.3018934178136,11.37180938551774,1456
9,0,0,111.345109487236,15.41522938192727,1311
9,1,0,152.1508353138849,136.8787983229032,1646
9,2,0,166.7495925935048,42.04122052833596,1872
9,3,0,173.0601275126012,17.72005045250001,2041
9,4,0,177.1234153130685,22.39194691816839,2101
9,5,0,183.4865847724512,18.29390601346412,2184
9,6,0,182.0923626903384,17.87303712389377,2205
9,7,0,190.4131095631203,18.57039257233419,2303
9,8,0,187.10848471939,18.18770568253509,2275
9,9,0,198.8571097376103,19.87364838688042,2384
9,10,0,203.6229923176397,306.4212573024216,2274
9,11,0,188.1460747440886,18.33076697139281,2279
9,12,0,194.9082889538965,20.00906111599944,2360
9,13,0,195.5555534475199,126.2359685920393,2284
9,14,0,182.0189608861632,17.57040745996727,2244
9,15,0,181.4104275463261,17.46543601813992,2242
9,16,0,192.9184472916892,18.69537939508089,2372
9,17,0,178.754812916262,17.90625460817443,2185
9,18,0,157.465702299779,15.00858799954919,1958
9,19,0,111.1783382925413,11.39309569891695,1398
10,0,0,103.4526960471508,10.50646224083155,1220
10,1,0,141.3386527243652,23.53311495398189,1627
10,2,0,168.8494339175119,42.03624037838761,1921
10,3,0,173.1835441846219,21.96491205654802,2016
10,4,0,192.2778325123537,24.44748066739962,2250
10,5,0,184.8442747480964,21.08343317410436,2194
10,6,0,212.5003043634841,260.1667228620536,2307
10,7,0,185.2257180112804,18.28499821955422,2234
10,8,0,213.0504240364759,747.7138065363205,2265
10,9,0,217.7530572530081,443.062194444659,2344
10,10,0,197.4045117730491,114.6310534076351,2290
10,11,0,191.6374282143769,31.631651287734,2290
10,12,0,195.259323616336,19.32308511560275,2387
10,13,0,198.9850956311246,57.31408574670421,2349
10,14,0,200.8803521211433,38.97561650487563,2396
10,15,0,193.2576214354942,32.84591008713219,2338
10,16,0,191.7961227740357,42.49609842329703,2303
10,17,0,182.4459830030774,47.21628419877992,2173
10,18,0,155.4762205776914,15.18099191535874,1922
10,19,0,129.6194087574755,106.2373827328833,1493
11,0,0,109.4265388627667,11.26814984700047,1279
11,1,0,134.3515644432808,13.04578033732317,1626
11,2,0,159.053052616625,16.55511733268245,1871
11,3,0,178.7929414211812,26.78389387227004,2045
11,4,0,184.9835211115758,19.04073130389207,2171
11,5,0,182.2275106658236,18.38285243322291,2195
11,6,0,193.9379815787589,19.75513552180917,2292
11,7,0,189.1839499114314,18.88277430573889,2261
11,8,0,190.2514891233309,17.77861833023446,2354
11,9,0,204.1997657323597,100.6982413686478,2313
11,10,0,199.4445608924586,51.16423648862634,2337
11,11,0,190.2554804796048,18.71040763545224,2322
11,12,0,199.4228244289675,100.4435822261381,2335
11,13,0,183.2953887016273,17.303296177464,2277
11,14,0,190.3178728081214,19.41151775018598,2293
11,15,0,190.1252340679803,19.06864171321717,2315
11,16,0,185.967418660102,18.01137392905166,2301
11,17,0,184.3453427823677,18.16072982434628,2263
11,18,0,155.9450433011666,15.76849999701262,1924
11,19,0,122.541295598319,45.50748638746875,1470
12,0,0,111.3864929810961,60.74598617908878,1236
12,1,0,142.0101508946353,126.0726372453715,1580
12,2,0,157.3125746573849,20.40072607498575,1831
12,3,0,201.0275119720198,409.8233538477478,2040
12,4,0,194.5643520235464,56.46454129306621,2220
12,5,0,191.6313125078964,19.14709646069409,2286
12,6,0,203.0475593464507,86.00880414967007,2333
12,7,0,193.1270611319751,19.29148963675695,2303
12,8,0,189.8238703143689,18.87584563759687,2285
12,9,0,192.7114045877591,21.75837780776696,2318
12,10,0,193.8340530477015,19.35037593746669,2329
12,11,0,189.7791611762871,19.08485127597776,2294
12,12,0,189.5884220889276,18.4620200327062,2296
12,13,0,192.6171658437573,144.4440010690421,2226
12,14,0,195.2773892167766,19.71788493291033,2377
12,15,0,201.7584694560723,20.04546137179773,2482
12,16,0,193.9060086946595,18.77975144602075,2393
12,17,0,178.577286362242,41.2133441165016,2148
12,18,0,152.6374158875847,14.53756035477056,1919
12,19,0,152.4282873668033,402.9836332172713,1535
13,0,0,101.604292108806,9.79091463791033,1226
13,1,0,139.1880275908162,20.6977301705086,1590
13,2,0,158.195207808074,20.21340255354433,1850
13,3,0,180.2569586535092,44.31918843311326,2065
13,4,0,178.3613811588638,17.44842637124686,2144
13,5,0,178.3672255010857,17.80805688506757,2132
13,6,0,187.2138816743227,18.18436037827901,2263
13,7,0,184.5796357673248,18.01345583090373,2227
13,8,0,195.5584011529609,20.28524191147343,2302
13,9,0,194.5916602416044,19.41810631304074,2337
13,10,0,193.3807321162,33.59176881298928,2311
13,11,0,190.4560771153329,27.88157958873862,2272
13,12,0,190.5770022093821,22.86267018060881,2289
13,13,0,231.367971796223,401.2470917369728,2471
13,14,0,184.5737531159151,17.88382750398463,2260
13,15,0,193.8383227334487,40.46768872655603,2355
13,16,0,192.3294826835898,25.34543564487816,2354
13,17,0,164.1429693887238,15.59095486708551,2048
13,18,0,175.7950535983863,408.7328714982451,1935
13,19,0,121.0771286497347,31.48873378941051,1473
14,0,0,118.7740807147941,33.50873159755147,1337
14,1,0,136.7295683524233,23.34098854462439,1571
14,2,0,171.775745051883,276.8742537540437,1843
14,3,0,164.1813558752603,16.01999253747538,1975
14,4,0,180.7770925302614,31.2042534040438,2081
14,5,0,172.3041868272913,16.75938935309096,2085
14,6,0,185.6467246984186,96.18082679239801,2102
14,7,0,201.708303981978,239.0164220674082,2243
14,8,0,190.2759869413314,24.219725631819,2247
14,9,0,186.2846934849603,18.27598100868161,2263
14,10,0,198.7800297188061,43.56579078588116,2349
14,11,0,196.5212995090041,24.51935372977455,2334
14,12,0,190.5342459834014,21.89677238114285,2324
14,13,0,197.3441004609948,20.33234513674759,2380
14,14,0,187.2998617415224,18.71156970484834,2301
14,15,0,186.7956614487787,17.76707845118723,2323
14,16,0,191.9060227640522,55.63376441245949,2262
14,17,0,177.1255814971202,17.65469159446573,2161
14,18,0,165.4445296014794,17.08489745711046,2002
14,19,0,118.8597583586051,11.61078097540686,1472
15,0,0,105.1324046648567,10.80754133638368,1234
15,1,0,135.0944120392169,14.27398466548949,1571
15,2,0,149.625136634505,14.92762575289519,1788
15,3,0,173.8497423816571,39.07425897795553,2018
15,4,0,182.4780663879745,20.70484648028455,2122
15,5,0,179.2307610043911,18.54158318154168,2115
15,6,0,176.3981008257588,17.3465127356966,2128
15,7,0,183.0977125173197,18.50976905349485,2178
15,8,0,203.6639085234924,171.0126935785778,2272
15,9,0,187.1474837997968,18.0912573839291,2279
15,10,0,183.3488057431063,18.53803541814402,2234
15,11,0,182.6597362854467,17.76016315596422,2229
15,12,0,191.2083826532565,18.50745588840157,2345
15,13,0,186.3187358174023,19.62166786181348,2264
15,14,0,192.1366147643947,19.29986029807673,2366
15,15,0,187.3824788939091,27.2803979971575,2283
15,16,0,181.1924711986114,17.87205030066652,2231
15,17,0,196.9981566604222,525.3157414028339,2142
15,18,0,150.9586847088689,14.40358892274434,1894
15,19,0,121.607200413835,11.73853986523609,1518
16,0,0,114.7491931257115,407.9526537004278,1125
16,1,0,148.5769315271089,556.8890054925049,1506
16,2,0,146.2844296335266,14.69135186866589,1741
16,3,0,162.4138661249563,16.90477587560275,1911
16,4,0,197.8799808381917,766.6775820886103,2001
16,5,0,178.4106832077217,27.22877562371921,2091
16,6,0,184.4750492395248,35.78099806284135,2123
16,7,0,182.5043720126968,18.49601359973091,2192
16,8,0,182.7700184186906,95.87474388901352,2111
16,9,0,182.3890429444166,17.99500671828532,2221
16,10,0,173.7763943495208,17.8013724254338,2114
16,11,0,174.6527317017166,17.15315983219423,2129
16,12,0,198.4267264234161,213.2393496018221,2241
16,13,0,180.0414304167891,18.00613506559267,2188
16,14,0,183.1694786514471,17.72119729159272,2254
16,15,0,186.7940949903554,26.09912831542247,2224
16,16,0,192.113746278982,54.49313523884236,2294
16,17,0,166.7681935965011,28.6806856685246,2036
16,18,0,144.5669175283861,13.5137364569208,1813
16,19,0,110.9808641609887,10.34148571908586,1399
17,0,0,98.77054048018162,50.75231345382202,1081
17,1,0,119.5092482558505,128.3992540793414,1293
17,2,0,137.1885404820691,14.06691728071151,1612
17,3,0,158.1800938553209,37.87058720239803,1821
17,4,0,161.521538237535,16.38800961684159,1910
17,5,0,180.5982748528737,203.9546650476845,1910
17,6,0,165.6501324480064,16.15593080092155,1992
17,7,0,160.8565843004724,15.6573803746906,1953
17,8,0,168.5552887630045,16.63143404722935,2033
17,9,0,169.7197302516279,16.74164550464875,2040
17,10,0,163.7227086517483,16.31150412968628,1977
17,11,0,169.0804430561275,18.78221776544292,2038
17,12,0,158.9682697901729,15.08844068727419,1965
17,13,0,170.2044387058572,33.94589061052486,2013
17,14,0,174.8239286817654,16.94421265947287,2147
17,15,0,167.1281146915037,21.20828775610882,2065
17,16,0,167.3196319240187,16.55171941480307,2048
17,17,0,178.4298795372082,236.4334813691443,1942
17,18,0,138.9292804428531,13.52209383784765,1710
17,19,0,106.2293746135194,10.3750456171224,1314
18,0,0,71.65331257484368,7.26275316834807,854
18,1,0,102.4358041071203,10.79726937381552,1180
18,2,0,115.993724603847,12.04582697661577,1349
18,3,0,125.5552723186535,13.03858452331761,1478
18,4,0,135.9252857709741,13.84478902285282,1619
18,5,0,141.9462352436548,17.8864820283919,1689
18,6,0,146.4452407718376,62.47523729195893,1693
18,7,0,142.3327666674082,13.70572590148233,1732
18,8,0,152.7885405528098,57.89069539865074,1776
18,9,0,149.0810202354101,15.15003288923593,1778
18,10,0,145.0211405905352,15.04527160929119,1764
18,11,0,152.3319490770894,40.57630641709791,1746
18,12,0,159.7333054330035,191.1038300316694,1751
18,13,0,145.0244046362749,13.9440295089295,1787
18,14,0,149.2874543101542,15.12819956242375,1806
18,15,0,144.4649559717757,14.30433345749887,1765
18,16,0,146.0075940781847,15.04557024513443,1774
18,17,0,149.02015736803,42.16362709648927,1744
18,18,0,132.5964833634223,174.9717438384773,1512
18,19,0,98.15012629662876,9.785858017013334,1216
19,0,0,61.25544701850239,5.912085536417413,735
19,1,0,77.39904374928237,7.989989622946819,908
19,2,0,95.23280711538082,9.792622181245997,1106
19,3,0,99.8889201669156,9.850789307665199,1205
19,4,0,110.7571453989066,16.80991715840376,1299
19,5,0,112.5852333139168,11.33650963143441,1348
19,6,0,108.1849527170275,10.5470642178711,1310
19,7,0,113.0509594063961,29.69694891023078,1290
19,8,0,126.3017194040331,111.2849390114986,1363
19,9,0,111.6208710157419,11.16416686480927,1353
19,10,0,108.3528201776042,10.23485803447314,1340
19,11,0,118.4275207625022,11.84888689134274,1426
19,12,0,116.4877670496586,32.78794541211595,1353
19,13,0,111.304513146055,10.96364090752836,1340
19,14,0,112.8409544270246,10.43745811852246,1408
19,15,0,115.8861941031255,11.26561424263336,1434
19,16,0,125.9637988011858,118.348166905605,1408
19,17,0,149.2059317597878,1755.79982268885,1301
19,18,0,90.97222935604674,8.433607435049021,1151
19,19,0,73.74172253442786,7.637404152535106,890
