# mesh name: boxMesh_1
# primitive scorer name: doseScorer
# iX, iY, iZ, total(value) [MeV], total(val^2), entry
0,0,0,70.96984089384279,6.611240974146205,898
0,1,0,91.37680899954954,9.041542865821013,1136
0,2,0,110.6397500124432,10.5288397019246,1387
0,3,0,116.9689682366127,11.35254572801327,1472
0,4,0,117.4255443038702,10.9884760133663,1487
0,5,0,117.3362484043877,11.21419464470568,1475
0,6,0,117.4898129751681,11.59150158971449,1447
0,7,0,116.9437156125663,11.0399457523408,1477
0,8,0,117.9859667944038,28.6551611953103,1418
0,9,0,115.8562289110709,11.16563065559547,1465
0,10,0,123.0036265961365,11.73201686315875,1542
0,11,0,117.2898708916867,10.94036970695233,1484
0,12,0,120.3753822861681,11.45052871738845,1513
0,13,0,121.5947688189753,30.64451673505255,1463
0,14,0,116.0160975075163,11.12577248370193,1466
0,15,0,128.9500640726817,46.84365244657061,1524
0,16,0,117.9098951458349,10.98206015300892,1498
0,17,0,112.7769763514504,10.3448852627771,1443
0,18,0,119.8785723384434,495.345102373483,1241
0,19,0,74.4171854094234,6.942237199149584,937
1,0,0,95.70091693499725,8.840314669365453,1218
1,1,0,124.9823500745635,11.90167594429619,1568
1,2,0,140.1162543436634,13.68144916262086,1737
1,3,0,148.2932288354976,14.73382747944505,1823
1,4,0,151.6636307443762,14.3783073705027,1903
1,5,0,156.4603028605059,14.45955265671797,1997
1,6,0,171.2421708617989,172.1229267223295,1990
1,7,0,157.0993747895731,16.86724941146452,1945
1,8,0,157.4672554519453,14.87818288387581,1981
1,9,0,148.3132374493405,13.4808933099216,1908
1,10,0,155.5369940692739,15.2682664745037,1930
1,11,0,160.5688687511928,15.11904694901272,2018
1,12,0,155.2894460476975,14.29267751598841,1969
1,13,0,160.9269960784631,15.74652484176001,1984
1,14,0,163.0783185392512,15.47529242785503,2042
1,15,0,156.1208094433619,14.67648831779633,1959
1,16,0,156.0868441402072,14.9020610648178,1970
1,17,0,168.233375339352,185.0909038704951,1949
1,18,0,137.105039426322,13.45572651180119,1685
1,19,0,95.64230300252615,9.022300768357447,1197
2,0,0,116.5104977106339,29.92028225770214,1401
2,1,0,139.9488761545325,16.55576426352493,1731
2,2,0,167.1780419755212,17.16828962528204,2058
2,3,0,182.6523121494538,20.64390161474065,2234
2,4,0,205.5396824656886,578.0819451607005,2256
2,5,0,178.1138182967705,17.09692764527157,2222
2,6,0,181.1704220492661,17.54617801307734,2268
2,7,0,188.3979336128501,51.76827703611949,2298
2,8,0,176.8880403606265,16.38759475666396,2260
2,9,0,198.144719987303,89.29928152021431,2306
2,10,0,180.8453792534197,27.27376440305632,2249
2,11,0,182.7443282992885,18.40209565401296,2250
2,12,0,183.0032095142625,17.29452100322433,2296
2,13,0,183.168656413688,18.14704807037491,2266
2,14,0,175.2552770402989,16.39954715272878,2219
2,15,0,185.6660034027649,95.31930234321669,2172
2,16,0,178.4157076186629,17.04686957150286,2244
2,17,0,186.2980457282514,288.6282304116932,2147
2,18,0,152.0268563338958,14.6345030517096,1915
2,19,0,109.9134191461723,10.75695198486168,1365
3,0,0,109.6905092323575,10.93550874618829,1364
3,1,0,145.5855862561376,13.65775162613945,1840
3,2,0,180.1338488362403,29.92917099454057,2167
3,3,0,203.3969566030073,377.1030063242442,2314
3,4,0,188.2240848028934,18.46649568242815,2348
3,5,0,182.7704253865938,17.44717380799098,2276
3,6,0,185.5643085634406,17.90781865118631,2308
3,7,0,196.306372703888,65.07781019216429,2378
3,8,0,202.1915538833719,329.8047633267437,2333
3,9,0,187.4029056850529,18.21484382925567,2339
3,10,0,206.3010233846492,80.26767094583738,2434
3,11,0,191.0261916417128,91.62519750327435,2261
3,12,0,191.4170532688792,18.28437233377668,2397
3,13,0,185.2879439986282,16.8603634238608,2369
3,14,0,184.6938747824749,16.9970165158153,2346
3,15,0,190.301824784137,18.16914562125124,2386
3,16,0,190.5862100100302,18.35522034138424,2392
3,17,0,170.6483066682781,15.87354562435682,2160
3,18,0,154.1038904869463,14.39672543191933,1967
3,19,0,118.8868410588417,20.65886902475474,1444
4,0,0,119.9473900947664,11.40398395716251,1502
4,1,0,162.3142264207712,15.67279727282644,2031
4,2,0,176.9664574811364,16.81074858750068,2210
4,3,0,183.274697256329,17.57039918875329,2302
4,4,0,195.9845622049673,48.16906649991475,2374
4,5,0,185.3124476588627,17.26170219695401,2345
4,6,0,183.9947286142001,17.82545937901672,2283
4,7,0,197.2353401757714,86.39899853548968,2393
4,8,0,190.824755995327,18.53201498846894,2383
4,9,0,191.0468303188466,18.16329207150674,2379
4,10,0,198.3159114449774,18.85289131794028,2485
4,11,0,197.0347149224445,19.63083271059664,2443
4,12,0,189.6993451473995,18.15923105935378,2372
4,13,0,191.6062969465297,18.2592260869245,2414
4,14,0,199.1234556301243,66.93729918970094,2343
4,15,0,191.0583401915833,18.3756388521724,2406
4,16,0,194.2465701585868,87.87919988112091,2353
4,17,0,175.7849893490464,16.5624529889351,2240
4,18,0,161.8715997179927,15.64295355055952,2018
4,19,0,140.7616793907968,542.4063548600323,1471
5,0,0,117.805302391793,11.31056029587879,1476
5,1,0,152.1832103123365,14.25862476058155,1939
5,2,0,179.4039639133874,17.0930235832605,2239
5,3,0,183.2449114695787,17.96742783008611,2281
5,4,0,182.2514744914837,16.74845256311658,2315
5,5,0,195.7979380247998,26.20368171575259,2414
5,6,0,196.2515374364895,19.15868767700082,2447
5,7,0,188.9808161775601,18.26973993897721,2354
5,8,0,186.6057159728409,17.36146498586141,2354
5,9,0,190.5956722494753,17.83521996984241,2405
5,10,0,196.3268104214196,19.56824125268441,2399
5,11,0,193.876094715827,18.30280475407023,2436
5,12,0,203.7460906696352,74.98899905819458,2463
5,13,0,191.9050183739247,18.16729359434297,2429
5,14,0,194.9535458161727,55.43320468277785,2379
5,15,0,189.3806020289182,18.6258155237835,2343
5,16,0,194.9202628830969,21.19484548974214,2412
5,17,0,170.1286903973243,16.40225372058721,2156
5,18,0,155.0182782742541,14.61669618963879,1955
5,19,0,115.4346100710091,10.62272704913278,1470
6,0,0,115.9965213139444,11.34399794901411,1439
6,1,0,157.951747580432,46.10162297461195,1911
6,2,0,178.5587587447851,36.60618673975235,2172
6,3,0,186.1788729720851,31.70021040243761,2303
6,4,0,189.8077985158122,18.02892894102179,2386
6,5,0,196.8671240253575,18.4294564970322,2488
6,6,0,193.7118150055692,18.69671379528014,2405
6,7,0,186.4427348490897,17.12893393047371,2372
6,8,0,195.0348133348131,18.20155639555568,2458
6,9,0,198.5332576231521,19.59384063824187,2488
6,10,0,193.9904029426272,19.5307505047587,2384
6,11,0,201.7862849049652,70.63367669935135,2423
6,12,0,190.1662570966885,18.68372087532271,2357
6,13,0,184.6955668749353,17.71785101240675,2309
6,14,0,192.679402235679,18.54576168027878,2419
6,15,0,190.2058084072432,31.36396221217752,2332
6,16,0,200.4268523872703,31.60472272442809,2474
6,17,0,188.2597105180495,53.50099953155674,2320
6,18,0,160.4973573336782,15.20680792837464,2018
6,19,0,127.3505084805423,110.2848999013122,1502
7,0,0,116.7044180753939,11.45819850456876,1454
7,1,0,161.0831118185413,17.47833583383902,1971
7,2,0,179.8417984141519,18.70833688354604,2204
7,3,0,192.827691905207,200.9748525428253,2254
7,4,0,192.5596653458992,18.16907418230448,2423
7,5,0,211.1813563681635,221.4040673190908,2381
7,6,0,203.2338797652502,111.69779442199,2377
7,7,0,197.5667746527406,53.64482169444288,2375
7,8,0,206.4923085544645,112.599476104978,2452
7,9,0,204.6071926162469,61.83340605758266,2456
7,10,0,196.6763010602244,18.89941614797179,2451
7,11,0,208.2754103946905,181.8728888527973,2408
7,12,0,199.8254036851615,45.43995798206756,2441
7,13,0,188.8422555231841,18.09406878022265,2364
7,14,0,204.7942567532104,251.922894772719,2345
7,15,0,196.0823091998789,31.25615839415176,2423
7,16,0,197.8439761229931,21.85228282229383,2438
7,17,0,176.9324411751196,16.51403200892483,2230
7,18,0,155.5160978830746,14.79331844238128,1968
7,19,0,123.7435641208568,25.27925031246245,1531
8,0,0,115.7620087353851,11.19938136704671,1450
8,1,0,149.8697722401447,14.44056286406433,1857
8,2,0,208.8466223052401,282.4515679424048,2297
8,3,0,192.300239000107,18.60789067589725,2399
8,4,0,194.2475672840028,38.4712696380972,2382
8,5,0,213.1771358924699,549.9987327479796,2368
8,6,0,194.6421092090485,19.12571564822927,2412
8,7,0,192.8101036990113,18.30232550442705,2423
8,8,0,187.0820065771788,18.21186714848736,2330
8,9,0,189.3770144486797,17.59070201405346,2390
8,10,0,196.5599113930684,19.06011235863584,2442
8,11,0,216.5237302397921,462.0950503413617,2444
8,12,0,187.5731787250608,18.30212622360126,2379
8,13,0,182.3986455259314,17.48230896448965,2285
8,14,0,204.4064702730987,72.42667250169498,2427
8,15,0,193.9823791911173,21.11180493754266,2359
8,16,0,191.0876830684595,45.90384773460364,2333
8,17,0,178.1743964873801,17.13836536565291,2237
8,18,0,158.2448202043288,14.77817230448919,2024
8,19,0,123.7148392683903,11.81103818527259,1562
9,0,0,112.1226873556308,10.61714926156505,1410
9,1,0,154.8234956447933,14.72154817848441,1937
9,2,0,179.299680324108,17.65507833536554,2254
9,3,0,220.6563041028886,451.2707191369906,2406
9,4,0,186.9095032570571,17.70661783161152,2357
9,5,0,197.842590997771,19.39432530859812,2450
9,6,0,195.136221098009,18.55659023879766,2436
9,7,0,190.7488525545247,52.0777040636527,2338
9,8,0,194.01212605376,18.1009097813625,2438
9,9,0,195.0429169650285,18.89726700051726,2432
9,10,0,205.8700083377518,225.322616340802,2389
9,11,0,199.3576709083731,61.21913741238345,2449
9,12,0,199.5483932125672,45.53369196910603,2431
9,13,0,193.2002199010533,18.61867034848217,2420
9,14,0,202.4716509261988,27.92265640451533,2487
9,15,0,193.9119632898126,19.55896375994156,2406
9,16,0,198.4293193477531,168.0350188059759,2380
9,17,0,178.4651813547955,17.02563695585855,2235
9,18,0,171.6691473846703,317.365627689952,1946
9,19,0,117.1034984831873,10.70619700953273,1506
10,0,0,111.3289888328639,11.03599993208178,1391
10,1,0,178.3668802721327,512.9864642511441,1946
10,2,0,172.2137320493876,16.3028510620915,2164
10,3,0,190.4809821175133,18.77742212553952,2348
10,4,0,190.1256174443635,18.80051951863805,2338
10,5,0,204.9748998161854,82.7239724606269,2471
10,6,0,192.4273709993199,18.23676272098554,2411
10,7,0,197.9082243635219,138.6262570565029,2314
10,8,0,199.3493966657697,19.03999797181001,2480
10,9,0,203.7850647904972,289.9598016730328,2394
10,10,0,192.7061011062198,18.95997182431852,2382
10,11,0,209.2965254042611,239.366776388016,2451
10,12,0,192.4257048117652,20.16542010725144,2418
10,13,0,188.9437846258535,17.95596051332345,2370
10,14,0,198.1533576421354,28.04319842294615,2417
10,15,0,194.3211830078294,26.75299601405853,2399
10,16,0,194.7013480559473,18.82326414378238,2424
10,17,0,180.1299415005419,17.20847068860263,2281
10,18,0,157.7363642288863,15.56286641327412,1960
10,19,0,118.1952275484764,11.11147830347103,1495
11,0,0,113.7281263816601,10.95838221963391,1415
11,1,0,149.9086151356314,14.2203850725049,1879
11,2,0,179.6555223602845,17.23141914472072,2239
11,3,0,193.2913251533786,18.83289088052751,2384
11,4,0,216.5402045348127,452.6328912838449,2404
11,5,0,183.403935188642,18.01777732802173,2296
11,6,0,197.957947977479,73.37303521845027,2319
11,7,0,195.8241328636641,35.89748267178055,2378
11,8,0,188.128084255395,17.8602725984796,2381
11,9,0,192.2785117927738,22.64231835079117,2364
11,10,0,201.1247590823983,122.2912489802964,2351
11,11,0,194.0177805997773,19.51969922014406,2418
11,12,0,196.0837220469411,18.53481317555015,2469
11,13,0,202.910174369175,63.69382310589253,2448
11,14,0,198.1706610953582,18.41336361466074,2515
11,15,0,194.519509582991,18.46072770763088,2446
11,16,0,200.3884286872173,19.40974861008914,2500
11,17,0,184.758763894417,19.55613316633084,2286
11,18,0,157.6236454069305,15.49459557829094,1967
11,19,0,121.6791987030596,11.50444419083933,1532
12,0,0,114.8881150875557,13.93129938836827,1422
12,1,0,159.442135950343,18.82029135222189,1976
12,2,0,185.1917581894139,221.8466715262549,2160
12,3,0,197.8449929738188,41.37331431543182,2406
12,4,0,198.7475596137282,38.16050854353874,2385
12,5,0,201.6812427386444,47.36018861767894,2447
12,6,0,189.956425692215,18.33110778432431,2385
12,7,0,191.5669439335702,18.6392810643193,2404
12,8,0,193.0678120260164,42.95064348967998,2342
12,9,0,190.1058620219543,21.442396371163,2360
12,10,0,187.9697276359979,30.28352631942864,2339
12,11,0,208.2941411660844,424.4302844588653,2366
12,12,0,189.5405441801867,18.21409782576892,2390
12,13,0,196.3621266731901,48.30005169935271,2393
12,14,0,190.0256557694688,18.07763338423916,2386
12,15,0,196.3665473131727,18.76192057647249,2466
12,16,0,183.5036636694823,17.67978050092957,2284
12,17,0,169.9581649725362,16.2620403601575,2167
12,18,0,159.4174917254636,15.30732073684709,2012
12,19,0,115.7855676902022,11.11173271486847,1450
13,0,0,120.3625722030896,11.60342957487437,1507
13,1,0,157.2643242080613,17.68674480906222,1938
13,2,0,193.4718004716025,333.2217659155988,2203
13,3,0,189.1922204300555,56.55326702116366,2313
13,4,0,186.1067450747754,23.22084937523893,2271
13,5,0,193.0559031041393,20.59455380280965,2409
13,6,0,189.2394906280794,18.41744108375218,2372
13,7,0,194.4639854484807,26.5286214366074,2377
13,8,0,189.9680082444405,19.12155938613282,2370
13,9,0,191.0753486081658,18.03106009820128,2419
13,10,0,201.374663777414,23.33596787076122,2474
13,11,0,197.3520663401482,49.34642501858762,2428
13,12,0,202.7470473406106,142.434289066727,2351
13,13,0,196.5545607636819,23.50074849981359,2434
13,14,0,196.7428468133676,19.12453752529348,2454
13,15,0,194.0166960887183,18.6924588323838,2419
13,16,0,189.4582701452803,43.62207822920332,2296
13,17,0,187.8839544457302,17.84688629058552,2350
13,18,0,159.8980742677029,15.28522970093655,2015
13,19,0,120.5785406068973,11.50643965680643,1529
14,0,0,116.4143822839567,11.64137283640443,1431
14,1,0,157.7354501048578,23.8074492643361,1929
14,2,0,174.0225070292257,16.41831483119772,2196
14,3,0,184.4440584441332,17.84742970222687,2292
14,4,0,191.42981207835,17.98403447185774,2420
14,5,0,222.3025576006752,574.7665600028186,2391
14,6,0,195.7849371385921,23.40366298171562,2402
14,7,0,194.8966816508735,19.1673784734422,2421
14,8,0,186.4904123302791,18.31151975214436,2309
14,9,0,196.3064380843755,19.90499933494905,2442
14,10,0,203.1300054935645,19.63638645752289,2525
14,11,0,188.3127143188392,17.80600760035798,2371
14,12,0,187.9267629449147,19.59359270158727,2320
14,13,0,193.7725579590003,19.29954087180804,2411
14,14,0,195.636862157452,19.00402515104089,2440
14,15,0,190.2037998865275,17.4930079646802,2432
14,16,0,202.0435558705711,73.45131823462337,2427
14,17,0,186.496583374786,18.67789221498941,2307
14,18,0,152.5301295275133,14.75230001943411,1915
14,19,0,118.8664026888913,11.58910173183682,1483
15,0,0,117.4742842505898,10.96868699281218,1485
15,1,0,161.0735336772253,48.70117497834023,1927
15,2,0,174.0324609484306,16.21109687347258,2214
15,3,0,190.8673073493202,36.70365679301587,2322
15,4,0,187.829627513744,37.39317717915266,2285
15,5,0,186.98596443536,18.12388309744578,2305
15,6,0,189.3331717606335,18.88808175731055,2327
15,7,0,203.4027968645615,388.7675421190272,2286
15,8,0,195.2654996712046,19.36312781335942,2417
15,9,0,190.0407211582841,17.87604994474936,2398
15,10,0,201.9582269932085,309.7831120172848,2361
15,11,0,190.7310139602001,17.85321490251067,2414
15,12,0,191.7341704848745,18.09611652032768,2416
15,13,0,187.655368374372,17.6150008821778,2362
15,14,0,182.2935664762336,17.1898567869083,2307
15,15,0,192.1769400264198,37.13908540149122,2334
15,16,0,183.8215649447764,17.08252281255015,2335
15,17,0,196.054667313152,242.5026432246724,2262
15,18,0,163.8981840618782,48.85387093549743,2003
15,19,0,123.8421514226729,11.82898030256052,1552
16,0,0,112.0216957378149,10.37155397982328,1423
16,1,0,146.2180163700821,14.41768137687437,1816
16,2,0,169.4704725399673,16.59811762836876,2078
16,3,0,187.1505864742134,45.40980179657435,2300
16,4,0,184.073961184696,18.14269722948426,2306
16,5,0,188.0422609328216,17.8775343592093,2347
16,6,0,205.3203206204639,231.4977599289414,2353
16,7,0,200.7586387363017,67.66774931458296,2392
16,8,0,186.7575180744938,18.58316873025755,2355
16,9,0,191.292229126752,18.84391043108771,2372
16,10,0,193.0735665218128,100.3056360202036,2322
16,11,0,183.5536029881928,17.23865246810659,2336
16,12,0,184.4309928640692,17.39077530301978,2334
16,13,0,185.1725226696084,17.95801207526221,2319
16,14,0,187.0452983227877,57.59151091410151,2299
16,15,0,189.4323529865753,18.47641723829299,2375
16,16,0,186.6675379401186,17.86825122453196,2343
16,17,0,179.6074523536172,16.93551102644208,2263
16,18,0,159.9693946045873,15.88838763036578,1975
16,19,0,109.5053035963068,11.21006885253392,1374
17,0,0,110.8872702879578,10.69927151381241,1393
17,1,0,145.1259091273413,13.94912219325025,1802
17,2,0,163.2593320775689,20.62907505380533,2015
17,3,0,174.8287368263375,24.39312807757452,2155
17,4,0,186.3591048149726,130.2461818874465,2205
17,5,0,174.324185647099,25.41043203736115,2167
17,6,0,194.1981385777595,148.2321281889831,2286
17,7,0,177.7204978812438,16.99287805792821,2232
17,8,0,178.7228586253395,79.97418052671661,2153
17,9,0,175.9159194392797,16.96602884644639,2209
17,10,0,180.5912306214886,17.49917775446362,2240
17,11,0,176.9104790583138,17.6268515847128,2216
17,12,0,200.1946814848554,355.7605361946723,2267
17,13,0,179.1246629961717,16.69552280548001,2262
17,14,0,179.9380759899294,17.38124385607327,2240
17,15,0,177.8751767850156,17.02711078233634,2242
17,16,0,172.1226518454148,16.37717207911883,2165
17,17,0,172.8217423519717,16.77345441215971,2156
17,18,0,150.4528743959668,16.26960100261374,1848
17,19,0,113.7329966502182,11.17389625235619,1417
18,0,0,91.75922248149405,8.916510522445126,1134
18,1,0,135.373045413522,39.48794736462862,1625
18,2,0,148.5337057185474,36.08706117450854,1795
18,3,0,147.5150775327093,14.45331329133,1821
18,4,0,158.5431677019953,15.46184513081639,1940
18,5,0,154.8789209952725,14.67539250596575,1949
18,6,0,156.1689481411022,15.7911342746971,1933
18,7,0,172.6686523004405,344.0703529582939,1914
18,8,0,158.9523289303992,15.82891913228539,1947
18,9,0,161.8012223509103,22.18777944315632,1975
18,10,0,150.9132190011165,14.84416568494323,1879
18,11,0,153.3585479807314,14.20256094045734,1950
18,12,0,156.4353765516072,15.12760662637656,1955
18,13,0,165.3115701551862,50.06819785411171,2010
18,14,0,161.5781915806841,55.63968858098552,1985
18,15,0,158.661534548323,15.27515668633571,2002
18,16,0,158.7984364970897,15.40095221993549,1982
18,17,0,153.9060923724729,15.12230466323814,1933
18,18,0,132.7614664071862,13.23352454110269,1634
18,19,0,112.1568630893696,176.4914826800339,1258
19,0,0,75.49842183502822,15.32567234968091,909
19,1,0,101.7725060786383,45.78367166798578,1192
19,2,0,111.1861351652514,18.10688097013846,1350
19,3,0,119.1312440436918,14.43505429844403,1448
19,4,0,113.7465574031913,10.545445338436,1435
19,5,0,119.5969845829476,11.67502231692708,1479
19,6,0,116.9786139390601,11.65788721096415,1451
19,7,0,119.317980500129,12.20903029609931,1497
19,8,0,123.6588660298255,11.84144342011244,1553
19,9,0,121.3730766797115,12.09183748296885,1521
19,10,0,116.3635474685026,11.02394722815261,1457
19,11,0,122.2142414310189,11.65713970720829,1543
19,12,0,122.3290195273314,14.87572016656389,1520
19,13,0,120.5319151806778,11.4869159991134,1502
19,14,0,122.2685218568799,11.83869256167342,1530
19,15,0,118.1033940576944,10.73089924216376,1497
19,16,0,121.0923168822642,11.17607055411977,1535
19,17,0,118.3873961884682,148.4196686411532,1361
19,18,0,97.10367877430663,9.063117579668651,1231
19,19,0,75.82036131625355,7.301397542545558,949
