# mesh name: boxMesh_1
# primitive scorer name: doseScorer
# iX, iY, iZ, total(value) [MeV], total(val^2), entry
0,0,0,55.93961971632904,6.062683320016885,599
0,1,0,68.22363025146529,7.705443866005324,715
0,2,0,80.75103594305779,8.676967338045992,869
0,3,0,90.72843269004402,10.58310202465105,938
0,4,0,91.38969362891375,21.5893445532982,973
0,5,0,97.98425160361872,10.46421420966281,1078
0,6,0,101.8880180152198,10.62694568624566,1137
0,7,0,106.7013630929098,11.26121733649177,1205
0,8,0,106.14515208897,11.25321357041718,1193
0,9,0,106.9277771837624,28.78210268482071,1173
0,10,0,109.6264476271884,11.58942947743527,1259
0,11,0,106.6499801985522,10.46965048225134,1269
0,12,0,129.2400105131176,485.5436000279141,1232
0,13,0,110.0426378202012,11.04372866306472,1293
0,14,0,128.435106721284,561.5265659090145,1236
0,15,0,108.5984912820143,10.25632065192623,1333
0,16,0,104.8694623259882,10.25088867528415,1287
0,17,0,108.752389690215,11.06617237285323,1308
0,18,0,91.16578108299646,8.545397018597537,1138
0,19,0,87.68864435815664,100.4415393643084,941
1,0,0,69.09875732418129,7.80468778219352,722
1,1,0,83.99134233408775,9.228031898891183,897
1,2,0,100.5862957854371,11.60868360295142,1035
1,3,0,113.4891241217662,12.69273589566161,1207
1,4,0,114.5228089972995,12.42488610561011,1244
1,5,0,125.9627597037175,13.61285864971651,1373
1,6,0,120.6319670476249,12.62096556154578,1343
1,7,0,126.444264976077,13.02199141102902,1434
1,8,0,137.0635470866003,96.39947327229176,1425
1,9,0,132.7190157384154,13.64735583725977,1522
1,10,0,127.8227583558152,15.71785944017283,1434
1,11,0,130.1590674769695,13.24117657728564,1509
1,12,0,137.2309256568477,33.76693075849514,1556
1,13,0,148.015173489578,76.85499824283477,1638
1,14,0,136.4224174277427,33.46019128540462,1549
1,15,0,136.467213659257,13.64242313894535,1632
1,16,0,133.08437846265,12.99656406293869,1619
1,17,0,137.3119797149375,100.4651262644095,1571
1,18,0,113.3910589523087,11.47445575931897,1408
1,19,0,93.00705531807375,8.667186825959389,1160
2,0,0,78.56127731809681,13.05560331384767,809
2,1,0,95.98376621957115,10.624308833433,1008
2,2,0,109.9555289880417,12.09253427349817,1180
2,3,0,129.2114124944241,51.63664676420009,1340
2,4,0,133.0130311792129,14.65572847447958,1438
2,5,0,135.7368093456811,14.58996311093926,1485
2,6,0,136.8139077840356,14.32353499487291,1512
2,7,0,149.1240230229796,21.0531160331315,1649
2,8,0,153.3502394444968,81.55679056955685,1635
2,9,0,163.4647413286902,113.4152219967183,1750
2,10,0,143.7658776632783,14.03447185053321,1690
2,11,0,144.5314539270537,14.25106287307972,1702
2,12,0,157.1710778862629,22.17444547524054,1814
2,13,0,158.8512999183097,17.14155253160002,1815
2,14,0,151.1276762643528,14.80157160660601,1823
2,15,0,156.4240089191387,15.61121394319025,1877
2,16,0,156.8457972233542,15.4954656710122,1890
2,17,0,145.1982385689962,14.06329535202992,1778
2,18,0,126.0983624506317,12.26139149467624,1554
2,19,0,109.5806658050746,10.63915711508769,1361
3,0,0,85.10086451872492,9.230581772068838,901
3,1,0,111.6000168864334,12.17136136625799,1180
3,2,0,133.2516464395543,15.2315395747698,1388
3,3,0,137.3391816718386,14.61415158285848,1492
3,4,0,156.2808706915679,40.21646126327629,1638
3,5,0,159.4293924364227,17.49058127662291,1743
3,6,0,161.6354084408189,17.84362909297942,1766
3,7,0,171.0125905410179,19.0244415127789,1859
3,8,0,166.3313266889645,17.26358944033976,1859
3,9,0,168.4644156454144,67.34807116151107,1836
3,10,0,172.7311213513075,18.25241775085183,1978
3,11,0,173.126296542842,17.9880757269302,2007
3,12,0,172.072602570086,17.37292305259604,2031
3,13,0,175.2797668705514,18.46788765387532,2026
3,14,0,172.7203447753878,16.97921108141155,2069
3,15,0,173.7742569568668,17.15345095840721,2106
3,16,0,171.2928173106208,18.53027442376274,2087
3,17,0,173.1147459166042,79.78440534835718,1946
3,18,0,146.6502962081662,14.63912201423023,1793
3,19,0,118.8395280427372,12.00909057752791,1445
4,0,0,89.49415412494538,9.984547128147653,935
4,1,0,113.0206596893307,12.51989286603643,1187
4,2,0,131.4314328010388,14.52815163037402,1394
4,3,0,143.8068109952834,15.47844247096651,1547
4,4,0,165.9788600617724,17.6800501974923,1804
4,5,0,162.2383047546221,17.03798391899964,1799
4,6,0,171.8831935480438,18.51455123095582,1880
4,7,0,181.2392928078376,37.36995966344148,1982
4,8,0,179.7525210767054,20.65221143941101,2009
4,9,0,166.3009064463525,17.0619390302327,1906
4,10,0,183.8584583218255,22.05438061916761,2081
4,11,0,183.1435059235733,19.30643469288637,2118
4,12,0,189.0484184991188,96.79373667840213,2108
4,13,0,185.6611677764159,88.90072003565589,2076
4,14,0,181.4735331411039,18.30061940044109,2157
4,15,0,180.1937277333697,17.62093648135974,2187
4,16,0,174.5830194580741,17.44454024444654,2099
4,17,0,178.3035974422242,18.29915712442944,2158
4,18,0,156.3251430948843,15.02908107766477,1944
4,19,0,120.0849245547889,17.19350560424999,1433
5,0,0,90.64721368557092,10.44594073447272,954
5,1,0,115.9089481634243,13.27030407906063,1206
5,2,0,147.7950516775122,29.12476220613167,1515
5,3,0,152.9328666146523,16.69273283197424,1647
5,4,0,169.9142086800396,18.85511617808298,1829
5,5,0,174.8629003225693,18.87494071227412,1916
5,6,0,192.8781509191508,126.768381999561,1998
5,7,0,176.8232816591177,18.71592199891879,1990
5,8,0,192.8096127357482,60.93386376822463,2071
5,9,0,192.5482924509524,45.37589147567127,2134
5,10,0,191.6608004462046,53.25602573817067,2107
5,11,0,183.0368697092752,18.56967698067872,2142
5,12,0,189.1399493786071,42.85399229627037,2175
5,13,0,203.318984388574,283.199256408609,2159
5,14,0,183.4579615943635,18.2408766287104,2176
5,15,0,182.2105686487858,18.2892004790396,2190
5,16,0,171.4737672765797,16.55717292530895,2100
5,17,0,176.8826005438447,27.82212272183756,2083
5,18,0,150.4207477897617,14.6556946514489,1854
5,19,0,125.69590913656,12.73332313938619,1531
6,0,0,98.38468126242185,10.92113891581483,1030
6,1,0,124.8936148553796,14.28906330469049,1298
6,2,0,135.115699811165,14.93531676996782,1432
6,3,0,158.9005315630244,17.16554995148711,1705
6,4,0,167.9425859554005,17.40217214398556,1841
6,5,0,177.5853533256189,20.83621456431927,1921
6,6,0,176.5654773677974,18.26864313853513,1979
6,7,0,176.808743771571,18.56138530772771,1965
6,8,0,191.0964436251311,20.28668276468127,2129
6,9,0,183.0068690991374,44.8930062025598,2033
6,10,0,213.6924032219685,475.5370086505056,2193
6,11,0,200.6257593085079,185.2832223329902,2166
6,12,0,179.6729198407155,18.72280555498909,2074
6,13,0,173.1595515665527,17.2825662717068,2074
6,14,0,189.3043759553237,19.70249478166738,2222
6,15,0,179.9470920302098,20.2623626273661,2145
6,16,0,208.1370375760951,435.942811029972,2264
6,17,0,181.7690979110405,39.56414386749074,2143
6,18,0,156.5732884378376,15.5841704048632,1908
6,19,0,124.7651315808659,11.97994787053221,1558
7,0,0,100.5010519524209,11.40952934743679,1038
7,1,0,124.4522084070395,14.43426817221542,1294
7,2,0,146.0081391989053,15.99175388781235,1537
7,3,0,158.5222740818359,17.13810033037338,1714
7,4,0,163.5082509001922,17.29358340204733,1781
7,5,0,203.1745345606745,183.4385811249239,2060
7,6,0,181.4129110278892,32.35968963756442,2005
7,7,0,193.090254449524,100.7771624078733,2059
7,8,0,181.4421191182077,18.75281686864733,2053
7,9,0,191.0601096561541,20.4136696287503,2156
7,10,0,201.9585120107016,112.2501527799797,2192
7,11,0,179.0497057500339,18.11129289824093,2077
7,12,0,198.8840818006907,32.04112318661482,2254
7,13,0,193.9099675376265,19.51107391254326,2291
7,14,0,188.4206803212859,18.75067372687459,2264
7,15,0,182.2956415893651,17.43996909937961,2213
7,16,0,205.087627086307,189.3911611911406,2256
7,17,0,174.0723684775019,57.25474537779458,2035
7,18,0,159.0276769674189,15.32545252420855,1964
7,19,0,130.9709527603305,12.91222410753015,1596
8,0,0,95.8896710779017,10.93786676895818,992
8,1,0,125.9070273479227,50.5480922042227,1284
8,2,0,144.4601910043079,16.25350143138897,1505
8,3,0,167.6092037265848,112.2563970250281,1709
8,4,0,172.6248347770301,19.58365999214838,1834
8,5,0,176.8562516070801,20.25646885564901,1931
8,6,0,181.2618795680823,19.51553254538391,1997
8,7,0,192.4105692634678,20.67934032421918,2118
8,8,0,184.9734516095517,19.29890180389296,2085
8,9,0,186.570352524732,18.82324284335763,2141
8,10,0,180.0101842777846,17.48973696941458,2136
8,11,0,194.9505057443504,23.16262295849487,2248
8,12,0,190.5172114172969,56.25197326942882,2191
8,13,0,187.5585382255524,18.71656387346033,2213
8,14,0,178.1746024928343,17.39071099492054,2158
8,15,0,186.3184783491569,18.44967421054166,2260
8,16,0,184.6981706438004,21.47691626202607,2236
8,17,0,183.3467363434651,18.41273697242513,2234
8,18,0,156.172594241944,15.08930930241577,1923
8,19,0,128.9169606963309,12.09628641840987,1606
9,0,0,123.625191400871,486.9068232854344,1082
9,1,0,130.2822992642317,15.61367464807417,1334
9,2,0,142.2544926519217,15.39493543501321,1526
9,3,0,162.9091128575998,17.92011054568163,1732
9,4,0,178.5599466768774,43.92510990559985,1877
9,5,0,188.7686362406329,101.7399110756294,1951
9,6,0,183.0563225764165,19.53661706848229,2021
9,7,0,188.8130197632709,19.99928023770108,2118
9,8,0,247.3112257992074,1947.747168488254,2118
9,9,0,185.5170311130674,21.92497537876987,2087
9,10,0,194.8894497669568,35.82877096083941,2165
9,11,0,184.7445019947724,18.74961707216442,2154
9,12,0,186.7973024786478,19.26230978219276,2178
9,13,0,225.0494052222091,927.610061977436,2274
9,14,0,188.9360053112387,18.8330285642437,2252
9,15,0,188.2091325323985,18.71754596641251,2258
9,16,0,185.4112770885183,18.6163617602115,2240
9,17,0,174.6175707672224,16.67493039512146,2142
9,18,0,147.0008530833649,14.12105991796085,1818
9,19,0,121.8041929316452,11.28578727690912,1529
10,0,0,107.930009589905,87.10410559906911,1029
10,1,0,128.7114830152008,14.79759561656729,1337
10,2,0,147.4709560028119,15.78638663163636,1591
10,3,0,168.0407534335236,19.47011382130936,1764
10,4,0,167.6534946058184,19.90980999338373,1770
10,5,0,180.9041057327005,19.5608254272789,1979
10,6,0,191.8459860962752,36.6913492088292,2043
10,7,0,185.6776331384677,19.68270148433777,2070
10,8,0,192.7680183438897,22.49882369119856,2141
10,9,0,205.5689690794658,232.6756016575498,2194
10,10,0,200.2719934634403,174.2536886442986,2125
10,11,0,191.8246020782792,22.34979866775188,2196
10,12,0,183.1806746060472,18.81330139086646,2151
10,13,0,196.6466751296575,43.20334028225778,2249
10,14,0,191.9433110043336,19.65428589901697,2278
10,15,0,183.0672775513978,17.44323039088013,2235
10,16,0,190.3514048713939,19.31808074351083,2258
10,17,0,173.054795324999,17.47317331222674,2073
10,18,0,157.430415923264,19.414674755666,1919
10,19,0,126.9952445927896,13.95150572600757,1517
11,0,0,97.95906110672743,10.90747205918593,1023
11,1,0,125.6659879153825,14.04224341896701,1320
11,2,0,159.1112967447856,121.3533926572071,1509
11,3,0,164.6288615837997,17.96268888451819,1765
11,4,0,163.3965484624329,16.84389904889348,1803
11,5,0,185.0164533233531,19.92498975377769,2026
11,6,0,183.1528530446497,28.76793840181872,1974
11,7,0,183.2080667910582,19.46480376107884,2031
11,8,0,185.2309228394991,21.19835472229854,2079
11,9,0,190.1507247176749,19.55737728145669,2166
11,10,0,181.9068866925849,18.79494119090633,2104
11,11,0,188.775633374093,19.52737251159052,2182
11,12,0,194.6784886890325,36.99027643925162,2238
11,13,0,189.3251503162173,20.09145988863224,2209
11,14,0,186.901164817026,18.6493141330316,2213
11,15,0,186.3898303486212,18.77831229826759,2238
11,16,0,191.4975529989032,19.5014462140942,2290
11,17,0,178.6305570644965,25.16711591130755,2130
11,18,0,161.1634817887951,16.41115303969402,1955
11,19,0,137.5580441356062,160.5962258707321,1526
12,0,0,96.00157626670577,10.65546877854858,1003
12,1,0,128.0925303813956,14.4778196356979,1332
12,2,0,164.3318283769365,478.7586948404456,1534
12,3,0,181.6419284573902,331.4128220780561,1698
12,4,0,164.9775192801478,17.3496049813855,1823
12,5,0,170.1195734139166,18.14728755858383,1859
12,6,0,182.2120073849015,19.50255430291879,2020
12,7,0,184.4008477435987,20.20209141813578,2012
12,8,0,191.301682858414,60.19924654884269,2084
12,9,0,191.8094180386429,20.84153828277105,2173
12,10,0,184.1225841651974,18.97642756172106,2113
12,11,0,188.5099913639757,19.13165846203806,2207
12,12,0,194.9278356364516,58.16136947747118,2181
12,13,0,207.5293775645293,82.56162722874618,2294
12,14,0,195.9824247804048,23.47866875119978,2284
12,15,0,179.6006802963157,18.04248120066175,2162
12,16,0,190.7134910867672,46.95047663591141,2265
12,17,0,178.7569819263936,17.75248213628626,2164
12,18,0,152.5098482094084,14.59993474846524,1877
12,19,0,120.9561652932665,11.13813826117595,1520
13,0,0,96.86905920150538,10.62728927282598,1023
13,1,0,128.2388092537681,14.87667991448891,1328
13,2,0,138.8420531490216,15.28543989521215,1472
13,3,0,158.1818690649285,17.10296906296774,1711
13,4,0,184.5784329400712,67.4765365190658,1899
13,5,0,170.6810058761157,18.77710025788329,1860
13,6,0,204.9907964424533,625.4229297145167,1999
13,7,0,184.3388402900099,19.44744460239017,2060
13,8,0,191.2991010744551,19.97532153005283,2143
13,9,0,186.3318156647782,20.68218417827024,2120
13,10,0,208.2561524930654,382.5079985758425,2146
13,11,0,189.2976780444924,19.56789732644361,2181
13,12,0,190.706222066127,34.0688583811847,2181
13,13,0,180.4235522942433,17.97527076684564,2134
13,14,0,213.5569246231289,235.4790658652479,2326
13,15,0,195.6492079687388,22.07999593569682,2321
13,16,0,181.9514471495873,17.78322816744971,2219
13,17,0,171.5180697066022,16.75100841137519,2082
13,18,0,170.5982465934053,119.6445650583548,1934
13,19,0,126.8887052980802,50.92977031030785,1512
14,0,0,97.83934295089774,11.28644525550845,1015
14,1,0,120.2162404189304,13.54630757413417,1256
14,2,0,136.7591823290078,15.03369370167628,1441
14,3,0,153.2399321568664,16.96458190557623,1622
14,4,0,166.7828833250197,20.50938975232869,1771
14,5,0,197.4516526779682,392.1816938856911,1842
14,6,0,186.7283016716712,40.90346599083988,1962
14,7,0,175.4603727243753,18.70384317638404,1953
14,8,0,215.8491211295973,1243.389929238276,2036
14,9,0,188.4317608939113,23.55965268569598,2117
14,10,0,187.9346982212735,58.37353138456292,2067
14,11,0,177.7025714412468,17.87652056121952,2084
14,12,0,181.4844411537918,22.14144990522154,2100
14,13,0,182.3576394428006,33.01971778217658,2123
14,14,0,183.3875668944958,18.60508500740178,2181
14,15,0,185.0355069521269,18.11974104906489,2245
14,16,0,173.2121219383308,18.9006035409236,2094
14,17,0,167.8558270218565,65.51454532838169,1967
14,18,0,161.9334603128752,17.3329132692975,1961
14,19,0,135.1309214284709,32.39688473680327,1612
15,0,0,89.49990502529545,10.01473094395329,936
15,1,0,120.0194276123999,13.70646776620581,1247
15,2,0,133.4021963715022,16.48282120628557,1397
15,3,0,153.3011648501712,16.87264407840676,1646
15,4,0,165.733123267647,18.63561115831428,1768
15,5,0,172.4435181881814,166.0699634846569,1759
15,6,0,167.986163725934,18.37627597621536,1839
15,7,0,177.2183569396019,19.24675777889106,1957
15,8,0,175.4639633123381,19.29778881723583,1940
15,9,0,177.158826907058,43.42042198538562,1986
15,10,0,183.5871160645631,19.35508554036475,2097
15,11,0,181.6203059876945,19.5617348427453,2080
15,12,0,190.4048043315307,72.75206542111657,2162
15,13,0,179.1230013373394,25.36414566511461,2109
15,14,0,187.0288752695058,46.87868605798805,2169
15,15,0,179.1211185145691,32.11537237970558,2093
15,16,0,208.7470801477754,714.5056417702554,2186
15,17,0,179.7075498606677,93.46607740269803,2070
15,18,0,150.1590547263984,14.43821353052872,1847
15,19,0,122.1541016199605,11.98246655166581,1499
16,0,0,86.09597487675656,9.82546515677832,898
16,1,0,107.9911935158955,12.00064238250618,1133
16,2,0,125.0611789902317,13.71868254840003,1335
16,3,0,135.1224501001212,15.15340265686613,1421
16,4,0,151.4750240657741,23.42292543065823,1629
16,5,0,152.8246245799099,16.31391197051174,1676
16,6,0,157.6867155528435,16.84886944805358,1730
16,7,0,164.0719595870289,17.54066273670563,1824
16,8,0,151.5300427107285,15.36598319418925,1748
16,9,0,192.7891398291962,450.0972914257079,1928
16,10,0,168.0000112834836,16.94710282603139,1953
16,11,0,211.309499563412,1281.86560944404,2014
16,12,0,168.8055939760805,16.89539517519044,1982
16,13,0,174.1814512831872,35.98561568153033,2019
16,14,0,244.9844212866357,2094.251946437153,2019
16,15,0,171.7252348041726,17.59144901514678,2036
16,16,0,172.4597706402017,16.91575030836194,2090
16,17,0,161.3196990599544,15.32974688260679,1998
16,18,0,148.8641353397549,14.15017366702867,1840
16,19,0,125.9409702503885,19.25972058713131,1504
17,0,0,81.26810727006699,9.176677031812106,843
17,1,0,98.14934990398658,11.31055029250827,1024
17,2,0,131.5217771841771,76.78307461630125,1263
17,3,0,130.5259915035988,14.39418805432909,1388
17,4,0,142.0456668070686,16.02562124919202,1504
17,5,0,135.9775646839086,14.79685719545292,1469
17,6,0,143.7244613995418,15.27787126518044,1579
17,7,0,146.8981533736889,15.58519550393815,1632
17,8,0,149.3201161949688,15.93591949445396,1681
17,9,0,152.2920641369332,17.41801894931201,1710
17,10,0,154.8347879951736,16.49949321271496,1774
17,11,0,151.6087126410418,104.6068305204255,1653
17,12,0,154.640044406122,15.74169302598212,1812
17,13,0,157.4974360891304,15.81908547594632,1857
17,14,0,149.5965908008666,15.25850934019653,1778
17,15,0,155.2123624281302,15.16329971474981,1872
17,16,0,157.3865300008231,15.24189505079964,1917
17,17,0,152.913887835297,20.44860055495016,1849
17,18,0,154.1152531883247,207.1277186492715,1673
17,19,0,112.0196512732172,11.7475179282391,1368
18,0,0,61.58378073423913,6.918795679583307,644
18,1,0,88.50529317197783,9.650525819134135,932
18,2,0,116.6762897932334,486.5149931737092,984
18,3,0,103.7867141959139,11.41740688184927,1112
18,4,0,116.2573527553087,12.99576600312616,1233
18,5,0,127.3848096789884,84.47955448367215,1336
18,6,0,130.1321196996653,14.11488653432982,1429
18,7,0,131.5541713939001,14.17282630084729,1467
18,8,0,132.6330298251806,103.2783979236722,1401
18,9,0,132.135690594584,13.67484176967314,1501
18,10,0,128.19572417156,15.77300457306226,1460
18,11,0,127.3412306421679,13.09005343940124,1476
18,12,0,134.8222551675633,13.82388511136103,1563
18,13,0,134.2911976303041,14.02401644768345,1561
18,14,0,140.3629599956788,25.52166852319142,1639
18,15,0,139.4505432801405,18.32638005704362,1649
18,16,0,134.2845357021453,24.55542826637004,1566
18,17,0,137.6037672376486,14.94410032687609,1656
18,18,0,115.408944151796,11.34282896591619,1412
18,19,0,97.67898353719718,13.43191653683102,1172
19,0,0,52.70214316365077,5.568306162258383,571
19,1,0,68.06634178698431,8.223416150066914,710
19,2,0,79.71133206863401,8.744968130794273,847
19,3,0,90.38831501683666,9.815057289378965,965
19,4,0,97.33529452912202,10.92634781079437,1038
19,5,0,99.92193034784282,11.04519993457628,1092
19,6,0,100.719624393689,10.75907945563676,1111
19,7,0,108.7632232885222,11.896377722689,1203
19,8,0,100.1875086695185,10.22595257361034,1153
19,9,0,108.985910751127,11.51532593768546,1234
19,10,0,107.971001060625,11.85489354794984,1224
19,11,0,106.3009462468375,13.78515384928976,1249
19,12,0,105.0585834717636,10.62943910851248,1229
19,13,0,116.8320774034963,141.7748920304761,1256
19,14,0,109.3499407797803,17.05211520063067,1270
19,15,0,135.9786010906609,597.6016397145059,1318
19,16,0,109.4563963946428,11.24274676162831,1314
19,17,0,100.0123728309013,9.70622320764733,1238
19,18,0,92.59736883310934,8.950344910513628,1147
19,19,0,71.4016278813874,6.997625855316063,886
