# mesh name: boxMesh_1
# primitive scorer name: doseScorer
# iX, iY, iZ, total(value) [MeV], total(val^2), entry
0,0,0,68.17115073999383,7.177321757685397,808
0,1,0,87.61379481041554,9.043340332790827,1039
0,2,0,93.56903905335494,10.19913044965936,1146
0,3,0,105.1511095806381,10.33985081706231,1273
0,4,0,106.9053431577202,10.76093174414959,1298
0,5,0,122.1848327757223,72.18042990457015,1385
0,6,0,115.5534720415299,11.12235765110962,1424
0,7,0,112.3469046821442,10.68968418755369,1392
0,8,0,120.810095719289,12.10009760876403,1466
0,9,0,117.6093172934414,11.66718234194874,1442
0,10,0,117.9683250618654,11.24004843301001,1473
0,11,0,111.5208118015664,10.88054149819156,1413
0,12,0,116.973135271389,11.03614700341034,1466
0,13,0,120.6489507134281,11.94900422388473,1504
0,14,0,118.4299302738712,11.46111200906081,1470
0,15,0,117.8616499049581,11.24604300541821,1465
0,16,0,120.3226192958839,11.09314288911793,1514
0,17,0,112.9725445482978,11.33414110077482,1421
0,18,0,109.280571106473,10.46799984406043,1377
0,19,0,80.1578960177,7.887707286712266,1008
1,0,0,76.13729256185584,7.683919924044245,908
1,1,0,104.5019334178736,10.2682842086387,1268
1,2,0,131.1426363100255,21.52162683158785,1528
1,3,0,137.057338223532,13.67490049251108,1653
1,4,0,146.8047022048853,14.7402779376393,1763
1,5,0,145.1580187100918,14.05351394662941,1785
1,6,0,148.2438754491078,15.30576054087634,1780
1,7,0,153.337306074282,14.98784199964932,1881
1,8,0,148.459670928275,14.46597929567452,1834
1,9,0,147.5594830635462,14.51593623043317,1808
1,10,0,157.304447478925,81.19704450104268,1849
1,11,0,156.4901294503523,15.15101097210787,1922
1,12,0,154.2854524135142,15.17369704608996,1916
1,13,0,154.3328054551492,14.92944360891915,1916
1,14,0,150.0441185627334,14.7612693745908,1842
1,15,0,153.6158582770025,14.90958942880905,1936
1,16,0,154.3807928019224,14.77836034508642,1953
1,17,0,156.2393813337745,14.8886392966143,1969
1,18,0,144.3658762725358,14.0774903654,1820
1,19,0,106.0178865496095,9.877546253169054,1351
2,0,0,102.3693747505048,10.44018099847056,1213
2,1,0,122.2331229167189,11.88141232711745,1492
2,2,0,158.4618372504317,74.42331103525224,1757
2,3,0,158.4041307625749,15.49848884689187,1929
2,4,0,157.478942407443,14.78425192228426,1944
2,5,0,170.2198947562166,16.29878377257448,2088
2,6,0,176.3613327475852,19.29867715089545,2129
2,7,0,182.0361152957103,22.54160288346499,2173
2,8,0,180.856096693744,57.16916880248804,2196
2,9,0,171.1955527363887,16.59639876267438,2117
2,10,0,186.6413662883961,33.48182741284764,2240
2,11,0,186.4892371081479,131.1869509589707,2158
2,12,0,209.0482972715837,361.9429473094679,2217
2,13,0,179.7569215053038,40.45484591275763,2171
2,14,0,169.5059818897983,16.2491902577196,2129
2,15,0,181.7949981206701,18.07533471090502,2267
2,16,0,180.5672658433043,18.83684808155333,2256
2,17,0,173.2959227987395,16.68044342717328,2173
2,18,0,156.578385742063,15.39292621128842,1937
2,19,0,119.044869504993,10.96472948356033,1531
3,0,0,103.8799674653367,9.873355038884171,1271
3,1,0,138.9656927055658,96.16002702598202,1562
3,2,0,154.8956858670905,15.26380598201766,1868
3,3,0,168.668465018415,16.4911910270929,2037
3,4,0,200.9896483083912,398.4816785898582,2181
3,5,0,180.953283938745,18.16834827928025,2188
3,6,0,183.2658530242636,18.53759956232205,2252
3,7,0,192.3093100266542,19.10760965206177,2337
3,8,0,180.6937542748506,17.40301152107085,2227
3,9,0,183.3575809557793,17.31730223678979,2280
3,10,0,189.4439395734489,18.72945181009274,2322
3,11,0,184.5709517103656,17.38898990005187,2297
3,12,0,204.9104576112503,258.0822337824258,2312
3,13,0,185.8375933991892,17.36045205663036,2344
3,14,0,195.5112562800194,18.67811089531198,2441
3,15,0,189.9054284933196,17.96699027368432,2396
3,16,0,192.0579188160665,18.98928206286446,2391
3,17,0,178.9224884779055,16.82223351237218,2258
3,18,0,168.2555576293988,26.74110149171097,2055
3,19,0,123.5307167119926,12.20013521017827,1552
4,0,0,106.239962021351,10.36091855663662,1291
4,1,0,139.7673417472188,13.71119687966451,1688
4,2,0,155.2401182643135,15.26306701277837,1864
4,3,0,169.2192156713181,16.41113396055165,2062
4,4,0,216.2969905464343,884.3534460966029,2248
4,5,0,182.554059641073,18.15326471400328,2229
4,6,0,185.0636481054921,17.75834595851346,2259
4,7,0,197.0698677441648,39.60080728918075,2366
4,8,0,197.5312493105071,19.91433174593079,2398
4,9,0,191.6480537720131,18.25966493175613,2373
4,10,0,193.3617710261273,30.78995380833997,2331
4,11,0,191.9257580953762,40.7232033090814,2308
4,12,0,194.3005386064644,206.6835835370629,2249
4,13,0,186.6100133419458,19.07193942494954,2334
4,14,0,210.2254719362082,263.7400288470153,2411
4,15,0,189.1385396694287,64.79796905788197,2286
4,16,0,189.8874240344392,19.00745989864941,2370
4,17,0,185.268204407515,20.73535984508917,2287
4,18,0,165.3215546906015,15.11803133306854,2109
4,19,0,129.958554206387,25.07399807659344,1606
5,0,0,113.2813394954141,11.6127642666842,1355
5,1,0,139.1515242194419,14.04645447746315,1669
5,2,0,176.6352249098487,105.1368525961549,2008
5,3,0,189.482623244334,69.27382251637272,2207
5,4,0,181.3463012194574,17.92674047254683,2212
5,5,0,186.3981450030113,18.05556373791437,2292
5,6,0,187.5822157133231,18.05818896542163,2316
5,7,0,182.5363852145902,17.33012877392801,2259
5,8,0,188.1912033993794,18.48938239018824,2298
5,9,0,191.5689448828095,25.27336249183652,2335
5,10,0,201.128338449615,50.36155620196072,2390
5,11,0,193.3150802101257,19.22127399122663,2368
5,12,0,192.3706408019418,18.2059760189612,2400
5,13,0,200.9188762193671,42.16301541818196,2436
5,14,0,191.1846823500134,38.41812508531837,2337
5,15,0,218.6299932070628,660.819139478902,2416
5,16,0,193.9888990179957,42.48805805934461,2397
5,17,0,179.4783293057339,17.24522336577347,2260
5,18,0,175.295821664533,16.92105266347832,2203
5,19,0,128.8985263273058,12.00569458977332,1643
6,0,0,107.7386399620574,12.73356580016863,1265
6,1,0,146.0872680907808,27.48872797387459,1723
6,2,0,168.5052659541194,29.68418660052921,1966
6,3,0,178.5132788936867,17.83100731400594,2151
6,4,0,183.4639135744601,17.49068452870412,2266
6,5,0,194.0839968495193,19.05604912096712,2361
6,6,0,198.6928430692182,129.8048280345257,2307
6,7,0,193.4833096660491,19.20847560850389,2341
6,8,0,194.7595714272647,19.2766772378856,2366
6,9,0,192.6885769643062,18.91328749166886,2366
6,10,0,188.7249587213319,18.06316112800135,2357
6,11,0,192.6837780280849,32.31607946363832,2335
6,12,0,197.5009867300039,19.81208529513303,2421
6,13,0,191.1578733417163,18.30584870340132,2392
6,14,0,190.7048008677889,18.34099694400543,2396
6,15,0,190.7590554152426,19.53804369071916,2375
6,16,0,202.0890068699033,56.26250003001267,2447
6,17,0,193.8427533013763,19.15245771218644,2411
6,18,0,172.1831612172184,16.52465094174012,2181
6,19,0,136.1307897553577,12.63664685370367,1731
7,0,0,113.8845138056236,11.22702733298385,1376
7,1,0,137.576610686934,14.69967987761881,1635
7,2,0,171.8175246676488,41.48168382802533,2014
7,3,0,200.0216267174637,220.6956457101802,2237
7,4,0,191.3151347267921,18.46333685666056,2324
7,5,0,189.3525668615992,19.51508927285996,2286
7,6,0,195.9177857700335,138.3698620577429,2258
7,7,0,195.7216200785216,123.9428115174123,2261
7,8,0,202.5132791319467,52.17334980817468,2407
7,9,0,189.1311271480794,17.65878717390562,2381
7,10,0,194.9210189470238,49.63589365186474,2324
7,11,0,193.4846920394263,18.29016590532461,2429
7,12,0,186.1534215463632,17.16899554419277,2350
7,13,0,193.8775486956302,33.60477470659794,2350
7,14,0,208.0884552573749,269.9753358496826,2393
7,15,0,196.8717172930772,127.7284232799693,2326
7,16,0,200.7870503642289,19.27159030138106,2518
7,17,0,181.6300822506714,16.72313640746053,2322
7,18,0,164.8262470065384,16.78919717035497,2054
7,19,0,130.4519605221567,12.72537908975405,1633
8,0,0,104.6871588157879,9.958373770149629,1283
8,1,0,140.0210489114564,13.76917521939541,1703
8,2,0,169.6678992654545,16.94601685547313,2053
8,3,0,192.2728656418907,141.2030571830035,2213
8,4,0,188.8218995118261,18.54899150371763,2308
8,5,0,194.027128154293,19.17673686806381,2356
8,6,0,192.4131309683467,18.97881940554005,2358
8,7,0,190.6778663157985,18.26988541221435,2336
8,8,0,193.7727762731008,23.88217447841388,2343
8,9,0,222.7098876927434,632.1207273800024,2382
8,10,0,186.7768273734036,18.74058540286958,2302
8,11,0,186.3047515926798,19.05972895381206,2336
8,12,0,183.2663138901359,26.98456571948239,2291
8,13,0,189.8717429763658,26.37512759479294,2348
8,14,0,185.3499656889075,18.26356758818208,2295
8,15,0,196.4979772828436,21.16130217746001,2450
8,16,0,185.5868113881976,17.61033506892966,2343
8,17,0,183.7236719727294,17.44935067280389,2322
8,18,0,170.4819124020786,37.11222405180357,2097
8,19,0,134.0660442167843,13.11666521440039,1675
9,0,0,101.0979291927067,9.93701576875846,1223
9,1,0,167.5960529595677,759.8882073001356,1712
9,2,0,173.642167058881,105.8729062001175,1954
9,3,0,193.1268743860768,62.17656380705318,2261
9,4,0,186.4996887059242,18.29213488650445,2278
9,5,0,187.1419703853459,18.48952098633425,2275
9,6,0,185.8681147751579,21.65990275730931,2245
9,7,0,187.43489830537,18.46138173184141,2295
9,8,0,186.5915185048063,18.43250932837896,2300
9,9,0,209.4275245136071,308.9490594600163,2377
9,10,0,194.2198044443559,19.25828354068126,2376
9,11,0,198.3147731888268,20.91111365858309,2409
9,12,0,196.7106240670759,18.96969962171778,2445
9,13,0,210.127471280668,190.8037841498889,2398
9,14,0,196.8763031144425,19.26138237737987,2448
9,15,0,189.9336036833862,18.16249650793045,2374
9,16,0,197.6057533650168,35.42478900514882,2428
9,17,0,186.9080816128709,18.33667905539249,2331
9,18,0,170.942236568839,62.59788647625054,2085
9,19,0,131.3545772067486,20.07967554679681,1609
10,0,0,111.8135344426957,10.77853564815046,1374
10,1,0,143.3499103651202,14.20864432165418,1725
10,2,0,167.2992150545872,23.26466825882089,1999
10,3,0,191.1870205296185,113.9477329061615,2176
10,4,0,184.3207623663635,18.31817146570727,2229
10,5,0,189.0161633565846,19.39012173617299,2286
10,6,0,199.1586157679698,19.3974985826478,2432
10,7,0,192.946617575579,18.59494781970922,2366
10,8,0,193.4164991213033,18.72971309845052,2375
10,9,0,202.3316374604668,100.3263842843886,2362
10,10,0,187.1505209897885,18.29568947832599,2318
10,11,0,196.6190463592441,18.820550124568,2444
10,12,0,185.8800869332673,17.64851197156278,2330
10,13,0,193.9449874278124,18.21490217070559,2465
10,14,0,201.6966279244004,51.66017411646801,2405
10,15,0,193.0473702171247,18.36866325402814,2426
10,16,0,200.6463272810691,121.8094892229716,2352
10,17,0,194.6661266732914,44.51070504911439,2372
10,18,0,172.9019003482363,16.63917413217151,2151
10,19,0,128.8482079624518,11.88184128945279,1647
11,0,0,109.3140945487461,10.87618187842888,1320
11,1,0,142.9348565071776,14.31641340927201,1698
11,2,0,161.1006482253993,15.7165061373851,1964
11,3,0,180.9098905394242,19.69552217768529,2179
11,4,0,192.1145147322757,28.2449083021417,2278
11,5,0,183.2704048516467,17.18052819042613,2279
11,6,0,189.162478844324,19.09491618544789,2289
11,7,0,192.5014075135807,113.2113404535872,2246
11,8,0,188.558745760274,18.36869704170072,2320
11,9,0,192.0998450402981,18.66940765201307,2358
11,10,0,194.4571199199528,22.27763098414254,2405
11,11,0,190.6378001059033,18.8643978464069,2324
11,12,0,191.1274114237138,18.63159018098258,2372
11,13,0,192.7149394020273,26.75225432903146,2374
11,14,0,200.7534988867543,19.24576377046207,2515
11,15,0,194.0501972557844,19.41204344942924,2419
11,16,0,194.4721233583704,23.42069770226356,2424
11,17,0,185.4283868646331,17.68929646701322,2346
11,18,0,168.0687318637985,15.9714898749363,2121
11,19,0,135.2958676413739,13.33516443131534,1689
12,0,0,103.1795535161757,10.26969182707142,1235
12,1,0,141.9354384545608,16.37333101816261,1696
12,2,0,161.2337883269473,15.81588416489095,1945
12,3,0,185.450459347881,20.51441426025942,2213
12,4,0,182.2876734009565,17.71454020455159,2214
12,5,0,188.3057732436281,18.81564805440165,2299
12,6,0,219.9445689957084,447.6335166913851,2374
12,7,0,192.3861605006966,26.13184409977351,2303
12,8,0,187.9992171429697,18.72984450032214,2314
12,9,0,180.4101890122148,16.83956343178691,2248
12,10,0,195.6594323297784,26.78689065935455,2406
12,11,0,193.8098311046346,18.62599052669285,2417
12,12,0,200.0286929731767,55.16729248932994,2388
12,13,0,189.6206974450656,17.98892201135817,2380
12,14,0,192.095381317949,18.3124136181119,2402
12,15,0,192.192240861549,19.28293257902028,2383
12,16,0,189.9280301549667,17.47469796450639,2422
12,17,0,193.1792788966462,93.89351987349781,2329
12,18,0,163.4502453106568,16.05514840729154,2045
12,19,0,124.3339004058554,11.70207662432123,1591
13,0,0,105.4869265863574,10.1501597291214,1300
13,1,0,141.1065460708118,13.92523387430191,1710
13,2,0,156.8717307409047,15.54333667171283,1894
13,3,0,177.4807338019927,17.8207361069788,2129
13,4,0,180.5458168777218,17.74852060134215,2169
13,5,0,188.5740750186076,18.87122233830835,2274
13,6,0,210.5245326880797,511.9167280776032,2319
13,7,0,187.8916458943945,19.89410746049934,2289
13,8,0,194.6146515396538,40.8658368226251,2312
13,9,0,197.7278032074774,19.0309546740235,2450
13,10,0,194.9487931344901,19.071512575523,2389
13,11,0,208.306128578455,119.1783880883535,2470
13,12,0,206.673659422933,228.8918753643494,2384
13,13,0,187.975022784481,18.25625382069419,2364
13,14,0,194.2040147654659,25.89200467408948,2387
13,15,0,194.8636657885409,18.5403405006356,2444
13,16,0,191.0107302064674,18.94438287344989,2387
13,17,0,193.580793425564,221.1822838032379,2277
13,18,0,171.893492042718,46.86260578128798,2129
13,19,0,127.4942649041726,11.74156930495645,1634
14,0,0,111.0222926614116,11.40513436293321,1328
14,1,0,139.6218845549893,37.4027163362048,1624
14,2,0,171.3848745356667,124.2830804204121,1937
14,3,0,181.5418823120309,25.61934091518429,2162
14,4,0,182.0786116851035,18.32094547004056,2201
14,5,0,186.1162797170022,18.1811747010259,2287
14,6,0,189.4256788961088,28.41282859118503,2282
14,7,0,190.9857002080077,18.54282168123133,2348
14,8,0,188.9184309482854,26.25345811070689,2305
14,9,0,191.6255895604224,28.34113350278863,2333
14,10,0,205.5022655727248,429.2455685492803,2326
14,11,0,192.6595238059448,34.31653861899711,2350
14,12,0,190.0247361006013,30.19387920948719,2338
14,13,0,210.2286985260867,275.1588687959348,2410
14,14,0,187.4012183388492,17.72700359354887,2362
14,15,0,188.7270432392095,26.60245605188901,2345
14,16,0,215.8886830679609,789.2361798166062,2403
14,17,0,184.4100545101142,21.137758669279,2292
14,18,0,168.5838011787943,15.90771096330767,2125
14,19,0,126.0400963407915,11.61080122864086,1616
15,0,0,104.8629487017633,10.05709071303698,1281
15,1,0,135.5107921253965,13.24261391120942,1652
15,2,0,163.6133692678447,15.90427073507529,1994
15,3,0,203.4843455027699,867.5591806491315,2098
15,4,0,184.3116452739142,34.08886925170756,2160
15,5,0,195.8236117546921,64.15330885779606,2289
15,6,0,181.1988857543168,17.89863289200499,2200
15,7,0,207.0622220178896,234.7390138807581,2329
15,8,0,186.6314235576371,18.42442478413212,2294
15,9,0,197.149527281137,112.9571984786812,2344
15,10,0,190.590906768939,67.49975612189765,2245
15,11,0,188.61222130582,18.34867539722102,2354
15,12,0,193.9682708230896,26.81678281604376,2380
15,13,0,198.3906462304265,19.37782690450117,2472
15,14,0,192.5208619845064,20.03637225976337,2385
15,15,0,189.6839294119712,18.1323931654067,2377
15,16,0,188.4419424254901,17.65106420191775,2385
15,17,0,199.7055371098679,137.9494726387936,2360
15,18,0,160.0249507557918,15.09804227645847,2034
15,19,0,126.8732996246224,12.2926324380002,1597
16,0,0,102.1277043175806,9.949279117132249,1249
16,1,0,134.6016797846689,20.35537812563851,1598
16,2,0,153.427905651328,15.03459726654238,1851
16,3,0,166.2251467555992,16.27030003781202,2037
16,4,0,175.5612642134695,17.1957350811464,2134
16,5,0,183.0988614167408,17.71535173699075,2248
16,6,0,183.9255093877911,18.68426304342336,2217
16,7,0,182.4538712171598,18.08412019238737,2222
16,8,0,183.0593759079539,18.09977896821481,2248
16,9,0,183.7322675135144,32.85720721385119,2232
16,10,0,200.0787368321594,447.1590900887226,2246
16,11,0,190.129686073591,40.00480419077152,2302
16,12,0,190.0844356822155,19.93321659315021,2352
16,13,0,183.8430463889852,18.30261028162246,2277
16,14,0,198.5789999225128,189.6719700861992,2332
16,15,0,187.0865072772971,17.86741055446477,2357
16,16,0,189.9805190743095,18.23556795908615,2370
16,17,0,201.0231517356461,74.57726923330164,2414
16,18,0,168.2444249889669,16.59111373296396,2095
16,19,0,123.6641951567647,11.52852393716511,1566
17,0,0,96.5494103537559,9.726967218950803,1152
17,1,0,139.2525021871525,276.5512709377692,1499
17,2,0,144.5640271321724,13.70335439874422,1778
17,3,0,183.5820963036922,583.1090485090112,1958
17,4,0,166.7173883142929,67.60062178495484,1927
17,5,0,162.1015703201045,19.67681633690096,1988
17,6,0,174.475347624871,17.6728083241516,2113
17,7,0,165.6111325883324,15.77829155589065,2048
17,8,0,190.4690172472519,615.8742387139079,2050
17,9,0,167.7772361796956,21.14157080708504,2081
17,10,0,169.5928469633107,15.67774192445448,2140
17,11,0,192.0190141854071,329.3034247348417,2110
17,12,0,176.2289348079621,44.89944664102043,2141
17,13,0,179.9421272009617,17.51316231369105,2248
17,14,0,186.3321940150475,158.5215889628434,2185
17,15,0,176.4447080788131,16.8277399413816,2213
17,16,0,175.4573725824877,17.14632718620621,2187
17,17,0,177.8570633616215,16.83301393495801,2250
17,18,0,165.0492686375618,15.80186752394414,2087
17,19,0,122.3518986586467,11.59973401614145,1567
18,0,0,85.31850415966125,8.232332352194968,1032
18,1,0,105.2803739945,9.987227428685932,1293
18,2,0,123.892478621935,12.30127490844745,1497
18,3,0,133.4725133784125,12.62039417661464,1643
18,4,0,146.342764924035,19.2825788099009,1748
18,5,0,146.8057410828894,15.66989991072767,1785
18,6,0,150.9420953646822,15.20911025492729,1824
18,7,0,150.8782291514472,14.41962751477439,1874
18,8,0,150.7389292856457,14.59897048178692,1839
18,9,0,145.5933999420696,14.27461034994396,1773
18,10,0,154.9799749056367,15.08844380095211,1918
18,11,0,155.4733613200651,50.56007881514807,1847
18,12,0,149.603621276055,14.05479265258424,1877
18,13,0,154.9131520365544,15.32565162674537,1915
18,14,0,161.9844616373423,21.1247707601927,1974
18,15,0,162.6315095785866,15.49924468564398,2048
18,16,0,157.7184141175002,15.91006770341857,1945
18,17,0,145.369589760548,13.35118878712476,1868
18,18,0,139.3712526041531,12.9322730503323,1773
18,19,0,121.2680384262707,187.9032452631704,1361
19,0,0,62.97118750705628,5.628440178765284,788
19,1,0,80.27470714111442,7.630992159205649,983
19,2,0,96.43885288599044,10.03738081069655,1149
19,3,0,104.4623339195988,10.42420573211207,1267
19,4,0,113.7094212628282,11.46450624669558,1369
19,5,0,111.1265980159493,10.94227796734844,1361
19,6,0,107.7183425236219,10.10378060465857,1330
19,7,0,113.5906279952546,10.96093752863112,1395
19,8,0,120.9429604428715,12.05208260363849,1463
19,9,0,114.6361305960851,11.19132668398082,1412
19,10,0,116.9638287028963,12.46102278073809,1429
19,11,0,115.476564309826,11.70304529756495,1414
19,12,0,115.7105123207552,11.20873077216674,1449
19,13,0,121.6773834398362,11.66083056974831,1513
19,14,0,147.0934854633945,476.1679990481944,1473
19,15,0,126.8171700866349,41.17817157653287,1518
19,16,0,114.8123445600345,11.16009822077279,1436
19,17,0,117.877768083926,11.54613183425695,1477
19,18,0,103.945872658044,9.629173242625891,1334
19,19,0,79.89987774129273,7.671474253056291,1018
