# mesh name: boxMesh_1
# primitive scorer name: doseScorer
# iX, iY, iZ, total(value) [MeV], total(val^2), entry
0,0,0,68.40178251932269,6.770998660057672,838
0,1,0,90.61767340288132,50.95250154049479,1043
0,2,0,99.71715025067323,9.444289425686971,1220
0,3,0,113.4751313376711,66.16595547866415,1275
0,4,0,113.5405017181067,11.67285108600547,1360
0,5,0,118.2304513594442,12.31489113469465,1398
0,6,0,114.8023456576235,11.4306351286648,1402
0,7,0,115.3463888829729,11.37789436760464,1403
0,8,0,112.4775202095466,11.08899000992672,1389
0,9,0,113.5275253398727,10.66377032531494,1419
0,10,0,116.6825524882638,11.32658154988662,1442
0,11,0,112.4256462764375,10.60800661184716,1391
0,12,0,114.8359163941802,11.28039409023543,1401
0,13,0,126.4751386455646,122.6915140461174,1446
0,14,0,114.6800234515576,11.18079393251202,1405
0,15,0,116.203242000619,11.18806910132177,1441
0,16,0,104.4556941662069,9.928008748870811,1314
0,17,0,105.3721371276322,10.18639840112208,1295
0,18,0,110.7330438431525,193.7172205926276,1177
0,19,0,69.44300342238152,6.565475764707373,868
1,0,0,78.01462248369765,7.358880217301881,966
1,1,0,108.9151469194722,10.29383138849737,1331
1,2,0,128.835446084,12.11909882663057,1583
1,3,0,138.8513614101397,13.8915261224896,1675
1,4,0,143.5946421867334,14.5747331900653,1729
1,5,0,147.5289581381827,17.74862409662474,1770
1,6,0,142.245473221404,17.95210326285643,1713
1,7,0,149.7477482794996,14.61335472995646,1832
1,8,0,151.3415176405233,14.38815741155508,1857
1,9,0,148.699558271225,14.07438615822512,1838
1,10,0,154.4462770848088,15.09516844438717,1882
1,11,0,145.4464567999463,14.0366695918537,1803
1,12,0,149.1773180126134,15.9971796602971,1810
1,13,0,145.0567988163277,13.45439520589675,1821
1,14,0,140.2605843550422,13.24183584516207,1751
1,15,0,153.5278281498176,124.3343769601447,1777
1,16,0,145.9765339558546,14.35749702150446,1780
1,17,0,123.9983129167049,11.64271595339279,1561
1,18,0,126.8655330222239,12.80996949701708,1536
1,19,0,116.5808984292979,585.3183570395383,1129
2,0,0,100.698299534266,9.921745795271315,1211
2,1,0,126.6657708396721,21.66342750420187,1528
2,2,0,170.9998732192864,567.7020297932693,1774
2,3,0,158.6415852633974,17.32333480032744,1915
2,4,0,159.1259858575529,15.47254555671602,1927
2,5,0,198.3676050610984,586.5604568863944,2109
2,6,0,166.4972036788555,16.39842591539484,2017
2,7,0,172.89018691213,16.72762254554247,2110
2,8,0,179.7185169422917,33.76972097935489,2118
2,9,0,171.8763352874141,16.86438084403509,2118
2,10,0,173.8829728688299,16.64889475721557,2143
2,11,0,172.7509097969885,61.89814452886224,2068
2,12,0,174.6492033957837,27.36054159532935,2133
2,13,0,167.9507893610082,15.58614469205896,2098
2,14,0,175.165663562633,16.7133569078667,2178
2,15,0,170.7319067800253,16.63881463662842,2118
2,16,0,166.0572184857289,15.80456827163351,2074
2,17,0,154.4643696411669,14.43343474972385,1929
2,18,0,131.9970716433916,12.6085266951587,1657
2,19,0,106.3686290780321,9.571222486563276,1360
3,0,0,107.695994246967,10.70142478693003,1305
3,1,0,141.0889851854347,23.25499271781568,1664
3,2,0,155.1481199113879,17.25926754225965,1856
3,3,0,165.362441306977,15.99650460739167,2042
3,4,0,181.8709398896937,17.92035862156232,2190
3,5,0,184.6433961428583,18.92526897450232,2220
3,6,0,180.0038411020938,17.78280066297175,2191
3,7,0,187.668641675414,21.53143549746932,2288
3,8,0,185.6047452232656,18.13291478271276,2257
3,9,0,185.3628781567218,26.75665680119387,2237
3,10,0,187.3342855534021,18.57229078115431,2285
3,11,0,180.7909484159836,18.06949567669549,2220
3,12,0,186.8934585469108,18.68538941726217,2269
3,13,0,179.3940473532029,17.02008830355438,2243
3,14,0,183.1513486807819,17.92228040299067,2255
3,15,0,185.019198621074,17.70686455121324,2303
3,16,0,186.8819142739647,173.7908275067574,2150
3,17,0,168.9225809810023,16.58139787786165,2088
3,18,0,150.0023739639857,14.73939879878896,1842
3,19,0,114.3390156124606,12.00679578836633,1411
4,0,0,114.3214430617327,60.64812070387601,1304
4,1,0,146.1796310518793,57.52230302257951,1669
4,2,0,160.9111230064021,30.51388565472253,1919
4,3,0,189.0579764254887,263.4031441205274,2149
4,4,0,190.3198293496695,23.85633714913378,2283
4,5,0,173.7270021017804,16.44589482773758,2171
4,6,0,196.3044336994682,26.47923341663018,2349
4,7,0,191.0006307274658,21.2278764039634,2315
4,8,0,181.5904536051496,17.0969212701735,2236
4,9,0,205.2608866336145,150.6992383720732,2355
4,10,0,181.1646001150454,17.9334973212002,2224
4,11,0,182.6040462465646,22.06902838193917,2226
4,12,0,187.248798095883,19.09274048370012,2263
4,13,0,177.6811031175813,16.40107147640892,2240
4,14,0,188.3207378235529,31.37727212164276,2305
4,15,0,182.7572766563048,18.02746862950675,2254
4,16,0,188.0782019819567,63.4164060660701,2254
4,17,0,178.0334081179832,17.55007247874159,2198
4,18,0,151.1512969374604,14.21132738824643,1892
4,19,0,118.89946782002,11.56126411827895,1468
5,0,0,111.1972244419196,10.87602747227275,1342
5,1,0,146.4224092136646,23.27624635434005,1705
5,2,0,170.5191234832533,16.61503379688918,2066
5,3,0,169.9283975475961,16.85126129369301,2046
5,4,0,190.6378102080603,19.30185159774428,2285
5,5,0,182.8402462748571,17.20604263930246,2266
5,6,0,202.6655608962485,41.39802237389794,2415
5,7,0,195.8314404648677,44.18810549665653,2295
5,8,0,194.2303175531574,19.34742989958924,2342
5,9,0,197.064990752888,19.74488707903933,2399
5,10,0,204.9820081404889,379.2674377198686,2272
5,11,0,187.508109332212,18.01132414277814,2302
5,12,0,192.5248244121481,18.8063719970164,2365
5,13,0,194.4276187591088,18.84425043822286,2396
5,14,0,191.9520786732931,20.62571828133916,2372
5,15,0,201.8207845095314,169.9557673054148,2377
5,16,0,189.9761199970166,18.45761309246858,2338
5,17,0,174.5970428459704,45.04699668792107,2079
5,18,0,147.6444401715144,14.01962649010647,1853
5,19,0,119.2597909436021,11.73425110277285,1466
6,0,0,124.2372623128848,302.0601337599165,1323
6,1,0,139.6425751827906,13.93075150213192,1686
6,2,0,166.6186500806321,16.80408178471233,1994
6,3,0,176.8912169862102,17.4153602368844,2143
6,4,0,186.8421517403316,18.81884271275128,2246
6,5,0,209.5781638364324,382.8076233681235,2324
6,6,0,190.0669353952914,42.07029399597093,2255
6,7,0,185.7132091398543,18.33705262510572,2256
6,8,0,202.3346956923829,19.44726498876722,2494
6,9,0,204.1579502294049,100.7443632164208,2399
6,10,0,190.7495744209032,18.74178162095376,2332
6,11,0,202.5596176961253,74.37421087351265,2396
6,12,0,187.6154151222511,18.59399534814601,2288
6,13,0,195.5205162818318,21.44679653915622,2388
6,14,0,199.4536130730715,83.0364012736884,2371
6,15,0,195.2692547069957,19.30312892855476,2394
6,16,0,194.2801636382354,29.16405987973786,2351
6,17,0,182.4508275077439,17.39148289969707,2294
6,18,0,149.2820824899732,14.05903188802126,1868
6,19,0,117.9246883242604,11.09839817622266,1480
7,0,0,106.1683587307387,10.11569677259107,1313
7,1,0,138.0217807539746,13.98845076326761,1663
7,2,0,170.6666825193754,16.59076169863606,2083
7,3,0,196.0900057579991,190.5983686137662,2183
7,4,0,219.9580478637094,673.8235408104995,2337
7,5,0,186.1089296680646,19.61160139831009,2281
7,6,0,189.3970898471598,18.41200214558453,2317
7,7,0,191.0899617003004,26.52314997299487,2270
7,8,0,191.2791211862063,18.93896086564689,2340
7,9,0,205.622977880528,70.32823636138934,2439
7,10,0,199.9890660480553,168.3718490982665,2316
7,11,0,193.8085739659481,51.09074248070284,2287
7,12,0,195.7769926340301,19.32780574728712,2403
7,13,0,193.9696399764119,21.07673407829574,2372
7,14,0,216.9164323865382,280.2168363202201,2413
7,15,0,188.1643893600238,18.35738086452027,2307
7,16,0,189.4509662409381,17.95504533798351,2370
7,17,0,212.2646462137146,811.8451756158795,2134
7,18,0,162.9482367425863,128.1873186890686,1891
7,19,0,117.2037263388909,31.07149641370221,1417
8,0,0,110.0692603269806,10.51619113802178,1359
8,1,0,142.9059487017437,13.59942152440259,1754
8,2,0,167.3122659432693,16.75523258277777,2013
8,3,0,198.0604582382635,19.67751180729753,2391
8,4,0,184.5351508003843,17.31484436612984,2303
8,5,0,189.1937495442798,18.81829543920579,2286
8,6,0,192.7081218994884,19.63552454932783,2329
8,7,0,192.5098304746991,18.76867785766278,2352
8,8,0,213.3380335533109,593.4806200490224,2312
8,9,0,188.5963209840448,18.96541944670106,2286
8,10,0,209.9366914308975,204.8118137363646,2385
8,11,0,186.0793393396767,18.11053537547361,2286
8,12,0,203.4871532245251,41.36159882494604,2400
8,13,0,191.7030821254172,18.86367803833534,2352
8,14,0,185.0607086277214,19.39360252736828,2304
8,15,0,191.2657683929341,18.71658469504351,2389
8,16,0,186.587861528046,18.58380802535432,2293
8,17,0,172.1191409958516,23.00682561096265,2111
8,18,0,172.3114787192804,93.17604906777493,2000
8,19,0,149.4034951094624,530.0221877589098,1464
9,0,0,113.2257103001217,11.74884995048106,1349
9,1,0,148.3375564679555,14.55051265399783,1796
9,2,0,171.7713968912568,113.7081864144027,1966
9,3,0,178.4546988626927,17.72602045320293,2180
9,4,0,193.4139824614641,19.59694141833979,2337
9,5,0,191.9671211940369,19.98342203332072,2334
9,6,0,201.1148240622913,232.4538859448375,2269
9,7,0,195.6478371057143,20.32355574381589,2355
9,8,0,191.3759383297039,19.34229218218131,2302
9,9,0,198.8979325383154,19.86664721692383,2403
9,10,0,193.8108949827706,19.24066944241547,2338
9,11,0,183.6142869352558,17.94628612524004,2268
9,12,0,205.618693424206,159.0802826908738,2356
9,13,0,184.4481643027384,17.50473505415153,2288
9,14,0,193.8344831902433,19.6787597829924,2356
9,15,0,183.4880753331841,17.7833275807934,2275
9,16,0,191.7436105548882,49.84393037320982,2311
9,17,0,174.7524767620405,23.09848374613517,2185
9,18,0,153.2072492988544,15.09172994669683,1882
9,19,0,114.2169168187783,10.75733515729726,1427
10,0,0,108.5504742827975,10.24675591451141,1331
10,1,0,147.7305521249159,14.52495959523685,1792
10,2,0,165.8220931639264,16.42599504803128,1999
10,3,0,179.8167214695426,17.27675667571148,2214
10,4,0,183.9878367185893,17.9736398328344,2243
10,5,0,197.6265826683332,26.31577656270464,2361
10,6,0,200.5068307288998,20.02477189973531,2417
10,7,0,188.4020889379523,18.36224427504266,2313
10,8,0,185.0324651616043,18.02292334958182,2280
10,9,0,190.7528980464065,18.1059561283716,2369
10,10,0,192.7445307906828,18.99512269173557,2377
10,11,0,187.8265560789731,18.15686381901277,2334
10,12,0,191.716893066004,18.43221146316672,2381
10,13,0,190.4171721155772,18.47949775849573,2349
10,14,0,196.6211368930592,50.26630207273248,2347
10,15,0,193.2711186426639,19.52995307138203,2386
10,16,0,188.9040317428515,32.0189027319157,2277
10,17,0,184.2795108794477,30.72159245561526,2226
10,18,0,151.4228259952911,20.71955322676808,1846
10,19,0,113.4411996571732,10.8084538947038,1431
11,0,0,130.219239390908,369.3272310404992,1313
11,1,0,139.1048449477752,13.47408941433323,1699
11,2,0,160.2967921122755,15.35233244358508,1977
11,3,0,174.3091011923324,17.18976554045073,2123
11,4,0,186.4000786410395,18.08521736612569,2275
11,5,0,194.1967248372472,19.79870249175827,2365
11,6,0,188.3886793259429,18.23241421376242,2302
11,7,0,191.0205160115831,18.04317443042122,2361
11,8,0,196.4184668720022,18.95644119845226,2431
11,9,0,189.9782963201928,18.61384482405331,2319
11,10,0,196.4167851761616,19.01214959888827,2425
11,11,0,199.375562770214,148.0662656314813,2328
11,12,0,186.4868033312835,17.95629998583853,2282
11,13,0,202.4156395394301,353.0277471287629,2278
11,14,0,197.8784433889051,19.56827495677326,2416
11,15,0,196.5081608370628,19.1439293217044,2398
11,16,0,187.75808431975,25.07411115914785,2310
11,17,0,182.0691647751377,37.07253327870968,2161
11,18,0,157.0870741311496,48.25917661301285,1865
11,19,0,120.665879352305,11.46116070423465,1503
12,0,0,106.3223826384939,10.72251399883867,1270
12,1,0,139.4801863065441,14.16873722585244,1672
12,2,0,211.5302776922901,831.5837536983812,1985
12,3,0,176.9463693819881,17.70409306208615,2129
12,4,0,194.0510868737658,72.06799338281216,2259
12,5,0,190.9383895131586,24.33368950642117,2296
12,6,0,194.038851082773,88.64643898463412,2247
12,7,0,234.1546385417049,1139.720790970933,2326
12,8,0,194.8177552054424,19.61102449056915,2351
12,9,0,186.7645476018212,18.34032699119577,2287
12,10,0,205.038283585674,114.5755911394688,2389
12,11,0,192.0436112008196,20.38829720522331,2355
12,12,0,187.2528428525788,18.1388643345261,2307
12,13,0,184.4426494137116,17.84540505369753,2289
12,14,0,200.8034495794161,59.54666066604818,2368
12,15,0,190.9696794604303,18.50275098650749,2344
12,16,0,181.6164708315805,17.81615216089373,2235
12,17,0,175.1980046223012,22.83864881623441,2186
12,18,0,151.3623507697708,26.25705187990298,1875
12,19,0,118.1356628840355,35.10575462531636,1444
13,0,0,116.774036978555,12.054765895534,1394
13,1,0,135.7523267733308,12.93944005083222,1689
13,2,0,165.7151001079335,48.77444924968608,1913
13,3,0,178.0476152147585,17.4577720621793,2174
13,4,0,182.6666096701851,18.27043113319899,2185
13,5,0,187.9002343518792,22.34100569135421,2294
13,6,0,191.6287263551783,18.84790861682614,2345
13,7,0,190.15732856071,46.45372895574478,2293
13,8,0,196.4257336059373,28.15603859666772,2384
13,9,0,208.0299086668445,80.78895867503445,2445
13,10,0,205.4209648543379,160.4358144040979,2369
13,11,0,212.3334537384821,297.4616415129166,2408
13,12,0,195.1232888822254,19.68655720814601,2382
13,13,0,193.6216848350512,18.62049644792378,2400
13,14,0,191.9601194471327,118.6524491842238,2250
13,15,0,192.3594603162273,18.53290548774666,2363
13,16,0,191.7530758821718,31.92117923099542,2345
13,17,0,168.0047741887784,16.02603199646476,2106
13,18,0,154.656108216428,15.69137365992412,1901
13,19,0,113.3654164330029,10.83048780243911,1432
14,0,0,106.2834718854006,10.28927944515294,1316
14,1,0,161.1193352207556,208.0091140765422,1714
14,2,0,170.3556330117305,50.8421808660484,2001
14,3,0,184.1294836771083,26.27756014241019,2195
14,4,0,179.1229298365415,17.49890497389807,2193
14,5,0,183.3207988805745,17.42352078443479,2280
14,6,0,180.4568270778802,17.60597107290014,2210
14,7,0,191.1024350501693,22.61249464284282,2287
14,8,0,197.5574746427182,32.26672983043884,2388
14,9,0,191.386758453194,20.13681262898028,2336
14,10,0,187.173415816035,24.23606616127696,2309
14,11,0,188.172148968716,21.563654227226,2311
14,12,0,193.5678208890488,88.54344520041023,2310
14,13,0,205.642648681521,122.3145818701028,2389
14,14,0,192.5094313985093,18.6915992257376,2385
14,15,0,184.2244690873981,22.22710631229954,2270
14,16,0,191.1337499460132,62.29482622252864,2237
14,17,0,164.2340760318478,15.26982643282604,2062
14,18,0,156.1860904806705,30.54152748774273,1905
14,19,0,118.6136065248518,11.46531434607634,1471
15,0,0,110.5361261915516,45.48213459852838,1266
15,1,0,158.0215559184095,419.8530092659842,1674
15,2,0,163.7765825927409,15.56699247362472,1997
15,3,0,177.5112871571284,17.51220476820019,2146
15,4,0,180.0297339708672,17.84411397024514,2180
15,5,0,178.6523237475556,17.57278091252692,2185
15,6,0,184.3705753293076,19.66004175072675,2249
15,7,0,206.3520797739019,151.5043940794634,2335
15,8,0,188.2617476249395,21.77126200113517,2296
15,9,0,192.505596107293,18.39156190161862,2373
15,10,0,184.7627385331994,17.75640107078353,2276
15,11,0,183.6803564380664,17.48371229545768,2282
15,12,0,184.9725313675696,30.54531084822876,2238
15,13,0,190.1258584475433,19.27102906705088,2312
15,14,0,191.6227727255528,18.8724187676539,2361
15,15,0,205.2596047364932,233.1064560037857,2335
15,16,0,182.1002456153698,17.19996198470061,2267
15,17,0,180.9211786722068,17.56650785688414,2256
15,18,0,154.6584925119998,14.26914661222149,1939
15,19,0,112.8754727558596,11.14341226972856,1411
16,0,0,105.3507913494256,11.36374106489687,1275
16,1,0,179.9749801297395,1703.776870353684,1657
16,2,0,152.4342767970881,14.46997084936312,1886
16,3,0,166.8743555708217,15.96420823173407,2043
16,4,0,193.7169274864836,272.3083770991516,2058
16,5,0,184.7198860835749,18.12170995551402,2233
16,6,0,188.7819916635275,35.39782325824158,2224
16,7,0,185.4238304598727,18.79528234364616,2241
16,8,0,183.8922950465178,19.25798562639984,2244
16,9,0,185.2389935911636,24.75616454449554,2227
16,10,0,175.3198727437158,16.9024393881804,2161
16,11,0,196.0216890181631,124.7207595241492,2232
16,12,0,188.1835416455799,19.36359554189382,2260
16,13,0,202.894629880591,282.7894248733123,2280
16,14,0,188.3306445769725,58.25995873508495,2229
16,15,0,184.2245582759743,56.92545942807487,2176
16,16,0,177.9685045977986,17.12230814240517,2205
16,17,0,166.3656819834492,16.31930041475812,2046
16,18,0,154.5951362636523,15.30858053426618,1898
16,19,0,108.8709333412,10.90942468625046,1336
17,0,0,119.7208900624571,239.3733678905637,1181
17,1,0,129.5247993146221,21.58954078174363,1579
17,2,0,156.8138099147668,40.81893864836261,1832
17,3,0,156.2299422655062,26.74144347352262,1869
17,4,0,162.2939946140417,16.60149739922272,1973
17,5,0,167.0982930922761,25.52117746304301,2027
17,6,0,224.5325049763285,1550.270035980304,2090
17,7,0,173.6923896518101,17.30040376694002,2100
17,8,0,168.8243136842916,16.80475657940458,2047
17,9,0,169.1245155554841,31.84107480155917,2048
17,10,0,190.9685807240986,280.9674488944152,2140
17,11,0,170.6398825066594,17.15375133782722,2072
17,12,0,163.9662561401227,15.5008494304389,2055
17,13,0,179.1027013819503,30.0860666358511,2118
17,14,0,175.6029333744111,18.61396746011265,2137
17,15,0,187.014349987452,329.6158487106566,2084
17,16,0,181.7233429225682,112.5745693494773,2069
17,17,0,148.4326862529059,14.05917635261787,1850
17,18,0,132.3008430009995,12.69115046386328,1653
17,19,0,107.6628627145459,10.43934402564967,1331
18,0,0,80.96309267496154,7.966367542574516,987
18,1,0,110.0314013354346,11.35122665518155,1322
18,2,0,122.4585939350519,11.67688076953952,1501
18,3,0,132.0748467445363,12.66938291496719,1619
18,4,0,146.5250484950861,18.8113853795238,1741
18,5,0,146.1505455147734,21.82632365918251,1742
18,6,0,162.6332764802754,209.635286777822,1750
18,7,0,148.4686641127515,14.44290185664686,1820
18,8,0,145.7162615557421,14.52298024594976,1775
18,9,0,154.1445807248716,15.51500340597055,1869
18,10,0,149.0997416478161,14.74485534658159,1820
18,11,0,152.8310716188493,15.15475068088383,1883
18,12,0,151.5416687228247,24.48705051178897,1835
18,13,0,153.6608883114008,91.00228828674175,1761
18,14,0,153.3147681668795,15.39085769427601,1877
18,15,0,145.4618100132414,23.41811941434844,1749
18,16,0,143.0806941340464,15.19822363216016,1732
18,17,0,134.9308184698998,13.43371106552525,1661
18,18,0,119.109590152706,11.86293653098578,1477
18,19,0,90.79379987775452,8.855460871239242,1124
19,0,0,69.89501582560827,7.099486920782621,831
19,1,0,86.33688101588176,8.341229792096225,1058
19,2,0,100.9908209274358,11.61936996140034,1206
19,3,0,106.4458167209457,10.13845175824923,1314
19,4,0,112.4834862739546,11.51014177887371,1347
19,5,0,113.8541121159618,10.85025057044043,1408
19,6,0,119.7075349899551,87.30962435149252,1373
19,7,0,123.5853417968725,208.0501557763362,1332
19,8,0,116.6578358625438,12.78402961391341,1437
19,9,0,121.0512058716772,126.570338187945,1344
19,10,0,117.151432378015,12.08672403497817,1415
19,11,0,114.2424911056938,10.71126161328405,1429
19,12,0,109.0113785136771,10.70572994846636,1333
19,13,0,115.581474806186,11.18172708864557,1417
19,14,0,118.5390525922708,11.52032184636533,1471
19,15,0,114.715029931474,11.52378830104087,1415
19,16,0,107.771439399192,10.10158639257508,1350
19,17,0,116.2400702483047,74.97572250588,1328
19,18,0,94.45989027891453,9.017159637474251,1168
19,19,0,70.42021029194652,7.103534644120282,857
