# mesh name: boxMesh_1
# primitive scorer name: doseScorer
# iX, iY, iZ, total(value) [MeV], total(val^2), entry
0,0,0,66.15229353104203,6.517548040214153,787
0,1,0,75.75522052549562,7.558450224187127,897
0,2,0,119.6618741310582,525.4162607146052,1043
0,3,0,99.45040083828776,17.82551657357686,1146
0,4,0,104.9756834523763,10.16467840476044,1253
0,5,0,104.3924217366914,10.18583427248624,1249
0,6,0,109.3214024773462,11.2152538710956,1288
0,7,0,116.3525610160055,11.42086055721062,1408
0,8,0,113.8990748807936,11.49613130318885,1369
0,9,0,109.9115492912512,10.90612439061632,1323
0,10,0,114.7167260998598,11.80707678960288,1372
0,11,0,121.7775707665625,15.87442463494942,1453
0,12,0,109.5805112251788,10.2178234452251,1370
0,13,0,111.8225022672685,10.73311259989011,1379
0,14,0,134.2360162849072,423.8585003844188,1405
0,15,0,114.6231448216728,43.62717300975181,1337
0,16,0,112.2640642672422,11.07141499488709,1391
0,17,0,111.2369392894383,10.78548280551099,1392
0,18,0,98.18403079726654,9.604449180854866,1208
0,19,0,73.89701858699013,6.825129707534572,935
1,0,0,76.40818818667728,7.550478077675411,909
1,1,0,90.30306444960904,9.319800335767699,1057
1,2,0,109.6456650549575,10.69079944531913,1315
1,3,0,138.3490497121987,53.44853814234665,1531
1,4,0,133.1480006416438,13.36633323141503,1581
1,5,0,133.2077807307815,13.12550927944978,1589
1,6,0,145.7615386140284,185.400918363741,1607
1,7,0,140.4940846016856,13.89355731033148,1680
1,8,0,147.5900925547098,14.88772754315545,1765
1,9,0,147.4560191403174,15.32641428279362,1762
1,10,0,143.4534327125248,14.06090196666348,1746
1,11,0,153.4370142397451,31.06317485614826,1827
1,12,0,150.2331833714336,14.88761006148384,1820
1,13,0,160.226910186583,204.1426213323577,1796
1,14,0,141.9571882650202,14.33167863318908,1711
1,15,0,152.6835579269982,274.2589899781221,1704
1,16,0,138.1191794928538,13.14980046546998,1706
1,17,0,141.2433847248188,13.52273487380798,1728
1,18,0,126.5485044106054,11.69018663658266,1583
1,19,0,98.59461907986034,24.85402253849678,1161
2,0,0,106.1722506402542,268.219273088181,1057
2,1,0,112.6079258967468,11.6860678221978,1311
2,2,0,137.7354833669593,14.16396292805253,1604
2,3,0,153.7472914224194,84.31312193431695,1703
2,4,0,156.8404760094177,15.71523999456237,1842
2,5,0,160.4737337285011,16.87272648799355,1877
2,6,0,164.7485803355769,16.46734916183797,1947
2,7,0,164.9396073442252,17.1451625360904,1945
2,8,0,165.5833409359888,16.6239320921884,1987
2,9,0,169.7310655304681,39.69255940681218,1981
2,10,0,169.1736101165292,16.57838865171103,2056
2,11,0,190.063260422029,152.6285303999451,2104
2,12,0,165.9700264446369,16.75361188488392,2000
2,13,0,166.9605660865701,15.97218559631796,2052
2,14,0,182.3193149299001,144.9387923537527,2098
2,15,0,172.9388504928998,16.50234535597076,2155
2,16,0,171.9345677515944,16.69669527181031,2119
2,17,0,158.5437276520602,15.94025571051066,1934
2,18,0,143.2495516894876,14.47697626580803,1738
2,19,0,114.684161991079,41.89068815235196,1359
3,0,0,107.4875840237806,67.83543078782638,1174
3,1,0,124.5074899120151,59.38320914342096,1363
3,2,0,143.7177539476203,14.04563802466469,1717
3,3,0,161.9309509100032,16.47995388991131,1905
3,4,0,168.0685934003221,17.35370987161471,1968
3,5,0,174.9513553505108,32.47076648067794,2010
3,6,0,170.0266554159078,16.83095043927728,2048
3,7,0,180.2709322645008,18.72729670436495,2106
3,8,0,184.6800633993202,18.23055402733694,2225
3,9,0,182.1440373701378,18.38860200957763,2181
3,10,0,179.2470584712967,18.47745494166733,2173
3,11,0,184.5888190453949,44.05995955616964,2191
3,12,0,184.3195839354482,18.62311378979148,2215
3,13,0,178.1174357947165,17.60900868794676,2177
3,14,0,183.4842272497509,18.05092933075504,2257
3,15,0,184.527107403473,17.61715943421786,2287
3,16,0,173.5099265665057,16.63483784327736,2161
3,17,0,171.2156571666331,16.72467267439917,2111
3,18,0,154.3052387865595,14.48583936436179,1919
3,19,0,112.5727438499847,10.91503776497845,1417
4,0,0,100.5317210536804,10.73224802725409,1146
4,1,0,130.4975462233538,14.19556223939117,1528
4,2,0,159.6288797276057,16.90384551872528,1845
4,3,0,182.085986326852,106.3890947214959,1981
4,4,0,187.4538324786076,22.58287594433632,2195
4,5,0,180.4491616149065,18.07117021454245,2141
4,6,0,185.5890638425975,19.09024321583956,2198
4,7,0,189.1796760017118,79.37881147730812,2159
4,8,0,184.2844903430884,18.59305129275501,2200
4,9,0,194.4774141100988,44.01213613982692,2305
4,10,0,210.4247004726905,655.4711560810407,2244
4,11,0,194.3880839790461,132.7131506503287,2168
4,12,0,185.4354331663273,17.73119956339186,2279
4,13,0,192.1123183604009,19.0420128430189,2330
4,14,0,181.5150975668195,17.23244406517152,2253
4,15,0,187.7540668032397,23.94592885472796,2289
4,16,0,183.7069025269597,19.09507560401687,2276
4,17,0,171.6971815059873,17.49125021034494,2146
4,18,0,155.4494606305251,14.82214986302232,1940
4,19,0,112.3707872000736,10.3102813893022,1438
5,0,0,107.6817024526725,10.98874996443645,1254
5,1,0,129.9444619826623,12.74788578004551,1543
5,2,0,156.3452685390524,15.6732794012018,1832
5,3,0,169.417125155565,17.29184258690418,1990
5,4,0,183.1679854468138,18.1644377209934,2188
5,5,0,189.1131852004978,18.78906688325593,2276
5,6,0,191.505487745487,19.5150010402199,2254
5,7,0,183.9497027410252,18.4752497898309,2204
5,8,0,196.1212369849439,19.11532278959693,2356
5,9,0,190.7768135028286,19.15958541714823,2292
5,10,0,191.8885294719836,18.85980256611148,2321
5,11,0,191.6797008236386,19.62534822505111,2302
5,12,0,197.1382851207308,51.41123245150644,2322
5,13,0,213.575995766643,339.9048876413966,2380
5,14,0,189.7879614235704,19.387374010214,2324
5,15,0,198.001768742555,91.87826773320643,2321
5,16,0,186.0119813404898,21.22364850558566,2292
5,17,0,175.133121039473,16.98130484273584,2160
5,18,0,162.4789847446696,24.70793125319629,1979
5,19,0,131.6411361140323,85.12621710039787,1505
6,0,0,100.4900969451044,9.953413890466493,1188
6,1,0,131.1422293118876,12.85701837827878,1563
6,2,0,167.9728464080318,87.93441758952217,1853
6,3,0,188.6949440071535,120.6075771468851,2065
6,4,0,181.3502816882823,18.76318219422958,2112
6,5,0,180.2308044385135,19.09065779081653,2115
6,6,0,192.1562968867064,32.70460866222307,2249
6,7,0,190.4525744984521,18.94007203126507,2281
6,8,0,193.5846855576976,50.86822844395018,2247
6,9,0,188.0197923328313,17.99264693944919,2304
6,10,0,188.5751991615105,18.52131278598639,2281
6,11,0,202.2549294206343,51.13600075452285,2357
6,12,0,219.4795102082705,777.4225188070667,2316
6,13,0,191.698099140396,18.57104964871164,2375
6,14,0,192.2852669666154,18.29379697612714,2365
6,15,0,184.8805769102396,18.80392574167194,2264
6,16,0,182.9076904542768,17.22542012521307,2268
6,17,0,176.4486083108682,17.46139060575598,2164
6,18,0,153.1215088367057,14.6615088128335,1906
6,19,0,124.7166863091175,11.82266558115436,1558
7,0,0,106.104641726082,10.94223893257259,1232
7,1,0,133.3870736668877,13.68214336570486,1568
7,2,0,153.5347173874917,14.97641844261648,1830
7,3,0,169.2580746109329,17.02940693302205,1996
7,4,0,186.2466572885191,18.77096333741233,2191
7,5,0,190.1468261099013,18.87816889658677,2265
7,6,0,187.8625483470595,18.11330506092474,2290
7,7,0,194.2598421120175,18.89811648669366,2345
7,8,0,191.2366837226357,20.1839779828204,2246
7,9,0,188.8388203368058,19.38349601147204,2248
7,10,0,179.7553755213856,18.00106996007968,2161
7,11,0,190.9535141275731,25.68669668407095,2299
7,12,0,188.6759709116978,18.41020640299165,2314
7,13,0,190.065017029585,18.28976598149981,2349
7,14,0,194.513948202312,20.08876603050627,2336
7,15,0,197.0650872567057,19.53934163184626,2404
7,16,0,187.5802605809845,18.28769424701713,2308
7,17,0,181.3927025488013,17.94980004136277,2225
7,18,0,160.6386061609539,50.41573531866389,1911
7,19,0,126.0458457444795,12.35868901632359,1563
8,0,0,123.1201983947087,66.53319099519824,1330
8,1,0,137.4565423466021,14.67274006854629,1581
8,2,0,155.4927521013193,15.82602267250945,1809
8,3,0,170.4647411150551,17.39508716980593,2015
8,4,0,191.9158140029964,108.5419028432553,2160
8,5,0,183.446232603691,18.5112712017184,2171
8,6,0,180.645006373348,17.2583838048118,2195
8,7,0,209.3039352570756,437.2968668209504,2225
8,8,0,182.0509324239075,17.04134579769585,2236
8,9,0,194.3626539206444,18.9877046208173,2335
8,10,0,208.5813316650589,81.60221986001527,2380
8,11,0,207.3362375120413,284.7776602922247,2361
8,12,0,186.6108676841294,18.74523154463762,2268
8,13,0,183.2086671143153,17.2316086018304,2282
8,14,0,185.2278861144871,22.24118968727142,2245
8,15,0,192.4216010959012,19.06116408625252,2333
8,16,0,187.2263479605489,24.57959451876667,2290
8,17,0,183.3008259403468,47.87241837443936,2190
8,18,0,155.1396281731164,15.10125787980693,1901
8,19,0,121.0353216096556,16.64457914597043,1481
9,0,0,127.8870589559197,369.1400436065849,1288
9,1,0,135.5603399167697,14.40908664066268,1561
9,2,0,154.838410426398,15.61065030941073,1819
9,3,0,182.2150508039531,79.15444150189965,2034
9,4,0,173.801075455658,17.11211001124008,2077
9,5,0,186.0066411028344,19.41678322982872,2222
9,6,0,183.7132046160476,19.57175813333395,2183
9,7,0,211.3663521503869,440.1132347507553,2257
9,8,0,199.8480360445059,79.68860783071308,2308
9,9,0,188.391719610061,20.87357515390051,2235
9,10,0,205.5205174299896,237.5975505901507,2300
9,11,0,184.8257434009367,19.55421124500676,2217
9,12,0,196.3789648105254,19.90734044184068,2363
9,13,0,199.4083209157257,205.3941579133576,2306
9,14,0,190.0134060358379,18.9440568303842,2317
9,15,0,185.4383540263622,38.04700961880831,2241
9,16,0,192.3508574279261,32.20498550706154,2292
9,17,0,195.3735922020644,451.0008670244507,2155
9,18,0,175.2672113903335,115.5444431867146,2031
9,19,0,117.5048417753897,11.048349210968,1471
10,0,0,120.120717127556,195.1714293451371,1201
10,1,0,136.1707529119943,13.92539314891931,1570
10,2,0,164.7949714311609,17.08316313937402,1918
10,3,0,166.028358166746,16.47140595042488,1966
10,4,0,184.5580489075389,18.29629149042314,2183
10,5,0,186.6095796904249,18.42764212757088,2239
10,6,0,189.0608091617129,19.1255174394421,2227
10,7,0,188.5876733014113,18.42908506164326,2275
10,8,0,191.67932261124,24.30250506616008,2253
10,9,0,191.9698860691343,18.94257994598241,2312
10,10,0,210.3568988153698,271.1746869002843,2348
10,11,0,194.3500939833934,19.92400898198612,2358
10,12,0,201.2151198237037,107.8075480867103,2326
10,13,0,190.490105411021,18.50605586483628,2339
10,14,0,196.4340051310434,24.5656576077318,2378
10,15,0,189.1089287377256,21.64931343934703,2339
10,16,0,191.1632603086291,24.87489632021114,2333
10,17,0,184.3499066897591,44.62707072583073,2226
10,18,0,158.1558525006572,27.1911851761787,1918
10,19,0,123.2420846482998,11.94469624656471,1515
11,0,0,107.9685021042634,22.26891473298659,1245
11,1,0,132.0574642010172,12.89820309031699,1580
11,2,0,157.0433098883332,16.07512509287249,1836
11,3,0,169.4969960526337,17.07221135936393,1985
11,4,0,185.4455195379472,18.95730050270252,2176
11,5,0,190.7962003186751,35.32391923401103,2226
11,6,0,190.8427280414321,19.05708881292761,2283
11,7,0,200.5556618971677,86.11718823567472,2279
11,8,0,188.9572698954704,18.17470849969808,2295
11,9,0,192.6772103071228,21.11179371324594,2303
11,10,0,201.2272529870166,22.32782724392506,2381
11,11,0,195.2998341112105,19.504083250746,2376
11,12,0,189.2704336068724,31.22921576526366,2240
11,13,0,190.5037566185846,21.00778416348842,2360
11,14,0,188.4057928780764,18.19664719728537,2320
11,15,0,192.8319933877361,19.84553697722215,2319
11,16,0,184.15876931855,18.03610211080327,2275
11,17,0,181.3329349334079,17.51989787751583,2245
11,18,0,156.2390401818182,15.21297377864712,1938
11,19,0,119.9435950682696,11.64382728581763,1494
12,0,0,104.0844979607463,10.7247016041136,1208
12,1,0,130.7410847804435,13.39386313950757,1535
12,2,0,155.4910730795905,15.49394734182471,1847
12,3,0,172.6212531318413,17.33424425958362,2044
12,4,0,186.134330100216,19.12261162548548,2187
12,5,0,184.4759401840008,19.21066739618814,2160
12,6,0,206.490831367958,101.2593699340553,2297
12,7,0,202.6986986930262,22.01997583550899,2385
12,8,0,197.8751287891669,25.38652081775874,2339
12,9,0,197.4475451545153,31.17749442194055,2328
12,10,0,193.9553584189396,19.72607864992909,2322
12,11,0,196.3796554792599,19.91045412313534,2355
12,12,0,187.1502880516525,19.34665303639682,2256
12,13,0,190.2640486106471,44.54810935398161,2247
12,14,0,219.1675282182443,782.0924969570234,2363
12,15,0,202.6498727046257,20.47137134435163,2481
12,16,0,191.7030532306395,24.09986136606973,2331
12,17,0,193.5550608661124,260.8609122305531,2163
12,18,0,156.1002659458417,15.64188195077208,1940
12,19,0,121.2150224036399,11.60472103790698,1502
13,0,0,108.0400732116044,23.70289225667527,1245
13,1,0,133.3836388830452,14.00556897593624,1572
13,2,0,163.9378126054513,116.9522785961172,1841
13,3,0,172.2837672573729,78.27166634258192,1955
13,4,0,169.7542061865928,16.84353644492413,2028
13,5,0,180.2346393772181,18.1570318862348,2134
13,6,0,184.9938969241443,18.45413699833906,2190
13,7,0,203.3784306397051,280.1939706083555,2210
13,8,0,210.490402122341,339.3840066252295,2346
13,9,0,191.874663740012,18.42613072393283,2346
13,10,0,195.7269419428584,19.63210026152002,2348
13,11,0,186.3704183444352,18.47721322355662,2255
13,12,0,185.3232927276206,18.49972295554439,2272
13,13,0,198.1439747432983,19.33191351716757,2405
13,14,0,191.5959518059699,25.70643122286928,2276
13,15,0,194.8754589869622,20.23912354321933,2382
13,16,0,187.2531607694135,18.03095157058371,2312
13,17,0,170.7835419916995,16.21707678216061,2128
13,18,0,156.8651207915559,16.49035165665833,1940
13,19,0,118.9942799471366,19.14613259033444,1453
14,0,0,104.0784156668546,10.27479672239198,1229
14,1,0,133.0501926524176,13.44494745412019,1559
14,2,0,145.6353690146145,14.88518309590468,1709
14,3,0,163.988619756653,16.32435500895649,1937
14,4,0,176.5236226702484,17.50296346005585,2100
14,5,0,180.5156345947031,100.9390933288624,2060
14,6,0,180.7207348964653,18.77329424289459,2126
14,7,0,186.8064088465926,18.86128053866176,2219
14,8,0,184.860203609944,18.66523787329611,2237
14,9,0,186.0734793345174,18.8148616986764,2224
14,10,0,188.7391665070501,18.77262195878194,2281
14,11,0,190.4134777214621,18.56313465118804,2314
14,12,0,186.7821171023583,18.21730533195107,2286
14,13,0,192.2150595124991,18.3990800625182,2374
14,14,0,179.5652198422227,17.7935719590259,2187
14,15,0,186.4564173959193,17.65438676159672,2309
14,16,0,187.6645815664959,19.82262909949237,2317
14,17,0,182.7206071222305,17.74534948324488,2256
14,18,0,160.3736954309148,15.94700660423232,1970
14,19,0,117.8966067922755,11.29159620636641,1466
15,0,0,102.5387539105496,10.40360810161581,1198
15,1,0,127.8705336453395,12.11186783152003,1544
15,2,0,148.4114248758671,66.39534594045027,1674
15,3,0,166.4357432665021,16.55985941579649,1962
15,4,0,179.1224000643116,18.06129263412008,2115
15,5,0,180.7906518914146,18.21792319869622,2147
15,6,0,178.7539116274063,17.17958067478379,2168
15,7,0,183.2728659219875,18.67680398038855,2166
15,8,0,187.9570415576578,18.50086435001789,2259
15,9,0,184.5380422017976,18.20623732399567,2239
15,10,0,184.3319839029534,18.10623436958823,2228
15,11,0,182.4855266944595,18.89242123932004,2180
15,12,0,183.3617847788649,18.01477744846014,2217
15,13,0,190.458735649087,21.0271506229137,2299
15,14,0,188.1401347471136,18.78115510882202,2296
15,15,0,188.3094193588876,18.98274502040699,2306
15,16,0,184.4097094918157,21.16204678096155,2264
15,17,0,174.6866283782578,17.16418599988005,2161
15,18,0,150.4461262935891,14.70762362099509,1871
15,19,0,116.9307957894421,11.5882558667984,1448
16,0,0,96.78358862605559,9.526671163112475,1154
16,1,0,129.2573395839653,15.25157392424021,1494
16,2,0,149.9724230328588,15.55206728939295,1749
16,3,0,169.586625395237,29.18603444727093,1920
16,4,0,172.7031142009044,17.44261793492643,2036
16,5,0,169.4158210661236,16.86901088241971,2013
16,6,0,177.7230444623381,18.0169087811382,2094
16,7,0,175.4554411293848,17.21802021586375,2118
16,8,0,169.3453086726554,16.78062894984805,2036
16,9,0,190.3762209436795,153.7674948345267,2146
16,10,0,177.9734772725147,74.01677930534827,2078
16,11,0,174.6250748087206,17.2361661588692,2109
16,12,0,182.1261510340838,18.77518035475399,2189
16,13,0,181.5747692601186,19.02418376813645,2197
16,14,0,186.2132324021396,18.44081214016118,2278
16,15,0,181.7288478801984,18.07920194167141,2201
16,16,0,184.6680585171385,20.92399772989562,2269
16,17,0,165.0719396979241,16.03797982166974,2051
16,18,0,143.7754952538019,13.5358640785172,1809
16,19,0,108.7605891195427,10.28429909152788,1364
17,0,0,94.65406416576845,15.36793866684674,1082
17,1,0,108.4606730944305,10.9312287317151,1282
17,2,0,134.5240261800839,14.34094320904127,1548
17,3,0,151.380308149999,20.13320198159486,1705
17,4,0,153.3835442104403,18.58683241628372,1802
17,5,0,157.5571733416955,15.58522198880856,1876
17,6,0,166.4404442751591,16.8131018975384,1969
17,7,0,160.5814319846352,16.96688646880053,1900
17,8,0,165.9673922316848,16.39186706350871,1992
17,9,0,165.8403200877424,16.93157464181276,1980
17,10,0,172.4835200904875,17.36625260005232,2068
17,11,0,168.4391954301136,23.23446883722755,1990
17,12,0,161.950197886742,15.60648132156628,1989
17,13,0,174.2058641304678,50.58083966093781,2010
17,14,0,164.0290599110651,15.57290840164273,2033
17,15,0,169.3932198714761,15.95852118439818,2114
17,16,0,174.4947275966304,35.09571719898988,2078
17,17,0,165.9458397916563,55.92453763382941,1933
17,18,0,136.3235197838025,13.02769835356476,1694
17,19,0,111.0855499912931,10.79841542562687,1363
18,0,0,71.0268539270774,6.852997697869322,846
18,1,0,97.49589668566706,10.09743257849013,1129
18,2,0,139.4361769355074,678.3871174676157,1332
18,3,0,128.6671103903116,18.3122419212996,1516
18,4,0,134.3378609721344,13.79873581387956,1586
18,5,0,143.0169107022071,15.10540992143557,1720
18,6,0,147.9915196372414,37.73542339543355,1692
18,7,0,140.7387355631531,14.06370210603214,1674
18,8,0,168.5524032977854,292.8484077708671,1744
18,9,0,166.4173561647935,328.1348759622532,1767
18,10,0,137.1618435521528,13.65659122965243,1659
18,11,0,144.2566189431566,14.75142849314884,1725
18,12,0,142.4314914272678,14.03534952611744,1727
18,13,0,157.5076975180801,78.728464892584,1812
18,14,0,150.9839338799964,15.54923989281582,1803
18,15,0,151.2744727166049,14.73886976893791,1865
18,16,0,143.8150263774625,14.016640419975,1758
18,17,0,190.3811319683676,1702.903176220022,1639
18,18,0,127.8137829145709,59.07590429800399,1485
18,19,0,100.5594956732798,10.18090879558889,1228
19,0,0,61.49082642794352,6.17976462998152,732
19,1,0,78.44245619274737,37.15788346997081,864
19,2,0,93.80985757092961,10.43489907072404,1100
19,3,0,102.4854118140603,28.75133615499591,1158
19,4,0,101.913795753786,10.20424379743993,1196
19,5,0,112.5426507386961,11.38150999103221,1339
19,6,0,111.2241579749289,11.0569860042532,1326
19,7,0,114.9731515599029,12.31804576782601,1341
19,8,0,116.5887019543738,12.16635364425716,1369
19,9,0,113.7393920017531,11.4280948306927,1365
19,10,0,110.6533008784195,10.9253399341623,1341
19,11,0,108.94758389531,10.4765186089861,1331
19,12,0,120.6299497840702,136.8359303148609,1346
19,13,0,112.6424630127723,11.34699611595623,1358
19,14,0,116.6110651425769,11.19311532091399,1447
19,15,0,115.958914403614,11.17453884981136,1445
19,16,0,130.7449980359834,246.3308939387989,1449
19,17,0,107.0451498380905,11.21969588220029,1286
19,18,0,88.93232980151896,8.443546760306091,1118
19,19,0,69.24514021879038,6.680172985120956,861
