# mesh name: boxMesh_1
# primitive scorer name: doseScorer
# iX, iY, iZ, total(value) [MeV], total(val^2), entry
0,0,0,66.963662636146,6.815973777038546,791
0,1,0,89.46205604152867,8.859615173419884,1086
0,2,0,89.92747970363814,8.673347037616745,1098
0,3,0,104.6774743169124,11.77970236108994,1284
0,4,0,107.5239165693648,11.22226197522062,1306
0,5,0,114.2697554816183,11.69412056219902,1377
0,6,0,115.8222675361097,11.05582609413439,1425
0,7,0,110.5825301638189,10.4392990620628,1366
0,8,0,119.3639909935761,12.2437226438665,1467
0,9,0,123.9060041850461,12.91215338410902,1496
0,10,0,123.3643018412946,11.70648056092967,1556
0,11,0,111.7712725176819,11.20616374176501,1420
0,12,0,116.7500220678745,11.14921869142672,1466
0,13,0,114.9551006541361,11.02847924236905,1449
0,14,0,117.368831482294,11.26529805232035,1465
0,15,0,124.8969467973392,62.31543122700813,1472
0,16,0,120.9061693898632,11.83690915407924,1487
0,17,0,112.8589687793116,10.7023954717442,1416
0,18,0,105.0549994365677,10.32918921304606,1313
0,19,0,77.5841287740066,7.302732247751296,986
1,0,0,78.937899872584,7.561411556681291,963
1,1,0,107.8918580575746,11.25047088428918,1274
1,2,0,163.8520427357381,708.4251481507067,1533
1,3,0,138.4101381321365,13.3145915885147,1698
1,4,0,145.1052346653105,14.58713899537373,1766
1,5,0,142.2024791090159,13.36191394056124,1775
1,6,0,149.172618474712,15.14334785030367,1802
1,7,0,156.7405797604642,15.22013291954473,1918
1,8,0,150.7904128484759,14.60269972575509,1866
1,9,0,157.6375071683722,66.76258536113545,1846
1,10,0,153.4196197401462,15.4803653995082,1880
1,11,0,161.2967442140178,70.00395459274721,1897
1,12,0,153.5710509842864,16.17731033748781,1901
1,13,0,158.2604709722767,39.01702915546436,1926
1,14,0,164.306449402495,103.0301173727616,1865
1,15,0,156.9127509460039,15.85186471956505,1945
1,16,0,150.2277390901189,14.23628777648206,1896
1,17,0,156.0114205913128,15.07510199783878,1955
1,18,0,145.8960048807801,14.37835194156031,1806
1,19,0,98.92082109045442,9.700950803096788,1232
2,0,0,100.9145210848193,10.00758878763136,1211
2,1,0,120.1825040162163,11.20343016497212,1505
2,2,0,151.6693863053464,15.22773257266224,1823
2,3,0,157.7528886263289,15.65994327341115,1924
2,4,0,159.8723165845903,15.26643443691022,1975
2,5,0,176.5441129773615,25.55153837966609,2112
2,6,0,173.3516365391088,16.6143035279321,2130
2,7,0,190.1613957786611,120.9655461678279,2199
2,8,0,173.3727603091473,16.71990768925181,2145
2,9,0,171.4978975383224,22.51767059846114,2087
2,10,0,183.3582060845281,25.30503542690419,2218
2,11,0,181.3979752865534,19.85135271315181,2206
2,12,0,179.0995312624522,43.40461789231907,2170
2,13,0,176.7138607871786,22.2784545087609,2168
2,14,0,180.1117392442405,54.43579028777135,2152
2,15,0,189.3288284116275,116.9072490651991,2248
2,16,0,179.7462610605881,19.55346498871134,2267
2,17,0,176.242366942346,17.35949104655883,2198
2,18,0,154.2886231678083,15.79904237524585,1922
2,19,0,121.3961144203287,11.42234953531779,1526
3,0,0,106.6652297384452,10.91776288808939,1266
3,1,0,135.7830185463543,14.93130923876778,1618
3,2,0,162.6643560953547,35.38416527511291,1913
3,3,0,169.4255052664166,16.5827157797047,2063
3,4,0,174.8406442654845,17.42286498663066,2110
3,5,0,180.9445310633104,17.85108504370775,2199
3,6,0,185.5811557570684,28.71938540848594,2235
3,7,0,192.8740533428355,19.540480943563,2332
3,8,0,195.6126862256072,233.4680044387983,2264
3,9,0,184.4631400238098,17.67728137122759,2286
3,10,0,192.0181071383,30.97616622502872,2299
3,11,0,182.8971936026056,17.5272485417161,2270
3,12,0,207.2864482817044,265.0670595072374,2338
3,13,0,189.5042626151396,18.02350353248161,2351
3,14,0,192.3281007287398,18.37413466290909,2416
3,15,0,190.4698289686578,18.1442200599772,2388
3,16,0,191.843938467352,22.33599890966929,2369
3,17,0,184.572581281997,42.10994637557072,2237
3,18,0,160.1849321869188,15.44053820121797,2006
3,19,0,121.1392128886313,11.45501206600904,1519
4,0,0,111.7454093981746,10.90766330844327,1350
4,1,0,138.1741883326973,13.30670905039957,1687
4,2,0,161.1034466758443,16.66661934528882,1946
4,3,0,170.0781910041475,16.73030631173699,2071
4,4,0,189.205975310821,18.15299368880875,2316
4,5,0,181.8855066536323,17.69141036136961,2231
4,6,0,184.1168037610333,17.98653013140135,2241
4,7,0,198.4427751420158,46.71327429285896,2346
4,8,0,208.3145868035001,230.0516869720554,2373
4,9,0,196.1539400764909,19.33182768847199,2411
4,10,0,186.3951888712899,18.07960436548847,2305
4,11,0,180.6889961969446,17.33257757696036,2247
4,12,0,179.1330887135886,16.89068723290964,2234
4,13,0,182.8309105484974,17.06433514154861,2307
4,14,0,194.0966305364709,19.33248319264421,2381
4,15,0,179.626806090696,17.40004092446936,2257
4,16,0,190.6468988327195,18.33692912321311,2383
4,17,0,202.6461836082364,438.09284819053,2242
4,18,0,166.2505933343544,15.77791931683834,2092
4,19,0,120.8401464391396,11.14583739819479,1549
5,0,0,118.099523331827,44.07917286126336,1336
5,1,0,140.6390983396262,14.58119062620708,1687
5,2,0,165.5578615282285,15.81036547752275,2028
5,3,0,178.0888631855632,17.37272882284613,2176
5,4,0,181.221506586896,18.22002551331425,2183
5,5,0,190.9343687643352,35.95593570477321,2267
5,6,0,206.6322891878353,47.32604484401166,2442
5,7,0,187.5601665908671,21.79251704305189,2258
5,8,0,197.1610830592756,166.8853618347204,2297
5,9,0,189.5741682513415,20.4799268090156,2311
5,10,0,193.0091951858271,19.25706413862885,2378
5,11,0,195.0218812659605,35.89567384005187,2389
5,12,0,195.4401022134729,18.55711324481238,2429
5,13,0,196.1245082823918,19.3530632129165,2419
5,14,0,181.1718560724398,16.94742626566592,2284
5,15,0,190.2107999229729,17.91782134385439,2403
5,16,0,219.0563323443891,382.5090472776621,2368
5,17,0,196.5460033845146,314.0046906377771,2216
5,18,0,163.9327346151297,14.84439488214648,2122
5,19,0,122.3940650163321,11.64743302449142,1544
6,0,0,105.0014355329965,11.15915692056448,1250
6,1,0,144.6079424207531,13.88148704531885,1765
6,2,0,169.6010505581358,34.27932703961208,1978
6,3,0,188.0080426843089,70.39994200221845,2179
6,4,0,187.122182473359,17.63765304682812,2316
6,5,0,193.9833668679915,18.59898085389609,2375
6,6,0,194.191544117016,34.03034502369955,2337
6,7,0,190.6724617472593,18.43049675887973,2338
6,8,0,203.6746611471139,36.37119328111909,2441
6,9,0,195.6177505385043,18.96429194620833,2414
6,10,0,198.3262980566056,190.555948557478,2301
6,11,0,190.0439961846983,18.2357027824115,2363
6,12,0,220.4706534136479,276.4083476249545,2421
6,13,0,193.7072375452094,29.53988728906318,2420
6,14,0,193.0820895611937,18.63193447303897,2414
6,15,0,195.0865110209529,41.44360771002684,2373
6,16,0,192.6789558042744,18.0454873672813,2448
6,17,0,191.3627219865365,18.7197487817221,2399
6,18,0,169.8360524822506,20.88367379558744,2125
6,19,0,130.0564524076502,12.61680275814353,1630
7,0,0,114.8933605349862,11.99611827814647,1385
7,1,0,138.7292547285722,14.28207999400075,1649
7,2,0,167.7676589715161,16.2805525040423,2047
7,3,0,185.9080156741434,18.74227269321619,2235
7,4,0,183.1077355587979,17.67678459798199,2254
7,5,0,191.1378284936343,18.44518974187624,2353
7,6,0,184.5915769288071,18.18653916649822,2245
7,7,0,195.5968339329143,38.91500676314936,2317
7,8,0,199.214116489866,20.12814970590674,2424
7,9,0,193.4331418940612,19.04493555869709,2368
7,10,0,196.9282881937945,22.93117386516293,2386
7,11,0,196.3027033697867,20.14624790830212,2408
7,12,0,191.7370844556308,29.35641681553218,2373
7,13,0,194.2338599287947,25.9282390038914,2385
7,14,0,190.6915855129168,18.58684861734257,2385
7,15,0,188.0535166301438,18.22183753128612,2363
7,16,0,201.2884758233732,24.14830256655371,2480
7,17,0,184.544185375827,17.49679336871447,2334
7,18,0,159.2369693514277,15.64816380777922,1998
7,19,0,133.5780150892445,14.87528339119599,1624
8,0,0,105.175303561667,10.74444041848781,1289
8,1,0,138.6626959748563,16.40170516138966,1689
8,2,0,169.4187016889374,17.2719402578099,2036
8,3,0,182.6810152691487,17.9258974617237,2228
8,4,0,188.7990245440095,18.19235614973913,2322
8,5,0,199.1901475510987,54.70223754380936,2364
8,6,0,191.4867271798466,18.80140558477978,2339
8,7,0,184.3318270931302,17.33719252717865,2291
8,8,0,195.7007485078302,18.39749362337204,2423
8,9,0,191.6025344163649,18.76896948258255,2363
8,10,0,186.7524434866098,18.56470148140049,2295
8,11,0,187.384692565132,17.64012387563639,2352
8,12,0,182.8679083442492,16.74813197442059,2320
8,13,0,190.791150588095,34.43685051263171,2330
8,14,0,186.7084984451881,18.98408860043609,2332
8,15,0,194.4797665965655,18.69333232375503,2442
8,16,0,187.4649739635926,18.45599266453999,2330
8,17,0,185.4428093880762,47.6709768061821,2264
8,18,0,161.333462423608,17.28406140687013,2031
8,19,0,128.8959573814721,12.27702250372252,1620
9,0,0,103.252592024726,10.36061356498371,1249
9,1,0,138.1706719817951,13.10921612100713,1708
9,2,0,162.2800391750795,16.03626197409583,1977
9,3,0,179.9392930376005,16.89012673498857,2245
9,4,0,193.7452588936159,19.7481057682926,2333
9,5,0,200.2224716195585,56.973644331794,2299
9,6,0,181.5049272604122,17.93561828038476,2226
9,7,0,193.1905666736785,19.34501803363707,2341
9,8,0,192.8072175696495,18.45537150947827,2380
9,9,0,189.8934557938662,17.9887945609451,2358
9,10,0,208.7887352960524,184.1179671800489,2399
9,11,0,198.5659362313926,20.18911375560583,2410
9,12,0,198.6986257542654,30.81335246415189,2406
9,13,0,189.9753802286023,17.71077047657545,2401
9,14,0,200.8421514528308,33.43721365486392,2467
9,15,0,188.2789105666494,17.81409357828816,2373
9,16,0,193.9922283801903,18.54844552928831,2441
9,17,0,192.4567491125185,18.65864800073683,2401
9,18,0,163.8339841212033,16.05749337800566,2050
9,19,0,137.0002821650738,111.2347127886959,1604
10,0,0,110.2688031222625,10.79852571814706,1357
10,1,0,143.0833533976777,14.73743974876137,1721
10,2,0,167.8345533733172,17.03789522110439,2011
10,3,0,185.0439003101481,18.40532508374637,2249
10,4,0,187.5477747597906,42.66046914408263,2233
10,5,0,195.7303821319238,44.58443785310801,2297
10,6,0,200.2071159950633,19.83499069382498,2442
10,7,0,194.5771722098587,19.66400457918146,2351
10,8,0,190.9271527777586,18.93798198503238,2341
10,9,0,193.859314559164,21.61794854875962,2366
10,10,0,186.5660340899257,18.03756678589883,2299
10,11,0,200.4018236131922,69.05747801435908,2435
10,12,0,188.1810907222061,17.74801810796241,2374
10,13,0,197.7370317684563,29.25678821793595,2449
10,14,0,201.1034205173393,39.40675337646821,2410
10,15,0,195.4787093003367,21.07187035013335,2436
10,16,0,189.6947595100117,17.98751221968505,2375
10,17,0,190.0253674012203,17.96822449105254,2407
10,18,0,162.0959865970929,16.85734005194829,2029
10,19,0,122.6137460193991,11.49293414452045,1553
11,0,0,108.1019191870362,10.68735673665457,1311
11,1,0,145.1759148078394,14.59353132714674,1731
11,2,0,183.3700295042699,332.7567027646858,2011
11,3,0,181.4400508284174,58.42540657541783,2168
11,4,0,193.0503473504441,33.62378449003177,2293
11,5,0,184.8324923825023,17.59159889402548,2279
11,6,0,192.1935356922906,19.71545155694777,2298
11,7,0,193.879831843184,52.80783653118842,2324
11,8,0,189.0405849274629,18.23160972534011,2328
11,9,0,190.7010092082787,18.05588394969538,2381
11,10,0,188.0855093681288,17.62011734700804,2350
11,11,0,190.6738332658107,18.61645600954811,2348
11,12,0,194.6059558788456,18.87562115785959,2437
11,13,0,188.6242821165469,17.88428528934023,2361
11,14,0,199.2273871267834,19.22505956760717,2477
11,15,0,208.1814438108051,224.7400238244225,2362
11,16,0,215.2618752930208,308.6799760673073,2442
11,17,0,187.3391324981565,18.3038930889994,2347
11,18,0,165.9314140222233,16.84315184114707,2016
11,19,0,129.1270886533258,12.03338252606085,1653
12,0,0,125.3607175066353,328.90628378733,1268
12,1,0,163.709945663554,386.556072274647,1729
12,2,0,161.5664942149236,17.10172786811573,1929
12,3,0,189.8011954203227,44.94439149038056,2258
12,4,0,183.9191373914293,22.86234016642669,2219
12,5,0,188.7749878302678,34.94936849641952,2276
12,6,0,195.7529269297691,52.97155611223597,2308
12,7,0,189.6932774969377,18.57481514939697,2331
12,8,0,183.1857695872577,17.58730607715859,2291
12,9,0,193.1212882588582,52.18163237213034,2301
12,10,0,194.4217626143133,35.85411256108584,2396
12,11,0,196.6290656165858,18.91245360847666,2453
12,12,0,210.3700877570666,418.7278780218285,2336
12,13,0,188.5543005766039,19.83645976956175,2345
12,14,0,200.7379723343876,86.29854327761859,2379
12,15,0,190.9227134798687,58.00697646295999,2354
12,16,0,188.2979994582405,17.72780827780991,2394
12,17,0,183.2451642364863,17.6355779299185,2294
12,18,0,166.0655114968839,25.41820567914484,2048
12,19,0,126.6434949639112,11.87147309285391,1601
13,0,0,113.0057460172121,11.39124762543944,1355
13,1,0,143.9274481852231,18.04915975176466,1735
13,2,0,159.1339640175378,15.86936087090517,1927
13,3,0,203.089776131636,309.9523549778657,2186
13,4,0,184.0057595730204,18.01829211321143,2242
13,5,0,193.860957828532,20.16962010020039,2333
13,6,0,191.8155928164403,21.93725188781164,2328
13,7,0,186.0293376589715,18.52398407832419,2274
13,8,0,189.8862045620536,19.04484844516038,2323
13,9,0,194.5141139580402,18.46033288751167,2426
13,10,0,205.5580078129291,185.9272975274239,2372
13,11,0,216.0844168365761,311.1090785678503,2449
13,12,0,193.4720289493623,23.99966672992508,2387
13,13,0,205.8258217586391,138.3228905878574,2400
13,14,0,193.3270597434529,18.7870237643515,2407
13,15,0,190.2492574142039,17.78826801040745,2394
13,16,0,194.9031365582985,20.71727829693177,2441
13,17,0,180.8579686639409,17.39132216740769,2271
13,18,0,167.8229350280195,16.20846614721374,2101
13,19,0,145.5388401279355,350.2203431712965,1621
14,0,0,110.4501574130655,10.95880174715082,1349
14,1,0,133.9218099646916,12.7017837884948,1649
14,2,0,163.9228039195828,15.84810125985488,1997
14,3,0,180.698679632763,33.6534065721395,2149
14,4,0,182.7070612143808,20.92136871666499,2195
14,5,0,185.5872176398152,23.16111198788175,2257
14,6,0,195.5875967636576,29.51411245756353,2331
14,7,0,195.2565086441654,51.07527124057387,2355
14,8,0,188.960615103026,18.56023416292845,2329
14,9,0,190.7146912389334,23.2912842117629,2359
14,10,0,190.9943997316714,18.28642544771699,2383
14,11,0,197.1367465711519,87.33120072362171,2326
14,12,0,188.6136098212755,18.03019021711031,2356
14,13,0,196.5685294845433,80.13892010089573,2328
14,14,0,183.4097850051779,17.03331797994581,2319
14,15,0,191.4566743385865,18.52426870749783,2400
14,16,0,194.4585106761047,59.29712121845584,2354
14,17,0,203.4186111654683,443.4735931151459,2320
14,18,0,165.615669329953,15.62862141922096,2102
14,19,0,125.3457393148486,12.40867548935084,1566
15,0,0,104.5430984326046,10.03903987019987,1280
15,1,0,137.0504056334366,13.53153667954627,1673
15,2,0,168.6459488660103,16.7710981378852,2021
15,3,0,179.8226391227308,17.82261103150312,2193
15,4,0,176.4347780804144,18.47000687005169,2153
15,5,0,209.1354205095858,541.1365893799152,2278
15,6,0,179.2814080502089,21.6907463468155,2174
15,7,0,192.2828653032791,19.36016349793641,2341
15,8,0,183.9852906730345,17.6507607094941,2285
15,9,0,182.5564496362784,17.17333426089223,2282
15,10,0,179.7127062740511,17.16949577712673,2228
15,11,0,210.9652206191867,400.5132069833426,2312
15,12,0,204.2069159555903,95.92349112391662,2430
15,13,0,200.6171383255746,23.2985481118529,2447
15,14,0,189.4279623141553,18.05425699998285,2361
15,15,0,206.0872318286651,547.1669507576133,2322
15,16,0,213.8587934187172,398.445537467303,2421
15,17,0,196.9323498801239,158.8339024361487,2345
15,18,0,154.5028257444743,14.22512960897966,1982
15,19,0,129.1346191145886,44.75075762333719,1543
16,0,0,105.8956930822082,10.4010334724282,1288
16,1,0,133.0999380892503,13.10282271119797,1619
16,2,0,152.4822231483952,14.843884058735,1850
16,3,0,176.8160489039123,41.09896822864454,2054
16,4,0,184.4445612188667,18.75490693709908,2205
16,5,0,187.4732584210467,58.94434185720432,2212
16,6,0,187.0030255416058,29.04475268247414,2213
16,7,0,180.7889096713526,17.6544097860052,2218
16,8,0,183.8957332635411,26.5619783428346,2244
16,9,0,181.985215592321,17.59426402593331,2250
16,10,0,187.3023288073186,120.5243642012798,2197
16,11,0,192.3255223218048,18.67414720803331,2369
16,12,0,200.9346218030335,143.5164151641353,2291
16,13,0,191.7271956288934,49.43906237289012,2274
16,14,0,187.0212806552021,27.92322914256812,2309
16,15,0,188.9378821747295,18.28848857184014,2373
16,16,0,189.7702419081807,22.50438203818463,2344
16,17,0,193.9773279877067,201.3153428660918,2300
16,18,0,171.76436195286,17.99154197453857,2115
16,19,0,117.9850718554269,10.78888835054347,1502
17,0,0,95.13436424108826,8.938623986303476,1177
17,1,0,125.8651294998023,12.42068292926909,1513
17,2,0,159.8350533909371,59.84557480951626,1845
17,3,0,163.9874509922111,18.82635961627378,1969
17,4,0,167.0622928891792,56.43895680156671,1938
17,5,0,163.0325178959723,16.45267321043386,1982
17,6,0,203.6460728871412,298.7095472082251,2151
17,7,0,191.6666910754053,689.8681712314001,2027
17,8,0,167.2791197693954,16.73628696264896,2059
17,9,0,172.8287909568949,89.505520159417,2051
17,10,0,173.9605606766748,16.6795742128623,2210
17,11,0,173.6951096871239,16.76813135012096,2141
17,12,0,168.3602964574623,17.75457372457568,2078
17,13,0,201.4154044978315,330.0780545871671,2276
17,14,0,168.4691610497522,15.66799805150452,2136
17,15,0,180.1067156726795,17.35595282628403,2254
17,16,0,180.614571025896,17.95775464010115,2243
17,17,0,185.2628802237083,29.61372637994602,2225
17,18,0,154.5415661106435,14.76599234739743,1937
17,19,0,128.56396540184,51.96212319581559,1540
18,0,0,84.05781579096707,8.401546254218172,1009
18,1,0,110.3072527318023,10.9446774364472,1334
18,2,0,127.7979205785153,26.19865537547225,1500
18,3,0,154.0213672012921,307.4917511233632,1674
18,4,0,154.1433618667931,55.78223763139728,1772
18,5,0,149.5581159137834,15.0832621769214,1821
18,6,0,152.7106866302767,15.78370632566893,1833
18,7,0,148.3384032597933,13.86664888187929,1842
18,8,0,149.5986134778124,14.6590860265083,1834
18,9,0,149.1560527810972,14.93488957489602,1807
18,10,0,156.5321073392355,15.20378925472471,1930
18,11,0,151.6771287432585,15.44079328725492,1879
18,12,0,158.6893596346925,62.80239897166565,1912
18,13,0,157.8741336586203,15.88079347339706,1933
18,14,0,163.0900472835429,107.639723269074,1913
18,15,0,171.5018487744318,177.1951418486356,2015
18,16,0,157.4867052815776,15.48083483599311,1949
18,17,0,144.6550583129758,14.05451931030698,1816
18,18,0,139.0448785626525,13.45096914132469,1752
18,19,0,107.2271185261017,10.02319926461115,1343
19,0,0,67.62030397287076,6.732644213561635,820
19,1,0,84.68278290413609,10.97475636677247,1008
19,2,0,96.27060129723615,9.796052917823639,1163
19,3,0,120.8262977716611,96.23202728797138,1337
19,4,0,112.8578422720878,11.37918935824809,1361
19,5,0,112.307451958547,10.72847261505613,1392
19,6,0,109.5690603496094,10.91356181274004,1339
19,7,0,114.2818229406947,11.06482992918249,1396
19,8,0,121.2990833440515,13.89636743708171,1485
19,9,0,133.4982281362845,357.6471146386895,1424
19,10,0,117.0241104730145,11.18263797476977,1449
19,11,0,115.6997657986267,11.51419259940727,1452
19,12,0,126.5572591106603,147.3911681768228,1439
19,13,0,119.4950411983487,11.4448282583125,1470
19,14,0,117.1798144564864,11.63910088843895,1452
19,15,0,118.5580393414446,11.45341541429672,1484
19,16,0,113.6050835810827,10.53010708210232,1453
19,17,0,119.4179295032032,56.37590485697052,1424
19,18,0,106.5914698924852,10.41140969064809,1319
19,19,0,79.24234381040314,7.712980686619716,995
