# mesh name: boxMesh_1
# primitive scorer name: doseScorer
# iX, iY, iZ, total(value) [MeV], total(val^2), entry
0,0,0,67.26391493551225,6.713176099365574,824
0,1,0,85.74653772251374,8.007958068000093,1069
0,2,0,95.66968389745603,9.464852437607147,1176
0,3,0,119.6645385947364,26.83673806827052,1395
0,4,0,106.8691007079777,10.53598365388179,1311
0,5,0,114.6000358232896,12.70366097827588,1383
0,6,0,118.021109541337,41.37692943397509,1406
0,7,0,136.4798988809534,328.2574424888845,1470
0,8,0,116.7360004298161,10.95907543402759,1470
0,9,0,115.782514245224,11.64463576132294,1422
0,10,0,121.6119878472327,11.50762090593975,1517
0,11,0,119.4313414716122,11.45362612224164,1500
0,12,0,120.993710316481,47.12916766494806,1450
0,13,0,125.5915244037172,40.70408469668634,1512
0,14,0,115.7163862558223,11.01641596934799,1445
0,15,0,119.8865968931204,10.88983133586284,1517
0,16,0,119.5106736406095,11.70003503662968,1477
0,17,0,114.1745337005815,10.55232547354701,1448
0,18,0,105.6355317528047,9.757340495952551,1358
0,19,0,80.94011659675985,7.4479869494483,1043
1,0,0,109.9292444470877,391.0002552113757,1064
1,1,0,109.357214445913,17.9570349487337,1326
1,2,0,131.3196145732286,13.54956066431147,1570
1,3,0,148.0981968612141,21.72418651710366,1723
1,4,0,149.8392090072741,14.90790343208763,1844
1,5,0,147.6365555022049,14.0059078503436,1847
1,6,0,151.4528757430717,15.17757866473896,1856
1,7,0,158.2588882939934,15.40959501100849,1946
1,8,0,156.2421395756856,18.07529419246478,1901
1,9,0,152.9569122548604,14.12455342709754,1929
1,10,0,151.6986340657865,15.11970435781922,1860
1,11,0,150.9351458025027,14.54768285850257,1883
1,12,0,165.9385397299362,147.574345681807,1926
1,13,0,181.9801122019613,502.1652606135304,1925
1,14,0,152.0475264483881,14.59512875411004,1900
1,15,0,158.3569340550894,14.87340835894594,2008
1,16,0,156.7181932257593,14.50565493891038,2009
1,17,0,157.5710058012127,14.73053159166055,1995
1,18,0,147.1967637655596,14.08748984496221,1856
1,19,0,101.4016582199262,9.819515235568927,1288
2,0,0,103.3710775726724,10.24410281618831,1256
2,1,0,127.6142076459428,12.640589882574,1572
2,2,0,150.4185824286467,14.95135645066831,1829
2,3,0,166.5697950855534,16.41394122890351,2039
2,4,0,170.7564980035789,16.52416012734371,2112
2,5,0,174.8279473290918,17.34939903551228,2136
2,6,0,170.0253500323898,16.00471899030048,2127
2,7,0,190.4028144399308,97.90878902179536,2249
2,8,0,215.1378660935491,629.7032746988604,2200
2,9,0,202.40107233029,445.3354406158678,2128
2,10,0,186.606250038546,18.50208000906355,2341
2,11,0,185.399058883175,18.00717285167787,2289
2,12,0,180.5789938527348,69.92302888074619,2168
2,13,0,186.8330813143083,17.6304422839902,2347
2,14,0,211.0613887638218,1364.896091328174,2200
2,15,0,183.5479012065963,23.20379563483415,2314
2,16,0,181.3555270575645,17.39631829127527,2266
2,17,0,172.8436397822852,16.30907028800987,2193
2,18,0,155.0040215189352,14.66779265941245,1965
2,19,0,120.0534195754202,12.20326066810374,1510
3,0,0,111.3172297838876,11.34231068378161,1338
3,1,0,139.5635101209196,14.36916140304287,1675
3,2,0,164.1284301668365,16.17415704319893,2002
3,3,0,173.7738953902042,17.20690131509835,2122
3,4,0,183.5303004911501,26.60236012093974,2249
3,5,0,183.6839979943229,23.55944964044619,2208
3,6,0,200.6528161966343,216.5374681555368,2233
3,7,0,192.3387684713236,29.267717922429,2330
3,8,0,183.4521418923313,17.86482917273291,2295
3,9,0,183.3215336607455,17.35799437768456,2287
3,10,0,210.8144691275141,151.9679486428016,2426
3,11,0,182.5746352388061,18.24980720870767,2268
3,12,0,185.2029421378069,22.34418689117451,2324
3,13,0,198.579287732503,136.4270097041355,2329
3,14,0,188.9250214290875,17.68027469979063,2406
3,15,0,184.8813886919244,17.49847525579825,2330
3,16,0,191.0109813027277,18.09928159876292,2394
3,17,0,185.2782404027247,85.42328889890129,2193
3,18,0,160.8299600751886,16.06816956264043,2003
3,19,0,124.3669222166063,12.26808946888424,1539
4,0,0,110.5955505900262,10.93513976542442,1339
4,1,0,148.7449175040933,14.44374145136316,1818
4,2,0,190.3404871002763,453.1949690067799,2084
4,3,0,175.4866855852644,21.13845334448003,2158
4,4,0,183.5053627381573,17.9139812900581,2253
4,5,0,196.1207876232105,161.088577155745,2280
4,6,0,183.93615009505,23.40955374906877,2260
4,7,0,187.7028418469941,18.64515836243369,2315
4,8,0,188.900360304566,18.4227073464603,2337
4,9,0,196.4154275953719,42.18643650851983,2406
4,10,0,192.9708677455501,17.85669856976951,2430
4,11,0,190.660887913009,18.71038643001634,2364
4,12,0,191.2196561120071,30.38712548696736,2313
4,13,0,192.0009874309568,17.84970399515468,2426
4,14,0,190.0918344091867,53.00605775960956,2327
4,15,0,182.1120359617976,17.421815183393,2290
4,16,0,192.8957592064698,18.38115239041878,2421
4,17,0,185.0251977080509,17.63986145622159,2316
4,18,0,162.904359851133,15.20729635330396,2075
4,19,0,116.296312551205,10.63955404981855,1506
5,0,0,112.7737665520119,11.64149242729523,1347
5,1,0,147.7266639953685,14.34600636432713,1826
5,2,0,170.9207035580824,49.94726232873455,2003
5,3,0,180.6881218498138,17.87477733051009,2197
5,4,0,184.0919872233018,17.62036531455555,2267
5,5,0,187.8540850973641,18.76543170573809,2290
5,6,0,200.3202399670682,39.36972896833819,2436
5,7,0,197.1854904103163,22.59040314514533,2404
5,8,0,197.340085250677,98.51874865289358,2335
5,9,0,190.1018551364034,30.828758506185,2324
5,10,0,220.049037411495,566.1731277904081,2382
5,11,0,203.2551700904741,144.790261875333,2407
5,12,0,207.0846598331501,58.80957027578043,2504
5,13,0,198.3930220478433,18.83844310480447,2494
5,14,0,182.8904773311491,17.28075738348979,2331
5,15,0,193.858158935649,27.28533664965977,2405
5,16,0,197.1730299612015,19.72090353150981,2449
5,17,0,190.8922511267348,18.30603073172867,2384
5,18,0,168.6361174680559,16.70000445779582,2098
5,19,0,122.0259038785649,11.45006467950153,1545
6,0,0,104.7332635024344,10.34595644981328,1282
6,1,0,142.585950571093,14.00412904649735,1744
6,2,0,171.8606149404553,24.05077097467328,2051
6,3,0,182.4336279731463,17.96095787296385,2229
6,4,0,182.7218431656765,17.35059949349421,2274
6,5,0,198.6097825052264,19.7536906132488,2423
6,6,0,192.459475477572,19.0241467271495,2357
6,7,0,195.888701211142,109.1833039303241,2312
6,8,0,210.6928283482137,39.12624911807079,2487
6,9,0,195.1642549498146,19.30840194882706,2407
6,10,0,194.3617041709044,42.72992774780111,2315
6,11,0,185.514277475406,17.58453736515084,2333
6,12,0,195.5981386186348,19.92824683026938,2383
6,13,0,190.4787263297322,18.62276230568085,2367
6,14,0,206.1097894617556,136.2412532024202,2437
6,15,0,188.0109550887685,18.46256552414996,2338
6,16,0,204.2757303552148,177.2731935602354,2447
6,17,0,189.6182947087247,38.68237074075819,2285
6,18,0,190.6964157649815,372.349827707971,2169
6,19,0,129.3642695073062,22.04882733862905,1564
7,0,0,114.0465038820631,11.51067239314729,1380
7,1,0,145.9766733536219,14.08195675451484,1790
7,2,0,202.3467654992069,771.6620252486141,2147
7,3,0,181.8668572208151,28.82138700786626,2182
7,4,0,188.6565287575444,18.87171054929299,2307
7,5,0,201.433750372071,80.07347198890693,2363
7,6,0,187.8332286650979,24.43012114648959,2292
7,7,0,190.0763133733099,18.76760188295187,2322
7,8,0,196.5336260784031,30.52844178519678,2402
7,9,0,192.9082976535717,18.42156609132694,2402
7,10,0,204.0863713752607,113.3251729977539,2392
7,11,0,191.5866599642378,18.21564923737181,2412
7,12,0,194.9862602937973,18.7321903180279,2433
7,13,0,193.585198636399,18.43286207257894,2428
7,14,0,191.0219656698445,21.89151827497426,2389
7,15,0,194.0630110556733,20.67728844582896,2398
7,16,0,202.2954826469628,19.38866159873957,2550
7,17,0,180.4671461330123,17.70885542775046,2276
7,18,0,167.6234651820017,29.2020441473717,2058
7,19,0,129.0932632285903,12.62034219008371,1607
8,0,0,113.5564962775097,28.82437073855666,1352
8,1,0,141.4716142867798,14.11727994019928,1710
8,2,0,160.2812845846147,15.08048806394721,2004
8,3,0,186.9935890257639,18.11249904862935,2287
8,4,0,186.1096198869556,18.21534367258699,2286
8,5,0,194.8576371270696,52.49651990227551,2302
8,6,0,191.7565147263286,19.57391615881296,2324
8,7,0,191.5201435636487,18.54359680620848,2380
8,8,0,194.6099673509294,18.81087625723476,2411
8,9,0,197.5376762709885,23.98634797732684,2426
8,10,0,189.3453562303542,18.15961584780143,2363
8,11,0,197.972718769234,39.06068618162143,2407
8,12,0,182.7565513644873,17.88961445833296,2276
8,13,0,185.6117543587711,17.54112066814039,2340
8,14,0,202.3052817981149,83.4958947218836,2363
8,15,0,202.9393027563116,141.4194647662361,2345
8,16,0,189.6006417739097,22.09430382048676,2329
8,17,0,179.1185910446409,17.24222037354234,2253
8,18,0,166.7886359781349,15.75892580872737,2106
8,19,0,128.961314850335,12.5144097387422,1617
9,0,0,111.4576294129062,10.94449818674589,1358
9,1,0,146.7273848983199,14.97277407589123,1779
9,2,0,210.0301781908337,776.6409434888011,2079
9,3,0,199.6504246250063,60.07085980839105,2364
9,4,0,203.7887019528725,365.2925660333055,2303
9,5,0,190.102476031566,18.79104554169972,2339
9,6,0,188.5252457360486,19.64186867173769,2318
9,7,0,199.1114544510943,54.03892793428461,2388
9,8,0,197.7082990849221,26.05168852627446,2426
9,9,0,229.9538414601842,521.569413871862,2387
9,10,0,197.5285019443431,33.24913515905534,2433
9,11,0,216.7318032965668,370.1909862117397,2419
9,12,0,190.3259528282912,17.56539533744963,2417
9,13,0,188.1296095185021,18.02543970663628,2367
9,14,0,194.0963869971989,18.16763421313082,2462
9,15,0,202.2296228133866,44.16342551610992,2473
9,16,0,197.920158410346,18.75540723893408,2504
9,17,0,181.1764645655419,17.11651035729805,2279
9,18,0,166.1540208442273,15.81539582449791,2102
9,19,0,121.3394950383782,11.32247102985099,1539
10,0,0,108.9785250787272,10.58322814779774,1340
10,1,0,144.4418231161471,14.12835325817843,1765
10,2,0,171.2225374668155,17.0964527178078,2092
10,3,0,210.7931094342625,235.14170132361,2324
10,4,0,185.0904797117305,18.40632734168613,2269
10,5,0,207.9437034569807,137.6735330896165,2392
10,6,0,211.7302963432967,222.685786684436,2395
10,7,0,214.9438098472931,439.7514389371931,2296
10,8,0,197.5724633036264,55.3300931695553,2390
10,9,0,200.8582553873924,56.68371717641074,2383
10,10,0,226.4142323526461,733.3775502263035,2382
10,11,0,193.2534545765114,18.06224307052715,2452
10,12,0,199.6978618954984,19.0513931425375,2523
10,13,0,189.9732255070857,18.57161965592313,2364
10,14,0,196.1488969891675,19.49947274239057,2439
10,15,0,195.7621757770884,41.7365122218413,2449
10,16,0,189.6444606555982,17.91801470553577,2389
10,17,0,184.5132339957455,17.81774739359272,2320
10,18,0,163.7320191568544,15.89439229115335,2044
10,19,0,126.593917379793,12.13516638621768,1611
11,0,0,111.2713350601344,10.93464768969271,1367
11,1,0,150.76031527896,14.57523577952594,1858
11,2,0,173.552245808636,17.17799637984942,2098
11,3,0,190.3217310230819,35.08083821979875,2240
11,4,0,200.075242189317,128.1517491871591,2313
11,5,0,195.3505278476638,19.27774741827388,2390
11,6,0,185.1213944900457,18.4111637544748,2271
11,7,0,189.6792793966534,18.4701526598137,2357
11,8,0,200.4127205025235,78.14126761954213,2370
11,9,0,185.4847683893955,17.53599236785396,2314
11,10,0,190.7675413992913,18.46220066819702,2367
11,11,0,188.9529137971554,17.95447678885793,2369
11,12,0,199.4508815271596,19.32691676606821,2491
11,13,0,198.1605445955814,25.8692822078391,2436
11,14,0,198.278826349369,19.26785436566251,2472
11,15,0,193.7119694868901,27.36063639374857,2402
11,16,0,197.484755707027,27.3309835942321,2455
11,17,0,197.2681498809796,120.5359689944347,2369
11,18,0,162.2766574052551,15.23924520889143,2061
11,19,0,134.1124022464041,70.96475094888007,1609
12,0,0,109.4544929987758,10.85547966715237,1346
12,1,0,141.2450395573148,14.45906698432027,1695
12,2,0,169.6474703916637,31.80530385778968,2031
12,3,0,187.0415804878856,18.52599232517262,2272
12,4,0,192.2837941156256,51.21777701929528,2281
12,5,0,195.3466136206501,19.06003802708802,2406
12,6,0,189.3337608939334,18.80310101991862,2321
12,7,0,194.3030205112981,19.75915405956507,2369
12,8,0,195.1740299469849,86.32082692273895,2320
12,9,0,190.3441793594497,17.98659411965003,2400
12,10,0,192.3829915455937,18.55172865027926,2401
12,11,0,195.0383435549576,21.26762832191918,2405
12,12,0,186.5512967946373,17.91828653227019,2333
12,13,0,192.2877253954408,22.11115060182155,2392
12,14,0,195.596420750545,32.63808036111836,2385
12,15,0,193.2586786596725,22.35514162004113,2407
12,16,0,190.1279948415013,44.0576055166259,2375
12,17,0,180.8898664810973,17.23087738805587,2281
12,18,0,184.6618293021616,368.5283585271728,2084
12,19,0,125.0236017982309,11.79722964450085,1575
13,0,0,117.4406608518295,11.76729124202438,1433
13,1,0,147.8706558166325,14.29062370696816,1803
13,2,0,161.8359640968776,15.72619699884177,1994
13,3,0,184.3219977143125,18.04731733941609,2271
13,4,0,202.07123776324,240.3059119479239,2292
13,5,0,189.3270498809951,18.98329973776614,2307
13,6,0,195.7467261404452,19.40905763317599,2401
13,7,0,186.5868685415815,18.26015414566469,2289
13,8,0,189.075349820951,18.26874757676124,2332
13,9,0,195.9526893785508,35.26440820889773,2400
13,10,0,196.1342666127513,19.59932405548087,2401
13,11,0,192.0392123549239,19.12284614282136,2356
13,12,0,188.3381549353604,17.76091189737611,2382
13,13,0,193.3055098338621,18.67669492601783,2408
13,14,0,194.1842880329348,19.98220642512527,2423
13,15,0,193.7205853716386,30.15638904159838,2407
13,16,0,194.8398440081351,19.12649131813932,2435
13,17,0,181.1636071420999,17.23429640171328,2295
13,18,0,165.5695469836035,15.71816591819094,2097
13,19,0,148.5958678791363,202.842468674293,1611
14,0,0,115.1013301437849,11.44585260498239,1393
14,1,0,140.6066923955001,13.52098183054373,1739
14,2,0,166.142499481783,16.7607841186182,2000
14,3,0,189.1165001028463,18.49773977322598,2315
14,4,0,184.7834556858033,40.04609415703199,2206
14,5,0,187.7462715849501,24.80255695680683,2285
14,6,0,189.988989785085,42.75760554193981,2322
14,7,0,187.8387962166854,17.52262270404061,2356
14,8,0,192.2464767245222,49.34406843082444,2342
14,9,0,196.8255822618588,19.37222209829915,2416
14,10,0,217.497868206485,166.2823761128162,2501
14,11,0,221.7941675771014,1171.965577467794,2323
14,12,0,195.0624373940761,95.81248318488929,2341
14,13,0,197.1010751837095,19.13591316086397,2455
14,14,0,187.7939449446608,18.37026084591958,2340
14,15,0,185.6318495633428,17.88495334736398,2340
14,16,0,199.711866290039,66.34333719234775,2433
14,17,0,183.9978910577901,18.65634454003768,2298
14,18,0,183.7204647001453,171.314387142646,2159
14,19,0,135.2907229278145,135.9818433736023,1558
15,0,0,109.6117863573683,22.71729175662145,1295
15,1,0,141.5910596620523,13.61604346152541,1754
15,2,0,181.1408610574638,53.53379231889738,2110
15,3,0,177.9705400568673,16.9855013693862,2197
15,4,0,187.3735770994149,18.48984418445011,2299
15,5,0,186.3272464526491,18.04404755721129,2302
15,6,0,191.3625261195748,18.60946225735015,2389
15,7,0,183.4461432883838,17.73512394475499,2263
15,8,0,193.9951980037204,18.77228920897678,2406
15,9,0,198.2141644812302,54.45333784162102,2341
15,10,0,196.8615832937886,91.88470983546313,2319
15,11,0,186.6918802970478,17.51065661836634,2355
15,12,0,192.9251335130743,18.42698644187437,2409
15,13,0,187.2310455237301,17.80023475854843,2351
15,14,0,195.88363247069,19.24171955290959,2431
15,15,0,188.8794037090038,18.24077890352919,2378
15,16,0,186.1719448793563,17.66440928028217,2353
15,17,0,187.0773804169461,18.16739622446975,2342
15,18,0,162.5419465073409,15.20237911690113,2078
15,19,0,124.5401629915371,11.75584544321044,1582
16,0,0,106.590779844816,10.75973605665301,1287
16,1,0,141.3665200114733,14.31562652255662,1698
16,2,0,158.2900436623016,15.32755338787557,1941
16,3,0,172.198888577332,16.88098015600087,2110
16,4,0,182.0315700810166,17.77536836028941,2228
16,5,0,175.6567807695784,16.96169190401853,2183
16,6,0,181.0541627370087,16.90473743356513,2258
16,7,0,183.8581531575601,17.5436569645193,2273
16,8,0,179.3708095978239,17.43193417708021,2220
16,9,0,180.3354784382425,17.17415425032033,2245
16,10,0,184.9840612084439,18.23537881082095,2308
16,11,0,199.4719954569613,74.4840182019675,2361
16,12,0,191.1598039794839,19.15596435473443,2348
16,13,0,196.0872745239533,190.1345845697048,2256
16,14,0,185.5092786479543,18.12957704305343,2333
16,15,0,187.1717977234959,17.06795706152433,2391
16,16,0,189.8783038024312,18.38333268031768,2384
16,17,0,184.8076512974295,17.58471959676451,2351
16,18,0,183.605254167738,445.7995540793974,2079
16,19,0,121.7380396765277,11.74565578628913,1531
17,0,0,95.43916398975519,8.974319800609031,1190
17,1,0,154.0820432294142,470.1274827364376,1619
17,2,0,152.806928423453,14.76450702655475,1883
17,3,0,165.272146896401,15.85857357721953,2023
17,4,0,163.0502306743992,15.99726948687931,2014
17,5,0,168.2843149920527,16.48905695047894,2068
17,6,0,173.0989250202933,16.85777782805079,2138
17,7,0,203.5381498765475,1048.02998560539,2116
17,8,0,167.8033216661969,16.80550941024295,2090
17,9,0,176.6687631889577,17.09026312872421,2183
17,10,0,177.8296767124372,39.79807223803751,2181
17,11,0,174.7737780586798,16.62568431958732,2193
17,12,0,175.9301364602508,16.97441745615493,2205
17,13,0,194.8284822412522,258.4275064891869,2205
17,14,0,182.6831820227296,20.25346392796976,2263
17,15,0,175.633937943204,16.61484335423827,2218
17,16,0,175.842154423347,17.15848199091441,2204
17,17,0,181.2464982803606,17.66186452411855,2269
17,18,0,170.9099640056039,204.8261974499269,1965
17,19,0,125.6849927690899,12.02885880129248,1581
18,0,0,89.7895752413195,20.50113489644383,1054
18,1,0,110.6488986976116,11.45813538242898,1321
18,2,0,133.9226561423148,13.36190555157019,1617
18,3,0,138.7915072441731,23.18490558268934,1657
18,4,0,146.5795167432229,22.51178771903878,1784
18,5,0,159.0995214717688,111.4299224174176,1874
18,6,0,157.5912042992389,15.75576710938677,1924
18,7,0,158.4520220391307,15.05825905348303,1970
18,8,0,169.7621612605712,263.2021155694891,1916
18,9,0,150.5989163359623,14.63840500955293,1865
18,10,0,149.8981818017468,20.77105279929515,1830
18,11,0,149.4200703411227,14.19514644196137,1887
18,12,0,157.9293112188272,15.70894715241307,1959
18,13,0,155.1737001416274,14.80503966750723,1948
18,14,0,160.236320264738,21.23950407543779,2006
18,15,0,156.7859629382803,14.23409396005139,2007
18,16,0,158.7249583385929,15.5122571133168,1971
18,17,0,146.0634561270586,13.5763202761552,1854
18,18,0,139.4470870876502,12.79144261945591,1790
18,19,0,107.5843024405404,9.923983747678196,1379
19,0,0,69.215990201118,8.521200526093079,836
19,1,0,84.4949567548921,8.191994533525499,1036
19,2,0,94.6419413684639,8.996220725117437,1170
19,3,0,106.5143785872575,10.36473038084602,1302
19,4,0,114.3838611665331,10.86445846187527,1429
19,5,0,119.6601367416127,72.75563638787851,1376
19,6,0,111.5710243590374,10.78997444445849,1382
19,7,0,115.9578391050793,11.11843777484184,1445
19,8,0,130.0439134149333,58.64801617613518,1509
19,9,0,117.5691948975402,11.77134036529045,1440
19,10,0,120.7188583530916,11.56868510952296,1503
19,11,0,125.3379548623088,12.78174050104201,1523
19,12,0,120.1966917077221,11.36866492378438,1496
19,13,0,119.3889162674905,11.66187500599508,1495
19,14,0,123.5669218445926,17.27055340444378,1498
19,15,0,116.0999904448186,10.75856516609064,1486
19,16,0,120.3978554593098,11.34151505568116,1536
19,17,0,114.4318326854317,11.30339398546195,1429
19,18,0,105.3349820152323,33.24720843575015,1289
19,19,0,80.508893607894,24.03313126642099,972
