# mesh name: boxMesh_1
# primitive scorer name: doseScorer
# iX, iY, iZ, total(value) [MeV], total(val^2), entry
0,0,0,65.7349049780061,6.160643664297911,831
0,1,0,83.54369195061138,8.238060510662995,1030
0,2,0,95.70460792560027,8.853726545113604,1214
0,3,0,102.954698407188,9.81234407549502,1288
0,4,0,110.6578373177651,10.92912233178035,1373
0,5,0,104.4441216864318,9.858446098239234,1332
0,6,0,109.1957170912573,10.15188051742901,1397
0,7,0,115.206141283292,10.7404796985301,1466
0,8,0,111.2004589494214,10.56177738624615,1414
0,9,0,115.9044403934398,15.8416437360387,1424
0,10,0,117.9448541333345,10.88146498690773,1506
0,11,0,113.5140586358147,12.21207728530116,1446
0,12,0,117.9936646450192,11.69566897037469,1477
0,13,0,116.2399737597042,10.9962910439084,1477
0,14,0,118.16413412005,11.15261545834588,1513
0,15,0,112.4683884199424,10.70648639972504,1450
0,16,0,114.5503821039199,10.62601592175125,1480
0,17,0,113.3425817003895,10.43250664225582,1475
0,18,0,104.9699147616971,9.673945807045369,1371
0,19,0,78.19209218182736,8.275936966704245,995
1,0,0,87.03912170429655,33.00940879550522,1005
1,1,0,105.9298422522107,10.5731643935269,1287
1,2,0,126.9270540931958,21.27012730960233,1556
1,3,0,135.6356675819905,13.49541456990416,1692
1,4,0,143.5146171754731,17.05189122483285,1793
1,5,0,142.0501125272278,13.31441052034038,1793
1,6,0,159.8429980073611,270.1752826137492,1806
1,7,0,160.4175729054802,256.1374796625512,1800
1,8,0,144.6405643100139,13.54322671143907,1849
1,9,0,140.9385916560973,13.48974917198389,1824
1,10,0,154.1063484413762,14.7764473068147,1959
1,11,0,146.6934808567849,13.86564226173218,1882
1,12,0,156.7716041161121,15.01924231890305,1989
1,13,0,151.5796781957735,14.49848890201206,1945
1,14,0,155.4573512111083,43.99060671634348,1916
1,15,0,148.8072632658254,13.94763280268632,1925
1,16,0,152.8719459788965,13.88535280224267,2004
1,17,0,151.9852139606817,14.04633493207722,1961
1,18,0,143.9268942896966,13.7575372858475,1849
1,19,0,102.6064033837582,9.220464697843479,1349
2,0,0,89.97839158593482,8.776406734131466,1107
2,1,0,123.3785718827753,11.92659847879883,1534
2,2,0,143.1646039844284,13.92948630061482,1787
2,3,0,164.6324119965393,75.66494345323876,1962
2,4,0,169.7383401863279,72.45781227975411,2002
2,5,0,188.7435127407441,302.9101076254737,2174
2,6,0,164.7680379898941,15.32319901492776,2087
2,7,0,170.8029010179797,31.11427765024882,2115
2,8,0,170.4842266300437,16.12806368888076,2171
2,9,0,188.0928774374271,321.0264977185997,2138
2,10,0,172.1640685193181,18.92148455894715,2173
2,11,0,168.1449011361245,15.57363042747587,2167
2,12,0,187.3254194834665,182.9992774041385,2133
2,13,0,183.4861560379208,92.46798263278734,2217
2,14,0,169.6530046870519,15.23046756654447,2221
2,15,0,176.7034875746187,16.60061709257823,2285
2,16,0,191.8595791714929,190.0098871390586,2264
2,17,0,167.1970757004451,15.28140360271118,2186
2,18,0,156.7662154273561,15.13146038845176,2015
2,19,0,122.7969523847182,11.18500460544342,1600
3,0,0,107.4539982719763,38.26753372474627,1253
3,1,0,140.1571605943291,109.4654039924059,1639
3,2,0,171.7022985200915,408.4565318648025,1854
3,3,0,163.7329598111611,15.55559486404481,2056
3,4,0,169.0417678647907,16.24954357874719,2097
3,5,0,190.3948478783748,288.9867732902904,2192
3,6,0,180.8772148295911,39.85047964494241,2212
3,7,0,185.844447414597,17.65265507309944,2348
3,8,0,185.2218464575272,149.682182712727,2231
3,9,0,186.6216652244601,34.1602314574417,2322
3,10,0,215.0116751852954,765.215537229393,2330
3,11,0,173.8927901149046,15.93395658660544,2252
3,12,0,193.6180286291628,210.7946222364251,2290
3,13,0,208.0362967973131,547.6390593959179,2319
3,14,0,183.5460816638456,16.71544508747345,2391
3,15,0,194.6200234132046,135.602936922688,2402
3,16,0,203.3792222136629,63.11570410364686,2483
3,17,0,181.1038620509008,103.7235423015855,2283
3,18,0,162.1075164794864,14.83756309662105,2116
3,19,0,124.0798683487277,11.35704752442716,1637
4,0,0,106.55275811748,10.52143630278416,1307
4,1,0,134.1086816539704,13.70042113268734,1651
4,2,0,152.7948671304841,15.23622490438408,1893
4,3,0,163.3446225771173,15.43390647157809,2052
4,4,0,180.9064508110118,16.93113039008699,2289
4,5,0,178.6711902439448,17.12307507641597,2255
4,6,0,184.761454249249,17.25360987298911,2354
4,7,0,195.7957546528455,44.47726109478064,2413
4,8,0,210.1822747329001,229.1614431058531,2381
4,9,0,182.007393640909,17.44225971836939,2320
4,10,0,176.2434025928495,16.75121255550263,2251
4,11,0,183.7715296925554,17.10989721260946,2340
4,12,0,176.5966704229181,16.69059849406088,2238
4,13,0,183.0719900454488,16.82773538558111,2368
4,14,0,194.8132911105913,78.69348724877159,2372
4,15,0,192.6726909853526,64.86834807494294,2369
4,16,0,176.403850257725,18.02832898755488,2296
4,17,0,179.7504386116583,17.37900397061666,2291
4,18,0,158.3143531113103,15.00671234795358,2059
4,19,0,132.6108558306884,105.6892157681062,1595
5,0,0,105.4997861063147,10.39657535959802,1293
5,1,0,140.8583498255793,13.32224052740396,1775
5,2,0,163.7180102551622,15.96817575055321,2039
5,3,0,167.8110080197838,16.02444466535357,2112
5,4,0,199.3340581982585,220.810875409037,2325
5,5,0,179.6482715552391,16.95847539951185,2264
5,6,0,181.3052439092926,16.9325283887636,2310
5,7,0,182.292147103326,17.02699538350749,2310
5,8,0,186.0597133786105,16.96701943589143,2383
5,9,0,185.2050881080685,17.35136435208525,2365
5,10,0,196.9153062227403,73.0184256642649,2329
5,11,0,185.6011213484785,17.50767730358177,2359
5,12,0,195.5307192249977,36.25878915023014,2427
5,13,0,238.9208811276718,1059.622349286996,2480
5,14,0,203.4153618184546,120.5709014812078,2439
5,15,0,187.7701202321543,26.07198032000892,2373
5,16,0,195.494705595275,111.1806538577866,2385
5,17,0,178.3208360521245,16.10496985544163,2351
5,18,0,165.422512291905,15.18640055350769,2155
5,19,0,129.4011173018386,12.57439392803978,1646
6,0,0,121.1614971255572,183.1811703212811,1348
6,1,0,137.3212973185924,13.39927963734745,1707
6,2,0,155.7392837717162,14.4325067274648,1972
6,3,0,172.9309555145087,16.99848406347723,2136
6,4,0,195.1782486504227,341.915228942088,2223
6,5,0,191.3106550506726,61.13026903225297,2333
6,6,0,180.7168190923622,16.96265206233269,2317
6,7,0,177.975010967907,22.84590201563912,2241
6,8,0,193.5542163562162,18.43742533316338,2425
6,9,0,207.1250526382917,277.8340454334067,2421
6,10,0,181.2703584694123,16.45651630318735,2343
6,11,0,187.7039688988632,17.8435910756753,2372
6,12,0,209.9882387567908,779.2101723591553,2353
6,13,0,214.0840164902961,801.379389952428,2404
6,14,0,192.4661225404815,19.36329522030944,2445
6,15,0,188.8961547873643,54.32291348840704,2375
6,16,0,192.5272844201482,39.25519331509869,2397
6,17,0,191.1791097318354,17.43862347261236,2503
6,18,0,162.2813816051288,15.02188442801388,2120
6,19,0,129.5184922979726,12.0717457325601,1667
7,0,0,145.9861824767497,911.5759806290464,1347
7,1,0,148.9458172168631,82.25683720990365,1757
7,2,0,166.6121586618827,16.16770473402589,2087
7,3,0,182.293489930377,18.64311218886633,2225
7,4,0,182.6224917267,17.61562545531428,2281
7,5,0,188.0705628410642,94.29041391278479,2258
7,6,0,186.8827616338665,18.24432299208634,2341
7,7,0,190.4167117686775,18.38196770975329,2399
7,8,0,183.2421411023663,17.73967737948572,2299
7,9,0,203.1795653384856,227.442134518435,2357
7,10,0,181.7324374555878,16.961945109032,2340
7,11,0,180.1227525271734,16.71493872032792,2300
7,12,0,185.9315500867326,23.6026421631992,2374
7,13,0,186.0640426259333,17.28280870362887,2387
7,14,0,188.157563897507,18.13575479611296,2389
7,15,0,187.8597984128289,17.34739760897414,2448
7,16,0,188.4578056971041,20.06360065499374,2411
7,17,0,193.1343973256584,133.6267578760829,2304
7,18,0,177.6709530919841,221.4553045983886,2122
7,19,0,124.8985618752701,11.333003366757,1634
8,0,0,100.8934703435224,10.64004197968212,1257
8,1,0,142.9264557041849,18.69965942851869,1721
8,2,0,164.7705351287753,16.44034203893245,2056
8,3,0,186.3390413114042,18.52306364725852,2323
8,4,0,177.3558105061806,17.01200309311503,2224
8,5,0,177.2906773869286,17.10624553800678,2227
8,6,0,184.7858433349426,18.16054878741281,2311
8,7,0,253.0376414946688,1692.05063335244,2403
8,8,0,180.5375866204391,16.329035558101,2336
8,9,0,188.6771579988663,18.27284295525804,2376
8,10,0,192.7152045152876,18.65218304314027,2440
8,11,0,187.8357996053685,89.08710216236103,2279
8,12,0,180.5957129209979,17.90798276191571,2286
8,13,0,191.0859267240583,77.32337142621395,2418
8,14,0,185.3479958837974,17.08756069089524,2411
8,15,0,188.190591547346,17.39656756428669,2441
8,16,0,178.0269390590194,16.40843227744521,2321
8,17,0,183.9288361974187,25.35405462932894,2307
8,18,0,164.6361098980723,16.09730015788596,2112
8,19,0,128.7069855144615,12.14965122251423,1650
9,0,0,104.7245640121527,10.15440168248701,1311
9,1,0,139.7547882360593,16.61641858381924,1727
9,2,0,161.3353768830724,16.10336131541756,1972
9,3,0,174.3143953709437,16.31889464072121,2212
9,4,0,175.4519937136139,16.31339717683553,2212
9,5,0,189.1994882632964,18.03632648255457,2366
9,6,0,192.3742807341416,208.2845565597861,2266
9,7,0,180.5667002335499,16.71922287103638,2293
9,8,0,190.9344513810049,18.80823162138634,2360
9,9,0,192.4555263971536,21.48183187018482,2435
9,10,0,186.4602083444778,17.45364302174807,2368
9,11,0,187.9443938442318,52.01262531953476,2310
9,12,0,193.8200619694086,17.87706683898285,2479
9,13,0,184.4919766497029,17.339655323674,2379
9,14,0,189.2479831475009,21.0793334263222,2419
9,15,0,182.3410438819608,16.83149921527579,2368
9,16,0,190.7757276529595,23.71609155268335,2448
9,17,0,186.8188539369583,19.43903540115063,2405
9,18,0,169.3566289901472,15.8304469004163,2190
9,19,0,125.1964206438131,17.83687310169923,1607
10,0,0,112.2653316019659,14.02814639063424,1372
10,1,0,137.6671772915085,12.86416447101093,1729
10,2,0,158.78638937803,17.40731701229431,1984
10,3,0,176.6904384984509,89.24242296622201,2098
10,4,0,183.9489712704784,55.99815066274621,2205
10,5,0,182.296763616011,16.91852167603784,2334
10,6,0,194.4379073762881,70.73347529119481,2357
10,7,0,189.6988907640337,18.39630457316078,2404
10,8,0,183.6460996360872,17.29070235648341,2347
10,9,0,192.4652022569283,31.36903921609304,2394
10,10,0,194.539075197878,19.05641933726546,2443
10,11,0,194.826695706095,18.96513695163253,2444
10,12,0,189.1753100567152,49.39502021029878,2351
10,13,0,209.2125298356188,524.4574541722247,2402
10,14,0,190.0228597517904,50.27843712439847,2306
10,15,0,185.7119544460822,16.8480161926898,2421
10,16,0,189.3447104903982,17.15357358704839,2486
10,17,0,187.5442752536664,18.07938697817426,2391
10,18,0,165.1746806726783,15.34812951042969,2120
10,19,0,121.9427103990708,11.33146787086168,1581
11,0,0,104.7247869004765,10.41891784068697,1284
11,1,0,143.4446973143148,89.71601087214427,1662
11,2,0,156.9474902368354,18.70910810165869,1957
11,3,0,175.081783682941,17.3405668685475,2164
11,4,0,181.9281136986731,23.99337535350383,2240
11,5,0,206.8358800483435,361.7417442451712,2260
11,6,0,200.0291145896476,192.5650258832052,2278
11,7,0,192.5009409788907,59.96124191696519,2352
11,8,0,186.4930134706094,17.66082716246423,2355
11,9,0,186.5086700488895,22.46238933598585,2337
11,10,0,187.040446051103,19.006219734526,2324
11,11,0,202.931505238464,450.5799872167125,2334
11,12,0,183.4823688699091,17.49529532355876,2341
11,13,0,181.9255029694419,17.36235758992682,2329
11,14,0,190.5184372733514,18.17326488776721,2467
11,15,0,195.1370032176446,80.40034838006576,2427
11,16,0,195.3271171183216,56.83791043409659,2449
11,17,0,183.1493096946935,16.70603775740777,2390
11,18,0,159.4097075476747,14.72994417356545,2085
11,19,0,132.4879894560939,12.60975524667278,1716
12,0,0,100.3693791361135,23.39857282653402,1214
12,1,0,139.6113761457411,19.43199128739723,1739
12,2,0,168.2904542191058,191.2964260053978,1884
12,3,0,171.6353321675981,16.15833259633668,2172
12,4,0,178.4508165169469,16.77149661534545,2270
12,5,0,186.8940084940666,17.22164845141472,2381
12,6,0,181.1938269980155,22.0561722435178,2251
12,7,0,187.8292284081467,19.37863745266572,2349
12,8,0,190.030956203167,46.47062168505599,2345
12,9,0,206.977084789615,567.0357487498471,2344
12,10,0,192.540153553158,56.03478571531035,2399
12,11,0,183.8361464622205,20.55367352345165,2388
12,12,0,185.409485331421,18.16158712365444,2351
12,13,0,190.2877816216612,18.24803304938193,2426
12,14,0,191.380170927691,17.65851400505015,2480
12,15,0,185.8465421894141,17.44971812181722,2400
12,16,0,203.0366399660342,268.2396337179826,2381
12,17,0,183.9060628534129,17.53000708575843,2366
12,18,0,161.5637760456893,14.66184969768668,2101
12,19,0,147.2439811177792,633.3448359783014,1605
13,0,0,109.452548062517,10.74215891210693,1364
13,1,0,147.9754380585715,127.1189801737146,1696
13,2,0,158.1685779839831,18.85664473360787,1948
13,3,0,171.1727618167961,16.46992916358877,2148
13,4,0,178.0899028050396,18.733573824408,2210
13,5,0,200.0275644728724,371.8528598384012,2292
13,6,0,184.0006692704879,24.41197650097401,2290
13,7,0,183.4262037631716,27.40770230046166,2300
13,8,0,183.1794813184032,17.33713276445116,2319
13,9,0,190.5956605620045,17.7633659310039,2446
13,10,0,189.0011648179047,17.53434100804663,2425
13,11,0,188.7367227910069,17.85944999971461,2392
13,12,0,186.5161690102658,17.14877462149,2397
13,13,0,184.9212589704664,17.26685172638627,2381
13,14,0,184.509422054488,17.40297470982001,2375
13,15,0,192.3636133063014,19.17531501665304,2437
13,16,0,185.8519483237624,17.58213483032066,2390
13,17,0,175.7643948303095,16.51569345493826,2281
13,18,0,162.483561052719,14.88893131797174,2128
13,19,0,136.5530188268049,125.2141030239099,1608
14,0,0,102.5960097056511,9.642954578525924,1287
14,1,0,138.9921248554174,13.58837497878487,1730
14,2,0,172.2382132368438,122.1616464085358,1997
14,3,0,173.3576953152151,27.74350406041026,2130
14,4,0,172.5227216052927,16.12989515397662,2181
14,5,0,194.4742405558521,113.9940712279467,2333
14,6,0,179.4916496459422,17.06997470853601,2253
14,7,0,196.8426034246648,284.7765916210587,2271
14,8,0,192.7839238487387,86.25792932786636,2343
14,9,0,184.2107068023221,17.35286667358843,2357
14,10,0,190.4336832042463,55.68439136824055,2373
14,11,0,184.0892431280458,17.49969242744756,2333
14,12,0,201.3355671088631,264.1374857422773,2382
14,13,0,193.4045810817219,48.54412615461995,2412
14,14,0,184.7338170589879,17.1078794552283,2388
14,15,0,185.333999215773,17.87765027867699,2375
14,16,0,185.8203709037593,36.97372820265321,2354
14,17,0,170.4625810572567,15.43869511962153,2246
14,18,0,158.0719245444488,13.89612989378188,2100
14,19,0,123.284470666862,11.54856861455471,1616
15,0,0,101.6804591570088,9.494404474941154,1268
15,1,0,156.0327680448878,501.9767283005199,1654
15,2,0,160.6797746928218,15.60259889154949,1992
15,3,0,167.3133512855307,24.71398739168387,2065
15,4,0,179.9155330895366,17.27519441630475,2233
15,5,0,171.3352575797773,16.17238546993438,2159
15,6,0,187.0887371765573,33.94564624995856,2292
15,7,0,182.3994830434278,17.70293952738633,2290
15,8,0,181.3152947778449,16.73861169532734,2322
15,9,0,193.2338562948311,142.7930977163525,2278
15,10,0,180.008415236153,17.19638828922855,2305
15,11,0,215.4179305355498,1115.143853934525,2346
15,12,0,185.4108942565472,17.95864611746131,2354
15,13,0,183.2288696660664,40.33568173302901,2314
15,14,0,201.3099860691183,204.6927336720848,2402
15,15,0,188.3046442643165,18.85257374610492,2431
15,16,0,187.1507472131632,17.94975172274874,2403
15,17,0,182.0489949939971,17.36681321237737,2327
15,18,0,182.6569969973852,279.9721825860343,2127
15,19,0,133.7930953604475,59.27824878354807,1651
16,0,0,112.0879562227934,236.651768005162,1243
16,1,0,134.942747643546,16.65941841954946,1639
16,2,0,150.6414300702279,14.4090683285969,1888
16,3,0,171.7589398743724,26.85045660756779,2118
16,4,0,169.0023155392426,16.83075659984449,2079
16,5,0,180.8920809407142,17.99068324426157,2224
16,6,0,175.5940150716324,16.42373637159166,2235
16,7,0,184.5341150598013,17.98038848614574,2301
16,8,0,176.826531442362,16.89234252103186,2227
16,9,0,177.6200156125772,17.36492839491839,2249
16,10,0,176.4511413200853,16.59598216861625,2261
16,11,0,192.784903797512,52.27875728894239,2384
16,12,0,173.9828626897816,16.6753792555702,2221
16,13,0,185.8214985298246,18.78769273363541,2324
16,14,0,177.1722593468572,16.63506912834855,2286
16,15,0,183.9827956845635,22.54689780061787,2324
16,16,0,184.388354049077,18.03804246045123,2344
16,17,0,193.1851434790075,294.5808416970991,2284
16,18,0,165.5966149661138,15.74584066741554,2125
16,19,0,121.1195214354797,10.62665388446436,1606
17,0,0,94.11332544022765,9.298396719348307,1146
17,1,0,118.6237630438285,10.92001364383897,1486
17,2,0,147.4503097899428,14.3290889411089,1831
17,3,0,156.9148509372735,15.38227117070081,1961
17,4,0,163.0370337340459,32.47529013305279,1956
17,5,0,168.4979165364272,16.3617274234414,2100
17,6,0,160.3914621444165,14.90261045504629,2059
17,7,0,167.1844745527205,15.61119771405986,2115
17,8,0,167.1479082519318,16.10396273791164,2101
17,9,0,165.0051883777741,15.22489235659223,2116
17,10,0,173.6326736283009,18.86389511086848,2160
17,11,0,175.2317485238326,22.35976688739494,2224
17,12,0,166.2586859881258,15.79625326611894,2131
17,13,0,175.773828067459,16.99813784471108,2232
17,14,0,167.3661580007936,15.56134308545223,2173
17,15,0,175.2240746511603,16.17700224913364,2235
17,16,0,182.8590666752676,58.87433270317798,2267
17,17,0,177.2619819151771,65.63903971972701,2199
17,18,0,160.0884666621501,15.0861183018846,2057
17,19,0,115.6755488631179,10.8814995492983,1494
18,0,0,83.97512996714488,8.234445445266037,1029
18,1,0,104.3645648693504,10.17874302001858,1288
18,2,0,155.1223930346528,887.9984594070155,1539
18,3,0,134.7433657444232,13.31586521690103,1649
18,4,0,144.1043884762215,30.05155612656527,1753
18,5,0,152.7983325316065,90.02961750995235,1809
18,6,0,145.9082660444711,14.8733091205284,1796
18,7,0,141.1074897655016,12.77722176105721,1806
18,8,0,147.078479319252,13.83167348632074,1874
18,9,0,148.4100880520782,14.58928584862503,1868
18,10,0,174.436508215631,410.3567769937647,1890
18,11,0,149.2170947462899,16.95212122350232,1858
18,12,0,146.9548844202965,14.04219074258333,1862
18,13,0,158.2027482018838,98.22095128954065,1916
18,14,0,192.4969330389005,442.9286479651373,2077
18,15,0,155.2765834921092,14.12036767601734,2035
18,16,0,161.7450455090781,15.96929598388216,2046
18,17,0,150.3759530341273,14.09879075612076,1945
18,18,0,137.5234706139732,12.72209405141852,1788
18,19,0,103.3791208278783,12.28616564559571,1334
19,0,0,64.29020509477064,5.944776982995254,809
19,1,0,84.06631829729567,7.585083730950551,1072
19,2,0,89.9758112686051,8.419826770286916,1144
19,3,0,113.6373198868641,56.32279604383236,1322
19,4,0,112.1837072450165,41.70459265123849,1355
19,5,0,107.016683019588,10.21454779911668,1354
19,6,0,110.3082939322795,10.5565998766855,1393
19,7,0,110.7532206146557,11.0713488332604,1371
19,8,0,115.5821611542108,10.81664592907096,1471
19,9,0,111.4853245046598,10.57305324581578,1402
19,10,0,111.7966509031124,12.31959452514568,1429
19,11,0,125.883848545091,158.0647502582808,1437
19,12,0,107.709864934969,9.908224524618479,1401
19,13,0,111.2297219489894,10.46706062975291,1421
19,14,0,116.3186022446164,11.2305003680765,1490
19,15,0,119.6900062907065,11.58714601596809,1525
19,16,0,110.220448227852,10.07728681625006,1435
19,17,0,112.1766426174246,12.25548895684407,1462
19,18,0,103.8612058346342,9.938814089678788,1338
19,19,0,81.7095313285334,17.02779080703628,1007
