# mesh name: boxMesh_1
# primitive scorer name: doseScorer
# iX, iY, iZ, total(value) [MeV], total(val^2), entry
0,0,0,67.58171105429791,6.343637718714879,862
0,1,0,88.70064766362209,8.368969892355205,1143
0,2,0,99.24971244698044,9.324089133156491,1274
0,3,0,109.9418627569281,10.43285203768066,1418
0,4,0,111.8786057450905,11.16595269592666,1399
0,5,0,114.447196860929,10.84640439403227,1450
0,6,0,113.4909541079038,14.03160747779759,1426
0,7,0,113.4054872605134,12.84479316757922,1423
0,8,0,119.5739625407427,30.97285849691287,1481
0,9,0,114.8758699195018,10.45268937723736,1485
0,10,0,119.7283556781631,10.97529162902985,1546
0,11,0,107.850745413494,9.93158391453362,1397
0,12,0,112.3245654511974,10.45749560253372,1448
0,13,0,129.9810220243964,273.8757549731992,1475
0,14,0,115.0414335212619,11.32475602529858,1463
0,15,0,115.1189299134987,11.08114582815658,1478
0,16,0,111.3229006269477,10.01670030000731,1450
0,17,0,105.61552053857,10.21691610530412,1343
0,18,0,98.61637314915471,9.279831759826255,1269
0,19,0,72.24534214418649,6.47108007146264,943
1,0,0,90.03124827952776,8.492692229818475,1154
1,1,0,119.5272921626222,11.58324026146935,1511
1,2,0,133.4176211751594,12.74012989710647,1695
1,3,0,152.4925498117348,53.38249799064085,1874
1,4,0,161.0368729649473,105.7187890698015,1867
1,5,0,146.5758542636688,14.82251918480688,1864
1,6,0,166.4583916195852,83.48840718596817,1952
1,7,0,149.8596189872061,14.07920189810421,1905
1,8,0,155.8933065942397,15.38133403306907,1961
1,9,0,148.8127294697386,13.87238895880889,1910
1,10,0,150.9091131370935,14.15051958592322,1950
1,11,0,152.3495191218282,14.88238148444043,1917
1,12,0,148.1888533850514,14.43409460208199,1896
1,13,0,156.0520015128557,41.00377100875576,1924
1,14,0,148.7116654386361,13.74582808467197,1915
1,15,0,152.7496085325623,14.64908041039767,1940
1,16,0,151.6973661365787,17.95491788347623,1934
1,17,0,144.93094248175,14.39348012071937,1834
1,18,0,131.3927914606039,12.09137970751098,1713
1,19,0,104.2977185592637,238.8578276464135,1145
2,0,0,102.4134995997337,9.727235249517236,1307
2,1,0,130.8612690467878,12.30317300696785,1672
2,2,0,154.4324898512503,15.2144875882912,1942
2,3,0,171.4335241153435,16.64955345016208,2149
2,4,0,169.3772906568656,16.11458681868568,2146
2,5,0,173.2300132207398,16.39950661802914,2212
2,6,0,192.7570831261554,212.2970596461294,2288
2,7,0,176.2331093780938,16.91580131024248,2238
2,8,0,178.282698890675,17.92219337185256,2230
2,9,0,169.3796400188446,15.91684387291742,2176
2,10,0,178.9144709186389,23.11971633461194,2263
2,11,0,180.3186066726603,17.63575357125639,2280
2,12,0,172.6687938153426,16.22144848012006,2218
2,13,0,191.8923946718579,278.6700058186066,2243
2,14,0,165.8580853457089,15.08107332192436,2155
2,15,0,172.1385108850311,16.31702099562493,2201
2,16,0,174.9733733189751,16.5675464265162,2246
2,17,0,167.4644257398555,94.20369667208551,2068
2,18,0,141.9500270276675,13.83946166920626,1800
2,19,0,109.1108426353879,9.976958903562116,1418
3,0,0,115.9084034132497,59.08124358033933,1412
3,1,0,150.0048936882183,64.76356820605203,1797
3,2,0,169.9343044298899,38.69103437210321,2078
3,3,0,180.9302521116198,78.39943491702432,2264
3,4,0,185.158880556851,29.91044577089212,2304
3,5,0,180.8410694590684,17.76504592519887,2272
3,6,0,184.1510158364555,17.50014571891633,2328
3,7,0,180.5984307661672,16.30687726697904,2351
3,8,0,197.1355559480808,82.74241243357217,2395
3,9,0,187.9234685919397,46.74859978085183,2318
3,10,0,192.1543622145458,19.84838257585982,2434
3,11,0,185.3604744240847,48.08878612308352,2318
3,12,0,188.5340369912173,81.66771459814026,2333
3,13,0,186.4648118438516,29.59723143107637,2357
3,14,0,185.6310839155952,33.63712069524811,2351
3,15,0,185.6816950910762,17.68122057714728,2361
3,16,0,185.3311204089419,17.64578565348455,2374
3,17,0,187.3199498757492,398.2282472048269,2194
3,18,0,149.1907339197533,13.61941889112995,1938
3,19,0,113.8120825130872,10.3494680943603,1490
4,0,0,110.9074080508761,10.42192587580212,1436
4,1,0,144.4606920838166,13.77368915250643,1852
4,2,0,170.8572551845472,22.67355525003801,2121
4,3,0,171.1451828797968,16.34764153749451,2178
4,4,0,184.0051858955225,16.90570589767664,2373
4,5,0,180.7659939637225,17.49694646749072,2271
4,6,0,185.8576688163191,17.20926257902155,2385
4,7,0,190.3045775283792,18.97841509362041,2428
4,8,0,186.315761271162,17.23243439835926,2403
4,9,0,188.3269518261636,17.61541650448462,2430
4,10,0,190.5333443444096,17.93082378540978,2442
4,11,0,183.5725662716478,18.33768285478571,2317
4,12,0,175.5201444124679,17.09606959333483,2269
4,13,0,180.1644479709845,16.86864862347951,2291
4,14,0,174.9579070471423,16.51058668637825,2272
4,15,0,189.6280736518559,81.73488043044864,2323
4,16,0,180.0659912903986,17.45661038323322,2316
4,17,0,171.4889384037734,16.75713766672723,2192
4,18,0,163.900672287149,98.72493215753914,1999
4,19,0,107.8838918988547,9.889432151091887,1423
5,0,0,114.5162493293027,10.87579077860601,1459
5,1,0,164.6259189102482,165.0606829092944,1896
5,2,0,180.3581904601416,52.22370706050364,2206
5,3,0,179.2679662796277,17.49801665510227,2237
5,4,0,191.0910090686814,192.8579626625716,2259
5,5,0,203.6809285414511,252.0518179953608,2379
5,6,0,182.2006033059328,16.68942231422794,2337
5,7,0,211.8679461028442,482.4082572826914,2309
5,8,0,180.4743760341303,16.93822211732322,2319
5,9,0,183.5886783074455,16.82215405661588,2372
5,10,0,178.5994463466457,17.13510691905601,2276
5,11,0,189.0978231765166,33.04568335266455,2370
5,12,0,195.6483251006782,32.93047666025642,2486
5,13,0,197.86158197387,193.7382254515729,2402
5,14,0,183.4046144074102,16.71506390030329,2388
5,15,0,187.2148079400878,17.78802542244361,2408
5,16,0,185.3830734472328,17.04486166730954,2421
5,17,0,174.2691292870053,20.85173407648443,2200
5,18,0,168.2085989308586,38.92856670726328,2058
5,19,0,114.5308159993063,10.46607897070638,1489
6,0,0,114.5835775533418,11.3462507225963,1452
6,1,0,146.6057623755416,13.89886265916561,1860
6,2,0,168.7969077843911,15.91328710754711,2156
6,3,0,183.7554482428239,36.26815961884068,2324
6,4,0,188.4953968494919,18.03110607618626,2397
6,5,0,186.9510738282047,17.53395212271023,2387
6,6,0,188.7872539526963,20.0426372286267,2385
6,7,0,183.967531491791,17.07881368672453,2363
6,8,0,188.4260290108858,30.66140843426644,2394
6,9,0,192.5963417001016,42.6025530855055,2394
6,10,0,174.5611731384619,15.84348685383394,2282
6,11,0,180.6726081756969,16.69040790884498,2335
6,12,0,187.4288854676097,18.36759614008193,2370
6,13,0,193.6805382505031,18.40232210098734,2469
6,14,0,188.4052854938665,17.74301439507084,2391
6,15,0,184.4507865924368,17.14438325860323,2375
6,16,0,194.5164894756046,214.2099712384347,2346
6,17,0,194.3665142593679,269.1164746836744,2307
6,18,0,157.7934473225457,16.22182480330598,2007
6,19,0,122.3143968086847,11.79552234263461,1561
7,0,0,111.9417810715678,10.90546022148047,1401
7,1,0,148.2005091767307,39.24485518213082,1829
7,2,0,169.6590649843945,15.81322699395176,2179
7,3,0,181.5850603567264,17.05726627236418,2336
7,4,0,192.5895038782982,18.10924091495506,2449
7,5,0,180.713855956027,16.8609163016218,2319
7,6,0,192.3360279350027,50.84641283218161,2357
7,7,0,212.831097635095,552.4732302245097,2382
7,8,0,198.080523843201,68.5238701707876,2415
7,9,0,192.3296507236484,18.07700154373374,2465
7,10,0,186.9908271242448,17.56319819791086,2403
7,11,0,208.5237277256766,365.096696066788,2423
7,12,0,185.5361935595273,17.45866359664817,2370
7,13,0,185.4289857045525,17.89504057265789,2355
7,14,0,183.3716550254773,16.611587199123,2381
7,15,0,181.512208751075,16.91134524610595,2347
7,16,0,190.2558984945333,18.06538715945372,2453
7,17,0,186.2852294000155,140.284576924913,2252
7,18,0,146.5288264843904,13.53859080364846,1901
7,19,0,121.1158071887009,22.93671436468825,1517
8,0,0,113.1300759928898,10.54700017645739,1453
8,1,0,144.6660539264726,13.47394777311553,1851
8,2,0,161.7035957696554,14.3743633342309,2107
8,3,0,185.536916116484,17.60279134362413,2331
8,4,0,181.6057629375958,26.05461575489643,2267
8,5,0,185.3962049555497,17.85259200138892,2354
8,6,0,189.3898719401919,34.51774674589776,2328
8,7,0,183.194766393469,16.96853616892252,2368
8,8,0,184.2738356492559,17.55791514799282,2352
8,9,0,184.4156484278124,17.16750109921705,2380
8,10,0,188.3106950384478,17.48537249164399,2431
8,11,0,187.5274205103888,61.22433674597182,2321
8,12,0,178.061162550054,16.54663945557636,2293
8,13,0,193.0532013025614,64.81328182587436,2406
8,14,0,182.7393296945893,16.96679015791606,2366
8,15,0,188.712050655233,17.53056843781405,2430
8,16,0,176.2944991188927,16.38138188349787,2271
8,17,0,170.3708064559931,15.93908752083968,2190
8,18,0,152.4957355046832,15.07809195598988,1927
8,19,0,122.4431569916547,14.66399386473671,1572
9,0,0,118.3982877985886,12.22026084115537,1478
9,1,0,146.2556171894064,14.23679623107663,1843
9,2,0,167.0903145493583,15.7668260591896,2139
9,3,0,194.6642446157823,47.45788458671107,2433
9,4,0,188.3966534395865,18.49237198375275,2364
9,5,0,187.5733185473774,17.77231361007764,2390
9,6,0,184.6857812090315,16.95766578143686,2373
9,7,0,181.7361546946561,17.03243255291886,2347
9,8,0,180.6447052292808,17.01426276965691,2312
9,9,0,184.6270563380963,17.52235197615931,2364
9,10,0,181.9331874929424,17.12577846327028,2331
9,11,0,196.4195717404109,25.07669868781598,2447
9,12,0,195.8913740393993,149.2866332749082,2375
9,13,0,187.9786740384772,17.26827355682146,2453
9,14,0,183.1011073953391,16.874420346656,2356
9,15,0,180.9470434667532,16.74668432098539,2338
9,16,0,186.5130817937338,22.26904629478649,2398
9,17,0,187.9902813702226,50.51539364541468,2345
9,18,0,164.3802623818371,97.54322941044153,1955
9,19,0,119.3692676629497,26.25529235596674,1482
10,0,0,119.0639214402727,20.56897556444568,1461
10,1,0,158.6453002843954,154.594719472883,1906
10,2,0,173.6985323160177,16.628186291566,2208
10,3,0,180.7440105981828,17.44241387921117,2280
10,4,0,184.4021250509921,33.6559358877914,2325
10,5,0,187.8772878591486,17.96391582816445,2403
10,6,0,190.926932802468,18.13168068497749,2422
10,7,0,188.025785959673,17.5815865002762,2405
10,8,0,187.2087858250506,17.81064965239605,2379
10,9,0,187.6280355556631,17.68603804677783,2388
10,10,0,184.7694162548688,17.57078286990269,2372
10,11,0,194.1489170915956,22.62683256052546,2469
10,12,0,182.3028660953829,16.72972082361284,2348
10,13,0,185.7592751406002,17.78051349005021,2385
10,14,0,188.9487323523316,18.15785341749213,2423
10,15,0,183.1331654567994,16.61477576373723,2401
10,16,0,183.5946140611477,17.07921525394771,2371
10,17,0,182.4828074889385,17.64196305827685,2315
10,18,0,151.6868994857559,14.13445848688906,1946
10,19,0,122.6784397029507,40.38695553364226,1507
11,0,0,116.7955559283234,106.6339657341424,1349
11,1,0,144.4029421530887,32.83949859381855,1811
11,2,0,178.6385110033079,78.86601285516709,2218
11,3,0,190.272607919267,41.19025178109563,2359
11,4,0,186.6422906730403,17.90146876144637,2370
11,5,0,185.5309986682706,16.96575624313823,2395
11,6,0,192.2159491001629,18.7906107719947,2393
11,7,0,188.7650699032365,18.34691513008607,2396
11,8,0,207.3535751479024,315.8560071130002,2390
11,9,0,186.5578643597521,18.05726576038913,2378
11,10,0,200.0306173069237,71.36852487213349,2455
11,11,0,188.7954787133215,18.06964343108613,2398
11,12,0,183.6906094224018,17.02567955516594,2396
11,13,0,188.7040120008995,17.60077824563114,2429
11,14,0,192.6304267888164,18.11783790237784,2445
11,15,0,193.118269002142,41.55414458346367,2421
11,16,0,188.708474711134,17.96006585215515,2432
11,17,0,175.8203928144185,16.50721221623247,2256
11,18,0,158.9264832327897,15.47240749727579,1999
11,19,0,119.0545312891789,11.11344601651883,1540
12,0,0,108.7223809185916,24.97705227550221,1355
12,1,0,139.5409621894716,16.82068240005133,1749
12,2,0,167.6117877096791,15.9758951580531,2132
12,3,0,183.2314850299642,16.74644382043622,2373
12,4,0,176.7006681905651,16.8668198805777,2245
12,5,0,186.1930305573969,17.46759837022961,2362
12,6,0,178.9794288333562,16.13536419848696,2329
12,7,0,196.1800018764056,147.5198852144143,2336
12,8,0,186.6478548346306,18.50391631951277,2362
12,9,0,179.3928736881029,18.48707316357031,2296
12,10,0,184.1128528757949,17.21778149640662,2370
12,11,0,186.8949926945052,17.33255033545608,2409
12,12,0,183.7587464125613,17.29081606281578,2371
12,13,0,181.6087965788823,17.25122536598732,2330
12,14,0,189.1624876796541,18.00841512982154,2401
12,15,0,208.8282426229441,360.0178324079236,2410
12,16,0,180.8564012175672,17.28163011658756,2323
12,17,0,180.0290209402586,17.46320838980087,2284
12,18,0,154.7933878441753,14.67409821228316,1990
12,19,0,113.8930629577645,10.78127291386086,1488
13,0,0,111.5432295503498,10.28388343906122,1443
13,1,0,147.0088328617656,13.66887941613716,1886
13,2,0,164.1420385305653,15.47505877799251,2102
13,3,0,188.8600867247688,113.4805492507006,2250
13,4,0,181.8405302114593,19.82385877375486,2272
13,5,0,190.6342154086782,88.95571426517893,2282
13,6,0,184.0117751988554,51.34930294924752,2281
13,7,0,187.0331830209169,50.14970833190263,2352
13,8,0,204.1743596799751,277.2612631790556,2354
13,9,0,198.1984298732464,57.87593187179353,2475
13,10,0,189.7855816264376,18.16276784334444,2413
13,11,0,191.1267541919103,18.00549728623756,2446
13,12,0,187.5412330724656,16.69437042369681,2466
13,13,0,191.5111418541539,40.76877666767445,2416
13,14,0,181.7134556490422,16.60157930574321,2356
13,15,0,198.3721299318306,106.9763260187824,2427
13,16,0,188.1361588181423,21.51635825453917,2387
13,17,0,164.6165473255583,14.83810872362809,2147
13,18,0,152.7959863974545,14.057693616407,1994
13,19,0,120.2485914894827,11.48695937323896,1551
14,0,0,120.9397549662681,22.62052400921179,1464
14,1,0,146.9653863761157,35.44248374147091,1812
14,2,0,196.2622471481294,412.1438535215404,2103
14,3,0,181.8704187674471,24.70839714856166,2298
14,4,0,186.1033793754533,17.66426933092289,2369
14,5,0,192.7421323476928,30.21698996702357,2397
14,6,0,184.7307358384351,29.26836782401605,2306
14,7,0,194.5229474280357,82.96949995338464,2388
14,8,0,194.5918858336609,52.7356708971893,2399
14,9,0,195.107414401535,19.20578496760744,2452
14,10,0,189.7045486265217,18.03948095922751,2413
14,11,0,183.9755042869957,18.64123213997824,2327
14,12,0,179.251548668962,16.55614911696993,2322
14,13,0,182.4390974224065,16.96473213415447,2367
14,14,0,196.4434719229885,116.6981599133151,2403
14,15,0,184.8013546004578,17.70143296251432,2363
14,16,0,181.392850100836,90.91495243173094,2264
14,17,0,171.7003144416975,15.35833798706765,2261
14,18,0,156.7794258035399,14.44388102474338,2030
14,19,0,117.5754723158233,11.20683605404931,1501
15,0,0,109.704486111357,10.55180007541394,1387
15,1,0,141.9357221818519,12.78249178871429,1843
15,2,0,165.5132031701772,15.37489049583851,2128
15,3,0,183.4070140487022,17.36118495091409,2311
15,4,0,179.1066634937894,27.30407031550079,2212
15,5,0,185.5308904596262,17.24865324898531,2383
15,6,0,182.739419136912,17.46502189630554,2315
15,7,0,185.9308475625771,20.87292092311626,2349
15,8,0,178.8790053600476,16.40869963545574,2312
15,9,0,183.5750164264973,17.186548762688,2343
15,10,0,176.7335695993356,20.21772778647798,2247
15,11,0,185.739490104126,17.01701944141569,2412
15,12,0,194.196098152763,23.20911371379528,2455
15,13,0,191.165420031761,29.49907199319471,2399
15,14,0,189.298604884827,69.93958752511212,2338
15,15,0,182.6222167097021,16.67622771253242,2361
15,16,0,187.0314650069143,29.17257540413206,2377
15,17,0,176.411024927501,48.68471173716239,2221
15,18,0,169.3538363911246,158.267733163018,2011
15,19,0,114.8832937016443,10.60228291169904,1483
16,0,0,111.6340371566351,14.90764355354505,1394
16,1,0,139.9700812781599,12.96844228797687,1806
16,2,0,156.7438927009464,14.37874623063187,2005
16,3,0,176.3305211352408,16.71322920916827,2236
16,4,0,180.7501101217097,17.56457198590423,2303
16,5,0,178.7309763291573,16.3591992155844,2294
16,6,0,174.6630819385481,16.04013628356782,2253
16,7,0,185.7134569076671,17.63542238340746,2374
16,8,0,181.9236110495353,59.12632544124632,2267
16,9,0,186.0336499977592,58.16410529247027,2274
16,10,0,185.6923866552181,167.8477791218817,2235
16,11,0,178.1377158707226,16.50209624677572,2299
16,12,0,195.1825556095876,93.0261719397996,2331
16,13,0,182.3180640073489,17.41697136051745,2341
16,14,0,186.0510287499627,35.46735981732827,2378
16,15,0,191.8064379065587,35.75394992338874,2429
16,16,0,180.3942162190685,16.91579131949277,2321
16,17,0,175.2455389841193,20.6555724365559,2205
16,18,0,171.0421537108152,468.6904981909445,1943
16,19,0,116.4532674884165,61.32057521266326,1412
17,0,0,108.0258208791758,19.64372683689841,1324
17,1,0,140.9622016634714,13.99030417297702,1744
17,2,0,160.3262453258337,15.61037044085356,2016
17,3,0,173.0698640098786,37.45893750658578,2140
17,4,0,171.7413697054755,18.5730322725051,2139
17,5,0,162.37295379422,15.19820369346063,2084
17,6,0,177.7572599880615,16.99235673293717,2266
17,7,0,171.5953163581825,28.69531573801513,2161
17,8,0,172.9492883658248,53.63941597273497,2139
17,9,0,166.8073318738153,15.90536532212576,2118
17,10,0,171.9374883455985,33.88237694966229,2177
17,11,0,203.7458125151762,425.0818122422123,2298
17,12,0,172.7479500088123,16.22339182873357,2218
17,13,0,172.4337867103843,17.08538810898575,2193
17,14,0,166.5362725658949,15.6493092919038,2152
17,15,0,180.8470385508228,205.2920458929245,2145
17,16,0,167.8381816804059,15.69138840784709,2175
17,17,0,173.3135829486475,145.3826659463826,2092
17,18,0,167.0890128858394,546.8885993706724,1823
17,19,0,113.5047464461095,11.09049492427199,1442
18,0,0,88.7063454493623,10.94975127598637,1081
18,1,0,121.7109746496966,11.35277294777226,1547
18,2,0,132.6725606545779,12.09621047001309,1720
18,3,0,141.2995093569313,13.07414322295919,1812
18,4,0,146.5225798651156,13.7737514786278,1868
18,5,0,168.7646171160883,224.8967066337356,1924
18,6,0,150.801067681198,16.35916865729549,1904
18,7,0,160.080731248203,105.9817490610621,1939
18,8,0,149.3677230263302,14.2531600107853,1917
18,9,0,149.3863572803927,14.16284795482639,1895
18,10,0,153.4280813315172,24.75547563505114,1928
18,11,0,161.812368484666,190.4300776885066,1898
18,12,0,156.1197596893076,27.15327075623774,1939
18,13,0,154.7092576220005,14.64433323815572,1971
18,14,0,150.8711525700862,14.33992705013534,1955
18,15,0,156.8211436727454,15.22397932778565,1986
18,16,0,150.482859054226,14.49691665355687,1920
18,17,0,139.5564556372971,13.02519112768566,1804
18,18,0,126.2578936719379,11.59864133638859,1636
18,19,0,96.76462768533591,27.27917698760821,1192
19,0,0,71.16643400176631,6.798845713660604,903
19,1,0,89.07861697011452,10.43581557361536,1116
19,2,0,101.2017419502827,9.802967106814009,1270
19,3,0,109.2730271538079,28.5721282289074,1375
19,4,0,131.6468663260867,279.4537480600292,1440
19,5,0,113.7161824897008,16.65577186570516,1404
19,6,0,115.1681764051802,10.91219303625073,1460
19,7,0,119.0204042619709,11.25573344385654,1509
19,8,0,115.9360646994515,10.91905001853768,1482
19,9,0,117.8323973658487,45.65866024756242,1450
19,10,0,115.7234963229382,10.85572784993649,1487
19,11,0,121.2883919644812,39.48062713039816,1456
19,12,0,115.5092995551763,11.0701854052758,1464
19,13,0,116.4262668333524,11.00290315937207,1487
19,14,0,119.1230546063218,11.9800801359068,1498
19,15,0,123.0541972978752,12.2673074635852,1539
19,16,0,116.7848355568058,23.77098284984062,1436
19,17,0,106.8579634481257,10.30047336798463,1361
19,18,0,93.94138241397276,8.665261285163485,1221
19,19,0,78.12954779698856,28.00790081220379,945
