# mesh name: boxMesh_1
# primitive scorer name: doseScorer
# iX, iY, iZ, total(value) [MeV], total(val^2), entry
0,0,0,71.86073184234311,9.045139814043361,898
0,1,0,99.96676307220766,49.48952757040251,1219
0,2,0,114.0658107079417,10.68944766400894,1470
0,3,0,123.224973605818,84.59985203143874,1489
0,4,0,114.8137469903131,10.58341941851827,1493
0,5,0,116.5683936993995,10.74394768413873,1530
0,6,0,123.1602256420621,11.45385734922584,1606
0,7,0,113.660071954341,10.58626756752942,1480
0,8,0,115.181596746302,13.37012452515844,1485
0,9,0,117.379697754387,11.5320185522098,1506
0,10,0,131.9776868502913,20.31580626324298,1650
0,11,0,117.924795965387,10.75079853826162,1556
0,12,0,121.2710423506494,11.75567175084763,1550
0,13,0,131.7834881049844,25.87605853202209,1653
0,14,0,124.4571971147843,12.91414079246876,1644
0,15,0,125.308241561796,42.39428422286193,1571
0,16,0,125.9880956711085,11.69122761909711,1630
0,17,0,135.4138782108901,170.3122865731637,1596
0,18,0,116.7326778557604,10.92180143974713,1523
0,19,0,88.37424633237113,8.087560799851087,1174
1,0,0,95.24397679652319,8.955165005151509,1217
1,1,0,123.9015683508967,15.87819190621362,1577
1,2,0,141.4739689448329,13.83543923208852,1792
1,3,0,183.6405383824807,1188.798800729768,1931
1,4,0,154.357566797772,14.92525252510847,1974
1,5,0,156.9644582289429,15.22781289713376,2029
1,6,0,156.7760488608613,14.60650471177532,2040
1,7,0,158.0671213490681,14.53486752393244,2062
1,8,0,157.4893335851844,14.71357226442622,2050
1,9,0,159.2858346012673,15.10203517258587,2049
1,10,0,183.0227323277591,289.3293844949669,2122
1,11,0,170.0179913582448,92.83542229358086,2134
1,12,0,166.8719778109397,19.44408324962798,2115
1,13,0,191.2919726889905,700.8656357216543,2139
1,14,0,165.2845091560632,19.11490930556464,2145
1,15,0,166.3302978813748,50.49755495849681,2097
1,16,0,170.9637771487763,15.582815074772,2233
1,17,0,171.7624276963878,22.00218275043001,2219
1,18,0,178.0323674408309,145.1645506452938,2115
1,19,0,117.9517076347407,10.7815651699623,1539
2,0,0,104.841178917748,9.919565033478156,1339
2,1,0,136.2310601002066,12.56729203127021,1769
2,2,0,167.7781752784479,130.4886563912363,2018
2,3,0,187.39754304775,144.9484587368501,2237
2,4,0,188.8263748928458,94.22455421663463,2310
2,5,0,186.3548991445307,48.01487959495061,2303
2,6,0,182.6917727997549,33.68665763821001,2340
2,7,0,180.5327817634467,16.30978759166755,2349
2,8,0,196.0481907661892,399.3581808768383,2344
2,9,0,175.5919377666928,16.10250922963597,2304
2,10,0,186.4747389812635,19.69148132074618,2391
2,11,0,179.8448037611072,16.33630926922507,2346
2,12,0,187.6390498512281,47.44311221295364,2390
2,13,0,214.5436825345157,849.40711018747,2425
2,14,0,186.3360591564536,19.98834680491589,2416
2,15,0,189.164480498871,17.32136955753418,2447
2,16,0,190.2608172981716,17.85293532936872,2462
2,17,0,182.5694581247545,58.1991734974499,2358
2,18,0,166.7429514737391,18.56600050438106,2175
2,19,0,134.0152394938595,19.28620961537634,1716
3,0,0,104.4747190419332,9.724259367634678,1348
3,1,0,141.2546601715779,12.7819916527368,1845
3,2,0,179.9731635687663,55.3251917049629,2207
3,3,0,188.2606880205404,52.70658137251058,2318
3,4,0,186.6525536778626,17.97714607734208,2399
3,5,0,182.7409567776348,16.86222504841538,2368
3,6,0,185.1948275704415,19.20923307260247,2374
3,7,0,190.2227479463818,51.52166491572689,2403
3,8,0,198.2160738773253,192.4618464381425,2364
3,9,0,184.0015161657938,17.05675507869138,2384
3,10,0,186.5190532107341,16.80524647013692,2451
3,11,0,190.1228352750977,18.10890274309773,2439
3,12,0,183.1731329476548,16.08574147648021,2425
3,13,0,184.0607603424494,16.67578845972266,2418
3,14,0,189.7097878271553,16.94745921386552,2499
3,15,0,197.1785681932412,313.5420877081801,2393
3,16,0,190.874262365215,17.365410005369,2517
3,17,0,192.3904630678326,52.32940353221817,2380
3,18,0,174.9581553543824,16.09257140382721,2291
3,19,0,129.4070845214841,12.07577908993347,1697
4,0,0,113.6195916786495,10.68669967596744,1448
4,1,0,155.5184335194698,14.85892458299574,1989
4,2,0,180.5222482079966,36.53525107902733,2223
4,3,0,183.4534130839128,17.59909058516446,2355
4,4,0,192.4479740619855,101.8871512776131,2385
4,5,0,208.2234275673944,573.2802477055658,2370
4,6,0,184.8486702502263,17.90754764556618,2375
4,7,0,184.3308295137147,17.07915312359397,2423
4,8,0,187.0012491566716,17.49372502676805,2423
4,9,0,193.1736979389455,70.0298899335197,2413
4,10,0,193.2964157015852,17.78699918404361,2521
4,11,0,188.7987529912364,18.8079958614822,2416
4,12,0,194.1695701818699,47.13147946335169,2407
4,13,0,182.8419820097751,16.60905257201659,2408
4,14,0,180.6597486926599,16.66453481595296,2373
4,15,0,185.9495831480368,17.46214797812394,2397
4,16,0,189.7460533234011,32.08505788936682,2429
4,17,0,220.5619681877847,720.8991894756401,2526
4,18,0,180.7441099898628,49.49682692900005,2324
4,19,0,131.5465353124227,12.49912392209978,1700
5,0,0,179.2435078932138,1609.518698862434,1497
5,1,0,153.3168959800445,14.86713721889634,1928
5,2,0,179.4594689121801,17.06625772654806,2292
5,3,0,187.2882232980602,120.879957105912,2306
5,4,0,186.9566513266638,18.81075094075284,2390
5,5,0,188.7624378392958,19.03340610738263,2402
5,6,0,197.1870571588459,37.876366486265,2465
5,7,0,183.4226786515056,17.11079500431588,2385
5,8,0,182.3770875324168,16.7648438527617,2375
5,9,0,183.8859076713242,16.77495786872717,2408
5,10,0,188.9553518002335,26.16886762498146,2408
5,11,0,185.378305968571,16.905547182507,2446
5,12,0,184.7261010140008,17.65605185187807,2378
5,13,0,190.2002708530418,22.0762500905637,2465
5,14,0,188.4475572158939,17.91624174087424,2430
5,15,0,188.4319712181303,17.32097462623289,2482
5,16,0,185.6186324490648,18.25379176515448,2423
5,17,0,193.742458057458,42.32452578600203,2438
5,18,0,191.4831861815684,181.0275006099878,2279
5,19,0,130.0376371646169,11.49840055999726,1739
6,0,0,113.6198219984991,10.51909817029778,1472
6,1,0,174.1385142415164,688.7836290977291,1884
6,2,0,167.7218607817717,15.46479705303784,2177
6,3,0,182.4080446367441,17.2775917757496,2361
6,4,0,183.829414779791,17.35585859113577,2352
6,5,0,191.9437616990003,18.24311777927657,2473
6,6,0,187.2589219465852,17.73961457920093,2454
6,7,0,186.0302237333063,17.4982502397575,2422
6,8,0,209.201240122263,356.7406860612559,2477
6,9,0,184.0623577971866,17.25807787968878,2376
6,10,0,194.9539860078796,34.16192167606824,2466
6,11,0,186.1210545419613,17.74837439889817,2382
6,12,0,184.1414334602341,16.68053917797767,2430
6,13,0,186.8789997886366,17.3146637597909,2441
6,14,0,202.0911440921032,329.4669852410514,2436
6,15,0,187.583664692369,17.46118093907752,2425
6,16,0,197.1459630297846,18.62329776922711,2571
6,17,0,187.9969790226028,19.82363468302259,2452
6,18,0,176.8687270951171,17.38082486815599,2303
6,19,0,132.197286441197,12.8154504432062,1718
7,0,0,115.4786996314749,10.86154752251895,1482
7,1,0,149.9301205777178,13.72823851749552,1962
7,2,0,173.3124350678479,17.08214959670664,2235
7,3,0,185.0437270413944,18.09199759037334,2337
7,4,0,184.0474007704107,18.05924459681888,2376
7,5,0,214.3226487207673,378.6924545646293,2412
7,6,0,203.7341087599332,122.4161423291612,2501
7,7,0,184.5946132036838,17.3075289169872,2379
7,8,0,185.0064264955018,17.20674641058957,2415
7,9,0,204.7604676965967,431.4369106111196,2402
7,10,0,187.369273807167,17.4479883529051,2452
7,11,0,189.2775780307331,56.14881796641324,2386
7,12,0,188.3817839357806,17.99929784164819,2468
7,13,0,180.8312219835793,16.25577372605751,2393
7,14,0,203.6272266111661,409.2323865809783,2392
7,15,0,190.3228469305757,24.41392534248239,2408
7,16,0,192.084732997912,23.29376702090605,2493
7,17,0,231.0942336644779,890.1978784873704,2511
7,18,0,170.565618959787,32.21665831193202,2192
7,19,0,129.4728464303342,11.39220383225612,1729
8,0,0,121.0536317915034,45.31222782711916,1449
8,1,0,153.2550481746784,14.04694124969767,2011
8,2,0,173.7347665315186,16.08053618897297,2243
8,3,0,188.9545946155597,17.7717302600617,2426
8,4,0,190.4982144765015,28.81065314120767,2375
8,5,0,196.9750658100679,100.2655061996418,2423
8,6,0,204.9073733312977,158.6515636184338,2425
8,7,0,187.9090260773078,33.51812922283188,2387
8,8,0,187.1141906296694,17.30681235727094,2429
8,9,0,217.7084360160151,520.058474824904,2450
8,10,0,191.9578718589198,17.91830422932875,2492
8,11,0,187.5547234270136,68.65156887241453,2381
8,12,0,191.891438901686,18.11731871942185,2500
8,13,0,192.6148037392431,25.43640620601122,2486
8,14,0,205.0677054286947,192.8898590357766,2465
8,15,0,193.4677605111238,21.74952299127107,2463
8,16,0,193.844567531718,53.78632332143721,2425
8,17,0,205.5845587909321,228.5279493459292,2459
8,18,0,174.463252086751,55.86571053648193,2212
8,19,0,133.4116112377941,13.00699976285334,1748
9,0,0,111.6777095209896,13.98719491513545,1411
9,1,0,153.0688350712387,13.78097852195662,1990
9,2,0,168.7886020824297,15.63992781949045,2206
9,3,0,182.0352246239991,17.02753087889056,2339
9,4,0,191.0790419853188,17.42215366252501,2481
9,5,0,194.9617581383713,164.5843058596339,2376
9,6,0,189.9942430359542,18.186966209058,2469
9,7,0,191.3776923314993,37.60496877849911,2434
9,8,0,190.0174130006112,17.30081564402904,2487
9,9,0,190.0598229788226,37.15723138674655,2398
9,10,0,185.9568206616889,16.75732247382257,2431
9,11,0,198.2641987123877,89.36416947639283,2468
9,12,0,187.9583472335054,53.11520022396076,2365
9,13,0,183.1318392323916,16.63657455295626,2408
9,14,0,187.809179339072,20.09061356493769,2444
9,15,0,202.695195468265,70.91800207098196,2533
9,16,0,202.304009379306,104.7776653471545,2485
9,17,0,183.9963223929608,32.61495491808884,2368
9,18,0,197.5601775049973,468.3199636576038,2293
9,19,0,128.7204312667927,12.14911277601867,1683
10,0,0,116.2069477423371,15.76408565854281,1456
10,1,0,162.7583456819908,255.7341990883478,1898
10,2,0,172.6854963767586,29.68001836012666,2196
10,3,0,183.2649994469445,17.2128172547095,2371
10,4,0,182.1028678314402,17.16660232420712,2345
10,5,0,215.896017159725,550.8000207794918,2471
10,6,0,194.4946280041663,32.83515077924365,2422
10,7,0,189.3295319460551,18.0759924946461,2431
10,8,0,195.7374908566228,68.87792172215102,2405
10,9,0,193.8422476235252,63.86778151142647,2417
10,10,0,185.6486434195104,17.8544332286665,2388
10,11,0,191.2521791621434,18.08461325153547,2472
10,12,0,191.9785790722286,18.42252665492339,2477
10,13,0,190.5045235130799,17.88706014242309,2457
10,14,0,196.6242275773393,18.78487521175149,2534
10,15,0,190.5545967098383,17.96969412034655,2495
10,16,0,189.1051517686279,19.1763659300732,2463
10,17,0,191.8467910313797,18.26027364573432,2476
10,18,0,176.602526351686,32.08328925015122,2290
10,19,0,130.1707497156381,12.59419959192649,1665
11,0,0,110.2303170938888,10.64617495400136,1405
11,1,0,150.9983775312618,14.2713326179732,1934
11,2,0,186.2627540769707,164.0341770730597,2243
11,3,0,181.2503426611541,16.57144329878248,2348
11,4,0,192.0017135676883,56.28547579135214,2365
11,5,0,184.1220202055439,29.2684491605579,2353
11,6,0,192.102532851466,48.42265287720412,2427
11,7,0,188.8220800274028,17.70937657363987,2429
11,8,0,200.7198846395258,96.06225656535277,2466
11,9,0,197.6939620430733,65.50157639399684,2466
11,10,0,189.4149665874999,20.15467765053894,2420
11,11,0,206.8790993006023,223.7143794821626,2465
11,12,0,185.0963730854207,18.33873867199107,2390
11,13,0,185.1481722220204,17.27373560486417,2428
11,14,0,193.2264910349122,22.56201367173052,2476
11,15,0,187.7120884017456,17.67706402680657,2460
11,16,0,211.7489291701659,438.5331592343817,2521
11,17,0,187.4131663431346,24.17752524552548,2461
11,18,0,182.5913876388736,26.49335861706431,2279
11,19,0,132.1802771312461,12.83678218603296,1722
12,0,0,109.4169982023158,9.897395766576564,1438
12,1,0,150.9675342228794,13.74352898027268,1943
12,2,0,170.5017981380129,15.41597418831051,2227
12,3,0,182.7283050283034,17.18592439406733,2347
12,4,0,185.861467576651,16.74717937741341,2421
12,5,0,196.9533650147054,131.4220791400591,2451
12,6,0,179.9041492443317,16.85131465730102,2319
12,7,0,193.9417046279072,20.07832565397274,2437
12,8,0,177.256936962132,16.25430758204411,2320
12,9,0,186.5009804068081,17.79989996858712,2411
12,10,0,195.2717194057745,41.57964946692546,2450
12,11,0,190.6725182038026,18.08716586542724,2466
12,12,0,192.6117258053322,18.07026607457251,2499
12,13,0,181.6658705906063,16.08302957171032,2424
12,14,0,183.2090583455529,16.22697865347896,2436
12,15,0,187.136203762998,17.60704976503586,2457
12,16,0,196.9867323904086,42.25106835827957,2522
12,17,0,179.7329464451258,22.65918476907727,2338
12,18,0,176.3740598510351,22.41098716978474,2290
12,19,0,133.6624238555479,14.52412827478592,1744
13,0,0,119.2218712851373,11.39997080310157,1505
13,1,0,154.4196978685713,14.87375457164597,1967
13,2,0,167.7570580365708,16.10011398247849,2128
13,3,0,177.8794273905975,15.89360329331214,2341
13,4,0,177.8783179126697,16.50572380215546,2310
13,5,0,184.2075762177346,16.68502194027914,2409
13,6,0,193.1314600734578,43.38243950280715,2441
13,7,0,181.9094154151555,16.56061129065498,2390
13,8,0,178.9156480509738,19.48552037367603,2301
13,9,0,196.7214108406808,37.45137915648318,2490
13,10,0,207.3137144209225,300.5516730615102,2396
13,11,0,190.886582565892,17.3642542358375,2505
13,12,0,188.4030528632251,17.09101145881512,2493
13,13,0,195.0941402928369,18.21251706737897,2533
13,14,0,187.7590225072883,19.31883646254421,2448
13,15,0,194.1470405666737,25.02277866409592,2496
13,16,0,190.3614967093861,59.11535446060199,2442
13,17,0,184.1716707622712,17.21026684472612,2405
13,18,0,174.2023533299907,23.1378091364609,2259
13,19,0,125.510995754225,11.02199637837011,1677
14,0,0,111.6573588863854,10.99547992351047,1411
14,1,0,149.5330122904977,14.12474391863938,1915
14,2,0,167.1890374393508,15.57505724450559,2144
14,3,0,180.3335305079116,16.95459007611526,2325
14,4,0,180.6289688829469,17.35197024814882,2290
14,5,0,194.6366678867005,18.76425277686719,2480
14,6,0,195.0194464877719,56.04536358756842,2416
14,7,0,190.1661456600893,18.19824048302358,2434
14,8,0,188.8207533912692,18.30109532619856,2415
14,9,0,193.3203547714973,18.08149258712625,2531
14,10,0,189.0216628915993,17.38948776479263,2465
14,11,0,190.5200653723313,17.31011772416874,2501
14,12,0,205.3872762728852,328.9748276949156,2437
14,13,0,191.7903757004872,18.00988478625659,2531
14,14,0,187.9065486340343,17.72086851909994,2428
14,15,0,181.4691712844369,16.40513930972132,2408
14,16,0,187.4528758035472,19.85051241971988,2485
14,17,0,182.1202885826147,16.82314536710151,2370
14,18,0,191.4854512037615,436.1644301754502,2226
14,19,0,158.7939484405764,537.0855875322734,1755
15,0,0,113.8972992637959,10.59136797588796,1471
15,1,0,151.392250563103,14.4012396720162,1936
15,2,0,187.8981174685324,161.2775517875035,2243
15,3,0,183.1534240812225,23.93385923645008,2318
15,4,0,186.6498874085139,17.18437525037911,2412
15,5,0,186.3725772162093,17.51659980090345,2408
15,6,0,184.1329256484661,17.14553375835836,2382
15,7,0,183.2877833633794,17.72364470312196,2375
15,8,0,189.4057308087327,17.81534562603601,2444
15,9,0,192.9366016285103,40.24297807291995,2425
15,10,0,187.9184672584599,17.49387395420623,2459
15,11,0,185.8523246336242,16.31871102855171,2482
15,12,0,178.0752170533542,16.21899551269631,2347
15,13,0,184.8220318383326,17.14731269796798,2412
15,14,0,190.9314457645684,39.13063155785522,2418
15,15,0,186.8499832986798,17.20897012092638,2446
15,16,0,185.0638562288291,17.42239205505458,2420
15,17,0,186.5468011792189,16.87835918608697,2469
15,18,0,174.8089529699743,16.38294353316227,2275
15,19,0,130.5557148219228,12.38657757932127,1684
16,0,0,111.7593553358211,10.71264961575838,1431
16,1,0,147.2850046891155,14.19560298256033,1872
16,2,0,185.729241126545,69.45125884092121,2274
16,3,0,180.9744124361342,16.91959794219462,2331
16,4,0,178.4975882713364,16.4244488274709,2333
16,5,0,182.6830816423216,16.95433895225012,2369
16,6,0,183.4029445522175,16.68732074661901,2376
16,7,0,213.4003927500403,892.1272363264992,2376
16,8,0,189.5018023909813,16.99804219342341,2480
16,9,0,186.5642214657082,17.43710837414638,2405
16,10,0,190.0306136884645,23.03608682632949,2417
16,11,0,188.8319151258585,42.54104909834067,2405
16,12,0,210.8284485222277,503.2482275463361,2455
16,13,0,183.8427660707736,17.36463535663173,2377
16,14,0,188.7831604330206,49.75000783209445,2404
16,15,0,194.9545230583612,23.08441429213576,2484
16,16,0,181.6984092093245,16.56137115277844,2378
16,17,0,198.3873830426836,18.93149276122928,2560
16,18,0,173.4258022805873,16.24807558924545,2265
16,19,0,123.952662323815,11.36780680478599,1633
17,0,0,106.8531248880573,10.38206414198547,1352
17,1,0,142.6965852333082,13.85368248569191,1815
17,2,0,159.1585650986124,14.41931786363802,2072
17,3,0,178.9028248213412,16.64274618013899,2297
17,4,0,173.4309910071087,16.30522528698238,2230
17,5,0,168.6536481328723,15.53817977381638,2184
17,6,0,175.7985853781327,16.36955309732685,2282
17,7,0,172.8636045717887,16.60142475027337,2224
17,8,0,176.1051939940812,54.08315671806299,2213
17,9,0,186.8031744018614,45.53561965540472,2314
17,10,0,185.8253903140841,27.06027441346543,2359
17,11,0,182.0185364661394,23.8216919604978,2339
17,12,0,180.9694418107986,17.82123629820259,2373
17,13,0,186.7030705547094,25.32226457753298,2381
17,14,0,183.1445336395353,46.01795736132514,2345
17,15,0,194.1260678930529,26.83598857714424,2460
17,16,0,188.0985252067087,59.99302275852202,2373
17,17,0,178.176246032021,16.28154736244924,2337
17,18,0,177.3012478440108,16.67599792114994,2296
17,19,0,129.8155190578794,11.79552711047873,1709
18,0,0,87.7283668715541,8.893817459218381,1122
18,1,0,125.8957126184339,11.51897060638672,1617
18,2,0,137.5780407738552,12.69904187564963,1781
18,3,0,158.6667848291931,15.45948642721567,1996
18,4,0,154.5363105610064,14.33055265642004,1990
18,5,0,157.0754122446306,15.05772679820207,2014
18,6,0,154.6433281940993,14.11274760113363,2025
18,7,0,154.2281947431955,14.69582535772797,2003
18,8,0,167.8125889700995,48.98133675068004,2071
18,9,0,159.7590835147802,21.02176696972583,2063
18,10,0,152.9631617210125,14.02517023358147,2001
18,11,0,169.0008430998897,103.4397801765874,2006
18,12,0,182.7143829243276,247.8086626604426,2138
18,13,0,161.2387141044782,14.98817102093025,2107
18,14,0,172.6588556177668,59.6878970785228,2197
18,15,0,169.9974095359688,15.53418673359349,2236
18,16,0,171.964825868866,15.97360213948637,2259
18,17,0,169.0154420633908,15.87516140117447,2188
18,18,0,161.161876660603,15.66384032744808,2073
18,19,0,120.866897218865,11.1435908940077,1600
19,0,0,71.90360181670609,6.68096844776253,922
19,1,0,97.05012012263566,10.11223637238034,1247
19,2,0,108.0434004547324,10.13721442023622,1391
19,3,0,118.3617281894502,11.33761072100331,1506
19,4,0,115.5087352402138,21.01810197604208,1459
19,5,0,118.0382429614188,36.71722256703229,1477
19,6,0,118.8590749841127,11.40218963368781,1519
19,7,0,117.8142015511372,14.05586151967319,1490
19,8,0,117.5700236097492,10.72229847816222,1541
19,9,0,118.552848175763,10.31678759577611,1583
19,10,0,118.4556773617334,11.09963756335127,1526
19,11,0,129.720044734116,17.35127717051496,1641
19,12,0,123.1251678862852,20.31678481468646,1581
19,13,0,127.2636139355136,12.19294924494986,1639
19,14,0,134.7623704131289,38.43025621378838,1664
19,15,0,132.6639005944379,92.96059417754914,1590
19,16,0,121.4578121989782,11.23676334053353,1602
19,17,0,119.3327423270261,11.70682321812556,1577
19,18,0,112.5355282331497,10.05726835137446,1496
19,19,0,89.90441285516519,8.10879038685537,1206
