# mesh name: boxMesh_1
# primitive scorer name: doseScorer
# iX, iY, iZ, total(value) [MeV], total(val^2), entry
0,0,0,70.63285128329643,6.671609964650972,911
0,1,0,94.79314187608782,8.564495002177654,1248
0,2,0,115.7359343180882,19.49095632334787,1466
0,3,0,111.2747604681722,10.0882698717581,1461
0,4,0,115.550402066874,16.76189914306364,1444
0,5,0,115.0943673250063,12.45947670839055,1475
0,6,0,142.2503198336785,561.7756744720466,1568
0,7,0,117.6955228316982,19.75614467098647,1479
0,8,0,114.8599341541399,11.1905544987751,1505
0,9,0,120.1143992759818,11.13479006020538,1567
0,10,0,127.5225954834186,13.36131182458896,1636
0,11,0,132.3196848684551,63.13472688448154,1572
0,12,0,134.3257859481282,35.41863860053327,1648
0,13,0,127.0217555819351,16.90718953873762,1628
0,14,0,151.5487522968332,251.2588003893479,1711
0,15,0,126.682706086489,11.99830513804136,1650
0,16,0,128.1070114401606,11.86541812367674,1685
0,17,0,127.7780603198496,13.010766434959,1658
0,18,0,126.2099748753409,11.68684537761657,1667
0,19,0,98.96816097378552,9.183711630696322,1299
1,0,0,96.04815922684922,9.024894370586255,1245
1,1,0,128.4234841080996,38.1253953245245,1575
1,2,0,143.1752505898783,18.08142825437288,1787
1,3,0,154.8426534403382,14.93528584944118,1967
1,4,0,166.7669203100694,150.5082593110035,2009
1,5,0,158.5555957334323,15.22335438661963,2049
1,6,0,157.6103913296858,18.58112148706819,2021
1,7,0,179.9509657234874,409.137976153564,2016
1,8,0,161.7326231047035,24.7600808843773,2056
1,9,0,164.702489087019,22.57414726025696,2115
1,10,0,171.5126282814746,17.19737436532518,2175
1,11,0,185.4684945366634,516.8596307471778,2158
1,12,0,166.4453015356339,15.5228857173817,2172
1,13,0,160.9099264015852,14.58281537039617,2125
1,14,0,175.2565850173154,16.15922208437373,2290
1,15,0,170.9163895287575,15.69766322663756,2246
1,16,0,174.8461856940365,16.28060394956955,2286
1,17,0,180.5123342262981,16.75041879802353,2366
1,18,0,169.9098064815882,36.14061819330642,2175
1,19,0,135.136217869061,12.66459818217637,1781
2,0,0,107.0046819355013,17.13924063278907,1374
2,1,0,144.7934477411926,19.36457820156431,1832
2,2,0,158.6765623774588,15.46118117619558,2012
2,3,0,174.0851049258351,16.82105348747537,2209
2,4,0,181.579138241946,17.29965875485522,2307
2,5,0,178.5066539375695,17.4830369606668,2275
2,6,0,183.8432186486612,17.42359095391718,2361
2,7,0,180.5078125672521,32.25908808494141,2306
2,8,0,178.1594449439962,16.44235154146461,2328
2,9,0,179.8774289993071,16.34966690078181,2349
2,10,0,185.0675892042003,17.11194982641159,2396
2,11,0,174.5920654928624,15.88597840472093,2286
2,12,0,193.85982588547,105.5413118597809,2383
2,13,0,188.3448724765039,17.69850824419844,2452
2,14,0,188.6130224352559,54.37372611739745,2404
2,15,0,186.6897917816399,17.70714723051928,2445
2,16,0,185.1626312882586,16.70178039124565,2456
2,17,0,188.9393035369279,17.27643769469538,2492
2,18,0,172.6020963720873,15.35868806773253,2322
2,19,0,136.1472492122553,14.3882593381956,1729
3,0,0,99.7677476204744,9.210137838557937,1301
3,1,0,149.2666137621983,14.22960674668561,1906
3,2,0,173.5613577431182,17.32621846407473,2219
3,3,0,188.5789930527872,24.32434450838955,2356
3,4,0,184.8924077227745,18.45755988150658,2370
3,5,0,183.2901515437282,17.25302371111308,2345
3,6,0,188.4895779232144,111.829366576373,2343
3,7,0,191.4096132705766,18.63694129100397,2443
3,8,0,187.9696419939683,17.45901453933123,2441
3,9,0,199.2221119964674,63.62324085355369,2430
3,10,0,212.6967951815763,324.5657919318967,2536
3,11,0,190.8305682224308,112.1219952947685,2427
3,12,0,180.938994291425,16.22731598346595,2404
3,13,0,187.1926834983102,17.3572786031388,2443
3,14,0,189.1976444581559,16.97269202946081,2506
3,15,0,210.5096211822265,274.4444483948428,2470
3,16,0,192.8646961833196,57.0798910166349,2450
3,17,0,203.9192045485929,233.2892234854859,2481
3,18,0,187.260834716394,104.2729304145516,2366
3,19,0,143.0999169079103,12.9681437678067,1897
4,0,0,115.6475303796335,14.53552382867687,1473
4,1,0,148.6209088143044,13.83586334108626,1927
4,2,0,173.8704081631087,27.05648332405215,2170
4,3,0,194.7638757136236,266.9587834881899,2264
4,4,0,220.5778009994978,638.1892132290895,2374
4,5,0,192.0405249748541,113.3855266537024,2357
4,6,0,193.4016146076217,144.7523151490482,2349
4,7,0,182.0966842317918,16.59959392620536,2401
4,8,0,187.7483266613632,17.85244160020862,2426
4,9,0,189.3592386737683,17.9014998431233,2461
4,10,0,191.4607971776228,17.66512861543916,2501
4,11,0,200.7173580587574,128.5416432294878,2463
4,12,0,192.1983143007406,18.96976743925882,2477
4,13,0,184.9441642927582,17.3778349968575,2401
4,14,0,181.728968382076,16.59408885826356,2386
4,15,0,184.820187551839,16.25452003197043,2470
4,16,0,189.8150062284986,30.81036212222646,2473
4,17,0,194.8023158372225,17.82599514670416,2555
4,18,0,176.3262947471954,16.29392289921044,2319
4,19,0,138.8447816849931,12.72886955104291,1844
5,0,0,120.626234787516,11.12700349461194,1558
5,1,0,153.4097648749699,14.64476620689434,1950
5,2,0,180.6932011203179,16.9703245868891,2325
5,3,0,180.6566194892215,29.11807134508607,2300
5,4,0,189.5224791326394,24.33442760742192,2404
5,5,0,185.6048091383723,17.18780863162351,2415
5,6,0,193.2507529908484,42.25829018954233,2455
5,7,0,182.2925016455565,16.597534885105,2382
5,8,0,206.2730405302988,233.3937588028639,2406
5,9,0,185.4693236331987,46.02489142113626,2368
5,10,0,184.9810708573264,17.27238505028994,2394
5,11,0,192.9734639592707,234.225248911172,2377
5,12,0,187.9989476095804,53.10204607686268,2409
5,13,0,196.7319442769611,20.63521209653707,2535
5,14,0,186.7199301777365,23.05069573196296,2431
5,15,0,190.615561550328,19.48179686019327,2491
5,16,0,185.1927064124351,29.82047155062532,2393
5,17,0,188.0206000584882,17.04813915489859,2496
5,18,0,183.7764839676974,17.06918582055531,2395
5,19,0,138.5331736046163,12.62888277992472,1841
6,0,0,129.7640019250058,281.9057325729741,1445
6,1,0,149.0028213370244,13.76140328682047,1926
6,2,0,171.4934177328847,17.20960180472018,2173
6,3,0,188.6753431620887,50.88144176633109,2364
6,4,0,184.8507202224412,17.55091763603593,2388
6,5,0,190.3897064370479,18.09539705167644,2441
6,6,0,191.890497629258,61.98230891309334,2436
6,7,0,205.5612639517217,221.6029442278113,2437
6,8,0,195.0722944843404,32.24515444401706,2469
6,9,0,256.6929814498723,2662.130228109504,2417
6,10,0,195.1464665740271,44.71643819915642,2479
6,11,0,187.4642830278475,23.64893343014992,2402
6,12,0,183.4419069223737,16.63183519668149,2415
6,13,0,189.3446101428418,18.61474240064398,2438
6,14,0,204.1332473529,612.6260893113015,2398
6,15,0,196.2101638621261,35.51841584807677,2484
6,16,0,195.3265864758533,17.48627450093771,2600
6,17,0,190.5696115344235,17.33342917556378,2527
6,18,0,181.8672964601104,16.50843323463818,2417
6,19,0,140.2254522058588,13.05716052166374,1838
7,0,0,111.5604914853841,10.30771020496597,1447
7,1,0,154.8564140609995,70.76867228593574,1905
7,2,0,189.1399239289704,136.0430906035001,2250
7,3,0,188.7850659505559,18.83827775349825,2376
7,4,0,183.2355709699694,18.48480269486049,2376
7,5,0,186.0234339998973,17.12851268910839,2435
7,6,0,189.4565602340174,30.90723987681252,2437
7,7,0,190.3165347357428,19.5790447291149,2410
7,8,0,186.5179084082835,18.39532400520555,2421
7,9,0,188.7573900965768,26.59456337555629,2453
7,10,0,186.7400055473996,17.28602889046608,2453
7,11,0,190.7468741014453,174.7537718641519,2343
7,12,0,188.6844291154438,18.53507493929419,2452
7,13,0,200.9915256263743,344.9359014771634,2412
7,14,0,192.3674582726137,112.0464938887818,2408
7,15,0,193.2186328425225,18.2649134666429,2513
7,16,0,183.7063007939425,17.26615213254217,2417
7,17,0,187.134380396762,16.9875045943247,2471
7,18,0,177.3721494327257,15.88256751282562,2351
7,19,0,142.052078025654,13.32616648338831,1870
8,0,0,107.9189634357598,10.15182894001422,1382
8,1,0,163.0724436953484,90.97695450642964,2016
8,2,0,171.3814562559411,67.19102846357346,2112
8,3,0,186.6633574483276,17.69822754808175,2391
8,4,0,188.2424130260792,17.90484488285837,2404
8,5,0,203.7626314942783,252.1252029682889,2408
8,6,0,186.6274957832036,24.58891312140895,2386
8,7,0,194.9024466563871,36.40691791535603,2457
8,8,0,191.7996316711205,18.14148430317312,2484
8,9,0,190.2832062341016,18.0006798637209,2452
8,10,0,188.9974678391106,17.57178587527571,2456
8,11,0,195.0310658771556,86.16338042165343,2423
8,12,0,187.5946761318941,16.82962912231963,2480
8,13,0,196.5024725690465,28.8896289300388,2519
8,14,0,191.0985467573767,24.45438346987425,2491
8,15,0,192.0044370743625,72.48964101151635,2428
8,16,0,190.9733126040099,17.62759016551897,2507
8,17,0,192.0161998541381,17.67307375816042,2502
8,18,0,182.6813606731398,26.27765442779309,2382
8,19,0,140.7920197556541,12.63199409748952,1887
9,0,0,108.6508085165762,9.672907931171435,1413
9,1,0,153.5033404396429,14.28556478102014,1965
9,2,0,176.066298357786,16.67164890227355,2261
9,3,0,186.2038108960484,18.90056778629094,2408
9,4,0,190.9130881495274,18.06508353742877,2463
9,5,0,199.050662650083,176.3925895011801,2401
9,6,0,185.9791832781211,17.01048051810246,2423
9,7,0,185.5901918151228,17.17833313876406,2406
9,8,0,201.3352764714729,62.41006931463443,2488
9,9,0,191.9844983489573,20.32949945014051,2485
9,10,0,195.7050598149865,18.75212353082502,2521
9,11,0,190.4211285372797,17.30993500576556,2497
9,12,0,209.1164697538377,661.966457681138,2402
9,13,0,186.8310782209862,17.08688984093789,2452
9,14,0,189.7475923173181,27.98037127152048,2460
9,15,0,187.5019962995505,17.32894904897951,2443
9,16,0,193.9227914485706,17.57221946737258,2553
9,17,0,183.1022800484755,17.23202981787241,2388
9,18,0,177.1016511339588,16.12346782028069,2342
9,19,0,144.1261745133224,13.42271810504349,1883
10,0,0,126.181094403147,121.7127096721915,1433
10,1,0,142.5335360767453,13.46093634162947,1834
10,2,0,177.1986402594038,29.37102509473349,2218
10,3,0,189.4329069742124,67.78278701529628,2401
10,4,0,182.1025670034534,17.38709099409188,2331
10,5,0,204.5977828503329,95.1238609957671,2527
10,6,0,188.8792798254984,17.58379058443805,2454
10,7,0,192.821745284396,19.07899006274149,2458
10,8,0,188.9615777704209,19.42266884968523,2418
10,9,0,187.681959159183,53.42908866817205,2374
10,10,0,202.3108934403684,168.2638381903693,2451
10,11,0,193.674061442806,18.00768221189994,2511
10,12,0,194.0013572970264,18.26747237709282,2522
10,13,0,185.3779309842764,17.11846334622811,2433
10,14,0,190.0048964215844,21.50514205239284,2487
10,15,0,190.1042527968306,17.3333709299121,2519
10,16,0,195.9123864975803,17.68164724673229,2575
10,17,0,186.7808928001524,17.20466671716325,2456
10,18,0,190.6251233187931,124.7183867223706,2363
10,19,0,143.3566192140254,57.11198517674297,1803
11,0,0,117.3758551189288,88.19614870344331,1404
11,1,0,160.997395923059,141.2720385553442,1955
11,2,0,171.6969437880948,15.94464657629109,2228
11,3,0,173.9061696866531,16.17620318908246,2271
11,4,0,184.4102499248192,17.04820140343556,2407
11,5,0,178.1402882955055,16.45125975894746,2314
11,6,0,186.0467590956535,17.04051259406845,2414
11,7,0,182.5618515451909,16.92628793231949,2387
11,8,0,190.4265741658558,17.77357114898852,2461
11,9,0,189.3073956365027,72.01863119547724,2407
11,10,0,190.1385345213583,17.70040790491529,2462
11,11,0,185.4096019205301,17.25543434674524,2412
11,12,0,180.6458096989138,17.42290777639174,2336
11,13,0,180.5481652298972,15.5516995016168,2436
11,14,0,185.3157018592414,16.2850750852153,2480
11,15,0,185.804749695645,16.42952332529773,2482
11,16,0,190.3947684547096,87.61848457994158,2436
11,17,0,189.9804507886583,17.18278840012637,2501
11,18,0,184.9947121813138,17.31675206091934,2422
11,19,0,150.98379916429,58.34003684538045,1864
12,0,0,111.5743255948046,15.56158731411891,1417
12,1,0,152.0280755322662,18.18399030207234,1941
12,2,0,168.679144374002,16.94730078851927,2156
12,3,0,190.5570576238647,17.78933573762021,2436
12,4,0,185.3832278200736,34.31518622062448,2370
12,5,0,186.7235251136209,16.69663606467237,2457
12,6,0,186.4931903109809,21.31296089183384,2385
12,7,0,186.3603673257176,17.57679059146865,2388
12,8,0,183.241217369903,17.35557965485374,2361
12,9,0,185.1177950394798,17.39939213716499,2390
12,10,0,198.7968386750702,44.03410945287848,2491
12,11,0,194.4404881610728,36.59741779148963,2453
12,12,0,223.0255218514249,493.4711913314853,2438
12,13,0,185.6981008876166,17.05921165886083,2446
12,14,0,181.6697054787946,16.21701958127651,2402
12,15,0,193.3089057163551,18.39348553707417,2486
12,16,0,196.0536851218263,17.85589183220948,2595
12,17,0,179.2969830586152,16.16605553045262,2381
12,18,0,196.8557892753674,258.5031802514363,2382
12,19,0,141.7329956167398,13.26950620986748,1857
13,0,0,130.9768251062605,168.3748780129137,1503
13,1,0,150.5700469076838,14.37980139508341,1914
13,2,0,176.3315314299594,16.66944549059406,2265
13,3,0,183.4947693136911,27.08724807542277,2309
13,4,0,177.1063168549782,16.08493607013468,2301
13,5,0,190.0145695312721,18.21446577781339,2443
13,6,0,185.4859915153729,17.62356975245246,2410
13,7,0,187.2340770348839,42.75040655640261,2370
13,8,0,182.2096236591785,16.89758658654675,2363
13,9,0,188.0569097661664,16.97072503535454,2477
13,10,0,196.2282162497048,33.36210940036401,2475
13,11,0,186.7592460699474,17.16624091074257,2437
13,12,0,189.7237577767643,17.47667121356996,2510
13,13,0,195.4384435338904,28.87681322011207,2500
13,14,0,190.0282901081061,17.45714055358361,2503
13,15,0,186.940097004993,17.32258390589795,2433
13,16,0,204.2366668838578,315.4461706864206,2480
13,17,0,194.9638960832174,195.1714822581506,2412
13,18,0,187.413128032308,188.586692329287,2320
13,19,0,135.3830573580229,12.21100372815223,1796
14,0,0,115.767013535994,65.98210304735417,1373
14,1,0,148.6012939966319,14.88170720088931,1885
14,2,0,165.608763977426,15.2590003676674,2153
14,3,0,186.9402128051401,17.60478664695861,2389
14,4,0,181.3382345532451,16.91640920216657,2336
14,5,0,190.473266117356,17.8177342497457,2468
14,6,0,187.1913783753444,17.15661508077812,2433
14,7,0,189.9470230024941,18.38746107715002,2416
14,8,0,185.470179663521,18.38666220593712,2375
14,9,0,191.7614627622913,17.50674597845512,2527
14,10,0,190.6873404450659,17.47998064479379,2484
14,11,0,197.0190601968737,18.35628335155111,2558
14,12,0,187.5108070840848,17.70628419225016,2436
14,13,0,208.4713584268704,248.7924689804966,2458
14,14,0,185.4036077763061,17.01220272110869,2440
14,15,0,187.8214603243745,16.85883191974515,2480
14,16,0,205.9120898084727,134.0650055377128,2536
14,17,0,188.9810212438416,23.02424538707787,2462
14,18,0,178.4123289659972,16.52409071042069,2326
14,19,0,142.1291847706171,12.65655725830126,1893
15,0,0,111.7893133163075,10.44488597193466,1450
15,1,0,152.0312894473869,14.18021795690698,1956
15,2,0,172.5022189319436,16.08267710455175,2219
15,3,0,182.7097806331228,17.38777128861556,2333
15,4,0,188.760109828082,18.18874119142541,2411
15,5,0,179.7357419548905,16.28524758159379,2349
15,6,0,184.7622862762936,17.11836033659599,2386
15,7,0,182.06051996656,16.67497244229143,2387
15,8,0,191.140070246135,19.45321537265368,2458
15,9,0,191.0656499240925,47.74281192206951,2396
15,10,0,201.5129929531377,78.03239631536648,2503
15,11,0,188.3053119792662,16.9933155983311,2490
15,12,0,187.1290902598483,17.81384898272325,2421
15,13,0,181.7674868846146,18.86565718223567,2379
15,14,0,196.1251436673131,191.2573821556606,2416
15,15,0,191.1860920485396,17.92675086954271,2510
15,16,0,188.8877158834532,17.79723717928574,2447
15,17,0,186.5616266713275,16.53942132929264,2489
15,18,0,184.2436082311302,20.14042645156755,2388
15,19,0,137.8378752265955,12.71210382149002,1812
16,0,0,118.9643736411346,44.32208365674399,1459
16,1,0,147.5994891085747,13.86838431456428,1894
16,2,0,174.5875765161611,16.38624390004321,2243
16,3,0,176.4806960781869,16.35568811202096,2275
16,4,0,174.6637076506427,16.26646249414128,2264
16,5,0,186.2352190302694,17.1221988243878,2409
16,6,0,182.0216924676742,16.96277907405204,2354
16,7,0,192.3262936146366,28.25507156191792,2406
16,8,0,206.6488743242629,414.0256851973524,2440
16,9,0,191.5796751160391,75.81028270214638,2389
16,10,0,184.80042983142,17.72060588845907,2385
16,11,0,197.129358238163,49.29085406169023,2469
16,12,0,193.7374957133552,19.55885463164404,2489
16,13,0,186.6595269513647,17.54419245256477,2428
16,14,0,177.9760824634372,15.79242143314995,2356
16,15,0,187.9110734051289,17.28812276665157,2459
16,16,0,184.8517624585452,17.07347273509847,2422
16,17,0,197.7272410591157,34.79316769131233,2551
16,18,0,188.8009585662623,23.27296605619678,2439
16,19,0,133.9516766624311,12.6737039827948,1759
17,0,0,105.9547860726424,9.978644273964889,1358
17,1,0,142.5899041966907,13.23589341527547,1833
17,2,0,159.9236230319655,15.03750140380958,2037
17,3,0,180.426438572127,20.53667214192831,2270
17,4,0,174.5446549955689,16.64835483794904,2234
17,5,0,171.1315190922624,16.1201682147904,2193
17,6,0,179.2157857230296,16.90719575003247,2316
17,7,0,180.7017119636963,17.86482579130087,2290
17,8,0,171.0755161971634,15.63619789817775,2238
17,9,0,180.781146522481,16.69662678335777,2372
17,10,0,182.3636440270057,16.71425112609432,2384
17,11,0,176.4492541357477,15.75902685448253,2325
17,12,0,180.1910746710105,16.25921718656338,2376
17,13,0,186.7150881042834,19.96698105016181,2409
17,14,0,177.7232615720928,16.14742568874298,2333
17,15,0,186.8807537105275,20.17427956911804,2465
17,16,0,187.7498533282098,17.61044278960037,2480
17,17,0,192.7571502822748,75.22336026416258,2432
17,18,0,184.3319240048872,17.80297353493701,2380
17,19,0,141.2965785401796,12.84149511805831,1875
18,0,0,88.22653957401859,8.478570070957005,1141
18,1,0,125.3553880255297,11.55170508087554,1620
18,2,0,163.2851195897607,457.475131010602,1834
18,3,0,164.88045682052,56.59000739671783,1979
18,4,0,155.2799791939664,14.75645845958074,2004
18,5,0,157.5608970996472,14.7105449027759,2026
18,6,0,159.8522360993185,15.02726264135251,2071
18,7,0,162.6301488452118,24.26906813002071,2072
18,8,0,171.073639993853,48.29065299416393,2161
18,9,0,157.9003861007847,14.66591015219213,2071
18,10,0,156.5662528904164,14.78285184789501,2037
18,11,0,155.5616985071693,14.01372244776126,2058
18,12,0,165.6141930199073,15.86698768272585,2161
18,13,0,171.9833952069206,51.25162978501663,2127
18,14,0,181.3287466266518,103.9110449261286,2259
18,15,0,185.9684551135216,89.42312225213927,2272
18,16,0,176.9456354626094,16.76907182998465,2291
18,17,0,176.0780460474648,16.39447398790298,2291
18,18,0,171.9860230075925,16.08913198466538,2248
18,19,0,137.7924804325028,12.83494163059046,1792
19,0,0,68.61379310328557,6.361528106431343,894
19,1,0,101.5518263372388,39.94289637422229,1213
19,2,0,107.4785433018087,9.598695564305517,1412
19,3,0,113.5239089719793,10.81420031241763,1461
19,4,0,113.2105143165544,10.90170941343691,1485
19,5,0,116.9080624017495,10.78599379419193,1525
19,6,0,120.5722177294339,11.33497901384557,1548
19,7,0,130.262822730387,82.3197806061485,1559
19,8,0,128.7489569643299,68.37157117447177,1530
19,9,0,120.1004780121765,10.69897157382349,1576
19,10,0,119.1095788710157,11.30252393313765,1535
19,11,0,134.4504187606801,13.15921275768964,1719
19,12,0,125.5583668135158,12.07485612686552,1624
19,13,0,126.976921685922,12.96421594884337,1637
19,14,0,131.2748374478137,12.29778643524906,1720
19,15,0,126.1898385124233,11.44427981407339,1668
19,16,0,122.9599817882882,10.85909642831337,1644
19,17,0,133.6476681189957,41.33522851411335,1679
19,18,0,126.8853280931652,11.97392492565623,1671
19,19,0,102.5941938208148,9.387290094014846,1353
