# mesh name: boxMesh_1
# primitive scorer name: doseScorer
# iX, iY, iZ, total(value) [MeV], total(val^2), entry
0,0,0,67.596713787018,6.667705437164473,833
0,1,0,83.98116545147418,8.442733066497322,1022
0,2,0,91.59105747290097,8.540659804922774,1144
0,3,0,125.4412057178281,632.9692152050491,1278
0,4,0,112.4985483750556,48.32626193628042,1335
0,5,0,114.5933339478687,11.05326807699577,1427
0,6,0,112.4123954592953,10.7592301043397,1412
0,7,0,113.1175470498044,10.90186582195871,1426
0,8,0,110.4498399344763,10.5618655675245,1400
0,9,0,118.2349088085134,34.63236604380801,1442
0,10,0,113.2743551292194,11.67936356941996,1438
0,11,0,109.9550654249711,10.21110685573853,1402
0,12,0,115.5854089398343,11.7570400337833,1452
0,13,0,107.7899681230214,10.12500738607379,1388
0,14,0,117.967570557725,11.60637743805232,1483
0,15,0,113.437373404752,11.0976469851026,1433
0,16,0,110.6300705671433,10.54800794948099,1410
0,17,0,108.6865036243087,9.794235844830817,1418
0,18,0,96.08490831840088,9.291078104901093,1229
0,19,0,70.44645830986802,6.198517084036244,936
1,0,0,82.73572314206122,7.843338232849987,1038
1,1,0,102.8073852417861,10.11298841747492,1269
1,2,0,129.6883692234454,32.39986652122688,1577
1,3,0,134.2023669706713,13.13804652060571,1663
1,4,0,141.2322571820403,13.80442934550649,1753
1,5,0,137.99517349099,13.09179635804894,1740
1,6,0,145.7778704550347,19.07012160660635,1788
1,7,0,150.6177882397506,14.79433285749907,1868
1,8,0,149.325095635398,33.42563396082168,1854
1,9,0,147.0637920890981,14.02371867846723,1870
1,10,0,149.4025017190561,14.07933024573002,1908
1,11,0,140.3607433150455,13.38298418520291,1777
1,12,0,157.0267479985955,16.08409699835989,1943
1,13,0,166.2119421774657,587.3009217505662,1833
1,14,0,142.3180999598819,13.49223364201707,1811
1,15,0,147.7786252323153,14.10718464830402,1886
1,16,0,148.253733050653,94.0041645605273,1784
1,17,0,145.0387601853092,13.27601957750438,1866
1,18,0,127.3417286944147,11.94407470478725,1635
1,19,0,96.45258704146818,9.415755481468004,1233
2,0,0,98.06144495138152,20.39247800793167,1173
2,1,0,126.6510044872307,12.60490180359571,1559
2,2,0,147.7484981729958,43.97960210281832,1728
2,3,0,161.0916485230197,38.15811849793104,1968
2,4,0,158.1743576475316,14.4942879712011,2003
2,5,0,166.7467512933044,15.98825058217246,2098
2,6,0,167.8152538680349,15.72853825931877,2120
2,7,0,162.8040860597567,15.74271585586499,2034
2,8,0,175.249010200926,16.79640806465659,2202
2,9,0,168.7321112819939,15.80072980393701,2133
2,10,0,170.0189192239081,15.52323388142601,2190
2,11,0,172.3735502885331,16.38481994437312,2177
2,12,0,175.4237820550098,21.24450745838989,2189
2,13,0,167.1254870602586,20.07458687595568,2096
2,14,0,177.8182108116693,23.13756649771588,2254
2,15,0,168.7038322105381,17.16319485285935,2110
2,16,0,168.2605458240455,15.49415421487619,2163
2,17,0,151.1306565466027,13.35905957030328,1992
2,18,0,152.5579205936473,43.45430307275124,1883
2,19,0,114.6549457944043,41.66096435346481,1416
3,0,0,104.3058661013276,19.00018645839232,1260
3,1,0,132.5576535985221,12.57971047087286,1667
3,2,0,153.4257513260123,15.10979131171055,1886
3,3,0,166.2315389670305,15.69167967504569,2084
3,4,0,178.4153094544658,17.10156429745282,2218
3,5,0,167.6576164436113,15.49048964198503,2133
3,6,0,180.9818448468953,69.14196328921088,2176
3,7,0,199.9477664254221,480.8806321788325,2245
3,8,0,176.551473431725,17.25281595290591,2211
3,9,0,178.7390868828852,17.18544880321377,2261
3,10,0,177.0982406746678,16.76557944751483,2241
3,11,0,183.5593384792069,42.8986267815051,2246
3,12,0,181.8165269028767,17.26455533401429,2320
3,13,0,181.2348998323739,16.90668433226372,2325
3,14,0,182.9980499922936,16.76338398256538,2384
3,15,0,187.9581056296167,28.60954284917398,2340
3,16,0,184.8028456304179,17.3135056590176,2383
3,17,0,165.0360059121233,20.78980209171483,2126
3,18,0,156.001352350827,13.95617520573936,2040
3,19,0,118.3938613456869,11.3131123845273,1515
4,0,0,108.2424721161353,13.40867437351763,1334
4,1,0,154.157774282468,319.5631888951207,1682
4,2,0,153.1319959415643,15.24850444810006,1897
4,3,0,162.9913389850855,15.56036827388845,2041
4,4,0,184.2333123014363,18.04134664973785,2292
4,5,0,202.310017907716,301.406128272889,2214
4,6,0,182.9999422815338,17.30285887500739,2307
4,7,0,181.7424557071976,19.12504183638979,2287
4,8,0,182.4959376290141,30.64705786746673,2286
4,9,0,186.1495317862545,21.02768161171809,2333
4,10,0,179.2433577569766,16.36315409141935,2308
4,11,0,180.6933386937092,17.75760770404661,2257
4,12,0,174.7963525766402,15.99687544196928,2254
4,13,0,186.7886083208052,17.79679104776473,2371
4,14,0,179.4068011671008,16.31491419723797,2324
4,15,0,181.8518935278784,16.80055941027724,2349
4,16,0,182.9020737767062,17.03289618868775,2349
4,17,0,177.9734266506889,17.2293962620223,2263
4,18,0,158.1902922162869,55.64525039735184,1922
4,19,0,113.698905480393,10.22873510590992,1492
5,0,0,117.0465597315093,84.80587443098305,1358
5,1,0,138.139568364706,13.56335671991031,1718
5,2,0,167.9445042883961,16.24929650771543,2105
5,3,0,181.894544959966,35.32386041152419,2206
5,4,0,198.2740787993319,261.3446246503304,2179
5,5,0,177.3287578884851,16.545181142494,2262
5,6,0,197.4686514627286,47.51578542169148,2429
5,7,0,181.5607733527099,68.24585745195624,2206
5,8,0,197.3896202578447,18.91847480547719,2483
5,9,0,182.3819451845522,17.30653846253925,2313
5,10,0,185.4649934901823,18.36947058439726,2339
5,11,0,178.5900370805267,25.23764470904378,2255
5,12,0,190.9055215574562,20.94022012326828,2404
5,13,0,178.8907456040657,16.78608748697879,2291
5,14,0,180.4521816046097,16.97277845237624,2311
5,15,0,186.7877680013856,17.76757159460917,2388
5,16,0,194.6907679618433,35.00103677277368,2397
5,17,0,175.5652483121155,29.27660048260429,2205
5,18,0,158.1938826405797,14.70096011226006,2043
5,19,0,121.7817576152433,15.64282362513993,1546
6,0,0,107.336186440338,10.56986181181661,1315
6,1,0,139.0970392376172,24.37267892767001,1671
6,2,0,167.9719141253498,20.93911284979968,2060
6,3,0,174.3820137194958,17.16253853882272,2169
6,4,0,179.4802210022553,28.78010364480551,2216
6,5,0,185.3225569888155,17.93217554100237,2333
6,6,0,181.6076890284296,17.25475123935255,2300
6,7,0,185.9268038243514,17.62377193215722,2333
6,8,0,193.6603884568451,26.29594473298376,2379
6,9,0,219.3526161297,778.1490766351438,2413
6,10,0,202.2147125616452,436.3827856306607,2289
6,11,0,206.633584923446,203.4280741363026,2341
6,12,0,188.0365832663809,17.50312697336578,2405
6,13,0,191.0841229548443,17.94700149798927,2449
6,14,0,188.0377979087529,18.26346612678623,2367
6,15,0,187.0495250067318,31.16794766624163,2375
6,16,0,183.7893138458981,16.97003708672329,2373
6,17,0,200.7330018807362,520.5135042024931,2296
6,18,0,163.7924199839756,15.82740252116963,2104
6,19,0,117.7546955866738,11.37956737067545,1511
7,0,0,107.437014959596,10.3718568383741,1343
7,1,0,134.9236470451318,12.50559007476374,1704
7,2,0,165.2671295365024,15.42851872982399,2097
7,3,0,185.7611796584234,18.36184977468756,2294
7,4,0,206.184761381371,349.1280509294119,2292
7,5,0,191.279118692153,85.39828867008958,2289
7,6,0,184.7675525115858,17.31278757152232,2356
7,7,0,181.4455819269968,16.80768408703639,2306
7,8,0,188.7946437469058,19.59837582530164,2365
7,9,0,188.6149084122085,17.80093376155447,2397
7,10,0,186.434330173808,17.76887730997225,2369
7,11,0,183.4601037853467,83.55807061432974,2214
7,12,0,197.0956976795471,50.59059166676945,2476
7,13,0,185.0345984538418,17.21154652245859,2381
7,14,0,190.7367492452352,18.50133193992896,2400
7,15,0,182.9380076600074,20.71291854497733,2338
7,16,0,181.8574513193653,17.25607532567991,2351
7,17,0,177.9603025478387,16.90748686205482,2276
7,18,0,185.2280427653255,936.2488107144285,1992
7,19,0,118.0027093893207,10.90876992246678,1524
8,0,0,104.1922964901836,9.932726968819935,1310
8,1,0,134.1658209681847,12.7772958662443,1671
8,2,0,160.1101236211266,15.05324955491691,2003
8,3,0,189.9918444349271,30.02537209990148,2351
8,4,0,218.6999908935985,1433.359461559925,2218
8,5,0,194.3958566406814,140.4657578427505,2229
8,6,0,178.3421032017501,17.41835145612822,2220
8,7,0,187.8443869804088,18.9906574064341,2303
8,8,0,188.1014870329737,28.43862834736358,2350
8,9,0,188.1463098854529,19.33157431760551,2389
8,10,0,213.1041378997483,227.0437211736765,2398
8,11,0,185.741861905235,17.65551704350676,2358
8,12,0,181.163360060656,26.11545564220756,2303
8,13,0,189.0467096825794,69.19083841851493,2334
8,14,0,193.8932527436908,101.6477821829119,2377
8,15,0,203.2963751911953,255.9716982983588,2400
8,16,0,184.4201631090065,39.71592380221001,2299
8,17,0,183.7311737554578,54.76707194325461,2306
8,18,0,158.9825448561716,15.51513519412568,1997
8,19,0,119.8058659614883,11.49107934305998,1518
9,0,0,109.3936780661132,12.53972244732602,1337
9,1,0,144.8875312328099,15.85095221345981,1763
9,2,0,164.9211433824122,16.07433205920655,2053
9,3,0,172.483579592864,20.2073950708535,2152
9,4,0,182.729753823158,16.87826509376771,2311
9,5,0,189.3776246006327,34.89932384590704,2320
9,6,0,184.9342175731308,17.64308805381323,2323
9,7,0,183.4530704033102,17.57748681444703,2304
9,8,0,188.0761717293279,17.73234445811743,2374
9,9,0,188.128933510832,18.36503125781615,2346
9,10,0,206.2854339307419,585.6338761575098,2328
9,11,0,200.8386356594952,258.4078836515019,2332
9,12,0,187.7657131904591,17.38046967380336,2410
9,13,0,188.2654289491103,65.30029943376709,2326
9,14,0,199.5166988413236,170.7186001901087,2338
9,15,0,182.8389044410013,19.3517279002681,2316
9,16,0,178.3765456622563,16.33952572301969,2309
9,17,0,186.7792305400628,17.33746715215164,2399
9,18,0,156.7239003020199,22.06532830177791,1960
9,19,0,142.7594957362298,1118.023028322239,1430
10,0,0,115.6327292177377,72.31473750191181,1316
10,1,0,140.1694515314076,13.37377603363765,1755
10,2,0,164.1684719138268,16.5307430775528,2024
10,3,0,182.0269086094045,115.0087851486684,2136
10,4,0,185.3282067654076,17.98244029178559,2319
10,5,0,185.5378073338472,35.10863388775795,2289
10,6,0,184.2713162802065,17.22258912931942,2325
10,7,0,182.0235280704094,17.20265544980807,2294
10,8,0,186.8341742473708,27.50455179000204,2326
10,9,0,185.0206974418898,17.54723311602757,2349
10,10,0,194.5678344695831,18.59085721165546,2452
10,11,0,188.5002567500402,18.11325511591326,2368
10,12,0,187.4553639985215,28.82081128653505,2358
10,13,0,184.8728474936887,17.7514449787512,2342
10,14,0,185.0533189183839,17.68315564897196,2360
10,15,0,192.9486109929252,36.43968989647313,2433
10,16,0,183.5669595136273,17.44857194980048,2351
10,17,0,172.6617869128936,18.05315695698505,2209
10,18,0,156.7396193822449,14.6272230022857,2012
10,19,0,121.0421439465383,11.43094877431352,1550
11,0,0,112.8934799300992,146.6519290015937,1295
11,1,0,135.406933827228,12.69210138467946,1698
11,2,0,154.6173558114957,14.4650169546252,1929
11,3,0,170.6443364830195,16.24216032912363,2143
11,4,0,198.3574388822208,184.9476500735553,2320
11,5,0,186.6243381673624,27.04993460575383,2308
11,6,0,182.0180551540475,17.69114814090479,2286
11,7,0,191.3641959687504,18.31043187110124,2392
11,8,0,194.4542361081162,18.99436691129172,2420
11,9,0,179.5369172860699,16.48628817916569,2310
11,10,0,191.0915744117771,20.33125113950825,2369
11,11,0,185.9052419728776,17.4757736400189,2371
11,12,0,183.1234835974257,17.98993065085562,2302
11,13,0,184.3293924992254,17.90963694347973,2327
11,14,0,189.2314111624951,18.14581496968377,2387
11,15,0,186.006716759232,22.81108816801834,2388
11,16,0,182.2000215118004,17.18062294890022,2336
11,17,0,178.8483464726332,21.35844844610038,2263
11,18,0,157.9441130785273,33.19452601370477,1972
11,19,0,119.1806536653136,11.09187315952276,1541
12,0,0,99.48027313755388,9.590117874509049,1245
12,1,0,135.5559325150308,12.78560961256843,1706
12,2,0,157.9130689501324,15.7612668211432,1934
12,3,0,172.17923850167,17.65239239981095,2153
12,4,0,220.1184211261397,1085.525272803843,2282
12,5,0,194.2357134948049,129.9280238704942,2309
12,6,0,182.4712129547532,17.55575409185158,2288
12,7,0,182.2955513131807,17.7529795831455,2277
12,8,0,193.8892857512186,35.3142689749656,2389
12,9,0,188.0371950754573,17.96380571121964,2385
12,10,0,196.1654043176353,28.98692223614713,2451
12,11,0,188.816534344215,17.7349620145261,2414
12,12,0,183.9311475055145,18.42698315481422,2342
12,13,0,174.5202472067188,16.11390969501032,2259
12,14,0,198.1882437055953,49.73255048214638,2440
12,15,0,186.5980944798688,17.77325596583728,2372
12,16,0,178.1314183150678,16.72167712174009,2278
12,17,0,174.2891808768997,16.07552049677041,2263
12,18,0,169.4601823290447,53.17381817908739,2073
12,19,0,116.7319153225137,11.30282493397729,1482
13,0,0,117.3573358212234,25.98704831293098,1403
13,1,0,140.2975926396236,13.85798398294403,1727
13,2,0,156.2304568200872,15.26980131742316,1938
13,3,0,171.2233869640567,16.65890613314201,2129
13,4,0,175.2900920634085,16.71755450408005,2182
13,5,0,181.2652939517641,16.87859069282028,2313
13,6,0,182.2498946591872,17.25017742807279,2309
13,7,0,202.5489316186764,288.5511653618921,2271
13,8,0,188.8163909427533,26.35321166061645,2339
13,9,0,191.0804052998482,18.25069820432175,2428
13,10,0,186.2201593274366,18.93708233161511,2348
13,11,0,188.8746001268757,17.88396256585095,2409
13,12,0,188.1537508485987,21.11566941609541,2375
13,13,0,192.5012165088144,28.15825769118253,2441
13,14,0,183.3300134276463,17.22970700220824,2331
13,15,0,184.3912790363306,17.46801847299774,2346
13,16,0,181.9533928990155,16.48525785807321,2355
13,17,0,165.3993988285726,15.51691257068006,2124
13,18,0,158.0878888702061,14.9391126178911,2032
13,19,0,112.9936912362491,10.39219519645325,1476
14,0,0,103.0924204278901,9.745528413992927,1294
14,1,0,138.2440327160462,13.11865141433103,1745
14,2,0,160.6495562112408,16.17581481207476,1999
14,3,0,166.776218112555,15.75498415859286,2112
14,4,0,172.3934347510442,16.79656437556297,2136
14,5,0,176.930016655574,17.06057788672333,2228
14,6,0,190.8137607942273,102.4967961151642,2279
14,7,0,187.2177197265162,58.26164899474651,2224
14,8,0,186.3735932854292,39.68891001784106,2303
14,9,0,189.7656725393713,68.89846289819796,2313
14,10,0,181.6200519156754,16.46473761178723,2353
14,11,0,186.5417884282124,17.50444540234226,2370
14,12,0,193.1291455773941,106.1818422552943,2330
14,13,0,182.9298005591887,16.95955517120699,2356
14,14,0,188.1913113142409,17.34228940133583,2430
14,15,0,182.9688977541219,17.4842145804366,2319
14,16,0,194.826880286424,252.8541130215813,2302
14,17,0,195.5075034739822,561.0586173842943,2197
14,18,0,156.6546262512402,14.30768307133996,2048
14,19,0,116.9125325457414,10.88067982759227,1524
15,0,0,106.0184825862701,10.32168605297177,1311
15,1,0,136.2206371079201,13.50358488592684,1678
15,2,0,156.1865837265604,14.77261238324595,1971
15,3,0,168.8029256116312,15.74721152752844,2132
15,4,0,184.2888885512239,184.1681576298535,2184
15,5,0,175.6953666958324,16.86948732531738,2205
15,6,0,182.1778347364477,17.94264356001595,2254
15,7,0,182.1464460085644,24.04377374874994,2233
15,8,0,181.0084236547274,16.82120697170107,2308
15,9,0,183.24861187092,17.51331079264311,2310
15,10,0,179.879237780463,24.22195969766957,2230
15,11,0,184.1138767389383,17.04184775913431,2357
15,12,0,195.7072700531022,313.9655081957532,2265
15,13,0,190.1353004380712,67.14274053793494,2316
15,14,0,182.1018128589699,16.91385982156575,2330
15,15,0,187.431224709678,17.59439644315862,2392
15,16,0,202.7076299991499,279.4172892886769,2357
15,17,0,171.7162172045669,16.13615254470703,2202
15,18,0,158.042800150131,15.23786134186479,2012
15,19,0,119.2270312077719,11.24209612700654,1537
16,0,0,100.8244706169445,9.379621465303533,1263
16,1,0,148.9925674946609,101.5579317164837,1703
16,2,0,156.8840359726964,15.15907671365455,1953
16,3,0,164.2349659228647,16.19651777715234,2032
16,4,0,166.548160465532,15.81250874805026,2093
16,5,0,174.9137204624263,17.29104143712044,2161
16,6,0,184.1375660527893,17.8882352713806,2291
16,7,0,178.8386259670482,16.59444379683593,2270
16,8,0,172.4203476190149,16.0491284817845,2201
16,9,0,177.1013519930472,17.13161841992745,2225
16,10,0,191.7305333280147,199.8876049475241,2248
16,11,0,185.3007346586226,17.90312238025804,2322
16,12,0,188.0641054906903,25.64504609449973,2353
16,13,0,181.8997147318787,17.7283547700581,2298
16,14,0,188.4546714108126,42.01761539825658,2329
16,15,0,182.6760624460728,17.43622655773709,2350
16,16,0,191.9021999975107,227.2040571153933,2281
16,17,0,166.3635328769197,20.44641722291347,2114
16,18,0,151.5257947648227,13.89623152797807,1966
16,19,0,113.490879871412,10.49663844606467,1471
17,0,0,93.7026740187557,9.073396535374517,1157
17,1,0,120.1659923602648,11.6274765994348,1481
17,2,0,149.8130850666707,14.53032828427395,1871
17,3,0,167.8662100437778,385.9729504559731,1877
17,4,0,160.5090788883702,15.40262139793806,2006
17,5,0,165.471473258794,46.65646658869947,2014
17,6,0,173.3543730709788,128.8073654389158,2043
17,7,0,175.8492864899468,81.3781460947575,2098
17,8,0,172.1722821746548,115.586401164856,2040
17,9,0,163.9917496599001,15.16360310018015,2098
17,10,0,166.3232538327991,15.7369618324178,2120
17,11,0,166.5642369000983,15.62160876095622,2131
17,12,0,162.1306808570529,15.56951464801239,2069
17,13,0,173.4906831814959,15.95202513893496,2233
17,14,0,165.287820607719,15.58626113322087,2101
17,15,0,169.1531992087449,16.44567668596331,2153
17,16,0,168.2159164903199,15.50897229516129,2191
17,17,0,164.7603780737997,16.55318527243214,2102
17,18,0,150.0671611070949,27.64376777595504,1831
17,19,0,113.8405354779909,19.49446962005432,1442
18,0,0,79.76179997360497,7.812886877134354,979
18,1,0,106.8707154375917,10.50096727862179,1334
18,2,0,136.0511786348574,107.845178043897,1563
18,3,0,154.9337760913127,259.4608814553942,1688
18,4,0,145.0140257817683,14.19546481536056,1789
18,5,0,143.5717733615842,13.66379609817474,1801
18,6,0,142.9825102478576,13.89698235146339,1792
18,7,0,140.3947675615373,12.90405204091371,1796
18,8,0,149.2082825966433,14.32424550572349,1873
18,9,0,141.9830222591606,13.23403124312271,1812
18,10,0,143.8115595086948,13.84126814195452,1818
18,11,0,144.9351784267534,13.32854284253709,1869
18,12,0,147.0184312153928,13.88530548617659,1867
18,13,0,150.214757329795,14.82822172438282,1879
18,14,0,154.5230869675991,14.34659124978645,1993
18,15,0,155.4555188915356,65.6999914461023,1872
18,16,0,145.9370401799112,14.09012361543332,1869
18,17,0,148.8222287745844,61.79226951310844,1802
18,18,0,123.5038133986783,11.51862490420173,1591
18,19,0,97.15976725719418,9.107559386248631,1239
19,0,0,64.08164538154551,5.919145400120614,810
19,1,0,81.07533952174417,7.492393004894093,1024
19,2,0,94.94111258178752,9.304022795772529,1171
19,3,0,106.126283562815,10.14124554329269,1333
19,4,0,112.6860637821301,10.67799357061902,1415
19,5,0,105.8186128072851,9.67299104358219,1348
19,6,0,113.7151439523337,40.41285614078444,1374
19,7,0,114.569617560685,11.36657796309633,1419
19,8,0,112.0766290273213,10.59241697256726,1430
19,9,0,109.2597026644931,10.62051173793298,1354
19,10,0,114.8416350587353,10.75991312589266,1462
19,11,0,111.1827266231923,10.59137316990492,1419
19,12,0,108.7377475919065,10.39665435556588,1384
19,13,0,109.4373735073994,10.43603486517029,1392
19,14,0,125.0287474072596,18.95992993886631,1526
19,15,0,115.7605426510784,10.73025908626371,1504
19,16,0,114.0136964450269,10.95178960285312,1454
19,17,0,106.804901977743,9.819616648401704,1377
19,18,0,94.41881388948894,8.911167033156184,1224
19,19,0,71.83733376801359,6.482816949702445,939
