# mesh name: boxMesh_1
# primitive scorer name: doseScorer
# iX, iY, iZ, total(value) [MeV], total(val^2), entry
0,0,0,79.0600738794132,7.533551389334582,1023
0,1,0,102.9888786774623,9.673925438749116,1334
0,2,0,118.8677675553528,10.69891747330649,1565
0,3,0,125.117150455031,11.58542205791612,1632
0,4,0,120.3019822405812,10.88475988414261,1584
0,5,0,118.6915599459747,11.060868854461,1551
0,6,0,128.9944303630563,12.75756374808256,1650
0,7,0,122.2970433333973,10.63742444441735,1628
0,8,0,117.3430627185701,10.86985513961397,1532
0,9,0,127.2047743026361,55.9643830249676,1590
0,10,0,143.3913470040727,265.304587899224,1645
0,11,0,122.4193034007744,11.41879798183786,1596
0,12,0,126.7068426482632,11.77855794397939,1661
0,13,0,121.7313664749076,10.99660269479667,1611
0,14,0,130.4799604342095,12.23632503651935,1708
0,15,0,118.4357583519606,10.70659845890874,1575
0,16,0,142.9579022255822,272.5303596887632,1652
0,17,0,120.4205516883188,11.12188059444973,1577
0,18,0,114.9521113284497,10.98877951693763,1480
0,19,0,83.28779797012082,7.669595687114191,1088
1,0,0,114.2397989463428,74.82783818050329,1381
1,1,0,147.0235221739662,14.08681140842423,1889
1,2,0,165.6605822772721,143.7802946175963,2015
1,3,0,164.0246876299184,15.38001872557776,2133
1,4,0,166.7745042203013,19.7792656385576,2135
1,5,0,174.2828212325859,39.50064832831553,2205
1,6,0,164.9525256671835,14.72705089525421,2167
1,7,0,163.2250107721779,14.90649940518263,2135
1,8,0,168.3226809526438,15.80551803705715,2184
1,9,0,178.2212949840455,140.2389243357378,2196
1,10,0,173.4536373912728,16.53957888050257,2235
1,11,0,164.7050400128819,15.22978688783326,2163
1,12,0,169.4518371498479,15.65761256658156,2196
1,13,0,163.6346177138123,14.61329978228058,2175
1,14,0,169.2666286426644,15.09942991984459,2241
1,15,0,161.6658950419542,14.56941978614726,2141
1,16,0,177.9331843396993,109.2937124381437,2180
1,17,0,169.0196183794389,15.51443079343459,2212
1,18,0,153.6939205271212,14.2859312614725,2014
1,19,0,116.0567006496595,53.96522787827458,1418
2,0,0,116.2734581721153,10.65986689962559,1513
2,1,0,160.2787159600602,14.89419016049435,2080
2,2,0,161.6326811150902,18.27958533030853,2099
2,3,0,185.3573971065701,17.28529268535576,2430
2,4,0,178.0430778727182,15.98518451227163,2346
2,5,0,184.3651761204683,21.69224938747438,2359
2,6,0,181.8837159314205,16.92147812974597,2359
2,7,0,195.5470963756047,90.13185802276159,2444
2,8,0,214.9828359723142,1027.693232016064,2405
2,9,0,178.3676343905094,16.92331475777178,2301
2,10,0,190.6241395495878,57.38444991991188,2407
2,11,0,208.6362162881303,487.3553481019393,2392
2,12,0,197.1873572307254,36.02166334812138,2501
2,13,0,191.5927148071254,50.70104700011934,2441
2,14,0,184.9386706658739,16.989012620284,2409
2,15,0,187.3979340255103,17.56380982516265,2425
2,16,0,176.0643560121185,16.95620994524724,2285
2,17,0,181.3660261917817,16.79762571473407,2383
2,18,0,158.0635138682237,14.6906696697903,2081
2,19,0,145.8738935989891,746.6903323468242,1557
3,0,0,117.108604421643,10.56084436211411,1536
3,1,0,160.6352487153445,15.50291353681984,2070
3,2,0,183.8854457506532,22.39471897525374,2325
3,3,0,178.2120249895526,15.81048152864779,2358
3,4,0,188.5913178650636,19.35841260597023,2453
3,5,0,194.8560923557597,18.72078051648558,2510
3,6,0,183.1005674581347,17.2959833529373,2375
3,7,0,187.579984333113,17.58093829387579,2429
3,8,0,193.521821927734,19.49893547175706,2502
3,9,0,193.6481944015853,71.99706219806896,2440
3,10,0,204.4412763937186,124.2852577770036,2480
3,11,0,186.9027467099758,17.88058852981291,2451
3,12,0,183.2088721127024,17.13670311585535,2409
3,13,0,185.6435512172355,16.57751449106308,2452
3,14,0,209.118639446692,802.1929091116538,2389
3,15,0,185.4287336276269,16.61870174470865,2456
3,16,0,203.583199031826,70.19086281168923,2508
3,17,0,178.729201127071,16.32192315431168,2354
3,18,0,177.1409322567695,23.05688912353066,2261
3,19,0,129.3125324005841,21.64838867954207,1630
4,0,0,121.1497540495819,28.19646407286341,1534
4,1,0,163.0293001422101,23.66560809251441,2129
4,2,0,184.7529134693512,22.94661107961036,2378
4,3,0,184.4340399624832,16.98286048826327,2417
4,4,0,188.1677869617191,40.91310017829628,2407
4,5,0,189.4282042530296,23.61420928514956,2463
4,6,0,191.0789287829245,53.62636752131563,2431
4,7,0,208.6545853586557,331.8136825807616,2376
4,8,0,204.5936421064672,95.48934636381586,2503
4,9,0,186.5498422192548,16.72408481337512,2469
4,10,0,189.5352593501434,17.52072618762854,2468
4,11,0,195.9423829683408,41.87562224366218,2445
4,12,0,203.7490966711194,36.70080092910765,2551
4,13,0,185.2009421397587,17.19453947313078,2405
4,14,0,182.2660025603672,24.77501917125079,2346
4,15,0,190.8340563241358,17.2680664734815,2525
4,16,0,199.8157955326497,86.00629534005216,2483
4,17,0,187.4775473844148,24.96708403379551,2402
4,18,0,164.1337955761063,15.83890118912448,2150
4,19,0,130.7490436973597,12.20619562964166,1700
5,0,0,120.139420566575,10.7084229587219,1592
5,1,0,166.2803477309965,15.99291232640148,2133
5,2,0,196.5463235795342,58.84310752259083,2402
5,3,0,198.8806452191216,82.9891074948917,2442
5,4,0,192.1478439121013,48.13796091534273,2428
5,5,0,189.2212459798191,17.55547762274648,2463
5,6,0,188.7840947271191,17.44638386044137,2456
5,7,0,190.8169918532449,17.99072459533696,2470
5,8,0,188.8679740427786,17.99327270982362,2435
5,9,0,181.1956187154579,16.14275595653976,2409
5,10,0,201.6649043308782,88.73853161229566,2452
5,11,0,188.606621200117,19.27628487919306,2457
5,12,0,191.3675127723587,55.98181398856786,2419
5,13,0,197.0141268032906,55.38515612897765,2426
5,14,0,203.176189320795,239.8041709131797,2465
5,15,0,188.2608761381596,46.60016828968589,2424
5,16,0,195.4742055406656,18.90357718749813,2496
5,17,0,185.8111119251084,17.98186021754791,2404
5,18,0,166.4705249178465,15.43652705296388,2175
5,19,0,135.8565407509513,12.94355369715667,1744
6,0,0,134.187524163137,190.7554916755282,1604
6,1,0,168.864860642311,16.4330999425251,2141
6,2,0,183.144519770737,39.74250973336903,2328
6,3,0,190.0215014604704,24.15263864364364,2424
6,4,0,191.4230031137852,18.18549177942555,2479
6,5,0,182.8325867762071,17.60873861394313,2356
6,6,0,188.7006064956325,17.25020603991734,2481
6,7,0,186.1254769383166,17.9889076872748,2434
6,8,0,191.3943317976125,17.53829417268932,2511
6,9,0,181.16280616726,16.5341762734568,2384
6,10,0,191.9961856923149,17.19964158872698,2540
6,11,0,185.547416366703,17.01659499179162,2439
6,12,0,188.1473612214708,17.49444968493678,2475
6,13,0,209.3721708859264,449.7871940682973,2440
6,14,0,184.8595355718322,17.07367019015365,2418
6,15,0,188.8740054418938,17.80580042665058,2448
6,16,0,190.234858486318,17.6371444135867,2492
6,17,0,222.6641085638768,1200.720985014518,2400
6,18,0,162.9966390832155,14.64582442864284,2163
6,19,0,124.7907710301224,11.5264481964884,1633
7,0,0,122.2161720465357,14.23726680570276,1561
7,1,0,159.3588289624684,14.36961765015374,2106
7,2,0,182.6559271141006,16.76408923282002,2391
7,3,0,180.181812002003,16.42400973026019,2373
7,4,0,186.5362570728898,17.04706856805337,2450
7,5,0,181.7289240334967,16.20275699226092,2416
7,6,0,188.0383162679934,16.9328219412073,2487
7,7,0,181.1428757484045,16.29888090343799,2408
7,8,0,191.5833812663597,17.46011332590972,2509
7,9,0,186.5483306612566,20.92735654428542,2406
7,10,0,190.0741118518981,17.41861066636433,2487
7,11,0,189.7315836702399,154.2786222595178,2358
7,12,0,183.62801112739,16.83440783766985,2422
7,13,0,190.1026073506276,17.84462643802487,2477
7,14,0,188.1215242888954,28.77069659344549,2426
7,15,0,194.8055003359804,19.53920861282496,2517
7,16,0,193.2627081358339,33.05977510571779,2462
7,17,0,183.5153486628109,16.35483488241538,2453
7,18,0,170.34674667941,15.94514194899952,2210
7,19,0,121.1208735035202,11.32510510097125,1582
8,0,0,119.6774826085093,11.64570954931413,1538
8,1,0,163.671430296707,14.66789849663284,2170
8,2,0,188.4228724708107,105.7033546312985,2366
8,3,0,187.5844485753012,18.18526696968284,2429
8,4,0,198.082563940569,18.50653277581444,2579
8,5,0,213.9161953914401,375.2681761611948,2489
8,6,0,194.9914644370062,42.33139584210257,2486
8,7,0,186.0067345389473,17.16380146874806,2433
8,8,0,184.8676116045383,16.67502562490095,2441
8,9,0,205.7774516566189,267.2504644401125,2482
8,10,0,188.1870425853468,16.82117352152724,2506
8,11,0,182.7797916389592,17.26965635594079,2377
8,12,0,183.7823592445611,16.57193527493543,2418
8,13,0,190.539865049211,17.65212728989203,2487
8,14,0,178.4981444036132,15.97619452916008,2366
8,15,0,193.6616174789006,46.20099682289136,2427
8,16,0,200.5258090606331,189.2093224006526,2420
8,17,0,191.8404241942723,18.10155216023968,2504
8,18,0,171.3513879703547,15.7211360847841,2259
8,19,0,124.8554393121017,11.48969358112608,1637
9,0,0,120.0203753302987,11.09160767905347,1572
9,1,0,177.1711365219186,235.5611793116969,2046
9,2,0,185.5642329493799,17.14011455105611,2436
9,3,0,190.5816664146965,17.37357182413075,2492
9,4,0,188.5868900054189,27.25803874202838,2423
9,5,0,192.5813174395235,18.26279109404073,2470
9,6,0,184.2134700076768,24.42368108529163,2391
9,7,0,186.1117430591203,38.45442075315231,2392
9,8,0,194.6535858751457,18.54374861302705,2526
9,9,0,196.7129180967338,72.55145119883733,2460
9,10,0,190.3239646572319,17.64259452220636,2488
9,11,0,206.9546315847376,143.1226784915528,2413
9,12,0,186.9582174081215,16.83054902221061,2472
9,13,0,182.7068502924499,16.44061414639741,2452
9,14,0,197.9512979600049,29.12558304690862,2531
9,15,0,199.8612211775676,131.6364049463661,2423
9,16,0,207.9908299483347,165.6858175693413,2511
9,17,0,187.2997373202919,17.56822929163664,2434
9,18,0,163.6623326450283,14.6532140869574,2165
9,19,0,141.3770289861889,101.7890326210594,1706
10,0,0,118.1606703565671,10.55311870125954,1567
10,1,0,180.2099884685113,500.110559343645,2085
10,2,0,180.0288389012239,16.60221589002073,2367
10,3,0,192.6324656229122,163.0147126028933,2385
10,4,0,185.5259798811522,33.01370550928243,2403
10,5,0,189.3822221362121,16.98110514596399,2504
10,6,0,184.1035286091935,17.10667072134191,2429
10,7,0,195.0146777869369,21.04556378322796,2521
10,8,0,178.7267224114371,15.89074907643858,2386
10,9,0,190.6225740035185,19.82636760232696,2433
10,10,0,189.7638920050791,17.20850600155735,2508
10,11,0,195.0867485394582,22.6612874191234,2536
10,12,0,196.7158102793748,21.23116649661911,2559
10,13,0,192.0961273653802,27.68084467744463,2471
10,14,0,188.076294256503,16.94692021596838,2475
10,15,0,198.0443181180259,63.10056474492676,2515
10,16,0,189.4158707774716,30.15744518450781,2483
10,17,0,188.849482320564,18.05250471143264,2425
10,18,0,169.5786142155134,26.78173571549686,2209
10,19,0,173.7416413419543,2440.180306189715,1657
11,0,0,118.5900048005408,10.671752131132,1569
11,1,0,162.6151629357383,51.96058406342853,2060
11,2,0,173.6017994300164,15.82502034799917,2274
11,3,0,185.2533200617495,17.24166894736493,2401
11,4,0,191.3968384426255,28.71698423712069,2477
11,5,0,192.5458993104364,18.38374948143912,2477
11,6,0,182.7207766513474,16.92051491498071,2390
11,7,0,188.5849252008126,26.15872308780243,2400
11,8,0,184.598674048397,16.70467579973199,2436
11,9,0,189.9125324179213,18.25701375016523,2436
11,10,0,183.9756926870991,17.03816324821932,2393
11,11,0,190.2035132718725,17.49163321016535,2491
11,12,0,191.2893380389019,20.09240560497638,2449
11,13,0,191.3013427087004,25.2759121343036,2461
11,14,0,190.9514491285417,40.19400695245223,2423
11,15,0,185.6887497189065,17.46130588094405,2424
11,16,0,206.5349861693388,118.9491257404696,2557
11,17,0,185.863463543896,17.17090869183118,2443
11,18,0,165.7579244377896,22.01354947245204,2113
11,19,0,132.5053003170913,12.57338018438654,1735
12,0,0,119.1727028065197,11.28260654994214,1558
12,1,0,170.0045846225485,127.7315301399937,2127
12,2,0,179.9217934120234,16.64658342966753,2340
12,3,0,181.7501532933146,17.05179389113087,2368
12,4,0,241.6454390250917,1154.963233930443,2470
12,5,0,187.1559434481726,32.80647805467993,2395
12,6,0,197.1052681470646,31.39132324826865,2509
12,7,0,191.9937558758885,17.74221003070008,2507
12,8,0,208.4625880788956,131.0916137601979,2480
12,9,0,192.5461240432669,79.38358018033591,2400
12,10,0,199.4121753252029,20.22009837632873,2568
12,11,0,190.6379458163417,22.44871638030232,2454
12,12,0,188.6599892801379,17.77333850785851,2448
12,13,0,182.6044267481419,26.5316004222942,2357
12,14,0,184.3209756224417,17.02699230832011,2404
12,15,0,193.8412152476498,18.51502668660677,2526
12,16,0,191.2179416687761,17.55908365441271,2511
12,17,0,176.1071695313308,21.07960331419802,2266
12,18,0,172.1547097221948,24.64787812537655,2227
12,19,0,122.7972187764763,10.84520533474336,1651
13,0,0,119.5831606312813,10.88624614995704,1564
13,1,0,199.1146861242968,1374.065316836402,2021
13,2,0,209.7690539300897,517.3051756079384,2389
13,3,0,189.2702595297694,40.0003122423907,2403
13,4,0,174.4768445665124,19.5561137988463,2256
13,5,0,200.3391179128441,103.9881514309692,2446
13,6,0,215.8318670596985,397.5751954678888,2481
13,7,0,185.2039237000151,16.97292797496663,2424
13,8,0,186.2495583078389,52.28617537436523,2389
13,9,0,200.6828836037066,142.4557377262189,2452
13,10,0,188.7158923692869,65.8025249800629,2373
13,11,0,191.5792972160884,17.75188105571032,2503
13,12,0,197.5490848124237,44.42144550003549,2548
13,13,0,205.8770805714701,223.9939894303969,2513
13,14,0,180.0245552253453,16.08001368583859,2391
13,15,0,196.4577060700088,75.14264155668097,2460
13,16,0,186.0622384517224,20.70637558487806,2420
13,17,0,206.4457340928881,714.1975012555423,2350
13,18,0,163.9222749382221,19.05631790199483,2125
13,19,0,126.5393243564455,11.75983912260711,1653
14,0,0,116.5067595733446,11.06542303775089,1509
14,1,0,166.9963185013524,15.52739748262317,2167
14,2,0,176.7171762094339,16.60746627508645,2277
14,3,0,187.3491611905159,47.35560511794309,2328
14,4,0,189.2121470906777,17.6930525935353,2465
14,5,0,207.8582206319704,370.2333058827435,2487
14,6,0,189.0497576402485,88.39293079754033,2354
14,7,0,192.8694854206645,18.55540508501017,2491
14,8,0,190.3181190120417,17.84939561458295,2473
14,9,0,192.5584639497269,21.13254938359372,2502
14,10,0,193.0662789431779,17.94734663130067,2525
14,11,0,188.9374717319704,18.27755534717214,2440
14,12,0,187.3839809890363,17.60104097030599,2451
14,13,0,191.4259590267008,17.96470033176911,2505
14,14,0,186.9617297578148,16.96424290806121,2449
14,15,0,186.7513971212012,17.35104946368566,2444
14,16,0,184.7102983445349,16.77211461278164,2429
14,17,0,225.7630080697305,2197.776361078836,2352
14,18,0,171.8466506991652,16.02302971501069,2245
14,19,0,124.7833290614141,11.39434843960702,1628
15,0,0,120.9202040902385,11.01616205345449,1601
15,1,0,164.4356402132441,16.10589641796127,2096
15,2,0,187.658815899543,17.64392573273497,2434
15,3,0,179.1939221768015,16.7203778277575,2336
15,4,0,189.931405218161,18.0986710675403,2454
15,5,0,183.5060604478435,17.39627979466556,2414
15,6,0,180.499522555259,18.33119997215424,2344
15,7,0,187.2623273417803,30.4534519161477,2381
15,8,0,189.7929643200202,19.82646548030753,2459
15,9,0,185.3133375364541,16.74731899731632,2436
15,10,0,188.4886622761778,24.04008109649855,2427
15,11,0,188.6813378182122,17.26386653641481,2476
15,12,0,182.5223799240675,16.34329593542626,2432
15,13,0,181.3198191467395,16.81726929322894,2372
15,14,0,197.9448728268891,32.77652421874435,2483
15,15,0,186.0726625433881,17.3238545635691,2430
15,16,0,182.0411653884608,16.59394349667827,2399
15,17,0,190.7066584837814,21.94506486599449,2473
15,18,0,166.9115352324258,15.37561420636214,2195
15,19,0,123.8507665031081,11.48783261099627,1625
16,0,0,118.496365807446,25.94701873471096,1520
16,1,0,166.4614252301868,15.88470491648348,2143
16,2,0,175.3636562943097,16.34513007174315,2292
16,3,0,184.4857277972704,29.12679873093931,2336
16,4,0,188.1464285920566,42.68542523554055,2378
16,5,0,179.6037167701195,17.23039675517018,2387
16,6,0,210.7461624612405,287.8969868868819,2470
16,7,0,193.7455066346898,20.53710438781041,2478
16,8,0,194.3036929010049,47.54652466064892,2445
16,9,0,204.1506713635239,76.99164444583639,2459
16,10,0,193.4566072455208,21.09454506991565,2465
16,11,0,197.3494025029752,49.61298532934594,2475
16,12,0,191.3943013038395,20.65050652442593,2471
16,13,0,183.4108108264615,19.26020884426301,2385
16,14,0,185.2998133652075,20.12850946983852,2400
16,15,0,190.7723579155618,20.57027098950979,2459
16,16,0,204.972656027879,645.2019578944819,2335
16,17,0,194.5706619143698,22.1247783043368,2524
16,18,0,169.2449132541238,17.43274592089157,2195
16,19,0,117.5629022290285,10.67759826163604,1558
17,0,0,120.4602963235156,34.31567890286443,1493
17,1,0,160.7416037310567,15.2473632743125,2056
17,2,0,178.1279883826929,29.60442336285812,2311
17,3,0,206.0288142771084,435.6070406109388,2417
17,4,0,177.1957482525043,17.14796659420823,2305
17,5,0,183.4854404759821,62.41217415033503,2321
17,6,0,180.6785753164042,16.86014075066378,2361
17,7,0,186.8916627626232,21.52524966992284,2390
17,8,0,176.8341306007141,16.2470938001865,2328
17,9,0,190.5048806038405,19.58622945143461,2441
17,10,0,180.6309574182785,16.86664361774354,2355
17,11,0,182.6262201965586,18.98313432789342,2375
17,12,0,195.5441554468356,229.6398611001549,2368
17,13,0,185.7923064888533,17.16549941038003,2441
17,14,0,176.8752748552654,29.29541528251862,2302
17,15,0,187.5486650992413,16.85557509212938,2468
17,16,0,194.081867435012,52.81248574485508,2500
17,17,0,178.7025472368759,16.03549426764552,2384
17,18,0,167.8161418848852,16.35218767227683,2176
17,19,0,120.1407988132296,15.64860396601032,1568
18,0,0,107.6171104752781,32.15599581409149,1330
18,1,0,140.8347780590683,12.9211277910842,1838
18,2,0,156.9895377063343,14.20506051734244,2063
18,3,0,168.3863745337713,15.98055436518736,2159
18,4,0,165.9888755464743,15.58753812798037,2171
18,5,0,168.2873819481423,16.1402712704553,2165
18,6,0,162.7976609557923,14.98701437458054,2120
18,7,0,166.4661421593027,16.32948922192741,2119
18,8,0,163.2709920241434,14.85405640604909,2155
18,9,0,161.4492023700923,19.81542329768603,2082
18,10,0,163.3520682504456,16.0922128707772,2125
18,11,0,163.0390919823963,16.19933057754625,2127
18,12,0,185.9147566445781,358.99825877977,2131
18,13,0,162.7536821517546,14.43273304283008,2171
18,14,0,170.0680565498334,15.76597586191442,2228
18,15,0,168.6975539648756,20.4903457279641,2160
18,16,0,175.1155833100735,23.83147803608042,2216
18,17,0,183.814296652862,99.73544234063097,2217
18,18,0,152.1486050608819,14.04833217491739,1988
18,19,0,116.3488687320445,10.70507847800415,1532
19,0,0,78.1622260623955,6.931076219677728,1028
19,1,0,103.4663586974432,9.469856431399759,1350
19,2,0,128.8395351100024,85.43780302575691,1548
19,3,0,123.6795899013652,11.71329555656435,1588
19,4,0,114.9981164925305,10.74711132970669,1498
19,5,0,120.6925029226589,10.76230296509863,1608
19,6,0,126.1366265794241,25.12902281523884,1585
19,7,0,128.880251917835,12.35499354692014,1647
19,8,0,126.0863311107784,35.15931202720569,1632
19,9,0,122.9965214696077,11.34291058223273,1617
19,10,0,121.5138765139518,11.47367437232563,1568
19,11,0,134.9829490328698,13.25813215168853,1719
19,12,0,123.9646310535358,15.13641757362721,1606
19,13,0,131.5688590259843,112.2541592371056,1620
19,14,0,127.7858323445097,12.2196759866281,1659
19,15,0,129.8529638171186,36.54531185074126,1646
19,16,0,121.372446293493,11.38131918504409,1598
19,17,0,117.7943543980195,10.50477512305578,1565
19,18,0,104.4300774558987,9.106010445164602,1391
19,19,0,85.57600487125404,8.202340312485017,1102
