# mesh name: boxMesh_1
# primitive scorer name: doseScorer
# iX, iY, iZ, total(value) [MeV], total(val^2), entry
0,0,0,70.86875186970069,17.41615498309617,862
0,1,0,89.28385269574804,9.477886762593375,1117
0,2,0,101.3839639951872,9.795072157360529,1277
0,3,0,110.1784849561871,24.15196539209376,1346
0,4,0,112.1981794978501,10.70020777132392,1412
0,5,0,114.5383893524219,11.31085919169948,1426
0,6,0,113.702884169348,11.09289140186375,1422
0,7,0,114.7220530398147,10.61355098310198,1480
0,8,0,112.5036498908687,10.46444568553391,1449
0,9,0,128.07934320571,149.1330001460848,1493
0,10,0,119.9752163379732,11.18225585134476,1555
0,11,0,110.1201308523434,9.990795591878987,1444
0,12,0,114.1182592914525,10.76905904625563,1485
0,13,0,122.2492687157515,11.56996786558722,1557
0,14,0,116.7228319256912,10.96331930301333,1506
0,15,0,112.3320760577026,10.66202559057608,1457
0,16,0,117.6984833019059,10.85122940967038,1536
0,17,0,114.3973172111373,10.08201255561792,1524
0,18,0,108.7196430222015,9.81414346180706,1426
0,19,0,84.29460541505091,7.561214309637562,1100
1,0,0,90.85032856956067,9.376846200719609,1162
1,1,0,133.993004600813,378.1220457734165,1489
1,2,0,128.3298811485112,12.54879829368004,1605
1,3,0,145.3251656700418,13.8147942576548,1835
1,4,0,149.4880398200794,17.49101321097373,1837
1,5,0,151.5318095525222,18.93742541869384,1914
1,6,0,153.7314089628459,14.5562103350238,1943
1,7,0,167.3092881988241,328.8987582603621,1907
1,8,0,157.5867933120034,15.0037236199373,2020
1,9,0,153.3341673040085,14.05499285734034,1983
1,10,0,152.0419867494866,26.00024166291513,1917
1,11,0,155.6573666185332,24.62175602992394,1959
1,12,0,154.876183809621,14.19009365851022,1997
1,13,0,152.2519631550208,15.19510318544687,1968
1,14,0,159.2064542709898,15.21112361416035,2042
1,15,0,176.229417126945,338.8488952457722,2049
1,16,0,159.7278657455642,26.24244713903311,2053
1,17,0,170.9606733649187,191.483824314813,2058
1,18,0,150.5588871213615,13.66909476220625,1970
1,19,0,106.2706992847791,10.00714355584033,1380
2,0,0,101.1716819237446,9.656441391559691,1275
2,1,0,136.6844037155834,51.04495215840436,1649
2,2,0,152.0822205885538,14.42609338904856,1929
2,3,0,172.0641095371447,19.51082638263654,2147
2,4,0,166.5551797940378,15.85126857485439,2125
2,5,0,182.7991640518157,114.5287670400924,2194
2,6,0,178.993072633957,21.83145398964038,2260
2,7,0,181.0078236388939,25.20357286421573,2299
2,8,0,185.583012029941,27.86978318558361,2326
2,9,0,171.4536494013859,16.44600533518732,2198
2,10,0,179.4259632311299,16.71932886304462,2298
2,11,0,174.6277451726533,16.04692110138707,2284
2,12,0,175.0098013455886,29.53303189078641,2199
2,13,0,181.6873266649533,17.05357808508808,2329
2,14,0,177.7455577182371,26.3711856241754,2303
2,15,0,179.8640500892759,18.915824327022,2313
2,16,0,173.0541695006644,15.78362960954903,2277
2,17,0,174.4487285962233,16.03736748311121,2270
2,18,0,155.0125290142453,14.29866191792614,2011
2,19,0,121.338097620406,11.00276739364451,1597
3,0,0,102.5008707794812,10.17339893098859,1274
3,1,0,135.4343123879293,12.30708665233984,1755
3,2,0,157.9977962421241,14.69715460858013,2024
3,3,0,169.3887002800652,15.6611048456838,2167
3,4,0,179.2441882363048,17.20518909486408,2278
3,5,0,181.5853442210676,17.11885405806889,2312
3,6,0,220.6614629269482,1075.604778727861,2403
3,7,0,185.02162987869,18.26675420242386,2363
3,8,0,183.9505546582788,17.07854287276134,2349
3,9,0,179.098120402686,16.77234701534679,2320
3,10,0,187.0139819699518,17.63297582871284,2408
3,11,0,179.3825665149184,18.28558944361121,2292
3,12,0,193.7893825058825,38.92379167319899,2402
3,13,0,192.1420311425849,18.54881673020262,2452
3,14,0,193.0609824606184,86.91176685629623,2372
3,15,0,192.8538155232442,56.18200103017527,2428
3,16,0,185.4551031364464,17.21210192649146,2396
3,17,0,170.4642150642246,15.37618379535517,2240
3,18,0,163.6814775987037,14.97819081091468,2139
3,19,0,145.4010162857853,590.2673170662118,1601
4,0,0,108.1167790055226,9.94700742728689,1396
4,1,0,146.7951776996361,13.88160476967396,1866
4,2,0,158.7529974937074,14.32944009741407,2054
4,3,0,175.7863561054494,18.12997595199954,2204
4,4,0,187.845750887237,23.96010415497242,2347
4,5,0,181.3572268218803,17.21118233024362,2325
4,6,0,180.0214784022145,16.45765579399173,2324
4,7,0,186.6892448677795,18.43991273249899,2352
4,8,0,184.3321069879585,16.55523545210499,2411
4,9,0,186.8762342741412,17.88045646940811,2383
4,10,0,197.9751021564274,19.22523853545312,2516
4,11,0,183.1538348836985,24.06559547207246,2332
4,12,0,183.2448431960461,16.78065204323026,2377
4,13,0,180.1789857050678,19.30421625959494,2340
4,14,0,182.7988170054263,16.81472580407502,2372
4,15,0,185.336486848592,16.91755247828803,2411
4,16,0,198.8807162276821,132.2194144623427,2451
4,17,0,180.9594895887826,16.78264588902007,2339
4,18,0,163.5273943984298,28.36549730010688,2076
4,19,0,120.3135635994193,12.19836636770549,1568
5,0,0,109.5449545891403,10.3656460164577,1397
5,1,0,145.7739761699122,13.51330455813373,1866
5,2,0,172.2676661029036,51.71768989657018,2093
5,3,0,179.735679359977,16.98949170518251,2275
5,4,0,176.3432177396069,16.56119577932501,2260
5,5,0,182.2477909775247,17.55260293470887,2323
5,6,0,214.5655278908828,631.6026674651366,2425
5,7,0,184.3431016695684,17.41922233159923,2352
5,8,0,189.8649496908226,23.43262191958404,2390
5,9,0,186.1885875661327,40.37281313913672,2359
5,10,0,186.3599442197616,17.7549016816244,2396
5,11,0,184.6847420232566,17.25395984052874,2387
5,12,0,187.8547982830735,17.32799673958722,2440
5,13,0,218.8558156008053,779.8231125259131,2479
5,14,0,182.4155022688592,16.81010918796148,2386
5,15,0,189.3193362458575,17.09628924897983,2481
5,16,0,201.1491061495457,181.8676013725784,2445
5,17,0,197.3626853705143,89.88229355732686,2371
5,18,0,167.4510491611485,15.18113861514757,2185
5,19,0,133.2500743095114,18.15089641373493,1692
6,0,0,110.9212304884891,10.64099986204112,1399
6,1,0,147.1423942706644,50.04051234154666,1815
6,2,0,174.4636018840781,83.84404207806459,2080
6,3,0,178.6924984352766,21.2016897062828,2238
6,4,0,184.0271487090914,17.40089425903811,2343
6,5,0,187.6467360857604,24.13479059760643,2368
6,6,0,191.8424103615804,18.35060743995549,2453
6,7,0,176.9575062752823,16.55344574312855,2294
6,8,0,187.6704717175021,36.35036128985795,2337
6,9,0,195.0420141628829,29.62868323089972,2501
6,10,0,184.7907615801609,98.19171538687812,2249
6,11,0,187.9044984208355,16.94338467990714,2451
6,12,0,189.9193017367317,17.6161749697023,2461
6,13,0,184.8843894181223,17.12342058400643,2424
6,14,0,190.2986000718035,18.04418679800717,2461
6,15,0,218.7311009928058,417.4964130411008,2365
6,16,0,208.9506130180023,227.6543552307499,2497
6,17,0,189.9429016359015,81.48877760041326,2392
6,18,0,180.8747262589429,112.6476756558402,2210
6,19,0,129.2428047595377,12.04711315502845,1676
7,0,0,109.4151038855062,10.89550373878464,1377
7,1,0,146.7920763324397,18.6973471467119,1854
7,2,0,166.4659220443831,18.6319640435675,2094
7,3,0,179.2687686240377,16.69519130549528,2288
7,4,0,197.7189456514448,59.41453025411097,2467
7,5,0,180.2775858174737,16.85697391689973,2321
7,6,0,190.8941166756227,24.44866789576711,2334
7,7,0,202.233514579742,155.4994306836767,2381
7,8,0,188.3151097500784,17.55474017264995,2435
7,9,0,195.8361611336553,49.12502264991463,2423
7,10,0,194.3856118363207,50.72622732385248,2457
7,11,0,178.6075297918336,16.42465132138933,2333
7,12,0,179.4123755441282,16.28037925482871,2337
7,13,0,188.9378443358561,26.38734722990596,2435
7,14,0,179.443660145672,16.93239959391449,2319
7,15,0,196.7624057996932,18.72368707523751,2519
7,16,0,190.2581698343809,17.36870564328154,2492
7,17,0,180.6159214018511,16.27294207037486,2391
7,18,0,166.0159832001129,15.51203131596471,2149
7,19,0,125.0152688660476,11.67468799681421,1635
8,0,0,113.9492323459078,11.115084530374,1424
8,1,0,146.8377663659539,18.65318666176113,1836
8,2,0,155.2356066863749,14.74610112557303,1987
8,3,0,179.6092278276087,16.79066907966163,2292
8,4,0,185.6545295139143,19.0107224995595,2319
8,5,0,176.3026305991298,16.51630125902034,2250
8,6,0,185.1709857521929,17.48144664138756,2357
8,7,0,188.039532953768,17.8803931551607,2400
8,8,0,182.3752740993468,16.42614436595365,2383
8,9,0,192.8102453742412,33.32009868190084,2427
8,10,0,227.1496170237407,834.2377449807556,2485
8,11,0,187.8445030944198,80.91613911942871,2346
8,12,0,181.3786867187466,17.32444358794685,2326
8,13,0,202.4645858058261,336.9568424578274,2361
8,14,0,185.8242806521759,22.79019086353325,2403
8,15,0,187.2898796798875,18.10427577944536,2418
8,16,0,186.5796216500168,17.45652286834924,2404
8,17,0,177.9292443233793,16.16582763666215,2356
8,18,0,172.0517366165671,96.93284685666509,2133
8,19,0,127.9948628715711,12.12810283986784,1661
9,0,0,108.0774775397938,9.804106042255563,1399
9,1,0,144.8687542289804,15.08100958271302,1806
9,2,0,171.3164947063609,40.17167999568922,2099
9,3,0,188.9469536738679,22.60709474113739,2391
9,4,0,194.7655263345762,48.24259149989387,2370
9,5,0,228.5136339010289,657.2993575620009,2376
9,6,0,179.6766728281893,16.3238102501946,2338
9,7,0,185.2685958736272,17.29592192243526,2402
9,8,0,207.3398390653677,448.5724804877616,2359
9,9,0,181.3657820205495,17.22979961339962,2318
9,10,0,186.3541370787204,17.29089519553177,2425
9,11,0,189.2641231514617,18.15577229911705,2440
9,12,0,185.1794360630111,17.15507263547107,2409
9,13,0,185.5831484604481,28.73170949494417,2364
9,14,0,199.4828019679625,191.6198633437822,2413
9,15,0,212.0996202595328,339.3412472005406,2391
9,16,0,192.0940677209125,17.42987293963222,2527
9,17,0,182.8115320145037,19.59059660146558,2354
9,18,0,164.2975431387461,15.76424206305019,2130
9,19,0,118.9613343408782,10.4609283945226,1588
10,0,0,108.2508205639514,10.38981005909875,1372
10,1,0,157.3810834931887,66.33494378887313,1888
10,2,0,167.0020642999055,16.60308913040632,2098
10,3,0,181.4658644906901,17.62447443666591,2305
10,4,0,183.1552147670678,17.4707110543425,2320
10,5,0,183.5602043535683,16.90845144487633,2377
10,6,0,184.7328754211592,17.64520061971505,2354
10,7,0,205.2859994598396,220.3960193871898,2351
10,8,0,203.1554579808821,100.0129687106592,2449
10,9,0,195.802700621579,125.3207640458711,2383
10,10,0,190.397458848744,18.71056824259452,2425
10,11,0,213.8284807279874,564.5696349225295,2464
10,12,0,185.3464018277178,17.26888214551224,2384
10,13,0,190.1593524420174,17.67837073881583,2459
10,14,0,193.1150209074231,29.6610054424259,2453
10,15,0,208.8725132386035,356.3448003542818,2440
10,16,0,188.8234415186056,17.65549061641171,2454
10,17,0,180.7199714177503,16.90648048241227,2348
10,18,0,166.3459323093122,24.32817261133653,2133
10,19,0,129.7417004756507,31.71816186764346,1604
11,0,0,110.4672099246448,31.88439189743428,1334
11,1,0,145.8115878771767,13.77469354644167,1840
11,2,0,181.3109815523656,148.4395358948227,2142
11,3,0,183.8359053224318,21.0783150870516,2356
11,4,0,183.6151116639771,17.50598181689076,2339
11,5,0,182.9213476416694,16.72371663235596,2359
11,6,0,189.0241621451015,26.44429745963967,2334
11,7,0,188.8705363390296,19.62098076307799,2377
11,8,0,207.6345997134886,510.5808723463724,2353
11,9,0,185.5333222180298,35.80442936323249,2321
11,10,0,182.6757028180448,17.15680140465178,2360
11,11,0,192.0507226401998,18.75534020845995,2441
11,12,0,189.3173142997088,17.35952699684195,2468
11,13,0,199.7093777302294,77.35704539425035,2449
11,14,0,189.5591338769815,17.59957147278213,2466
11,15,0,192.9973495910128,54.04714147855739,2406
11,16,0,189.0029360786952,17.1748655825469,2480
11,17,0,190.7162009838402,146.9696044617192,2329
11,18,0,195.2333638080038,559.8589659040573,2209
11,19,0,125.5622439282275,11.3783994304334,1665
12,0,0,107.8928154952127,9.899773516968482,1391
12,1,0,142.7946147157115,13.78723349453046,1782
12,2,0,163.1867187047716,19.07866525501801,2040
12,3,0,180.1109155201154,16.6690472121006,2292
12,4,0,185.280054899639,17.51119953172647,2371
12,5,0,182.4384389604068,16.91778093465245,2355
12,6,0,182.7314441696068,17.09782836788675,2358
12,7,0,186.9617637933309,18.47495333458722,2384
12,8,0,188.7691761472687,18.39395140422165,2404
12,9,0,195.4327498751819,60.55997296000921,2374
12,10,0,185.6532488526712,17.22752741276801,2404
12,11,0,187.2868255099129,17.57491468078205,2425
12,12,0,186.2385377952755,17.65427544558692,2389
12,13,0,189.8068925638268,18.45656374873903,2433
12,14,0,187.5137716637298,17.87695517886852,2421
12,15,0,184.3640748424816,17.54065345963788,2379
12,16,0,197.809424489998,137.8877128507235,2419
12,17,0,185.2708385514657,17.54088162583713,2383
12,18,0,163.931725390884,16.35822853706714,2091
12,19,0,126.4926795926565,26.98610891736536,1605
13,0,0,130.805299655367,361.2990682137444,1433
13,1,0,149.6909699474214,80.47632965341222,1807
13,2,0,164.319322295238,15.5343556906836,2109
13,3,0,179.5708016757068,17.09009823875808,2284
13,4,0,182.0981625109644,17.27096946038438,2308
13,5,0,183.7078146284917,22.80042743246785,2315
13,6,0,184.3313305523755,17.65528505850806,2345
13,7,0,187.3858631609229,69.33419229970656,2336
13,8,0,199.9932922584477,81.60502560145633,2412
13,9,0,214.3465498309166,405.7945769441644,2402
13,10,0,191.413038924449,18.17124085570657,2453
13,11,0,190.6386347433603,17.97568677590826,2445
13,12,0,193.5299444100196,52.3754481428059,2432
13,13,0,185.6708122605209,22.68037248813903,2385
13,14,0,189.9203289051964,18.30359005217906,2455
13,15,0,186.4793550757997,17.63373692700115,2406
13,16,0,185.4309306119304,16.98155915065194,2436
13,17,0,177.8312786688697,16.28385953508442,2317
13,18,0,161.5154811608689,14.5734158067149,2125
13,19,0,127.4873243840592,11.9125614985517,1666
14,0,0,104.5790588468571,9.832402169033685,1350
14,1,0,139.2735729700931,12.99792154896664,1769
14,2,0,169.5430738881661,16.2317914820599,2149
14,3,0,183.9835916561717,17.50503923554171,2347
14,4,0,179.9834829832492,25.96227592992242,2276
14,5,0,185.0787899172876,17.32823919317455,2363
14,6,0,186.3985207705716,18.88089910812189,2385
14,7,0,191.8419241321277,191.0571013578087,2328
14,8,0,185.031674028776,17.48843586534748,2373
14,9,0,189.3626600997731,17.65778106351151,2454
14,10,0,192.7648064179578,18.18570740475253,2474
14,11,0,185.667665905615,19.33876925807304,2374
14,12,0,185.6545384715217,17.70093448927137,2418
14,13,0,182.6809929249209,16.59964771586238,2386
14,14,0,187.2032335434948,17.97101551273018,2405
14,15,0,187.3752957399626,18.16008249173002,2407
14,16,0,181.5310521562122,16.72011616117609,2379
14,17,0,173.4340171486988,15.47693759268291,2314
14,18,0,171.1520365320311,17.38285426369466,2161
14,19,0,122.1577885134572,11.38864699621457,1581
15,0,0,109.4080678854941,10.23858060425722,1406
15,1,0,143.6428644228223,13.4635280937442,1821
15,2,0,170.655980233606,16.27142521330676,2168
15,3,0,202.1762895729825,313.9377893316367,2260
15,4,0,190.6956217750688,41.91567923230699,2304
15,5,0,183.5601527278102,17.09449498254856,2349
15,6,0,196.4536541287793,188.798254058675,2332
15,7,0,181.3701462199946,17.32081512895659,2303
15,8,0,188.9538177521581,145.4866393849825,2300
15,9,0,185.3306224661983,17.66405642877242,2369
15,10,0,181.1269563452138,17.09119320078682,2315
15,11,0,184.2107426419302,49.10233564672336,2348
15,12,0,190.0561423543918,17.88611810167958,2449
15,13,0,187.472631882813,35.34024088028125,2366
15,14,0,190.1106586814398,18.29317577449152,2439
15,15,0,214.083529281606,455.844454834492,2447
15,16,0,184.1362815956522,16.9614428204846,2414
15,17,0,187.6545083546767,17.61285990303749,2418
15,18,0,178.5473594661015,46.87287941055207,2269
15,19,0,121.9360127966087,11.26965696754506,1594
16,0,0,102.0311016746572,9.238429966373415,1325
16,1,0,138.3018339269055,12.79072028272429,1774
16,2,0,156.8318279265287,20.87720227366213,1969
16,3,0,182.7579420437099,45.22235303825598,2237
16,4,0,180.6566926919519,44.92477979925977,2229
16,5,0,174.3015275006004,15.99910924026651,2249
16,6,0,179.4212735953654,16.79296123886177,2307
16,7,0,183.4515073736971,17.91926609744609,2315
16,8,0,182.4319150110723,22.52663719063447,2284
16,9,0,182.745621616454,17.62105040715831,2357
16,10,0,194.9244201922018,239.8401993473493,2342
16,11,0,181.99115393968,16.62250628720919,2371
16,12,0,177.6153796009222,16.78396198907123,2286
16,13,0,179.7504897445659,17.01605330331378,2352
16,14,0,196.8144966917662,84.25221474724376,2396
16,15,0,178.700361166871,16.33988545746353,2339
16,16,0,179.8190094702027,20.52971764308879,2305
16,17,0,186.9232483835954,19.2287670766975,2403
16,18,0,166.1764275174849,15.70794381987611,2148
16,19,0,123.5094625447125,11.39715715273251,1628
17,0,0,97.77479694443923,9.173736384804029,1254
17,1,0,131.6371914269842,12.24270913613729,1674
17,2,0,148.3120271431294,13.92816049112447,1892
17,3,0,178.1184179534546,51.64447699669512,2106
17,4,0,162.2341772083733,15.41136111657332,2066
17,5,0,168.0172847819705,15.81930036437694,2133
17,6,0,170.4802247205041,16.05621397831447,2190
17,7,0,172.8783476880967,16.08330773511132,2231
17,8,0,169.6201099600662,16.23911741315939,2167
17,9,0,172.2842667266103,16.28210568744794,2212
17,10,0,174.7210431644782,15.91454268632012,2270
17,11,0,179.5681432304286,16.70929162758625,2321
17,12,0,171.6149191793964,15.4725296837778,2257
17,13,0,179.3361372819768,16.16638431496622,2338
17,14,0,188.1863595560134,85.83110809854143,2289
17,15,0,185.3373710211258,65.4867973876501,2268
17,16,0,194.5981879709036,246.296622834108,2344
17,17,0,181.280647152584,20.39308902858718,2315
17,18,0,160.6940933632219,18.35268038975027,2039
17,19,0,132.2048278469938,117.5559071555931,1556
18,0,0,83.85504062053535,7.964192289292593,1063
18,1,0,120.7793160779068,11.54764574115189,1526
18,2,0,123.4237709674824,11.29475261059683,1587
18,3,0,138.8297213784935,12.63316599492476,1782
18,4,0,148.0561437080763,13.94634155020488,1876
18,5,0,152.5817454974017,14.68924710570979,1929
18,6,0,152.2414545704949,14.22248430463927,1964
18,7,0,180.0706981784112,754.2309492576866,1942
18,8,0,167.175487566953,49.4286157783954,2014
18,9,0,158.6545309521085,55.19622927164827,1930
18,10,0,155.3536101464645,54.252513616188,1911
18,11,0,154.12561962402,146.1773251266549,1843
18,12,0,159.0005338018853,15.41472708756549,2032
18,13,0,151.6660250003121,14.01810056079089,1964
18,14,0,177.6775940189038,190.3696688025746,2089
18,15,0,159.104454394928,14.75868787722742,2071
18,16,0,162.8460114846281,15.96530366483671,2087
18,17,0,150.8080489098425,13.82927997402854,1983
18,18,0,141.6705347419297,12.71024925594778,1863
18,19,0,108.1335434380524,10.48157808105236,1384
19,0,0,65.44824052024086,6.026017028421271,833
19,1,0,83.28406684095063,7.859506382217618,1068
19,2,0,99.41007662549544,14.48500435713129,1238
19,3,0,109.9507384839061,10.46037585035939,1398
19,4,0,113.0709893350134,10.64376197113145,1433
19,5,0,112.8015189092001,10.51903634779744,1442
19,6,0,111.6746893134728,10.28366965303995,1439
19,7,0,113.5758286140443,10.4439432884635,1455
19,8,0,124.8650002797393,20.45915903518578,1534
19,9,0,189.0679200392942,4516.789915641641,1430
19,10,0,115.3460662120623,10.82470493371852,1503
19,11,0,120.0855464669574,10.9181076269482,1563
19,12,0,128.9670090885263,111.1487222663118,1531
19,13,0,114.1185934080281,10.76796682405087,1482
19,14,0,118.4736531376047,12.14620631811156,1536
19,15,0,123.0384107701273,21.01727531082333,1562
19,16,0,117.8192122244754,10.73152668990989,1536
19,17,0,116.2393240937853,29.38756288162967,1472
19,18,0,103.7614781147998,9.619664820650792,1370
19,19,0,81.22576244219461,7.954767111738808,1049
