# mesh name: boxMesh_1
# primitive scorer name: doseScorer
# iX, iY, iZ, total(value) [MeV], total(val^2), entry
0,0,0,70.36857753479543,6.710191889700619,908
0,1,0,102.8131597728215,9.666386039505651,1320
0,2,0,136.5777402416415,488.9746438682118,1484
0,3,0,118.4345016654673,10.97618916247687,1538
0,4,0,124.1608007437424,24.09719613029847,1563
0,5,0,120.3512063302064,11.27348164423831,1560
0,6,0,129.0464402838955,38.73996061987563,1649
0,7,0,114.7498278760982,10.46710801488799,1521
0,8,0,111.4320305743874,10.22146829508216,1465
0,9,0,121.0307457527252,11.59599816106975,1553
0,10,0,130.6321045906282,12.28606725513276,1682
0,11,0,118.7528862495054,10.88927820589605,1547
0,12,0,120.5414501893201,11.01854515702569,1572
0,13,0,129.8851613382893,23.23046907212746,1633
0,14,0,120.5555395496093,11.21058351763293,1576
0,15,0,119.4310408292448,11.35173303616399,1543
0,16,0,123.7639244772678,23.42576882809377,1563
0,17,0,117.9503207834541,11.29890724331273,1506
0,18,0,115.4413287672508,128.0976853657186,1373
0,19,0,77.70703682844442,7.640755457146435,1007
1,0,0,109.4714218900504,89.56870738421577,1305
1,1,0,126.8487350953629,12.11913872465479,1627
1,2,0,156.3647401648305,15.82901897021041,1966
1,3,0,176.4255291593898,808.7756995123553,1951
1,4,0,164.1865753362114,15.62571061897622,2114
1,5,0,165.6295388737216,24.02134476412111,2108
1,6,0,191.8416257644076,770.5714809665999,2133
1,7,0,155.5696980108144,14.43781226740127,2030
1,8,0,158.9613321091294,14.71247675623871,2064
1,9,0,165.3851666718548,24.10438987864753,2062
1,10,0,166.0643562126961,15.91722174825708,2111
1,11,0,158.3248742580734,14.27120509390565,2075
1,12,0,156.8644631958096,14.10219413113854,2057
1,13,0,159.2981285644073,14.6076717748433,2087
1,14,0,168.5851947208139,28.60831889541696,2148
1,15,0,157.0847553652665,14.66543305716722,2050
1,16,0,164.7531686345935,15.4647565782359,2131
1,17,0,161.4438364243831,15.22066401214301,2074
1,18,0,167.2784761688107,285.1078088130276,1869
1,19,0,114.9338099075112,215.987144176359,1309
2,0,0,107.5710486205383,9.590011787666823,1414
2,1,0,148.3987814603454,13.73643689463773,1933
2,2,0,162.9964435521496,15.29618649990898,2123
2,3,0,180.9549973867989,17.0107024059775,2326
2,4,0,184.176745307952,17.03999916791203,2396
2,5,0,174.2551731198358,16.34498001408038,2257
2,6,0,195.3981595275408,184.4052709348695,2384
2,7,0,185.1537894471525,17.34849399560765,2397
2,8,0,178.9741140547861,16.60213273061006,2333
2,9,0,184.5764042089159,27.41987866243364,2356
2,10,0,183.692451139243,17.37247845717814,2364
2,11,0,179.3401734108268,16.97627649939956,2307
2,12,0,180.6404079487619,16.88064852009956,2347
2,13,0,181.7207683148425,17.01873636221877,2358
2,14,0,178.9299561628859,35.07820045776396,2264
2,15,0,186.8064835138469,16.97522654469071,2445
2,16,0,188.1663473419822,59.91770757353454,2299
2,17,0,171.7915106142228,15.78704460247596,2247
2,18,0,150.2626806682121,13.48005011144132,1978
2,19,0,115.9395326338982,10.60515472329132,1505
3,0,0,110.6028237466285,9.811201415011316,1464
3,1,0,156.4280966764748,14.69733758598743,2039
3,2,0,178.8198771915069,17.47537916122419,2258
3,3,0,184.040518672856,17.07152775765984,2384
3,4,0,185.9628132906191,17.42148883879033,2424
3,5,0,187.6593608017691,18.1892570766164,2389
3,6,0,185.251800811563,17.26282584766224,2398
3,7,0,188.2843117571011,18.38122695874944,2408
3,8,0,191.7135575041106,40.37149278408467,2433
3,9,0,187.4365942967287,17.64436204805299,2412
3,10,0,188.1945521230471,17.6679171622005,2455
3,11,0,187.3640071865673,32.86769209624354,2377
3,12,0,190.1406090482755,17.24387372137622,2483
3,13,0,179.1938077072422,16.02741864455675,2382
3,14,0,186.9900143548163,37.75339091175569,2389
3,15,0,184.0723088743124,16.81679771016654,2410
3,16,0,187.9397902086823,18.21852499516054,2427
3,17,0,170.7363813818283,15.72371664469622,2218
3,18,0,170.1413928862409,16.53545519755974,2166
3,19,0,118.4023026560957,11.25057756278968,1529
4,0,0,114.0712765024668,10.36901356939642,1500
4,1,0,157.7209631108555,14.11064953663982,2081
4,2,0,173.2010408849181,15.55924500387973,2273
4,3,0,189.6644560485258,20.48314235482488,2430
4,4,0,188.7329012266117,17.68065421769734,2441
4,5,0,183.0204259731685,16.95302466170403,2374
4,6,0,183.442912047668,16.85172730093154,2403
4,7,0,181.2091781470884,16.80614939741388,2368
4,8,0,189.968558927677,18.51504587216255,2490
4,9,0,203.5520750895678,148.8885984583831,2458
4,10,0,193.4899924479287,18.30251743371563,2502
4,11,0,186.8617772927812,17.5448777249908,2429
4,12,0,182.5360942473608,16.33551778121978,2401
4,13,0,188.1085898834702,17.37983855982919,2447
4,14,0,192.2470717881159,169.9361728570659,2304
4,15,0,206.9428984684359,263.4021093351974,2429
4,16,0,182.8865290811656,17.01163319828398,2380
4,17,0,185.7176543635975,17.36100327021357,2411
4,18,0,165.8538128175608,20.46800726056145,2147
4,19,0,131.3121857225339,131.1128932368573,1578
5,0,0,123.4469644371415,11.90559826968027,1561
5,1,0,150.5495543390327,13.57869082285268,1982
5,2,0,178.7975913308639,16.57748795282728,2314
5,3,0,188.0536606852918,18.02701379255574,2425
5,4,0,208.060655693781,401.4472524394824,2366
5,5,0,189.6172589156384,18.52562108193271,2439
5,6,0,181.7399609309595,16.34583186872371,2408
5,7,0,182.7071824628922,18.45873305832948,2382
5,8,0,185.1193918203158,17.05131293628959,2425
5,9,0,209.1499101309065,532.7982692592607,2405
5,10,0,190.6445498750393,22.99179257542693,2412
5,11,0,214.056102311297,566.7166833605401,2429
5,12,0,181.5403151790827,17.32559984321513,2340
5,13,0,194.5224159603775,39.97993154136868,2494
5,14,0,189.6824583470364,18.29650918750784,2443
5,15,0,183.9361161890693,17.39800052918302,2357
5,16,0,186.835125704585,17.42386522548051,2415
5,17,0,193.2198825044867,201.2680962019642,2301
5,18,0,158.038567141294,14.26651721920806,2083
5,19,0,124.0333499990744,12.68508221840539,1595
6,0,0,126.1301218714392,12.5999039925616,1592
6,1,0,156.34001392813,14.40752299334232,2031
6,2,0,178.8359310977718,17.12153469500557,2297
6,3,0,183.9976688516593,17.14695116725614,2387
6,4,0,189.8679216794971,18.73859622442264,2438
6,5,0,190.0928985320881,20.71645818052598,2415
6,6,0,225.9924783647182,637.5978702434776,2505
6,7,0,211.4326222367184,416.378463763477,2417
6,8,0,194.460444897044,18.09345440350219,2503
6,9,0,178.2186416434149,16.44466757867982,2315
6,10,0,186.5837241630763,18.02266159137033,2429
6,11,0,195.5524737618572,216.4644366291109,2360
6,12,0,190.6288043356162,18.52516922828412,2428
6,13,0,188.163909313874,23.87137847764175,2422
6,14,0,188.5946646532375,17.07655824824759,2469
6,15,0,201.0605128101119,327.5878679508628,2371
6,16,0,194.7146528537329,19.36600231079434,2501
6,17,0,196.8321590557418,186.319268135761,2380
6,18,0,165.9378713345302,16.02959541567554,2119
6,19,0,123.0821153592572,15.54734184684238,1560
7,0,0,121.1112430043119,11.31560653237368,1558
7,1,0,157.5144523523805,14.76460589565549,2047
7,2,0,174.8900734918999,16.06616209086567,2282
7,3,0,185.7564822192949,17.3050665287908,2415
7,4,0,184.0860941055506,18.51719282453128,2398
7,5,0,180.8239556004524,16.32855484783592,2371
7,6,0,199.6892128292161,33.67477687720178,2543
7,7,0,190.0750369787998,20.11809513473222,2434
7,8,0,216.8160176288963,813.4088667291649,2390
7,9,0,186.644658328458,17.90246205339614,2400
7,10,0,206.9188512737281,497.7579967377938,2405
7,11,0,181.2356887021577,16.53395252790108,2359
7,12,0,194.8516257547733,18.75110054148475,2481
7,13,0,183.4875158032866,16.92014988931431,2417
7,14,0,194.9554661245651,81.66246800398136,2391
7,15,0,192.2341135628077,30.97781352994765,2431
7,16,0,188.1764391854305,17.33161279030163,2471
7,17,0,183.2815666964855,17.19405792989128,2379
7,18,0,157.3463202026396,14.23282938952238,2058
7,19,0,128.628448334552,144.0049933789627,1548
8,0,0,115.2506686125374,15.7458214208549,1469
8,1,0,161.2185193024577,15.15949554235191,2096
8,2,0,180.0782844305385,16.98426271383346,2328
8,3,0,194.1276873194349,52.51333517552032,2452
8,4,0,188.8975994394786,17.66969489100298,2441
8,5,0,188.4599127424787,20.07375530628202,2408
8,6,0,201.1742936234362,104.4857685149234,2451
8,7,0,191.7395694190504,57.56071476448675,2380
8,8,0,198.1546843038638,170.2814564077638,2411
8,9,0,192.4227856591456,18.49243421420049,2469
8,10,0,213.5912923885534,363.5274015215813,2508
8,11,0,185.4926650752936,17.3499562266558,2412
8,12,0,185.0662301323432,16.91132667136204,2432
8,13,0,190.3695714271037,21.27190334518855,2462
8,14,0,185.76189004191,17.61300098681976,2397
8,15,0,185.6176016930174,17.35677105623569,2401
8,16,0,191.3322116267813,17.89466076325806,2468
8,17,0,196.7829305907922,119.4246447038856,2363
8,18,0,165.9872478314852,15.95590381396186,2141
8,19,0,124.0430110203657,11.55802684216135,1620
9,0,0,114.0744052332564,10.32692629551871,1493
9,1,0,152.7030662273242,13.96005419609162,1996
9,2,0,178.0008122740348,21.23532174301036,2265
9,3,0,182.168198087208,17.0120340103084,2355
9,4,0,185.451508430333,17.03668396143355,2423
9,5,0,194.4667775372251,20.94889263860911,2444
9,6,0,188.9678862830041,17.17391495518859,2458
9,7,0,205.1520001387379,192.5992716728692,2465
9,8,0,190.8040675154299,69.47305334443847,2392
9,9,0,195.4751204370641,45.92372176362596,2457
9,10,0,190.8239847260982,17.65868484182009,2471
9,11,0,182.2242650998837,16.51388683856633,2398
9,12,0,181.5188494124696,16.22775472629603,2396
9,13,0,183.6331568570985,25.98345869457586,2361
9,14,0,184.1260168003006,16.59531231151796,2431
9,15,0,194.0262753849829,18.66698893341593,2488
9,16,0,186.7679566097065,17.70123867079133,2411
9,17,0,182.0419183599354,17.8280945939956,2334
9,18,0,156.183552143469,14.46385044544722,2036
9,19,0,135.2779523426204,219.097018650731,1577
10,0,0,137.7412290363114,357.7122781222154,1540
10,1,0,164.5580498369264,33.99311541550745,2057
10,2,0,175.0861196894464,15.99465668012724,2297
10,3,0,187.1176213126913,39.79646797111906,2403
10,4,0,182.3072006408617,16.76704013960731,2376
10,5,0,194.5495438189455,26.22593402112244,2468
10,6,0,191.3946831988382,20.82344386380121,2419
10,7,0,188.9004398525805,17.3967246186906,2449
10,8,0,197.8105972849976,160.3312852099719,2400
10,9,0,187.7293370999949,17.2389957888801,2456
10,10,0,193.2299534099053,38.84569620253895,2394
10,11,0,190.5177720330542,17.53867701785769,2481
10,12,0,194.9396456488054,18.02077814413951,2542
10,13,0,184.744451270904,17.3993610999266,2415
10,14,0,191.1143998738526,18.49884488570621,2445
10,15,0,187.7273618242266,17.67173282830669,2426
10,16,0,196.340281705364,20.08961143037993,2516
10,17,0,192.9725003048327,86.81999272065229,2385
10,18,0,161.0107842933481,15.16498599144061,2078
10,19,0,118.2622175844648,11.49728706894644,1530
11,0,0,115.6582213690133,19.95988179521811,1469
11,1,0,156.2511067394057,36.88869913489844,1985
11,2,0,187.6058241629896,48.8914638830578,2326
11,3,0,191.0916844935512,24.20995775598112,2453
11,4,0,186.3062950439853,16.76964056148849,2449
11,5,0,190.8393649438893,31.08523189253352,2418
11,6,0,182.4947724932389,16.72016095099292,2384
11,7,0,193.3929486762469,25.4362684958313,2468
11,8,0,213.1555556899139,383.513089917271,2450
11,9,0,187.6171343614156,17.56746051529951,2423
11,10,0,209.4396349620097,289.7063465276297,2440
11,11,0,190.1317195848801,17.33811370308653,2490
11,12,0,188.1039903806016,18.44319904990812,2416
11,13,0,208.8325556074988,358.9825269190194,2461
11,14,0,187.5871810628668,16.97158757699089,2474
11,15,0,194.1926176858112,17.6305397234596,2527
11,16,0,186.8257153389505,17.99876941229395,2399
11,17,0,182.3862815988325,42.8539350733998,2297
11,18,0,158.8547688592588,14.53300925698837,2081
11,19,0,122.8583488195447,11.234149840322,1609
12,0,0,112.5879282325931,10.11801069039923,1490
12,1,0,156.0445860455264,13.90037439867221,2052
12,2,0,177.3360472384606,16.22550151913256,2309
12,3,0,179.6925227328568,16.2612907992492,2365
12,4,0,192.2079487773786,18.26300773176272,2471
12,5,0,190.1840797164361,17.83811980402502,2473
12,6,0,186.4740219583613,17.74467433709414,2402
12,7,0,190.8082814595981,17.91080196538964,2475
12,8,0,178.5781402803774,15.99523429900349,2359
12,9,0,183.3563087965364,16.93824582867224,2404
12,10,0,223.7585661425346,858.9132359416243,2428
12,11,0,190.2043478832232,35.39157733758556,2434
12,12,0,192.5085000881213,18.24794861839152,2490
12,13,0,185.318764951023,17.94211968239835,2447
12,14,0,185.647816992705,17.97645631042283,2387
12,15,0,185.2479159892978,16.80124048967993,2417
12,16,0,199.3228849939725,139.0976166520894,2458
12,17,0,166.1422521091124,14.7528720262754,2198
12,18,0,169.0052549276072,15.99741547956598,2173
12,19,0,118.6779310836409,10.7768976164738,1559
13,0,0,115.4080203157992,10.21048543630195,1529
13,1,0,154.6200416854868,14.66483246977939,1982
13,2,0,181.4700990918633,43.01787097700405,2274
13,3,0,183.9082260343959,17.35254114502001,2378
13,4,0,183.9203377385497,17.61924730834688,2338
13,5,0,186.5450875544801,17.01452118771371,2444
13,6,0,191.0361528371771,24.0525394191644,2454
13,7,0,192.2120178120356,18.81207673981304,2478
13,8,0,174.9302150874993,15.4944126299849,2302
13,9,0,187.4853808585212,17.01290061840089,2455
13,10,0,182.8635840938007,17.04950481989296,2377
13,11,0,185.0050089873061,16.52538157937823,2460
13,12,0,187.7103429480624,17.31332153870256,2461
13,13,0,182.4056999021592,16.51908390284609,2412
13,14,0,188.6348002370982,17.27467379703672,2465
13,15,0,201.6069702758218,65.47679248951319,2537
13,16,0,209.8483566054766,804.9757281098654,2376
13,17,0,181.2905766208568,17.18161855836625,2364
13,18,0,155.6213758101901,15.35446849970955,2028
13,19,0,154.3433052593211,1019.648552988264,1603
14,0,0,115.600522505442,14.57303913858631,1506
14,1,0,161.3159099797855,15.29825523967316,2080
14,2,0,179.8482162602341,47.5521360155639,2241
14,3,0,187.994646297452,17.9228250000277,2397
14,4,0,182.4822478351456,17.36840745466859,2333
14,5,0,196.1609919063623,75.75063888591121,2448
14,6,0,179.7156080098911,17.08480539016051,2338
14,7,0,184.3323254376498,25.39211294289876,2374
14,8,0,187.6035683785222,31.86888830853123,2384
14,9,0,201.2102584746384,28.65763931270689,2550
14,10,0,190.703606600631,29.58533743437625,2459
14,11,0,190.4879306592214,17.98483696523935,2499
14,12,0,189.3570055129289,17.73692533412044,2451
14,13,0,193.8679806081394,18.08216796227818,2529
14,14,0,189.2714044916489,17.8341284458466,2446
14,15,0,183.5695518687907,16.69015784838011,2402
14,16,0,185.9347239932717,18.55939573761311,2412
14,17,0,179.5151909705993,16.3976900539899,2353
14,18,0,162.8351930141524,15.32701519384799,2115
14,19,0,121.657681846363,11.45393694393321,1581
15,0,0,118.9139698774238,11.0349868705779,1536
15,1,0,160.0602222669913,15.06431285042537,2069
15,2,0,174.6391455486603,16.48864450093382,2276
15,3,0,186.4084290937853,25.25993282582288,2412
15,4,0,193.1911710782392,30.37887343435249,2429
15,5,0,186.8222349256357,17.29615660974189,2441
15,6,0,188.7301411953635,17.74909478120986,2422
15,7,0,195.1448419404806,69.83945192500094,2397
15,8,0,209.6762677405464,573.9924933168929,2409
15,9,0,188.6717447717155,18.10367092878967,2427
15,10,0,186.0526686364205,17.00293904208716,2437
15,11,0,195.8048349737485,21.38864325027892,2553
15,12,0,184.7827907396633,16.98359553450525,2395
15,13,0,188.2899553484251,56.7826025235089,2405
15,14,0,182.7433193270605,16.63696676030617,2383
15,15,0,184.1027030351011,16.82007347391244,2379
15,16,0,183.3921168293907,17.21346579290816,2379
15,17,0,180.7920554821433,41.37360810891978,2283
15,18,0,162.278245530717,16.30922477110328,2119
15,19,0,132.7615571004217,323.0936636022424,1501
16,0,0,116.8279123014158,10.86982193225112,1524
16,1,0,151.378922213648,14.5096419362704,1941
16,2,0,173.6120339010867,15.88516333698872,2246
16,3,0,187.2732547286854,40.76693592721021,2369
16,4,0,177.4491511484157,16.32635049210701,2314
16,5,0,180.1944158188563,17.1220889183004,2370
16,6,0,197.1539907733378,135.5494755802934,2396
16,7,0,189.9369243046447,43.30074580564388,2367
16,8,0,189.0685061554753,19.92986725934033,2455
16,9,0,190.7428446216109,18.13470725026591,2469
16,10,0,201.7696486027929,67.44834366585592,2451
16,11,0,180.8796736416188,16.77162400095125,2376
16,12,0,181.5063881518259,16.58770472551217,2370
16,13,0,191.3215776424507,70.60239994580631,2348
16,14,0,187.5782938671632,25.41230741371078,2410
16,15,0,190.3029336925755,23.22245184454115,2470
16,16,0,189.6782171514842,122.8202007974435,2299
16,17,0,221.2703186435084,646.6939033538932,2438
16,18,0,182.2948336119358,454.0514942040509,2098
16,19,0,117.7073376749309,11.06436362605976,1527
17,0,0,114.3278977476569,12.1079680583794,1457
17,1,0,156.0287636376854,15.15841784469761,1990
17,2,0,171.076424234428,15.93529066055828,2232
17,3,0,184.6975317043979,17.11545355605437,2392
17,4,0,197.6378872612595,168.7899255203932,2327
17,5,0,173.7266249096113,15.91443237530003,2276
17,6,0,175.2772985564574,16.05221359219832,2301
17,7,0,188.1191769927042,193.8143874229521,2261
17,8,0,171.9244208187541,15.70254439298565,2237
17,9,0,180.09018245408,17.1656005532189,2314
17,10,0,181.5624999687828,17.24179842905417,2340
17,11,0,212.7504158458521,1209.023519991435,2332
17,12,0,179.1647017832516,16.10975412268938,2350
17,13,0,177.1065594865461,19.46435917119348,2265
17,14,0,216.4910288351517,451.8586531121713,2352
17,15,0,183.3912752700598,27.36541289180006,2349
17,16,0,181.8283081816635,49.05872117837832,2262
17,17,0,184.9076363389013,20.01044719889665,2376
17,18,0,159.3161017090678,49.85335778812157,2004
17,19,0,120.0236782183604,68.13667115462552,1480
18,0,0,97.96533279609298,10.14022539339926,1242
18,1,0,144.5550009207818,64.80305411106966,1764
18,2,0,151.479411243781,14.15291597099989,1959
18,3,0,159.4298736641552,14.90909140417696,2060
18,4,0,159.3251389640604,14.91943180746826,2062
18,5,0,164.825373800626,16.79292207278244,2124
18,6,0,157.5947216733039,14.93546388434005,2035
18,7,0,160.2634137512057,15.50649177825922,2039
18,8,0,187.8018713919928,535.9107563181091,2103
18,9,0,157.1734397974089,14.08942827263791,2061
18,10,0,150.2958462360616,13.67357531845778,1960
18,11,0,155.4452829812627,14.89254397678751,2006
18,12,0,156.7620352757488,13.95904718348077,2078
18,13,0,171.354585408196,91.28470213703632,2107
18,14,0,161.8923927006046,18.51395729438001,2081
18,15,0,158.4750048899933,20.18889635237177,2070
18,16,0,175.4979999795771,178.1800945503947,2114
18,17,0,167.5538497080483,78.62294591299113,2053
18,18,0,136.3862207226288,12.64166163930557,1762
18,19,0,106.6586390628949,11.35207664127535,1362
19,0,0,77.96279555428137,7.023014469878857,1011
19,1,0,102.5621616214283,9.677651627571665,1319
19,2,0,110.1531327414897,10.28313654634245,1427
19,3,0,117.9677133972659,11.03195071956915,1527
19,4,0,119.0243653647678,10.90159880962563,1554
19,5,0,117.6081494373664,19.81143407580912,1502
19,6,0,119.4150731560909,11.16822502396047,1546
19,7,0,123.4046726600805,11.83256169677194,1585
19,8,0,117.3228263150327,10.60822556396945,1544
19,9,0,131.6259992084448,102.42128312987,1586
19,10,0,123.8274897442378,15.66536962664675,1565
19,11,0,127.367189287613,12.498047526838,1623
19,12,0,125.951089509463,12.02975282056987,1618
19,13,0,123.6662881832851,11.65604832278567,1606
19,14,0,119.917992711513,11.44038728546591,1558
19,15,0,122.1228917531137,11.09783826773678,1612
19,16,0,137.1220606659774,196.27584136734,1569
19,17,0,114.1364192923335,10.66207226639697,1484
19,18,0,100.548524141115,9.111346864455673,1315
19,19,0,78.49310384385167,7.037241782097388,1038
