# mesh name: boxMesh_1
# primitive scorer name: doseScorer
# iX, iY, iZ, total(value) [MeV], total(val^2), entry
0,0,0,64.39594266134813,6.220080921788354,804
0,1,0,100.9788827299438,258.1366056604278,1071
0,2,0,97.97650500416897,9.873917727598167,1212
0,3,0,105.6310586770497,15.60162357915139,1290
0,4,0,111.8537866520899,11.36810039424704,1377
0,5,0,110.7853971978409,10.77209686077722,1394
0,6,0,116.6667007447793,39.73121482346788,1415
0,7,0,110.5930020677773,10.79425160201639,1397
0,8,0,125.4297804020685,140.2860634395714,1438
0,9,0,110.4120128467017,10.23419137576553,1410
0,10,0,113.2218703343538,10.27867249485024,1457
0,11,0,112.7831282903021,31.55554730355679,1399
0,12,0,113.1130914510616,10.67275608319303,1454
0,13,0,114.6516401482219,10.59692580925157,1475
0,14,0,111.2343740816378,10.40862983472992,1426
0,15,0,116.913415695814,11.69784211195641,1450
0,16,0,108.8815361012052,9.805578009577559,1418
0,17,0,105.3831863927021,9.657066528087157,1371
0,18,0,106.3797405052443,69.37388143875178,1250
0,19,0,73.57173128235499,31.43116127055603,916
1,0,0,101.1068240715982,384.6063776623216,1025
1,1,0,105.3526963487069,10.2934122669453,1318
1,2,0,135.9292467615641,51.49095310823439,1640
1,3,0,132.1715216134626,12.26131813390276,1682
1,4,0,143.0293978312534,14.04446959965759,1779
1,5,0,145.2766407648575,13.71341302326634,1841
1,6,0,144.3707359291694,14.007804440382,1815
1,7,0,148.5793119820665,14.2921285266467,1870
1,8,0,146.5221902571701,13.56283894325607,1884
1,9,0,148.3525753008272,14.16013128534159,1868
1,10,0,153.498542158606,14.88510191204467,1924
1,11,0,145.1197037000214,13.50379463256424,1865
1,12,0,156.0390197602974,15.76954727602522,1917
1,13,0,146.5821900399829,14.96055001985584,1876
1,14,0,158.534241531469,228.0270951671118,1843
1,15,0,148.7327518329549,17.42750484930268,1886
1,16,0,146.4452245654358,50.64702257092885,1828
1,17,0,140.4868694294361,12.84293684554538,1819
1,18,0,130.9084614303644,12.41635658926219,1668
1,19,0,95.28408734989964,9.030471238133417,1219
2,0,0,91.59692688630051,8.983668510900273,1166
2,1,0,126.8937603257096,12.27969573545123,1583
2,2,0,157.8325051511367,147.8825215853231,1827
2,3,0,190.4804811182878,1154.802558302792,1959
2,4,0,163.539286761146,21.35201773128726,2045
2,5,0,169.178467998673,20.53745978723266,2122
2,6,0,167.1916940543531,15.54045831776666,2124
2,7,0,182.6582193258956,157.739417263498,2145
2,8,0,170.2116714586014,15.76491633086483,2174
2,9,0,167.0927277015717,16.11657138368329,2108
2,10,0,169.3853245604813,15.66317837946831,2167
2,11,0,184.4917044025517,234.6908711135171,2166
2,12,0,168.8612711766223,15.93229711876289,2141
2,13,0,175.7295586172609,34.28744120658654,2194
2,14,0,171.324642479748,15.82839159497471,2209
2,15,0,172.0101047371134,21.11476544427742,2148
2,16,0,188.7728250574019,232.5093038537556,2246
2,17,0,160.6460777435425,72.67401247810375,1989
2,18,0,158.5314236698491,93.09261093625544,1865
2,19,0,117.8359531821262,25.93458616429444,1469
3,0,0,102.6520105609204,10.35160644849812,1276
3,1,0,135.4250489841397,12.76120366859205,1708
3,2,0,157.4934786919989,18.97553753236381,1931
3,3,0,167.28332905916,15.73381413926985,2114
3,4,0,213.7599020364968,1134.69095448042,2192
3,5,0,188.0472576229361,117.9784337499225,2198
3,6,0,172.7752441360065,16.22621050781174,2204
3,7,0,183.2822455741747,17.70104350328536,2294
3,8,0,179.0272096884682,51.92292943586695,2226
3,9,0,183.2938415047836,17.81513634116469,2303
3,10,0,184.2072251479469,17.76253095391806,2324
3,11,0,177.8685388133304,17.20000936015205,2251
3,12,0,177.2190761528856,16.14152309744667,2306
3,13,0,179.2663992509568,16.47394757853546,2316
3,14,0,178.8226173001947,15.83434030782159,2352
3,15,0,203.3328985222848,451.371730066835,2344
3,16,0,201.1566002286938,192.4184709115046,2322
3,17,0,175.8746486494468,164.7327905611567,2113
3,18,0,159.2446113304185,36.49063125227936,1985
3,19,0,120.2136867372153,11.4083964878619,1534
4,0,0,146.6611545140156,808.2832453459912,1396
4,1,0,136.3746394259978,15.10795229727063,1697
4,2,0,172.7854853849962,280.4592190752879,1944
4,3,0,172.7380703663538,20.86259110794763,2131
4,4,0,174.2397775902483,19.95658781459824,2173
4,5,0,180.9565036030042,17.09879656806468,2274
4,6,0,190.3819548829441,18.27420917450245,2395
4,7,0,190.5410174622315,18.05705640148662,2421
4,8,0,181.987307159293,17.30392133736523,2306
4,9,0,187.0373197297195,18.10192077826551,2352
4,10,0,177.0079331412795,16.23242605611209,2289
4,11,0,184.9369420986448,17.98565502643088,2320
4,12,0,175.4542254368407,16.57932346941385,2253
4,13,0,202.6665395128887,122.8308900372937,2402
4,14,0,179.8463129968589,16.20938665805353,2341
4,15,0,184.2772857201259,17.48631194201608,2353
4,16,0,180.3847362593282,16.56518084951485,2330
4,17,0,178.095930283451,16.70228186695217,2283
4,18,0,150.8320342728921,14.02265160971046,1940
4,19,0,111.9412936766194,9.971516062386856,1470
5,0,0,119.4502855837484,67.43273649935935,1374
5,1,0,146.8670442456327,41.63368388433647,1784
5,2,0,162.5384228421111,15.39958879438381,2040
5,3,0,172.4036361973229,16.15388037944521,2190
5,4,0,189.8475975914116,78.02634470156677,2279
5,5,0,199.7883540524578,240.0712993561321,2332
5,6,0,183.2678507319818,16.89205957158792,2337
5,7,0,187.4754239894962,18.11999138334605,2363
5,8,0,203.5524560985752,230.6109290926714,2391
5,9,0,190.0014579362312,58.40096978577213,2343
5,10,0,198.583440730831,185.1855536638897,2329
5,11,0,180.2102719596838,16.76556559530476,2308
5,12,0,190.7630006231917,27.66487744513944,2409
5,13,0,185.7014381315819,17.77864904726596,2367
5,14,0,201.289871838167,162.6022294890244,2369
5,15,0,181.350666549902,16.77670244522558,2342
5,16,0,188.1038254847643,17.82864364653816,2392
5,17,0,175.7770190254111,16.74764076393162,2245
5,18,0,151.8963322178838,13.88314271227543,1975
5,19,0,120.8673869088426,11.27757831311327,1564
6,0,0,103.8216714634414,9.596574520808186,1324
6,1,0,136.5365500497696,13.02366583007744,1720
6,2,0,167.6252913323744,16.83976012733098,2053
6,3,0,174.5783898802187,16.44279928504976,2191
6,4,0,180.6831171923344,20.45711736708859,2227
6,5,0,187.4318191384875,18.0507580036631,2351
6,6,0,179.984283629004,16.89301370937138,2297
6,7,0,180.5558458086487,16.99044102438871,2288
6,8,0,186.6491700833246,17.46370035752578,2373
6,9,0,188.9041900740804,18.39377777464124,2406
6,10,0,180.9233661312116,16.89816747604679,2318
6,11,0,187.0772559864238,17.80075891699445,2374
6,12,0,184.8134669335042,17.72082506098144,2342
6,13,0,179.9365329380033,16.83130265522898,2320
6,14,0,193.3371359698132,18.08080919127124,2474
6,15,0,192.9681671002988,33.79332299554203,2415
6,16,0,185.5476472023258,16.97112148237206,2411
6,17,0,220.6278101491974,908.6786121621903,2342
6,18,0,158.8993884053445,15.08716449526165,2030
6,19,0,118.4917240267442,11.13669845056428,1533
7,0,0,107.0498628472252,9.659678093388564,1371
7,1,0,145.9128141144896,29.38452879227106,1799
7,2,0,167.7685489370731,17.23176650044084,2076
7,3,0,176.6917125508749,17.23292530226709,2214
7,4,0,202.4355697690157,342.531889249454,2293
7,5,0,180.6444765514146,17.58641290285451,2265
7,6,0,193.897588206579,45.85514347005969,2392
7,7,0,184.7330078308642,17.74641218593995,2318
7,8,0,183.79039835491,17.80774786935862,2315
7,9,0,187.5927941173505,17.45423775875079,2398
7,10,0,190.6875191170566,21.55703128189512,2367
7,11,0,186.7710584193917,34.99239495515101,2297
7,12,0,200.9135033503598,43.63053312638029,2504
7,13,0,182.7148879311228,17.0110586953108,2339
7,14,0,187.3395193486772,17.84445263442459,2402
7,15,0,203.0365930215251,214.2589422715776,2420
7,16,0,183.9457104252034,18.18068342984277,2330
7,17,0,188.7178797890223,143.4941873785894,2284
7,18,0,149.6322739538733,14.06484977755555,1941
7,19,0,121.1693290995949,11.1141244370922,1568
8,0,0,98.64017868830288,9.094494837510689,1261
8,1,0,155.7951703139463,166.0076049440646,1766
8,2,0,159.4440460003867,15.04501031998995,2008
8,3,0,197.9849814396071,101.061081851303,2369
8,4,0,179.6015011373304,16.89321944578158,2284
8,5,0,179.1582451122584,16.62143425096848,2279
8,6,0,181.0801223651093,17.03989938380398,2304
8,7,0,186.5324979918023,17.59206726612659,2367
8,8,0,184.0294846498608,16.93809994860403,2373
8,9,0,189.7474703869404,18.41077767159841,2384
8,10,0,192.7839360215347,18.33842927714423,2463
8,11,0,180.0488603954665,17.87961049108851,2283
8,12,0,177.6859501227333,16.37832514013541,2300
8,13,0,186.4898810076436,17.4922875233731,2388
8,14,0,182.3660354653665,16.87531889461543,2342
8,15,0,198.4416935961184,112.3657658921413,2398
8,16,0,196.1948979211087,151.8760735849065,2357
8,17,0,172.6434804571442,15.78399813418084,2239
8,18,0,158.2387313418197,15.37584300288855,2029
8,19,0,122.5515398335302,11.50734161844253,1563
9,0,0,120.073973956627,87.41645894164384,1338
9,1,0,146.3820740507268,16.98128427026642,1770
9,2,0,162.1848419453364,18.2348970594123,1999
9,3,0,192.9898366712354,112.2972784743104,2249
9,4,0,183.8817472648594,18.06290306806926,2295
9,5,0,192.361933346595,18.71720952365092,2401
9,6,0,182.2032926150646,17.00149335812377,2316
9,7,0,182.8470250206029,18.36050893853638,2299
9,8,0,188.0609444275369,18.29550505139884,2339
9,9,0,189.0925312719951,17.90934678535309,2405
9,10,0,183.4456870921858,17.14012061097861,2343
9,11,0,182.1505212606275,17.41407868549975,2311
9,12,0,180.9192941969868,16.69422595402539,2327
9,13,0,186.6988470208389,18.11712264979102,2359
9,14,0,192.5722978028866,99.91274435760766,2341
9,15,0,177.8955158271717,16.57668093845392,2299
9,16,0,185.2940216287312,17.54925016320161,2385
9,17,0,179.9742867945269,16.97611279808357,2306
9,18,0,157.6426640590234,14.71442281608699,2022
9,19,0,113.2013789167277,10.72701037598828,1452
10,0,0,110.162804929059,10.83061671736253,1372
10,1,0,141.0874818749147,13.98059981148339,1749
10,2,0,158.357180136244,14.83978443648735,2007
10,3,0,174.8326793826042,16.75366630753812,2191
10,4,0,181.1832599166418,17.31870573111645,2278
10,5,0,182.0482230833126,16.57915299930065,2346
10,6,0,188.2900301314825,18.13507765795516,2368
10,7,0,181.7268559782104,17.15551148460969,2299
10,8,0,181.8652958742017,17.26373972787187,2298
10,9,0,186.597902369978,17.86632652087459,2374
10,10,0,191.1210954763588,18.55435569139545,2403
10,11,0,191.8105611605811,18.61721639734764,2405
10,12,0,183.5732999556313,17.51674086024034,2338
10,13,0,190.5861911292243,18.37933440361289,2413
10,14,0,189.3004469138332,33.05631365475503,2339
10,15,0,198.019819664672,157.2611099463271,2388
10,16,0,188.5939494633743,30.76531026558512,2338
10,17,0,176.0348982919861,16.48033849004623,2260
10,18,0,154.7310259729558,14.65209468065793,1969
10,19,0,121.0539688801573,11.74768314012626,1541
11,0,0,112.5169097226746,29.62613403376379,1354
11,1,0,137.5302065762833,12.86423430571016,1738
11,2,0,163.427257994652,59.54516682708294,1956
11,3,0,170.7389248297127,23.00609297639075,2173
11,4,0,186.471229687444,18.48027200590122,2326
11,5,0,182.31924610179,17.21590383644496,2303
11,6,0,184.0843542211391,18.22430924585593,2312
11,7,0,187.5998459222849,17.9817075865901,2385
11,8,0,186.4826613280225,17.51543432540407,2374
11,9,0,185.7159866501567,17.71022722622497,2347
11,10,0,194.2592771274471,30.62894000113465,2383
11,11,0,226.2149040454095,1621.455640672068,2360
11,12,0,181.4366441018477,17.00776811977342,2325
11,13,0,179.740428936282,17.43909228002482,2282
11,14,0,196.0756079758014,34.85480923418736,2430
11,15,0,187.5101152705124,17.66816453856693,2437
11,16,0,188.1571737740217,17.88481516920377,2400
11,17,0,176.9813807553469,16.19210100190757,2298
11,18,0,157.5744870417808,14.8468543692855,2020
11,19,0,122.3797228185896,13.92714561788449,1554
12,0,0,102.9788082664073,9.810470159067183,1307
12,1,0,140.6977337061284,13.42921962870468,1759
12,2,0,155.0932664876061,14.82366981722165,1944
12,3,0,170.878012000621,16.03851971886849,2167
12,4,0,195.2825000319344,278.3092458536514,2273
12,5,0,184.1913717454925,16.81069621600678,2362
12,6,0,184.8938312951879,32.90961218716339,2273
12,7,0,186.4359249548447,18.11170101347146,2332
12,8,0,192.7587116040468,25.85112219968424,2396
12,9,0,198.9049395810065,72.26206313406922,2401
12,10,0,190.1286907212533,23.4968464983239,2369
12,11,0,202.5208557321972,225.865530202024,2398
12,12,0,201.2512662439668,263.0885201695314,2330
12,13,0,191.3332588428421,65.0318512720975,2325
12,14,0,212.6015318035877,355.8497183772118,2460
12,15,0,188.2966665041408,24.21944485969467,2386
12,16,0,177.1728343311017,16.38754619291547,2302
12,17,0,182.7074426217579,43.3392794766274,2292
12,18,0,166.65521476604,93.39662949434458,2044
12,19,0,114.996946761316,10.75580721206584,1491
13,0,0,111.2505074153088,10.24096358225986,1422
13,1,0,134.0081758131172,12.48463236162801,1706
13,2,0,173.5262169038939,243.7873562310834,1930
13,3,0,173.3961734054868,16.74387854998995,2167
13,4,0,174.559653211071,16.82140595346246,2200
13,5,0,193.379057068505,19.14091319849777,2391
13,6,0,183.3572534497387,17.53518567367059,2306
13,7,0,189.2365858302357,18.3476438211266,2382
13,8,0,183.6601603732027,17.20687095315252,2333
13,9,0,186.7157598969332,17.61935609945008,2389
13,10,0,202.8472839860765,175.712408269719,2405
13,11,0,189.2421949937716,18.22676063556788,2390
13,12,0,223.8436595689841,969.0953825968653,2442
13,13,0,186.517035613225,17.41955781386628,2390
13,14,0,184.163126120663,17.36658991059101,2348
13,15,0,181.5846368643185,16.88136761691868,2346
13,16,0,200.6027471775091,196.0983177944842,2433
13,17,0,167.0346323125164,16.31396000946689,2110
13,18,0,160.643370830794,14.82380853010638,2077
13,19,0,116.6690725446358,10.99784923649454,1506
14,0,0,104.8120206736084,9.565510542207615,1333
14,1,0,137.3085551220795,13.19021197620599,1726
14,2,0,159.7266594686592,15.23336221403895,2009
14,3,0,174.8980143902395,16.06623175659989,2234
14,4,0,179.4961713299281,23.35920125039595,2203
14,5,0,186.18502250609,30.70241792220918,2306
14,6,0,192.9633700266026,90.58550005972062,2326
14,7,0,212.7641689579686,498.2752603721698,2291
14,8,0,186.4847918937423,18.31294319449826,2358
14,9,0,184.0398208721411,17.1301274646735,2364
14,10,0,182.9027685942499,16.77976889578195,2356
14,11,0,181.8613245947485,16.60209899834164,2344
14,12,0,180.9658167043802,17.56406161844428,2286
14,13,0,186.5450263742597,17.25817582506563,2410
14,14,0,199.4614854225397,185.0925840944515,2398
14,15,0,183.8296267764887,17.3079687463889,2349
14,16,0,175.0352077956514,15.88027471627694,2277
14,17,0,174.0417636048412,16.53195624552606,2236
14,18,0,156.5213404297429,14.66267139495953,2018
14,19,0,114.6417305604831,10.43994885759473,1502
15,0,0,103.1892904443962,9.906834590220482,1290
15,1,0,140.0378571467231,13.34064195283024,1753
15,2,0,165.2786840824783,16.10928467207132,2062
15,3,0,181.9894308477618,32.65333658322574,2211
15,4,0,173.682387327123,26.19443111286483,2160
15,5,0,176.6318133378365,34.11821098789926,2161
15,6,0,176.1154829873408,16.26597477562481,2238
15,7,0,182.1315981344287,19.89309289286312,2291
15,8,0,184.1946530947687,17.61831125070046,2329
15,9,0,182.09203799691,22.7266620389176,2271
15,10,0,178.9334325021217,18.63570908319242,2264
15,11,0,187.471311788743,17.66303402860164,2373
15,12,0,180.9535555172761,17.67768082921451,2310
15,13,0,182.5027405120022,18.40675554248661,2336
15,14,0,185.2537498860269,17.44046438514455,2354
15,15,0,182.8891153503623,17.04141598624343,2357
15,16,0,184.6016398920661,17.56083832300972,2348
15,17,0,178.4093863145856,17.08327317776549,2273
15,18,0,155.832954007537,14.72391474662378,2000
15,19,0,118.8522406524644,11.37632053727443,1511
16,0,0,100.4659425391092,9.370841704520272,1273
16,1,0,139.356290843158,13.57736295653099,1732
16,2,0,151.1391342113323,13.6336573495661,1947
16,3,0,170.645355487202,16.70854082911637,2131
16,4,0,180.7628005318096,127.9478211071852,2137
16,5,0,177.5269045775871,16.63964456055689,2233
16,6,0,180.2123287082851,17.68591225614918,2257
16,7,0,183.3336399275637,33.650926663318,2266
16,8,0,187.6809677120941,45.45110713489935,2247
16,9,0,187.2821002023268,64.27033528394591,2291
16,10,0,184.0609383204896,128.4939000659797,2183
16,11,0,193.6871050525902,74.77925164495785,2321
16,12,0,180.0053716929898,17.33324147188155,2310
16,13,0,182.4299155416583,87.30416999794986,2205
16,14,0,174.2619573393052,16.01700883551644,2254
16,15,0,185.9328840872609,47.94228967061152,2340
16,16,0,183.3300934863752,17.54161741220358,2326
16,17,0,170.0315452408344,16.27110902938891,2200
16,18,0,149.7241625881672,14.21668057506206,1936
16,19,0,114.471122013873,26.96160484242218,1440
17,0,0,126.5164952942691,844.3062218492975,1232
17,1,0,121.0771238332993,11.33615289505192,1529
17,2,0,150.7503300766762,14.48483964219645,1880
17,3,0,151.5723901602244,14.37429395746529,1905
17,4,0,191.7415586041888,625.3366701036859,2072
17,5,0,169.6297496710701,16.69554848253336,2112
17,6,0,194.8747704441484,477.5205582069817,2073
17,7,0,169.0358267957338,16.03798523724999,2129
17,8,0,171.0744500323967,28.42914242861731,2069
17,9,0,169.0003149028471,15.9386175870466,2151
17,10,0,168.8140042436535,15.89550029087949,2168
17,11,0,169.3523159856395,28.07938868543722,2104
17,12,0,164.6352296463088,15.49541345418996,2110
17,13,0,184.6261871111861,206.3648211394575,2179
17,14,0,189.0418881782652,368.6705870944302,2129
17,15,0,178.5070064836364,68.77023388114419,2214
17,16,0,170.9541190856341,32.09650589508501,2170
17,17,0,157.789086562435,14.33378280769378,2041
17,18,0,147.0450460402812,14.36308634190096,1871
17,19,0,108.9998250834658,10.28524547979197,1392
18,0,0,81.65971080096001,7.871717096735972,1004
18,1,0,105.5404993910643,9.733902811776332,1359
18,2,0,123.2055739301483,11.64198025258726,1549
18,3,0,147.1094217607465,69.77760773941537,1712
18,4,0,136.8026606295716,13.33838576283864,1708
18,5,0,142.2055979294688,14.63368575393028,1792
18,6,0,145.5254112013836,39.90005786287352,1758
18,7,0,141.4931410567564,13.26054959237985,1795
18,8,0,157.7227681372264,86.05345101490876,1876
18,9,0,145.3571236856568,13.82923650200585,1838
18,10,0,145.2644387524679,13.41451913653285,1881
18,11,0,152.2961473873449,14.62527821648034,1925
18,12,0,147.4131755864599,13.50925508697484,1904
18,13,0,184.3587533102007,1189.041664506811,1887
18,14,0,158.3187256823558,25.82167255112173,1991
18,15,0,149.9222369100802,14.75808539967438,1875
18,16,0,151.0954800420975,14.32997668016772,1932
18,17,0,153.6950193374169,44.04860292890073,1879
18,18,0,128.7707347730426,14.59720672605767,1629
18,19,0,92.34604343851109,8.595578750450228,1195
19,0,0,68.4896773668769,6.621345795630122,850
19,1,0,84.50302992428477,8.319885922690538,1060
19,2,0,94.54140562995227,16.38552324153302,1169
19,3,0,107.1104321499027,10.49984981032864,1342
19,4,0,109.3971279060996,10.09428354184064,1395
19,5,0,106.456069496718,9.931083122567275,1356
19,6,0,114.446227481076,11.20763595405843,1431
19,7,0,114.6475817081768,24.37873166719282,1394
19,8,0,113.3106772344475,10.45147330248774,1448
19,9,0,110.2716609895345,10.78191036252768,1379
19,10,0,114.0919392672132,10.39069340304036,1470
19,11,0,113.9865046763055,45.91282616737205,1388
19,12,0,106.803438529809,9.910568230453249,1375
19,13,0,108.6767105873459,10.2069247686082,1391
19,14,0,118.675193672109,11.50776576023884,1501
19,15,0,120.2211683576838,15.90970223820322,1500
19,16,0,134.6737535968706,446.5879223772262,1438
19,17,0,106.1764944171465,9.765476224193234,1360
19,18,0,94.89144187566019,8.495847116082446,1265
19,19,0,78.74396880057745,64.31418317220442,909
