# mesh name: boxMesh_1
# primitive scorer name: doseScorer
# iX, iY, iZ, total(value) [MeV], total(val^2), entry
0,0,0,60.04061316765102,6.735860062139564,727
0,1,0,78.53009901926356,7.463863966936904,972
0,2,0,89.17701329645608,8.698530469714846,1086
0,3,0,98.16627179889323,9.632787066768284,1205
0,4,0,109.6929365259352,11.20725241146779,1330
0,5,0,107.3802891879718,10.67053088908659,1313
0,6,0,109.2104421203734,11.77655354589178,1344
0,7,0,118.4852888868367,34.14515995552377,1381
0,8,0,110.1944463331549,10.8788734796541,1380
0,9,0,116.0979958688386,11.5984163116538,1441
0,10,0,115.3422310702407,10.68416369547836,1477
0,11,0,107.2556134124714,9.928298663926469,1392
0,12,0,112.3980059561887,10.84284786784543,1430
0,13,0,138.6023627520367,331.5975660044633,1479
0,14,0,119.1640646087165,10.99371313032337,1546
0,15,0,121.1895759709926,13.59138225668397,1570
0,16,0,116.9496502883612,11.15926367410704,1517
0,17,0,118.1218216020149,11.15275664434308,1535
0,18,0,128.29651283363,121.7400057568257,1557
0,19,0,88.93347115321308,7.620570365764233,1202
1,0,0,76.80770206312754,7.357444551501508,948
1,1,0,99.85202565628298,9.859941705862042,1216
1,2,0,125.3834811821873,119.1313885388433,1366
1,3,0,124.7648262098069,12.19377737254667,1536
1,4,0,136.6394733877955,13.3081623647628,1682
1,5,0,160.2984073414605,393.6182037656871,1741
1,6,0,158.0042622888145,311.6927996131083,1730
1,7,0,143.1033085251564,13.32632358835085,1826
1,8,0,146.434889563304,15.57454872308666,1817
1,9,0,149.3538915671669,37.82513221194413,1821
1,10,0,154.8923786663481,14.97252313247035,1940
1,11,0,139.4620603251367,12.69558019531168,1816
1,12,0,155.8647850363767,15.12499684264097,1967
1,13,0,154.4232005011923,14.38582628727139,1979
1,14,0,146.5865856856789,13.8013534223248,1891
1,15,0,164.1936047583069,66.42466803112775,2007
1,16,0,156.6200593394335,17.61092316397837,1976
1,17,0,165.3040822436915,15.66013877601738,2141
1,18,0,168.9904908099775,16.02327069597135,2179
1,19,0,127.7147539525382,11.68335703127452,1683
2,0,0,86.93946092168406,8.391757668176748,1069
2,1,0,110.676864944384,10.2784270474669,1388
2,2,0,140.0789873571063,14.14835382461664,1699
2,3,0,153.5158125534545,28.29448100254097,1835
2,4,0,158.3711000741565,15.41595748819878,1936
2,5,0,164.2347437709184,68.41361488487034,1961
2,6,0,159.7365150144767,15.36477559850247,1988
2,7,0,164.9564645034566,15.87772363224964,2064
2,8,0,169.1621946689359,16.15226586241749,2115
2,9,0,171.8208128509698,81.85067693273169,2087
2,10,0,176.0388083833346,18.34922515267878,2153
2,11,0,168.6505623469009,15.47397912519801,2168
2,12,0,182.8621031535817,35.65499977366483,2255
2,13,0,164.3453838621856,15.81584067024185,2077
2,14,0,194.8872896032661,381.9989317908519,2255
2,15,0,178.7430074143391,16.59459873675301,2330
2,16,0,187.4669444025681,46.73268985751994,2340
2,17,0,177.4378936929444,16.44712016807051,2302
2,18,0,185.7071480948361,144.5720665634214,2263
2,19,0,139.6871952311503,12.8108558280511,1832
3,0,0,99.26927964294046,9.79064367407447,1206
3,1,0,125.9907621221875,14.01220451856561,1498
3,2,0,141.0839102263104,13.7233901440194,1727
3,3,0,163.7634930391919,15.89228887318628,2001
3,4,0,172.1277331975734,16.77043472273315,2114
3,5,0,173.8223016167185,17.80147312347163,2102
3,6,0,172.9538404284586,17.66309894716172,2093
3,7,0,168.6881656335171,15.93772750562388,2126
3,8,0,176.5251674031974,23.5540143912602,2193
3,9,0,182.628395429948,25.68966894479866,2283
3,10,0,173.8540020405136,19.3803250576127,2218
3,11,0,176.5755634738402,16.35688974175597,2267
3,12,0,175.3073274113238,16.15891917552733,2264
3,13,0,184.429355551232,17.35234495038609,2349
3,14,0,200.7957536242876,287.6487050787113,2395
3,15,0,185.0875495298059,17.84391206803287,2381
3,16,0,208.5147418393272,154.8642079755542,2495
3,17,0,176.1123652485524,15.92164883435176,2331
3,18,0,185.9820171621721,57.12691430138776,2317
3,19,0,133.5570714395155,11.70873063017574,1809
4,0,0,104.6690438807124,13.32955381106621,1243
4,1,0,123.0736728753421,11.76931330729009,1508
4,2,0,147.6005644770174,14.12569244095095,1831
4,3,0,158.894420759331,15.22718302080842,1970
4,4,0,188.8652991953547,160.1104132700047,2184
4,5,0,172.6028715196437,16.68096683638398,2133
4,6,0,184.0631155866837,17.31127249341768,2312
4,7,0,186.191405978613,24.44987287179417,2283
4,8,0,186.2790711050681,17.93802935074202,2322
4,9,0,191.6728768731993,87.28852230377876,2321
4,10,0,176.6118370257169,17.10125383565743,2223
4,11,0,175.7015356986948,16.78085899600277,2230
4,12,0,178.2615842323175,16.82117419706902,2269
4,13,0,187.4896902724086,17.61470750109635,2423
4,14,0,182.2756022783161,16.97184754571156,2337
4,15,0,190.3132341320013,39.49794668648589,2389
4,16,0,192.3454162854861,67.72959386358681,2397
4,17,0,186.4510737577019,17.64175044270455,2433
4,18,0,185.8521730157141,84.33012192297413,2303
4,19,0,149.3061090488823,14.55196789471739,1935
5,0,0,103.134977895127,9.955044519486085,1256
5,1,0,145.4215598470381,124.3252449645394,1624
5,2,0,152.1019463538782,14.86207633780113,1867
5,3,0,172.5026423238103,66.14376756024038,2031
5,4,0,177.432222026452,16.97562168502615,2193
5,5,0,178.3486152254369,17.22343486347606,2202
5,6,0,193.3157596978137,18.826475229524,2390
5,7,0,177.7372538144413,17.71967433805477,2203
5,8,0,190.8934459230984,18.15010482220248,2412
5,9,0,206.3694076075836,500.6273994607914,2319
5,10,0,198.7484525518274,220.8820528268714,2326
5,11,0,193.6624313594713,136.571493940189,2271
5,12,0,180.6949893792941,17.03781035481459,2310
5,13,0,239.075169241715,1547.898065246843,2292
5,14,0,192.0916322764531,52.30837618797526,2361
5,15,0,189.8171961648951,52.77435331769055,2372
5,16,0,197.7046874642718,112.0333983434238,2432
5,17,0,192.4690208472274,77.40203426184625,2453
5,18,0,184.0669987316239,113.5910702392096,2265
5,19,0,143.1933726967847,13.54847477476449,1860
6,0,0,114.8307441281635,224.8895109380787,1234
6,1,0,127.0227015141095,11.89849174062829,1574
6,2,0,156.9107662702743,15.22217134327946,1929
6,3,0,173.221190820859,17.08195270662245,2106
6,4,0,168.1312947653974,15.8208233504263,2086
6,5,0,186.6158798818616,18.09548474269945,2306
6,6,0,186.3149315624649,18.09607869477182,2324
6,7,0,179.3497422608347,16.96912146239302,2247
6,8,0,184.2038877695006,17.90484735957621,2284
6,9,0,186.2767841855292,18.62929757434723,2341
6,10,0,187.4963549639434,29.24930379499553,2334
6,11,0,199.271234682909,110.9934109087342,2362
6,12,0,194.792094956613,18.40706074196087,2481
6,13,0,189.7960669068477,18.01027786992281,2422
6,14,0,190.5886022596077,18.45632998732238,2423
6,15,0,185.8948720052301,20.60514401497427,2384
6,16,0,192.6275302852231,18.06162493551005,2509
6,17,0,191.3340519799989,17.7537435682381,2489
6,18,0,185.8457155573181,17.24229451522561,2446
6,19,0,141.3748436655858,15.84001235475558,1822
7,0,0,105.9111355152067,12.22484210642206,1263
7,1,0,143.2413589618365,91.24869918463598,1629
7,2,0,162.3301983701186,15.53517586726864,1996
7,3,0,180.7315622509201,124.4506176213524,2074
7,4,0,189.9481282003129,162.2192154513575,2195
7,5,0,191.6980104445936,120.1021526950598,2251
7,6,0,190.7440404262487,18.50948152367366,2368
7,7,0,186.3442049496009,18.37749184540387,2313
7,8,0,186.0499945180086,18.34959732629392,2331
7,9,0,188.8124751978035,17.76480299186775,2404
7,10,0,207.1861788266728,570.6078481539355,2349
7,11,0,199.4766699226526,157.1172691247559,2257
7,12,0,190.5758507673379,17.46671902520762,2447
7,13,0,182.3201405886993,16.71424524271109,2374
7,14,0,197.1046299629877,251.0824878418335,2347
7,15,0,192.9806704890695,18.21742646319465,2487
7,16,0,179.0041133379357,15.78831787906032,2373
7,17,0,186.4900763250087,16.95568125274478,2454
7,18,0,183.0481158174352,17.19725202301994,2383
7,19,0,154.5483829663108,61.3118172918063,1922
8,0,0,102.5578850138843,10.17595620149983,1257
8,1,0,127.60581827652,12.36576739114481,1566
8,2,0,153.1974400541238,14.07107453676471,1916
8,3,0,184.2590942898087,18.11822037335022,2252
8,4,0,175.1052203273166,16.87219999870983,2173
8,5,0,171.4289703618031,16.32866100794379,2150
8,6,0,175.9190608934871,17.44622679646181,2169
8,7,0,184.8186686940398,19.4250551689463,2290
8,8,0,199.5748713816412,349.6029700779351,2310
8,9,0,188.1976824404059,18.09243920373644,2367
8,10,0,203.6054054445339,159.5433132774653,2419
8,11,0,180.8863763335044,16.94859499859371,2309
8,12,0,179.5184475671624,19.19399684290379,2262
8,13,0,180.4362876064336,16.73282125531826,2326
8,14,0,188.8645796640245,17.69110544296909,2433
8,15,0,189.3517623775174,18.05731984300877,2436
8,16,0,193.3959399743386,56.60542124989481,2413
8,17,0,210.4563380794446,752.7745708399782,2368
8,18,0,176.1903504391271,17.01983033783318,2282
8,19,0,147.0394291965856,13.60968741523287,1931
9,0,0,102.5978859917364,9.705476401571781,1282
9,1,0,141.9268143157906,22.22537478667737,1673
9,2,0,160.4416929450828,66.28996331394058,1868
9,3,0,180.2836929774505,31.6918006027797,2170
9,4,0,174.5595101595761,16.91644510724522,2125
9,5,0,181.3374895634661,17.03404734903195,2284
9,6,0,195.3405346399245,221.3190294498923,2165
9,7,0,184.1492853434079,18.22591966695608,2315
9,8,0,198.4069565611269,113.1300491979225,2357
9,9,0,195.0547435244137,74.24488952732631,2336
9,10,0,180.7619212846472,17.05369175351225,2281
9,11,0,208.2578556046779,839.4750558913059,2303
9,12,0,188.5284625981696,17.74626148834389,2414
9,13,0,186.8279879121601,22.42397549411322,2376
9,14,0,185.1411934179079,22.86709048912976,2363
9,15,0,189.6528746921791,21.93720822139728,2414
9,16,0,186.4422614393382,22.60574369732123,2381
9,17,0,201.6393570930248,133.9189908044024,2525
9,18,0,179.3593636905162,35.82551211376105,2324
9,19,0,137.2916662884427,12.89785371332134,1828
10,0,0,117.7921757130411,203.6097422553686,1250
10,1,0,138.3725947565352,13.92762856347484,1649
10,2,0,153.7768441576728,14.83832057918439,1879
10,3,0,161.2972471177055,15.51199760677879,2003
10,4,0,181.8104000356452,19.47699492633182,2190
10,5,0,188.4364309020393,46.35209526999812,2267
10,6,0,180.2349314684168,17.12886093340556,2266
10,7,0,186.4127431950101,17.78652482490412,2351
10,8,0,180.575179012322,17.53627719541942,2264
10,9,0,184.3066563304073,17.82193795181876,2318
10,10,0,201.368696217908,139.4958171420582,2402
10,11,0,185.698115826645,17.0421938273345,2384
10,12,0,185.9233935547549,26.15283992655576,2341
10,13,0,191.3386676793304,18.13661195779169,2447
10,14,0,195.7033668260331,142.7043812260903,2344
10,15,0,185.9503224272495,17.36945011766116,2400
10,16,0,189.0168365091289,22.80284647497191,2433
10,17,0,200.3117508797914,59.80814433663058,2514
10,18,0,178.6537330916136,17.21079619180303,2305
10,19,0,143.4526283651383,14.1148273524822,1845
11,0,0,95.67744192428927,8.998431733133039,1202
11,1,0,132.3418754750289,13.09066234085965,1606
11,2,0,155.3126492209627,34.65048702542316,1810
11,3,0,168.9022432067952,16.50636884180109,2049
11,4,0,180.2674739833606,17.66767310101183,2205
11,5,0,180.9055942724363,21.0632097392852,2199
11,6,0,184.9581936318099,17.69063087726203,2336
11,7,0,189.590834998613,54.4817351208781,2343
11,8,0,190.1771509374059,18.23015161520764,2388
11,9,0,192.9630492615821,196.6504570668833,2304
11,10,0,188.1254461043393,18.48968564890106,2363
11,11,0,190.4042300179284,18.44185467537227,2385
11,12,0,209.6811742584179,178.4897824053029,2330
11,13,0,185.7350892135621,24.67975859705747,2359
11,14,0,191.5207646101182,17.93783284786972,2457
11,15,0,186.8464888188831,16.89294075370908,2460
11,16,0,188.0989783781744,18.05727051989199,2435
11,17,0,188.8748253433237,24.34810547862125,2456
11,18,0,179.7778924925308,16.86539998362499,2332
11,19,0,144.0769995857264,13.13780527054262,1917
12,0,0,96.74031162805662,9.775047754663495,1164
12,1,0,135.2581367323696,13.88155644025681,1638
12,2,0,167.0070650903612,143.6695157340727,1862
12,3,0,176.9574778166174,47.02855953599227,2123
12,4,0,193.5592202495415,143.4165751764972,2225
12,5,0,180.3736395065691,17.08753917244773,2268
12,6,0,179.8038884892115,17.33802642958253,2245
12,7,0,180.0946791414285,17.4267907783342,2250
12,8,0,185.7309578453761,18.18986056755307,2318
12,9,0,189.4066182889627,18.18953074759832,2373
12,10,0,190.6652415224898,18.12164231149765,2418
12,11,0,185.1101926475254,17.57547955266068,2364
12,12,0,182.55192131863,17.02086518170663,2337
12,13,0,174.7440872150792,15.84199796456779,2268
12,14,0,182.401580970007,16.82887728065174,2385
12,15,0,186.4867450763848,17.29381703846043,2410
12,16,0,208.8542607415487,599.7490094252333,2363
12,17,0,186.6103939452044,17.14460896227111,2457
12,18,0,170.7480469667152,15.90636348035364,2238
12,19,0,139.0981036548325,12.56959756591616,1860
13,0,0,104.4807512287799,10.1408801197379,1269
13,1,0,144.2328970365229,14.91056547034218,1706
13,2,0,145.8595042860795,13.81933639015786,1815
13,3,0,161.6894177187623,15.69274800598173,2001
13,4,0,172.3566887481642,16.32050562123857,2128
13,5,0,182.2787055897993,17.51829114828782,2256
13,6,0,184.5540010911597,18.51484229554838,2275
13,7,0,180.8089715305783,17.44832149633766,2248
13,8,0,188.3943924876573,22.46941132271216,2338
13,9,0,203.6095059653981,114.5830053459883,2449
13,10,0,181.3497983906776,16.52266058410532,2341
13,11,0,192.8603956917704,56.10188148086947,2396
13,12,0,184.6756970885868,17.18952357553622,2395
13,13,0,183.9501371595016,17.21582191469646,2368
13,14,0,192.6854334285867,18.85156061145517,2455
13,15,0,199.2072992696029,197.0302488013073,2324
13,16,0,195.0431112987312,139.1680453204826,2347
13,17,0,180.0386723743211,16.56962071842443,2351
13,18,0,179.9945629432274,16.76427850016971,2345
13,19,0,140.2821499799735,13.02972374357671,1836
14,0,0,97.28819086217462,9.236691483614516,1192
14,1,0,127.3232613355044,12.69856268117445,1550
14,2,0,163.8105773944004,68.23518842340128,1912
14,3,0,162.3103394498114,16.09734523299596,1990
14,4,0,170.1445456308856,16.63367798791606,2090
14,5,0,174.7064511176666,16.39760059379572,2190
14,6,0,182.2834485846357,17.88628435353674,2256
14,7,0,185.1997411216031,64.54435154142794,2245
14,8,0,192.8886814269322,193.2805546314671,2294
14,9,0,179.0156295847513,16.94787962948804,2278
14,10,0,195.6374398180172,85.64941530083664,2373
14,11,0,184.9127444884368,16.79668456797778,2389
14,12,0,187.9716875180104,68.31812957351488,2312
14,13,0,184.438242297239,19.22999704714289,2355
14,14,0,185.8734096687222,20.96091191642183,2383
14,15,0,191.0858189065481,64.77661516118096,2393
14,16,0,188.4991288454271,18.6604236861893,2443
14,17,0,182.0962781762193,16.23522777140302,2406
14,18,0,180.3657087220825,16.26864950876643,2380
14,19,0,157.3568092943639,107.7605288533354,1895
15,0,0,112.4366948435733,121.3786559303333,1231
15,1,0,124.2563264908501,11.72874771838839,1526
15,2,0,152.9618552566615,15.58324414194409,1879
15,3,0,168.7812970748946,16.29459692028547,2097
15,4,0,174.018690791167,17.86211202139802,2100
15,5,0,174.4838034166733,29.87482917292241,2098
15,6,0,180.9165909437337,39.64099336419428,2188
15,7,0,178.3014838196848,16.78830863261173,2235
15,8,0,177.1582174329114,17.17944200526568,2218
15,9,0,196.7933033704951,114.8056074405542,2308
15,10,0,197.1337008268236,221.965298554668,2274
15,11,0,187.2071242460139,29.42296850471067,2339
15,12,0,205.3613261447346,384.3022843881616,2305
15,13,0,185.5939336836618,17.47660290195735,2388
15,14,0,186.2319931726977,18.93302823233007,2407
15,15,0,185.3804240229187,17.22418756147171,2419
15,16,0,190.9092577869279,17.88219279957652,2482
15,17,0,201.9753823870713,96.88372016886508,2483
15,18,0,175.9355081888868,16.19615413707408,2313
15,19,0,142.8098263415103,13.23254191147718,1886
16,0,0,96.43415694711474,9.499357276858301,1169
16,1,0,124.8344675051305,12.21941860173541,1540
16,2,0,145.3242927551189,13.98713271486048,1783
16,3,0,166.9586036426192,63.18923625467773,1949
16,4,0,166.8933241581797,16.04642786144101,2064
16,5,0,209.7004492243089,564.2986280255387,2096
16,6,0,175.912045764232,17.26328921655494,2170
16,7,0,178.9383395082837,17.38571102699497,2220
16,8,0,168.6176706617489,16.1220735580796,2129
16,9,0,175.3098241106378,16.86525785201681,2209
16,10,0,177.1997399161973,36.94009578172408,2207
16,11,0,175.0628684238963,16.18102959247717,2245
16,12,0,180.1611987100479,22.19602617978215,2273
16,13,0,181.2995873283729,17.16598209202443,2326
16,14,0,185.2411732219615,17.83550075098217,2344
16,15,0,188.4339901267532,22.42334506039758,2423
16,16,0,184.6506425551851,17.19704673921483,2415
16,17,0,182.3613481434954,21.23576707935815,2356
16,18,0,183.3209278860203,28.06628558976299,2373
16,19,0,145.8361672283376,13.3427693278812,1917
17,0,0,88.34783990887115,9.007548118065428,1064
17,1,0,111.7712383155329,11.02527007743502,1358
17,2,0,140.145324880318,13.31472061988494,1726
17,3,0,159.9872078862782,59.13045494242147,1804
17,4,0,157.4719580571627,15.50281968308642,1932
17,5,0,158.3049431004216,16.8177546530153,1959
17,6,0,161.0624755656782,15.39842569492798,2020
17,7,0,161.9243742958145,15.42230701012365,2029
17,8,0,159.9888393657915,14.62092147698087,2047
17,9,0,163.4707897564984,15.49077703878721,2086
17,10,0,160.3098741630417,15.36883988398134,2040
17,11,0,175.8440378528884,16.70651601447965,2236
17,12,0,167.4849207065341,30.63605477418401,2112
17,13,0,180.50183478945,107.3505320138303,2190
17,14,0,176.2639667007666,39.61668339051352,2225
17,15,0,204.2320240430963,366.3238193499844,2263
17,16,0,189.9180810456275,136.9041259695784,2363
17,17,0,173.7828717980655,16.55842359336743,2244
17,18,0,175.1104020135949,24.82540049587461,2262
17,19,0,146.6374191521742,32.84949009999688,1864
18,0,0,81.26535385657124,51.03541893166026,899
18,1,0,105.8371108200938,47.81787750099224,1222
18,2,0,114.2957487810674,10.80482945850187,1411
18,3,0,146.7381662197485,297.0897960047355,1569
18,4,0,130.9043355557372,12.14510521263885,1645
18,5,0,142.0189108688591,13.59220385660319,1766
18,6,0,137.1439987408056,13.22998802427399,1699
18,7,0,139.800888907394,13.21793758359275,1769
18,8,0,147.2383467148374,14.40914822033807,1847
18,9,0,139.8667892044392,13.15497075612708,1776
18,10,0,151.695203380723,116.3756624893199,1826
18,11,0,146.7263847317417,14.22761369795379,1857
18,12,0,151.742090731504,18.57064344460991,1911
18,13,0,176.7830964693012,649.467607498668,1928
18,14,0,159.3252403866872,14.83871756308226,2056
18,15,0,163.1361098484186,94.6704066974626,1993
18,16,0,196.242940900906,874.721481533184,2077
18,17,0,166.7233490363367,15.45596580296442,2170
18,18,0,156.7010776928412,15.2913595162989,2030
18,19,0,125.9480524747079,11.77348637611991,1657
19,0,0,58.46779492235979,5.764674185376473,714
19,1,0,83.04864418849961,24.41754461979608,978
19,2,0,90.41919993441897,9.283896872177028,1096
19,3,0,102.8923986742774,9.719726006861281,1278
19,4,0,117.1614098520212,152.5647513105845,1315
19,5,0,108.2629452354956,10.30535535437492,1349
19,6,0,108.1383136329173,10.28393264830311,1346
19,7,0,107.5563356481302,9.954974961710606,1363
19,8,0,115.7557281496543,31.60313426374871,1403
19,9,0,114.3655164536899,37.20530040291841,1357
19,10,0,117.8853239718532,11.47933542796385,1490
19,11,0,113.51465568769,10.76513404655907,1443
19,12,0,121.4348376210585,137.5329250031167,1397
19,13,0,125.7688726126208,175.0322054022357,1444
19,14,0,119.7864545798488,22.34894743040237,1515
19,15,0,117.4549509528461,10.96740314963585,1519
19,16,0,113.2698984545783,10.06139232944933,1509
19,17,0,125.5676376935049,11.92061157095497,1630
19,18,0,115.2183211798514,10.28181324265152,1536
19,19,0,104.1081702950607,197.2168943863543,1192
